# ts x y z Fx Fy Fz x1 y1 z1 x2 y2 z2
1606250 0.184146 0.199389 0.191584 0.0 0.0 0.0 0.184768 0.198937 0.196541 0.18363 0.199752 0.187469
1606250 0.18582 0.192955 0.187892 1.37074 0.741228 0.75851 0.182515 0.191854 0.186059 0.189349 0.194129 0.189849
1606250 0.183432 0.190285 0.197143 -2.60056 1.45239 0.399361 0.187204 0.18819 0.195846 0.180667 0.191821 0.198093
1606250 0.188954 0.196641 0.198074 -2.2551 0.799179 -0.671239 0.192891 0.194482 0.199516 0.184768 0.198937 0.196541
1606250 0.183653 0.189055 0.208142 1.22481 0.474112 1.30634 0.180551 0.187145 0.205082 0.18628 0.190673 0.210734
1606250 0.194411 0.178919 0.181473 1.04532 1.30422 -0.0886652 0.191375 0.176146 0.18155 0.196876 0.181171 0.181411
1606250 0.198043 0.183695 0.183261 -2.02586 -2.83856 -2.52713 0.199428 0.186694 0.185458 0.196876 0.181171 0.181411
1606250 0.199788 0.180535 0.18292 -0.0205212 0.00670253 -0.00762492 0.202852 0.179865 0.184507 0.196876 0.181171 0.181411
1606250 0.192855 0.181328 0.187256 -0.904603 0.75332 -0.129625 0.195556 0.178488 0.188131 0.189172 0.185201 0.186063
1606250 0.197869 0.179669 0.191194 1.26465 1.0698 2.25888 0.195556 0.178488 0.188131 0.200746 0.181138 0.195003
1606250 0.19661 0.179297 0.21442 -1.82863 -0.0181614 0.953597 0.200787 0.178634 0.212484 0.191826 0.180055 0.216638
1606250 0.197662 0.1877 0.188865 -2.61971 1.70526 3.76518 0.199428 0.186694 0.185458 0.195651 0.188845 0.192744
1606250 0.192386 0.191583 0.191244 -2.98227 1.75087 -1.3174 0.195651 0.188845 0.192744 0.189349 0.194129 0.189849
1606250 0.196572 0.191958 0.189602 -0.252374 -0.514047 0.691879 0.19756 0.195295 0.186232 0.195651 0.188845 0.192744
1606250 0.194301 0.191603 0.196057 0.898147 -1.44624 -2.48024 0.192891 0.194482 0.199516 0.195651 0.188845 0.192744
1606250 0.195061 0.192059 0.202931 0.770471 -0.896645 0.901944 0.192891 0.194482 0.199516 0.196626 0.190311 0.205393
1606250 0.192628 0.195448 0.204125 -0.24763 0.124412 1.93213 0.192891 0.194482 0.199516 0.192372 0.196388 0.20861
1606250 0.196213 0.19705 0.197368 0.281049 0.25692 -0.268994 0.192891 0.194482 0.199516 0.19996 0.199948 0.194945
1606250 0.198071 0.185185 0.193817 -3.3538 3.72506 -1.59377 0.200746 0.181138 0.195003 0.195651 0.188845 0.192744
1606250 0.202365 0.188534 0.183529 2.79868 2.36475 -2.56938 0.199428 0.186694 0.185458 0.20739 0.191681 0.180229
1606250 0.202908 0.185833 0.187159 0.441034 -0.0342609 0.243528 0.199428 0.186694 0.185458 0.206574 0.184926 0.18895
1606250 0.199033 0.198665 0.183079 0.386566 0.56705 -0.516052 0.19756 0.195295 0.186232 0.200484 0.201988 0.17997
1606250 0.189128 0.193345 0.209741 2.7783 2.62556 -1.65014 0.18628 0.190673 0.210734 0.192372 0.196388 0.20861
1606250 0.196699 0.196853 0.20715 -2.73588 -0.604931 0.58682 0.201708 0.19739 0.205459 0.192372 0.196388 0.20861
1606250 0.199528 0.186209 0.216503 -0.195527 -1.07525 1.67477 0.200528 0.188277 0.212301 0.198792 0.184687 0.219595
1606250 0.204552 0.182177 0.186537 0.181698 0.205862 0.260205 0.202852 0.179865 0.184507 0.206574 0.184926 0.18895
1606250 0.210053 0.179611 0.192393 1.09115 0.919831 0.833495 0.207554 0.176746 0.190578 0.21248 0.182393 0.194156
1606250 0.212782 0.180099 0.197529 0.158707 1.23139 -1.63454 0.213071 0.177895 0.200769 0.21248 0.182393 0.194156
1606250 0.204169 0.182182 0.198487 3.20849 0.236819 3.24199 0.200746 0.181138 0.195003 0.206961 0.183033 0.201328
1606250 0.211058 0.186224 0.193952 0.35115 -0.868894 0.195769 0.209989 0.189102 0.193799 0.21248 0.182393 0.194156
1606250 0.213679 0.184627 0.197367 0.0999137 0.225402 0.435465 0.21248 0.182393 0.194156 0.215257 0.187567 0.201594
1606250 0.214067 0.184933 0.191368 -0.909904 -0.992505 1.07316 0.215952 0.187951 0.188056 0.21248 0.182393 0.194156
1606250 0.206675 0.182867 0.205388 0.400166 -0.242168 -2.55729 0.206444 0.182733 0.208681 0.206961 0.183033 0.201328
1606250 0.208019 0.181058 0.211053 1.3271 -1.16219 1.36817 0.206444 0.182733 0.208681 0.209453 0.179533 0.213213
1606250 0.204094 0.18103 0.21026 -2.61561 -1.42352 1.22512 0.206444 0.182733 0.208681 0.200787 0.178634 0.212484
1606250 0.210534 0.184986 0.201443 -3.05916 -2.28378 -0.387834 0.215257 0.187567 0.201594 0.206961 0.183033 0.201328
1606250 0.206952 0.185906 0.207919 0.539134 2.62829 -1.09019 0.206444 0.182733 0.208681 0.207606 0.189997 0.206936
1606250 0.212226 0.179435 0.214373 2.40376 -0.287883 1.43775 0.209453 0.179533 0.213213 0.215938 0.179303 0.215925
1606250 0.205112 0.19254 0.19865 -1.52606 -0.962742 0.36804 0.208628 0.195619 0.197883 0.20175 0.189596 0.199384
1606250 0.208541 0.187332 0.191743 -0.427051 -0.426138 -0.408109 0.209989 0.189102 0.193799 0.206574 0.184926 0.18895
1606250 0.212518 0.190793 0.194247 0.306692 0.194322 0.113527 0.209989 0.189102 0.193799 0.215061 0.192495 0.194697
1606250 0.209453 0.191667 0.195406 -0.285605 0.867786 0.738825 0.209989 0.189102 0.193799 0.208628 0.195619 0.197883
1606250 0.21252 0.193729 0.195956 0.707669 -0.231317 -0.249847 0.208628 0.195619 0.197883 0.215061 0.192495 0.194697
1606250 0.214583 0.194476 0.192371 0.509353 -1.07565 1.64969 0.213772 0.197832 0.188431 0.215061 0.192495 0.194697
1606250 0.209518 0.197086 0.202298 -0.697261 -0.770883 -1.86697 0.210103 0.19805 0.205197 0.208628 0.195619 0.197883
1606250 0.217963 0.191446 0.19491 -0.894638 0.437593 0.0470887 0.221827 0.19005 0.195194 0.215061 0.192495 0.194697
1606250 0.204275 0.189187 0.209461 1.08213 0.0990131 -1.00395 0.200528 0.188277 0.212301 0.207606 0.189997 0.206936
1606250 0.204983 0.193286 0.206279 1.77809 -2.04848 0.00485612 0.201708 0.19739 0.205459 0.207606 0.189997 0.206936
1606250 0.210985 0.188924 0.204578 -4.03018 0.980996 1.95378 0.215257 0.187567 0.201594 0.207606 0.189997 0.206936
1606250 0.203449 0.201761 0.202988 1.63806 2.89594 -2.23393 0.201708 0.19739 0.205459 0.204771 0.205079 0.201113
1606250 0.209373 0.200501 0.206967 -0.493225 1.00645 0.931729 0.210103 0.19805 0.205197 0.208063 0.204895 0.210142
1606250 0.217162 0.183661 0.204775 -1.60899 2.16688 -1.78891 0.218867 0.180163 0.207622 0.215257 0.187567 0.201594
1606250 0.212168 0.196831 0.207178 1.80756 -1.16873 2.43358 0.210103 0.19805 0.205197 0.216478 0.194287 0.211315
1606250 0.207091 0.188873 0.21855 2.50339 -1.42081 -1.5626 0.203961 0.191033 0.219983 0.210759 0.18634 0.216871
1606250 0.18264 0.179155 0.196007 -0.895077 -0.309067 0.541962 0.186104 0.179769 0.193565 0.177702 0.17828 0.199488
1606250 0.20627 0.179899 0.183686 -0.0358039 -0.00181808 0.00295444 0.211527 0.17995 0.182424 0.202852 0.179865 0.184507
1606250 0.210123 0.194674 0.21259 0.889214 0.0838665 -0.224753 0.206264 0.194908 0.213364 0.216478 0.194287 0.211315
1606250 0.206909 0.192547 0.210274 0.24868 -1.17268 -2.12078 0.206264 0.194908 0.213364 0.207606 0.189997 0.206936
1606250 0.20513 0.193 0.216623 0.0661467 0.200577 -0.400824 0.203961 0.191033 0.219983 0.206264 0.194908 0.213364
1606250 0.203745 0.179289 0.216012 2.95439 -0.0725248 3.71644 0.200787 0.178634 0.212484 0.205942 0.179775 0.21863
1606250 0.202385 0.189768 0.216456 0.0730729 0.0364214 0.197422 0.200528 0.188277 0.212301 0.203961 0.191033 0.219983
1606250 0.194568 0.188012 0.206823 2.87901 2.42251 -2.21376 0.192022 0.185168 0.208592 0.196626 0.190311 0.205393
1606250 0.207004 0.197806 0.205293 -1.58521 -0.0950309 0.303272 0.210103 0.19805 0.205197 0.201708 0.19739 0.205459
1606250 0.189089 0.18798 0.209686 -1.56825 1.073 0.526915 0.192022 0.185168 0.208592 0.18628 0.190673 0.210734
1606250 0.208733 0.182757 0.186105 -0.332578 0.228119 0.449042 0.211527 0.17995 0.182424 0.206574 0.184926 0.18895
1606250 0.191935 0.182912 0.212143 -0.745494 -2.13433 3.8387 0.192022 0.185168 0.208592 0.191826 0.180055 0.216638
1606250 0.198246 0.189466 0.208262 -0.476733 0.119848 -1.00011 0.200528 0.188277 0.212301 0.196626 0.190311 0.205393
1606250 0.215133 0.190697 0.197213 0.182425 0.820692 -1.36864 0.215257 0.187567 0.201594 0.215061 0.192495 0.194697
1606250 0.198824 0.190004 0.202816 -1.1868 -0.125914 1.41463 0.20175 0.189596 0.199384 0.196626 0.190311 0.205393
1606250 0.196277 0.179953 0.184462 0.192694 2.10189 -4.30004 0.195556 0.178488 0.188131 0.196876 0.181171 0.181411
1606250 0.181827 0.195907 0.193835 0.599834 0.469043 0.620398 0.180044 0.194071 0.192195 0.184768 0.198937 0.196541
1606250 0.198697 0.18922 0.19606 1.04622 -0.116348 1.21381 0.195651 0.188845 0.192744 0.20175 0.189596 0.199384
1606250 0.21898 0.188974 0.197967 -3.93387 -0.631503 4.13628 0.221827 0.19005 0.195194 0.215257 0.187567 0.201594
1606250 0.203241 0.198913 0.190887 -0.290157 0.100519 0.264112 0.205264 0.198276 0.188384 0.19996 0.199948 0.194945
1606250 0.216617 0.178521 0.199195 -2.23672 -0.80572 1.13064 0.222402 0.179543 0.196626 0.213071 0.177895 0.200769
1606250 0.202793 0.190897 0.195173 -0.064518 -0.0550049 0.364951 0.203693 0.192019 0.191544 0.20175 0.189596 0.199384
1606250 0.205084 0.188594 0.190291 0.130105 -0.211496 -0.0920335 0.203693 0.192019 0.191544 0.206574 0.184926 0.18895
1606250 0.204546 0.195418 0.189827 0.086294 0.39157 -0.123662 0.203693 0.192019 0.191544 0.205264 0.198276 0.188384
1606250 0.1833 0.180216 0.200963 3.45081 0.995761 1.49664 0.177702 0.17828 0.199488 0.187442 0.181649 0.202055
1606250 0.190426 0.179108 0.204297 -2.6686 1.77374 -2.18062 0.193619 0.176389 0.206697 0.187442 0.181649 0.202055
1606250 0.183365 0.18707 0.193769 -0.575875 -0.18835 -0.202852 0.187204 0.18819 0.195846 0.179267 0.185875 0.191553
1606250 0.191422 0.188517 0.194297 2.55988 0.640535 -1.03965 0.187204 0.18819 0.195846 0.195651 0.188845 0.192744
1606250 0.187323 0.184923 0.198947 0.0407569 -1.82326 2.38207 0.187204 0.18819 0.195846 0.187442 0.181649 0.202055
1606250 0.189813 0.183471 0.205439 -1.76488 -0.933746 -2.89806 0.192022 0.185168 0.208592 0.187442 0.181649 0.202055
1606250 0.198609 0.193074 0.205419 -1.56746 -2.89781 -0.341122 0.201708 0.19739 0.205459 0.196626 0.190311 0.205393
1606250 0.210696 0.200192 0.203021 0.0570812 0.994347 -1.09762 0.210103 0.19805 0.205197 0.211273 0.202277 0.200904
1606250 0.190289 0.178742 0.200094 -0.297989 0.234068 0.237494 0.192345 0.176643 0.198678 0.187442 0.181649 0.202055
1606250 0.207818 0.179646 0.215735 -1.35067 -0.280544 1.94411 0.209453 0.179533 0.213213 0.205942 0.179775 0.21863
1606250 0.186755 0.180684 0.197697 0.538021 0.178237 2.24911 0.186104 0.179769 0.193565 0.187442 0.181649 0.202055
1606250 0.202696 0.202866 0.198452 0.291415 0.202914 0.333422 0.19996 0.199948 0.194945 0.204771 0.205079 0.201113
1606250 0.213179 0.189703 0.21452 0.683416 0.684297 -0.463117 0.210759 0.18634 0.216871 0.216478 0.194287 0.211315
1606250 0.198704 0.197512 0.190385 0.00966988 0.0505498 0.1035 0.19756 0.195295 0.186232 0.19996 0.199948 0.194945
1606250 0.215811 0.190614 0.206001 0.0202619 -0.28276 -0.484392 0.216478 0.194287 0.211315 0.215257 0.187567 0.201594
1606250 0.186476 0.196954 0.188653 -2.13651 1.59908 -0.536081 0.189349 0.194129 0.189849 0.18363 0.199752 0.187469
1606250 0.18745 0.182153 0.190273 0.849075 0.94468 -1.83824 0.186104 0.179769 0.193565 0.189172 0.185201 0.186063
1606250 0.204493 0.186141 0.200407 0.820524 -1.15353 0.110894 0.20175 0.189596 0.199384 0.206961 0.183033 0.201328
1606250 0.194354 0.19872 0.200981 0.187783 0.507628 0.086615 0.192891 0.194482 0.199516 0.195303 0.201467 0.201931
1606250 0.181841 0.197973 0.200497 0.0616402 0.0401825 -0.0999544 0.178802 0.196971 0.204605 0.184768 0.198937 0.196541
1606250 0.209558 0.183646 0.19158 -0.076796 0.0181807 -0.0543216 0.21248 0.182393 0.194156 0.206574 0.184926 0.18895
1606250 0.188314 0.191263 0.192743 0.248886 1.1139 -1.41847 0.187204 0.18819 0.195846 0.189349 0.194129 0.189849
1606250 0.210071 0.180417 0.201044 -1.43795 0.934472 0.296778 0.213071 0.177895 0.200769 0.206961 0.183033 0.201328
1606250 0.196705 0.179984 0.205748 -0.393999 -0.331752 0.100596 0.19943 0.183159 0.204911 0.193619 0.176389 0.206697
1606250 0.203282 0.183094 0.203078 0.130473 -0.025125 -0.0684653 0.19943 0.183159 0.204911 0.206961 0.183033 0.201328
1606250 0.199947 0.18557 0.208393 -0.00270829 -0.1143 -0.150415 0.200528 0.188277 0.212301 0.19943 0.183159 0.204911
1606250 0.20854 0.198105 0.188402 0.00162822 -0.000310549 -0.000126017 0.205264 0.198276 0.188384 0.213772 0.197832 0.188431
1606250 0.200555 0.186281 0.20223 0.0822662 0.222874 -0.264018 0.19943 0.183159 0.204911 0.20175 0.189596 0.199384
1606250 0.182295 0.194683 0.197477 0.0 0.0 0.0 0.180667 0.191821 0.198093 0.184768 0.198937 0.196541
1606250 0.180618 0.189941 0.200958 0.0 0.0 0.0 0.180551 0.187145 0.205082 0.180667 0.191821 0.198093
1606250 0.182883 0.18268 0.192618 0.0 0.0 0.0 0.186104 0.179769 0.193565 0.179267 0.185875 0.191553
1606250 0.187579 0.199561 0.184886 0.0 0.0 0.0 0.191025 0.199326 0.182633 0.18363 0.199752 0.187469
1606250 0.183898 0.185595 0.188987 0.0 0.0 0.0 0.189172 0.185201 0.186063 0.179267 0.185875 0.191553
1606250 0.187259 0.196358 0.192901 0.0 0.0 0.0 0.189349 0.194129 0.189849 0.184768 0.198937 0.196541
1606250 0.182925 0.184544 0.208345 0.0 0.0 0.0 0.180551 0.187145 0.205082 0.184811 0.182399 0.210937
1606250 0.184085 0.184361 0.203529 0.0 0.0 0.0 0.180551 0.187145 0.205082 0.187442 0.181649 0.202055
1606250 0.18506 0.188443 0.204214 0.0 0.0 0.0 0.180551 0.187145 0.205082 0.188184 0.189268 0.203613
1606250 0.193956 0.182734 0.183174 0.0 0.0 0.0 0.189172 0.185201 0.186063 0.196876 0.181171 0.181411
1606250 0.190429 0.180066 0.183486 0.0 0.0 0.0 0.189172 0.185201 0.186063 0.191375 0.176146 0.18155
1606250 0.189954 0.181206 0.194769 0.0 0.0 -0.0 0.192747 0.182247 0.195641 0.186104 0.179769 0.193565
1606250 0.192548 0.179558 0.197122 0.0 0.0 0.0 0.192747 0.182247 0.195641 0.192345 0.176643 0.198678
1606250 0.190582 0.18205 0.198254 0.0 0.0 0.0 0.192747 0.182247 0.195641 0.187442 0.181649 0.202055
1606250 0.197503 0.182652 0.186787 0.0 0.0 0.0 0.195556 0.178488 0.188131 0.199428 0.186694 0.185458
1606250 0.190482 0.184718 0.195724 0.0 0.0 0.0 0.192747 0.182247 0.195641 0.187204 0.18819 0.195846
1606250 0.193927 0.184982 0.19446 0.0 0.0 0.0 0.192747 0.182247 0.195641 0.195651 0.188845 0.192744
1606250 0.186639 0.183908 0.194677 0.0 0.0 0.0 0.187204 0.18819 0.195846 0.186104 0.179769 0.193565
1606250 0.193237 0.18415 0.198061 0.0 0.0 0.0 0.192747 0.182247 0.195641 0.193782 0.18619 0.200709
1606250 0.199446 0.179258 0.186199 0.0 0.0 0.0 0.195556 0.178488 0.188131 0.202852 0.179865 0.184507
1606250 0.195814 0.181822 0.195397 -0.0 0.0 -0.0 0.192747 0.182247 0.195641 0.200746 0.181138 0.195003
1606250 0.18601 0.1821 0.20689 0.0 0.0 0.0 0.187442 0.181649 0.202055 0.184811 0.182399 0.210937
1606250 0.185097 0.178668 0.211477 -0.00179918 0.014103 -0.00430411 0.185427 0.174355 0.2121 0.184811 0.182399 0.210937
1606250 0.187722 0.18147 0.213303 0.0 0.0 0.0 0.191826 0.180055 0.216638 0.184811 0.182399 0.210937
1606250 0.188223 0.183753 0.209828 0.0 0.0 0.0 0.192022 0.185168 0.208592 0.184811 0.182399 0.210937
1606250 0.185522 0.186447 0.210839 0.0 0.0 0.0 0.18628 0.190673 0.210734 0.184811 0.182399 0.210937
1606250 0.19106 0.184241 0.201287 0.00463617 0.00230033 -0.000920956 0.187442 0.181649 0.202055 0.193782 0.18619 0.200709
1606250 0.187871 0.186054 0.202956 0.000827223 0.00531923 0.00196294 0.187442 0.181649 0.202055 0.188184 0.189268 0.203613
1606250 0.192764 0.181117 0.20771 0.0 0.0 0.0 0.192022 0.185168 0.208592 0.193619 0.176389 0.206697
1606250 0.196282 0.184891 0.202572 0.0 0.0 0.0 0.19943 0.183159 0.204911 0.193782 0.18619 0.200709
1606250 0.195699 0.184206 0.206764 0.0 0.0 0.0 0.192022 0.185168 0.208592 0.19943 0.183159 0.204911
1606250 0.197869 0.187175 0.20518 0.0 0.0 0.0 0.19943 0.183159 0.204911 0.196626 0.190311 0.205393
1606250 0.200035 0.182264 0.200347 0.0 0.0 0.0 0.200746 0.181138 0.195003 0.19943 0.183159 0.204911
1606250 0.201225 0.179559 0.203409 0.0 0.0 0.0 0.19943 0.183159 0.204911 0.202843 0.176253 0.202057
1606250 0.203381 0.182954 0.207036 0.0 0.0 0.0 0.206444 0.182733 0.208681 0.19943 0.183159 0.204911
1606250 0.200078 0.18103 0.208535 0.0 0.0 0.0 0.200787 0.178634 0.212484 0.19943 0.183159 0.204911
1606250 0.196018 0.182879 0.218418 0.0 0.0 0.0 0.191826 0.180055 0.216638 0.198792 0.184687 0.219595
1606250 0.192399 0.185351 0.215906 0.0 0.0 0.0 0.191826 0.180055 0.216638 0.192787 0.188825 0.215415
1606250 0.195808 0.186786 0.217519 0.0 0.0 0.0 0.192787 0.188825 0.215415 0.198792 0.184687 0.219595
1606250 0.199651 0.182114 0.21653 0.0 0.0 0.0 0.200787 0.178634 0.212484 0.198792 0.184687 0.219595
1606250 0.201191 0.18767 0.219776 0.0 0.0 0.0 0.203961 0.191033 0.219983 0.198792 0.184687 0.219595
1606250 0.19825 0.186967 0.181468 0.0 0.0 0.0 0.199428 0.186694 0.185458 0.197202 0.18713 0.177863
1606250 0.197746 0.194618 0.181438 -0.00143222 0.00747187 0.0243141 0.197871 0.194163 0.178219 0.19756 0.195295 0.186232
1606250 0.190247 0.196953 0.185979 0.0 0.0 0.0 0.189349 0.194129 0.189849 0.191025 0.199326 0.182633
1606250 0.193824 0.197635 0.184176 0.0 0.0 0.0 0.19756 0.195295 0.186232 0.191025 0.199326 0.182633
1606250 0.195117 0.186102 0.185713 0.0 0.0 0.0 0.199428 0.186694 0.185458 0.189172 0.185201 0.186063
1606250 0.188091 0.186876 0.19143 0.0 0.0 0.0 0.187204 0.18819 0.195846 0.189172 0.185201 0.186063
1606250 0.192721 0.187234 0.189724 0.0 0.0 0.0 0.189172 0.185201 0.186063 0.195651 0.188845 0.192744
1606250 0.189271 0.190288 0.188206 0.0 0.0 0.0 0.189172 0.185201 0.186063 0.189349 0.194129 0.189849
1606250 0.198586 0.190602 0.185807 0.0 0.0 0.0 0.19756 0.195295 0.186232 0.199428 0.186694 0.185458
1606250 0.189982 0.1913 0.19764 0.0 0.0 0.0 0.187204 0.18819 0.195846 0.192891 0.194482 0.199516
1606250 0.191017 0.194332 0.194405 0.0 0.0 0.0 0.192891 0.194482 0.199516 0.189349 0.194129 0.189849
1606250 0.193162 0.194707 0.18817 0.0 0.0 0.0 0.19756 0.195295 0.186232 0.189349 0.194129 0.189849
1606250 0.190951 0.187094 0.198619 0.0 0.0 0.0 0.187204 0.18819 0.195846 0.193782 0.18619 0.200709
1606250 0.18777 0.188856 0.200332 0.0 0.0 0.0 0.187204 0.18819 0.195846 0.188184 0.189268 0.203613
1606250 0.194581 0.187374 0.197291 0.0 0.0 0.0 0.195651 0.188845 0.192744 0.193782 0.18619 0.200709
1606250 0.193406 0.189707 0.20021 0.0 0.0 0.0 0.192891 0.194482 0.199516 0.193782 0.18619 0.200709
1606250 0.19012 0.191457 0.201927 0.0 0.0 0.0 0.192891 0.194482 0.199516 0.188184 0.189268 0.203613
1606250 0.194476 0.199077 0.188227 0.0 0.0 0.0 0.19756 0.195295 0.186232 0.191624 0.202507 0.190072
1606250 0.201131 0.184708 0.181673 0.0 0.0 0.0 0.199428 0.186694 0.185458 0.202496 0.183056 0.178671
1606250 0.201242 0.183108 0.184955 0.0 0.0 0.0 0.199428 0.186694 0.185458 0.202852 0.179865 0.184507
1606250 0.201654 0.193826 0.183732 0.0 0.0 0.0 0.19756 0.195295 0.186232 0.20739 0.191681 0.180229
1606250 0.201577 0.189414 0.188527 0.0 0.0 0.0 0.203693 0.192019 0.191544 0.199428 0.186694 0.185458
1606250 0.199965 0.190584 0.192101 0.0 0.0 0.0 0.203693 0.192019 0.191544 0.195651 0.188845 0.192744
1606250 0.197409 0.192025 0.199449 0.0 0.0 0.0 0.192891 0.194482 0.199516 0.20175 0.189596 0.199384
1606250 0.200956 0.193517 0.189175 0.0 0.0 0.0 0.19756 0.195295 0.186232 0.203693 0.192019 0.191544
1606250 0.202152 0.197108 0.187516 0.0 0.0 0.0 0.19756 0.195295 0.186232 0.205264 0.198276 0.188384
1606250 0.202113 0.19541 0.192984 0.0 0.0 0.0 0.203693 0.192019 0.191544 0.19996 0.199948 0.194945
1606250 0.204544 0.197694 0.1965 0.0 0.0 0.0 0.208628 0.195619 0.197883 0.19996 0.199948 0.194945
1606250 0.197036 0.195886 0.202311 0.0 0.0 0.0 0.192891 0.194482 0.199516 0.201708 0.19739 0.205459
1606250 0.200834 0.198704 0.200205 0.0 0.0 0.0 0.19996 0.199948 0.194945 0.201708 0.19739 0.205459
1606250 0.190938 0.187803 0.202183 0.0 0.0 0.0 0.188184 0.189268 0.203613 0.193782 0.18619 0.200709
1606250 0.192993 0.185778 0.20423 0.0 0.0 0.0 0.192022 0.185168 0.208592 0.193782 0.18619 0.200709
1606250 0.1952 0.188293 0.20305 0.0 0.0 0.0 0.196626 0.190311 0.205393 0.193782 0.18619 0.200709
1606250 0.189869 0.187511 0.205799 0.0 0.0 0.0 0.192022 0.185168 0.208592 0.188184 0.189268 0.203613
1606250 0.187327 0.189944 0.206815 0.0 0.0 0.0 0.18628 0.190673 0.210734 0.188184 0.189268 0.203613
1606250 0.192436 0.187147 0.212283 0.00137915 0.00237377 0.00594083 0.192022 0.185168 0.208592 0.192787 0.188825 0.215415
1606250 0.189728 0.189737 0.213216 0.0 0.0 0.0 0.18628 0.190673 0.210734 0.192787 0.188825 0.215415
1606250 0.194815 0.192934 0.206763 0.0 0.0 0.0 0.192372 0.196388 0.20861 0.196626 0.190311 0.205393
1606250 0.194905 0.19212 0.215411 0.0 0.0 0.0 0.192787 0.188825 0.215415 0.197137 0.19548 0.215401
1606250 0.194994 0.195889 0.212346 0.0 0.0 -0.0 0.192372 0.196388 0.20861 0.197137 0.19548 0.215401
1606250 0.186343 0.192911 0.214235 0.0 0.0 0.0 0.18628 0.190673 0.210734 0.186436 0.19607 0.219314
1606250 0.194655 0.190034 0.218325 0.0 0.0 0.0 0.196491 0.191135 0.221177 0.192787 0.188825 0.215415
1606250 0.190377 0.191617 0.216894 0.0 0.0 0.0 0.192787 0.188825 0.215415 0.186436 0.19607 0.219314
1606250 0.196803 0.193232 0.218389 0.0 0.0 0.0 0.196491 0.191135 0.221177 0.197137 0.19548 0.215401
1606250 0.196517 0.197103 0.218821 0.0 0.0 0.0 0.195761 0.198994 0.223006 0.197137 0.19548 0.215401
1606250 0.197194 0.187694 0.200141 0.0 0.0 0.0 0.20175 0.189596 0.199384 0.193782 0.18619 0.200709
1606250 0.195999 0.186658 0.210327 0.0 0.0 0.0 0.192022 0.185168 0.208592 0.200528 0.188277 0.212301
1606250 0.196091 0.188635 0.214086 0.0 0.0 0.0 0.200528 0.188277 0.212301 0.192787 0.188825 0.215415
1606250 0.198627 0.192315 0.214039 -0.0221709 0.0726583 0.0226206 0.200528 0.188277 0.212301 0.197137 0.19548 0.215401
1606250 0.202664 0.181549 0.181427 0.00576515 0.0312083 -0.0730509 0.202852 0.179865 0.184507 0.202496 0.183056 0.178671
1606250 0.204438 0.178792 0.192603 0.0 0.0 0.0 0.207554 0.176746 0.190578 0.200746 0.181138 0.195003
1606250 0.209714 0.18275 0.19775 0.0 0.0 0.0 0.21248 0.182393 0.194156 0.206961 0.183033 0.201328
1606250 0.207061 0.180889 0.189761 0.0 0.0 0.0 0.207554 0.176746 0.190578 0.206574 0.184926 0.18895
1606250 0.201271 0.18561 0.197301 0.0 0.0 0.0 0.200746 0.181138 0.195003 0.20175 0.189596 0.199384
1606250 0.203918 0.183237 0.191708 0.0 0.0 0.0 0.200746 0.181138 0.195003 0.206574 0.184926 0.18895
1606250 0.216344 0.181319 0.195118 0.0 0.0 0.0 0.222402 0.179543 0.196626 0.21248 0.182393 0.194156
1606250 0.20484 0.179578 0.201703 0.0 0.0 0.0 0.206961 0.183033 0.201328 0.202843 0.176253 0.202057
1606250 0.207892 0.179441 0.204274 0.0 0.0 0.0 0.208829 0.175762 0.207232 0.206961 0.183033 0.201328
1606250 0.207509 0.179654 0.208034 0.0 0.0 0.0 0.206444 0.182733 0.208681 0.208829 0.175762 0.207232
1606250 0.206048 0.179216 0.212927 0.0 0.0 0.0 0.209453 0.179533 0.213213 0.200787 0.178634 0.212484
1606250 0.213992 0.182011 0.201118 0.0 0.0 0.0 0.213071 0.177895 0.200769 0.215257 0.187567 0.201594
1606250 0.207275 0.186474 0.204071 0.0 0.0 0.0 0.206961 0.183033 0.201328 0.207606 0.189997 0.206936
1606250 0.204028 0.185032 0.210159 0.0 0.0 0.0 0.206444 0.182733 0.208681 0.200528 0.188277 0.212301
1606250 0.209556 0.183799 0.208981 0.0019041 0.000500655 0.000465646 0.206444 0.182733 0.208681 0.212564 0.18483 0.20927
1606250 0.21096 0.182145 0.211299 0.0 0.0 0.0 0.209453 0.179533 0.213213 0.212564 0.18483 0.20927
1606250 0.200658 0.183421 0.212394 0.0 0.0 0.0 0.200528 0.188277 0.212301 0.200787 0.178634 0.212484
1606250 0.209958 0.182204 0.214629 0.0 0.0 0.0 0.209453 0.179533 0.213213 0.210759 0.18634 0.216871
1606250 0.215673 0.178949 0.203847 0.0 0.0 0.0 0.218867 0.180163 0.207622 0.213071 0.177895 0.200769
1606250 0.207965 0.18257 0.217891 0.0 0.0 0.0 0.205942 0.179775 0.21863 0.210759 0.18634 0.216871
1606250 0.206884 0.187537 0.185626 0.0 0.0 0.0 0.20739 0.191681 0.180229 0.206574 0.184926 0.18895
1606250 0.205042 0.191931 0.187413 0.0 0.0 0.0 0.203693 0.192019 0.191544 0.20739 0.191681 0.180229
1606250 0.21099 0.195188 0.184858 0.0 0.0 0.0 0.20739 0.191681 0.180229 0.213772 0.197832 0.188431
1606250 0.205956 0.196163 0.185727 0.0 0.0 0.0 0.205264 0.198276 0.188384 0.20739 0.191681 0.180229
1606250 0.212377 0.189544 0.184789 0.0 0.0 0.0 0.215952 0.187951 0.188056 0.20739 0.191681 0.180229
1606250 0.207214 0.190423 0.192806 0.0 0.0 0.0 0.209989 0.189102 0.193799 0.203693 0.192019 0.191544
1606250 0.205921 0.193682 0.194408 0.0 0.0 0.0 0.203693 0.192019 0.191544 0.208628 0.195619 0.197883
1606250 0.211069 0.196706 0.193396 0.0 0.0 0.0 0.208628 0.195619 0.197883 0.213772 0.197832 0.188431
1606250 0.204767 0.189839 0.203277 0.0 0.0 0.0 0.20175 0.189596 0.199384 0.207606 0.189997 0.206936
1606250 0.20173 0.193218 0.202179 0.0 0.0 0.0 0.201708 0.19739 0.205459 0.20175 0.189596 0.199384
1606250 0.211903 0.18858 0.196632 0.0 0.0 0.0 0.209989 0.189102 0.193799 0.215257 0.187567 0.201594
1606250 0.211729 0.191888 0.19962 0.0 0.0 0.0 0.208628 0.195619 0.197883 0.215257 0.187567 0.201594
1606250 0.205366 0.19649 0.201454 0.0 0.0 0.0 0.208628 0.195619 0.197883 0.201708 0.19739 0.205459
1606250 0.21198 0.199534 0.196474 0.0 0.0 0.0 0.208628 0.195619 0.197883 0.214123 0.201974 0.195573
1606250 0.210241 0.199717 0.199727 0.0 0.0 0.0 0.208628 0.195619 0.197883 0.211273 0.202277 0.200904
1606250 0.210908 0.186361 0.188537 0.0 0.0 0.0 0.215952 0.187951 0.188056 0.206574 0.184926 0.18895
1606250 0.212298 0.188692 0.191575 0.0 0.0 0.0 0.209989 0.189102 0.193799 0.215952 0.187951 0.188056
1606250 0.215406 0.190764 0.192116 0.0 0.0 0.0 0.215952 0.187951 0.188056 0.215061 0.192495 0.194697
1606250 0.214902 0.192744 0.188237 0.0 0.0 0.0 0.215952 0.187951 0.188056 0.213772 0.197832 0.188431
1606250 0.21615 0.194359 0.196912 -0.0212061 -0.0316806 -0.0287544 0.21777 0.197133 0.200207 0.215061 0.192495 0.194697
1606250 0.213262 0.196424 0.199063 0.0 0.0 0.0 0.21777 0.197133 0.200207 0.208628 0.195619 0.197883
1606250 0.217842 0.200721 0.190975 0.0 0.0 0.0 0.213772 0.197832 0.188431 0.221758 0.203429 0.193422
1606250 0.203673 0.19195 0.212885 0.0 0.0 0.0 0.200528 0.188277 0.212301 0.206264 0.194908 0.213364
1606250 0.201087 0.192633 0.209058 0.0 0.0 0.0 0.200528 0.188277 0.212301 0.201708 0.19739 0.205459
1606250 0.210438 0.187087 0.20827 0.0 0.0 0.0 0.212564 0.18483 0.20927 0.207606 0.189997 0.206936
1606250 0.213564 0.185892 0.206413 0.0 0.0 0.0 0.212564 0.18483 0.20927 0.215257 0.187567 0.201594
1606250 0.209049 0.194687 0.205931 0.0 0.0 0.0 0.210103 0.19805 0.205197 0.207606 0.189997 0.206936
1606250 0.204323 0.196002 0.209998 0.0 0.0 0.0 0.206264 0.194908 0.213364 0.201708 0.19739 0.205459
1606250 0.211838 0.185479 0.212319 0.0 0.0 0.0 0.212564 0.18483 0.20927 0.210759 0.18634 0.216871
1606250 0.208049 0.196185 0.216663 0.0 0.0 0.0 0.210561 0.197893 0.221303 0.206264 0.194908 0.213364
1606250 0.218518 0.18394 0.199327 0.0 0.0 0.0 0.222402 0.179543 0.196626 0.215257 0.187567 0.201594
1606250 0.215074 0.182971 0.208614 -0.00528813 0.00354209 0.00239028 0.218867 0.180163 0.207622 0.212564 0.18483 0.20927
1606250 0.213852 0.18799 0.209943 0.0 0.0 0.0 0.212564 0.18483 0.20927 0.216478 0.194287 0.211315
1606250 0.211119 0.191732 0.208671 0.0 0.0 0.0 0.216478 0.194287 0.211315 0.207606 0.189997 0.206936
1606250 0.216612 0.192726 0.200846 -0.00455894 -0.0130544 0.00394403 0.21777 0.197133 0.200207 0.215257 0.187567 0.201594
1606250 0.213194 0.197717 0.203185 0.0 0.0 0.0 0.210103 0.19805 0.205197 0.21777 0.197133 0.200207
1606250 0.215567 0.200091 0.197412 0.0 0.0 0.0 0.21777 0.197133 0.200207 0.214123 0.201974 0.195573
1606250 0.213849 0.200272 0.200628 0.0 0.0 0.0 0.21777 0.197133 0.200207 0.211273 0.202277 0.200904
1606250 0.217231 0.19599 0.204814 0.0 0.0 0.0 0.21777 0.197133 0.200207 0.216478 0.194287 0.211315
1606250 0.21967 0.200175 0.19697 0.0 0.0 0.0 0.21777 0.197133 0.200207 0.221758 0.203429 0.193422
1606250 0.217856 0.201454 0.201912 0.0 0.0 0.0 0.21777 0.197133 0.200207 0.217963 0.206463 0.203917
1606250 0.183127 0.20617 0.1941 -0.505066 -0.101002 0.102937 0.18637 0.206711 0.193962 0.179361 0.205542 0.19426
1606250 0.18576 0.212869 0.195094 -1.98099 0.200378 -1.58509 0.189699 0.212951 0.197502 0.182262 0.212797 0.192955
1606250 0.18121 0.204801 0.202495 0.144486 0.0473326 0.102633 0.178587 0.204394 0.200991 0.186865 0.20568 0.205737
1606250 0.181174 0.217712 0.198063 1.43755 0.603897 -0.456651 0.178319 0.216066 0.198674 0.184001 0.219343 0.197458
1606250 0.183864 0.217492 0.20021 0.0365739 0.215445 -0.462442 0.183706 0.215344 0.203405 0.184001 0.219343 0.197458
1606250 0.19045 0.198184 0.189957 -0.266876 -2.49202 -0.0471427 0.191624 0.202507 0.190072 0.189349 0.194129 0.189849
1606250 0.192752 0.199641 0.211827 -0.528626 -2.24478 -3.00104 0.193135 0.202925 0.215074 0.192372 0.196388 0.20861
1606250 0.194531 0.200414 0.208155 -0.436044 -0.601638 0.0117603 0.196003 0.203162 0.207844 0.192372 0.196388 0.20861
1606250 0.194453 0.200952 0.219055 0.86527 -0.70097 2.17517 0.193135 0.202925 0.215074 0.195761 0.198994 0.223006
1606250 0.188256 0.20781 0.185672 -0.789949 -1.45169 -1.49305 0.189575 0.211353 0.188376 0.187288 0.205206 0.183685
1606250 0.188594 0.204931 0.192315 0.376273 -0.218721 -0.312568 0.18637 0.206711 0.193962 0.191624 0.202507 0.190072
1606250 0.194291 0.205736 0.191669 2.22949 1.93591 1.26893 0.191624 0.202507 0.190072 0.196737 0.208696 0.193133
1606250 0.187755 0.209307 0.195435 0.276511 0.359473 0.264076 0.18637 0.206711 0.193962 0.189699 0.212951 0.197502
1606250 0.196862 0.2089 0.197236 -0.198562 -0.101204 2.09455 0.196737 0.208696 0.193133 0.197007 0.209138 0.201999
1606250 0.193294 0.211075 0.199714 -1.89275 0.848416 -0.757771 0.197007 0.209138 0.201999 0.189699 0.212951 0.197502
1606250 0.191879 0.213777 0.185147 -2.41872 -1.81888 2.3967 0.194277 0.2163 0.181786 0.189575 0.211353 0.188376
1606250 0.197242 0.212659 0.19217 0.062456 2.15374 -0.238796 0.196737 0.208696 0.193133 0.197828 0.21726 0.191052
1606250 0.190768 0.214483 0.201725 -1.59969 -1.29394 -3.64602 0.191873 0.216067 0.206091 0.189699 0.212951 0.197502
1606250 0.195888 0.206238 0.213364 1.17617 1.61101 -1.15852 0.193135 0.202925 0.215074 0.198834 0.209784 0.211534
1606250 0.195649 0.202304 0.204851 -0.0486113 -0.0680202 -0.554876 0.196003 0.203162 0.207844 0.195303 0.201467 0.201931
1606250 0.197099 0.205725 0.209272 -0.318669 -0.998302 -0.371722 0.198834 0.209784 0.211534 0.196003 0.203162 0.207844
1606250 0.191451 0.207235 0.215342 -1.55399 3.77191 -0.0799835 0.193135 0.202925 0.215074 0.189369 0.212564 0.215673
1606250 0.198517 0.213427 0.200556 0.184721 0.335243 -0.114427 0.197007 0.209138 0.201999 0.199721 0.216848 0.199405
1606250 0.194441 0.212601 0.204044 0.465712 -0.712125 -0.573923 0.191873 0.216067 0.206091 0.197007 0.209138 0.201999
1606250 0.197642 0.199978 0.203219 0.221123 -0.164845 0.180652 0.195303 0.201467 0.201931 0.201708 0.19739 0.205459
1606250 0.202868 0.212333 0.212886 1.40044 0.625172 0.572241 0.198834 0.209784 0.211534 0.206496 0.214626 0.214102
1606250 0.201214 0.206939 0.201519 1.4773 -0.498001 -0.208154 0.197007 0.209138 0.201999 0.204771 0.205079 0.201113
1606250 0.201071 0.21117 0.203451 1.8684 1.21885 0.442172 0.197007 0.209138 0.201999 0.205055 0.213162 0.204875
1606250 0.190735 0.214475 0.210445 -0.714432 -0.702965 3.55898 0.191873 0.216067 0.206091 0.189369 0.212564 0.215673
1606250 0.200851 0.203558 0.21904 -0.8304 2.2633 1.71605 0.202447 0.200915 0.216657 0.199456 0.205868 0.221123
1606250 0.198881 0.21703 0.1957 0.308152 -0.218841 1.06212 0.197828 0.21726 0.191052 0.199721 0.216848 0.199405
1606250 0.21024 0.199998 0.185225 0.769507 -0.674482 0.670389 0.207964 0.201394 0.183159 0.213772 0.197832 0.188431
1606250 0.208377 0.199492 0.195168 -0.245183 -1.98282 1.5479 0.2082 0.202222 0.193254 0.208628 0.195619 0.197883
1606250 0.213994 0.200458 0.192959 -0.0750415 -0.263303 -0.660317 0.214123 0.201974 0.195573 0.213772 0.197832 0.188431
1606250 0.204345 0.197928 0.215019 1.77422 -1.97217 -1.08987 0.202447 0.200915 0.216657 0.206264 0.194908 0.213364
1606250 0.204866 0.20164 0.181839 -0.319242 0.0353582 -0.200557 0.207964 0.201394 0.183159 0.200484 0.201988 0.17997
1606250 0.203109 0.210627 0.182466 0.563911 -0.266687 1.99205 0.20124 0.211111 0.178437 0.20573 0.209949 0.188115
1606250 0.211776 0.208966 0.189424 -3.80671 1.20937 -0.579881 0.215338 0.208387 0.190195 0.20573 0.209949 0.188115
1606250 0.21293 0.204684 0.196193 -0.158832 0.308614 0.0207016 0.214123 0.201974 0.195573 0.211222 0.208568 0.197081
1606250 0.207341 0.204909 0.191467 -1.02036 1.8993 -1.49804 0.2082 0.202222 0.193254 0.20573 0.209949 0.188115
1606250 0.207881 0.206761 0.199169 -2.21521 -1.50116 1.98114 0.211222 0.208568 0.197081 0.204771 0.205079 0.201113
1606250 0.212725 0.211918 0.199384 -1.10591 -1.81736 -1.72738 0.214174 0.215149 0.201604 0.211222 0.208568 0.197081
1606250 0.212098 0.212405 0.195264 0.125958 0.298702 -0.155598 0.211222 0.208568 0.197081 0.212897 0.215904 0.193607
1606250 0.218052 0.206291 0.191559 3.4881 -2.02986 2.1218 0.215338 0.208387 0.190195 0.221758 0.203429 0.193422
1606250 0.206427 0.209392 0.207277 -0.359208 0.760304 -0.67845 0.208063 0.204895 0.210142 0.205055 0.213162 0.204875
1606250 0.207692 0.206368 0.215508 0.000910988 0.0326147 0.075775 0.208063 0.204895 0.210142 0.207375 0.207628 0.220095
1606250 0.209984 0.214451 0.216879 -1.24792 -0.142619 -0.830995 0.213189 0.21429 0.21943 0.206496 0.214626 0.214102
1606250 0.206078 0.217019 0.202436 -0.274666 -0.611029 0.489357 0.207073 0.220775 0.200062 0.205055 0.213162 0.204875
1606250 0.208813 0.215021 0.206945 1.81632 0.762253 0.632574 0.205055 0.213162 0.204875 0.211405 0.216303 0.208373
1606250 0.206807 0.21843 0.211793 0.0795058 -1.40086 0.664182 0.207075 0.221715 0.209799 0.206496 0.214626 0.214102
1606250 0.212611 0.2158 0.205425 -0.497894 0.361506 1.03772 0.214174 0.215149 0.201604 0.211405 0.216303 0.208373
1606250 0.215561 0.209333 0.207839 0.120039 -0.214374 -0.217319 0.21421 0.210946 0.210045 0.217963 0.206463 0.203917
1606250 0.212105 0.216968 0.189883 0.168582 -0.0805413 0.642028 0.211373 0.217952 0.186441 0.212897 0.215904 0.193607
1606250 0.214917 0.217165 0.186853 -0.222446 0.0455166 -0.0630512 0.220616 0.215901 0.187516 0.211373 0.217952 0.186441
1606250 0.214241 0.216636 0.209871 -2.07306 -0.143098 -1.53565 0.217983 0.217077 0.211848 0.211405 0.216303 0.208373
1606250 0.199933 0.208346 0.186364 0.825324 0.207009 0.108208 0.196391 0.207367 0.185293 0.20573 0.209949 0.188115
1606250 0.204758 0.202553 0.213976 0.209526 0.14731 -0.174958 0.202447 0.200915 0.216657 0.208063 0.204895 0.210142
1606250 0.194705 0.207556 0.181862 0.123537 -0.0502252 0.218547 0.192931 0.207756 0.17825 0.196391 0.207367 0.185293
1606250 0.183107 0.210308 0.208514 -0.0890717 0.152849 0.100292 0.186865 0.20568 0.205737 0.180951 0.212964 0.210107
1606250 0.216987 0.20252 0.194766 0.331528 0.12105 -0.0876973 0.214123 0.201974 0.195573 0.221758 0.203429 0.193422
1606250 0.212037 0.208807 0.210079 -0.258781 -0.194286 0.0315146 0.21421 0.210946 0.210045 0.208063 0.204895 0.210142
1606250 0.203178 0.207483 0.210879 1.27364 -0.52705 -0.00706482 0.198834 0.209784 0.211534 0.208063 0.204895 0.210142
1606250 0.193313 0.209167 0.186685 -1.70547 0.685058 0.560302 0.196391 0.207367 0.185293 0.189575 0.211353 0.188376
1606250 0.184272 0.216104 0.191599 -1.55468 -1.8428 1.02937 0.18642 0.219637 0.190151 0.182262 0.212797 0.192955
1606250 0.189638 0.212154 0.192954 0.305728 0.545539 3.37467 0.189575 0.211353 0.188376 0.189699 0.212951 0.197502
1606250 0.198212 0.204974 0.182925 0.94357 -0.872201 -1.21056 0.196391 0.207367 0.185293 0.200484 0.201988 0.17997
1606250 0.213445 0.20847 0.193362 -1.61085 0.56405 2.63176 0.215338 0.208387 0.190195 0.211222 0.208568 0.197081
1606250 0.191293 0.20075 0.185962 0.227861 -1.70499 -3.23181 0.191624 0.202507 0.190072 0.191025 0.199326 0.182633
1606250 0.193055 0.203974 0.207164 -0.11089 0.0121172 -0.0218912 0.196003 0.203162 0.207844 0.186865 0.20568 0.205737
1606250 0.212692 0.205273 0.213229 2.31041 -0.103895 1.17909 0.208063 0.204895 0.210142 0.217696 0.205682 0.216567
1606250 0.199341 0.211869 0.216006 0.357571 0.915528 3.2221 0.198834 0.209784 0.211534 0.19981 0.213796 0.220137
1606250 0.204236 0.210766 0.194144 -0.122521 0.217061 1.46331 0.20573 0.209949 0.188115 0.203452 0.211194 0.197307
1606250 0.204044 0.208449 0.199016 0.247525 -1.603 0.679754 0.203452 0.211194 0.197307 0.204771 0.205079 0.201113
1606250 0.206153 0.205002 0.204903 -0.136597 -0.0538298 -0.567157 0.208063 0.204895 0.210142 0.204771 0.205079 0.201113
1606250 0.203198 0.214216 0.217079 0.0467405 0.00623555 -0.0303533 0.19981 0.213796 0.220137 0.206496 0.214626 0.214102
1606250 0.206594 0.199813 0.185809 -0.372921 -0.32248 0.483981 0.207964 0.201394 0.183159 0.205264 0.198276 0.188384
1606250 0.197902 0.209455 0.206674 -0.507679 -0.643781 -2.76704 0.198834 0.209784 0.211534 0.197007 0.209138 0.201999
1606250 0.207773 0.198167 0.182186 -0.174661 -1.2417 -0.57836 0.207964 0.201394 0.183159 0.20739 0.191681 0.180229
1606250 0.191913 0.20374 0.194371 0.121112 0.271265 2.23586 0.191624 0.202507 0.190072 0.192122 0.204636 0.197493
1606250 0.190381 0.204982 0.200223 -0.510496 -0.00496871 1.04663 0.192122 0.204636 0.197493 0.186865 0.20568 0.205737
1606250 0.192743 0.207684 0.20357 0.613971 0.16163 -0.330767 0.186865 0.20568 0.205737 0.197007 0.209138 0.201999
1606250 0.193762 0.203002 0.199782 0.362479 -0.227061 0.432086 0.192122 0.204636 0.197493 0.195303 0.201467 0.201931
1606250 0.21538 0.209178 0.212236 0.288712 -0.48398 0.800534 0.21421 0.210946 0.210045 0.217696 0.205682 0.216567
1606250 0.210369 0.200513 0.191377 0.270964 -0.309176 -0.313566 0.2082 0.202222 0.193254 0.213772 0.197832 0.188431
1606250 0.218535 0.209397 0.199395 -0.010729 -0.282571 0.327203 0.218949 0.211521 0.196122 0.217963 0.206463 0.203917
1606250 0.204302 0.215146 0.184922 -0.552926 3.24887 -1.40627 0.20573 0.209949 0.188115 0.203509 0.218031 0.183149
1606250 0.204809 0.201052 0.207744 -1.07788 -0.906262 -0.605538 0.208063 0.204895 0.210142 0.201708 0.19739 0.205459
1606250 0.2003 0.209192 0.191145 1.30235 0.122947 -0.482024 0.196737 0.208696 0.193133 0.20573 0.209949 0.188115
1606250 0.18569 0.21212 0.190809 -2.24082 0.573907 0.97838 0.189575 0.211353 0.188376 0.182262 0.212797 0.192955
1606250 0.21367 0.203777 0.201984 -0.299792 -0.123983 -0.114855 0.217963 0.206463 0.203917 0.211273 0.202277 0.200904
1606250 0.181699 0.202686 0.195246 1.81907 -1.5979 0.634767 0.179361 0.205542 0.19426 0.184768 0.198937 0.196541
1606250 0.218261 0.215776 0.202215 1.04612 0.322346 0.236784 0.214174 0.215149 0.201604 0.224687 0.216763 0.203176
1606250 0.201722 0.213815 0.19828 -1.2595 1.35407 0.599539 0.203452 0.211194 0.197307 0.199721 0.216848 0.199405
1606250 0.182314 0.214142 0.206791 -0.189772 -0.24022 0.814973 0.183706 0.215344 0.203405 0.180951 0.212964 0.210107
1606250 0.194103 0.206462 0.199321 1.00531 0.627014 0.883274 0.192122 0.204636 0.197493 0.197007 0.209138 0.201999
1606250 0.211252 0.204864 0.199332 -0.152346 -0.856094 0.511645 0.211222 0.208568 0.197081 0.211273 0.202277 0.200904
1606250 0.212698 0.202125 0.198237 -0.336698 0.0317212 0.443165 0.214123 0.201974 0.195573 0.211273 0.202277 0.200904
1606250 0.187354 0.215667 0.204605 1.34732 -0.0571068 0.301596 0.183706 0.215344 0.203405 0.191873 0.216067 0.206091
1606250 0.212847 0.213549 0.209233 -0.560073 0.859495 -0.434499 0.21421 0.210946 0.210045 0.211405 0.216303 0.208373
1606250 0.217088 0.209906 0.193068 -0.619874 -0.896715 -1.32462 0.218949 0.211521 0.196122 0.215338 0.208387 0.190195
1606250 0.190172 0.199894 0.216949 -1.01008 -0.942286 0.885182 0.193135 0.202925 0.215074 0.186436 0.19607 0.219314
1606250 0.213518 0.215537 0.197494 -0.0294454 0.1018 -0.448967 0.214174 0.215149 0.201604 0.212897 0.215904 0.193607
1606250 0.180825 0.21573 0.200875 -1.01593 -0.0664977 -1.00654 0.183706 0.215344 0.203405 0.178319 0.216066 0.198674
1606250 0.187698 0.208635 0.191647 0.0290253 0.026645 -0.0407876 0.18637 0.206711 0.193962 0.189575 0.211353 0.188376
1606250 0.184873 0.211773 0.204267 0.0668449 -0.404119 0.0707444 0.183706 0.215344 0.203405 0.186865 0.20568 0.205737
1606250 0.180924 0.202366 0.199308 0.0 0.0 0.0 0.178587 0.204394 0.200991 0.184768 0.198937 0.196541
1606250 0.188388 0.200859 0.193125 0.0 0.0 0.0 0.191624 0.202507 0.190072 0.184768 0.198937 0.196541
1606250 0.185735 0.203668 0.194984 0.0 0.0 0.0 0.18637 0.206711 0.193962 0.184768 0.198937 0.196541
1606250 0.189227 0.202429 0.197119 0.0 0.0 0.0 0.192122 0.204636 0.197493 0.184768 0.198937 0.196541
1606250 0.187479 0.201115 0.188723 0.0 0.0 0.0 0.191624 0.202507 0.190072 0.18363 0.199752 0.187469
1606250 0.185675 0.201891 0.200519 0.0 0.0 0.0 0.186865 0.20568 0.205737 0.184768 0.198937 0.196541
1606250 0.182364 0.200856 0.205105 0.0 0.0 0.0 0.186865 0.20568 0.205737 0.178802 0.196971 0.204605
1606250 0.180217 0.207932 0.197115 -0.000539095 -0.00305989 -0.00447168 0.180904 0.20985 0.199407 0.179361 0.205542 0.19426
1606250 0.181484 0.211156 0.196647 0.0 0.0 0.0 0.180904 0.20985 0.199407 0.182262 0.212797 0.192955
1606250 0.182144 0.212329 0.201178 0.0 0.0 0.0 0.180904 0.20985 0.199407 0.183706 0.215344 0.203405
1606250 0.183222 0.216452 0.195444 0.0 0.0 0.0 0.184001 0.219343 0.197458 0.182262 0.212797 0.192955
1606250 0.18454 0.209457 0.193514 0.0 0.0 0.0 0.18637 0.206711 0.193962 0.182262 0.212797 0.192955
1606250 0.182799 0.208524 0.201419 0.00359844 -0.00182771 0.00277612 0.180904 0.20985 0.199407 0.186865 0.20568 0.205737
1606250 0.186431 0.214292 0.20072 0.0 0.0 0.0 0.183706 0.215344 0.203405 0.189699 0.212951 0.197502
1606250 0.184292 0.212842 0.212317 0.0 0.0 0.0 0.180951 0.212964 0.210107 0.189369 0.212564 0.215673
1606250 0.183148 0.216031 0.210199 0.00592051 0.00598015 0.000269859 0.180951 0.212964 0.210107 0.185236 0.218944 0.210285
1606250 0.184497 0.217253 0.20697 0.0 0.0 0.0 0.183706 0.215344 0.203405 0.185236 0.218944 0.210285
1606250 0.186383 0.216707 0.197477 0.0 0.0 0.0 0.189699 0.212951 0.197502 0.184001 0.219343 0.197458
1606250 0.195436 0.201373 0.192301 0.0 0.0 0.0 0.191624 0.202507 0.190072 0.19996 0.199948 0.194945
1606250 0.195097 0.202892 0.196527 0.0 0.0 0.0 0.192122 0.204636 0.197493 0.19996 0.199948 0.194945
1606250 0.198141 0.204919 0.193924 0.0 0.0 0.0 0.196737 0.208696 0.193133 0.19996 0.199948 0.194945
1606250 0.197002 0.200948 0.199382 0.0 0.0 0.0 0.195303 0.201467 0.201931 0.19996 0.199948 0.194945
1606250 0.205022 0.201381 0.193907 0.0 0.0 0.0 0.2082 0.202222 0.193254 0.19996 0.199948 0.194945
1606250 0.195344 0.198856 0.215257 0.0 0.0 0.0 0.193135 0.202925 0.215074 0.197137 0.19548 0.215401
1606250 0.19413 0.199473 0.204602 0.0 0.0 0.0 0.195303 0.201467 0.201931 0.192372 0.196388 0.20861
1606250 0.190108 0.200244 0.207429 0.0 0.0 0.0 0.186865 0.20568 0.205737 0.192372 0.196388 0.20861
1606250 0.19974 0.198189 0.216019 0.0 0.0 0.0 0.202447 0.200915 0.216657 0.197137 0.19548 0.215401
1606250 0.199378 0.20007 0.21957 0.0 0.0 0.0 0.202447 0.200915 0.216657 0.195761 0.198994 0.223006
1606250 0.189163 0.204076 0.186448 0.0 0.0 0.0 0.191624 0.202507 0.190072 0.187288 0.205206 0.183685
1606250 0.194194 0.205165 0.187495 0.0 0.0 0.0 0.191624 0.202507 0.190072 0.196391 0.207367 0.185293
1606250 0.190618 0.206886 0.18924 0.0 0.0 0.0 0.191624 0.202507 0.190072 0.189575 0.211353 0.188376
1606250 0.196557 0.208044 0.189074 0.0 0.0 0.0 0.196737 0.208696 0.193133 0.196391 0.207367 0.185293
1606250 0.189261 0.205704 0.195738 0.0 0.0 0.0 0.18637 0.206711 0.193962 0.192122 0.204636 0.197493
1606250 0.194161 0.206467 0.195567 0.0 0.0 0.0 0.192122 0.204636 0.197493 0.196737 0.208696 0.193133
1606250 0.19112 0.20811 0.197498 0.0 0.0 0.0 0.192122 0.204636 0.197493 0.189699 0.212951 0.197502
1606250 0.193376 0.20998 0.190901 0.0 0.0 0.0 0.196737 0.208696 0.193133 0.189575 0.211353 0.188376
1606250 0.193422 0.210736 0.195191 0.0 0.0 0.0 0.196737 0.208696 0.193133 0.189699 0.212951 0.197502
1606250 0.188529 0.209988 0.2009 0.0 0.0 0.0 0.186865 0.20568 0.205737 0.189699 0.212951 0.197502
1606250 0.195456 0.211349 0.183744 0.0 0.0 0.0 0.194277 0.2163 0.181786 0.196391 0.207367 0.185293
1606250 0.193647 0.214305 0.189697 0.0 0.0 0.0 0.197828 0.21726 0.191052 0.189575 0.211353 0.188376
1606250 0.18795 0.215655 0.18929 0.0 0.0 0.0 0.18642 0.219637 0.190151 0.189575 0.211353 0.188376
1606250 0.188016 0.216419 0.19373 0.0 0.0 0.0 0.18642 0.219637 0.190151 0.189699 0.212951 0.197502
1606250 0.190693 0.217504 0.197449 0.0 0.0 0.0 0.189699 0.212951 0.197502 0.191778 0.222389 0.19739
1606250 0.198627 0.209131 0.18213 0.0 0.0 0.0 0.20124 0.211111 0.178437 0.196391 0.207367 0.185293
1606250 0.200467 0.210121 0.195453 0.0 0.0 0.0 0.196737 0.208696 0.193133 0.203452 0.211194 0.197307
1606250 0.194845 0.203103 0.21076 0.0 0.0 0.0 0.193135 0.202925 0.215074 0.196003 0.203162 0.207844
1606250 0.190542 0.204101 0.211214 0.0 0.0 0.0 0.193135 0.202925 0.215074 0.186865 0.20568 0.205737
1606250 0.1964 0.205567 0.205527 0.0 0.0 0.0 0.196003 0.203162 0.207844 0.197007 0.209138 0.201999
1606250 0.192624 0.20284 0.203139 0.0 0.0 0.0 0.186865 0.20568 0.205737 0.195303 0.201467 0.201931
1606250 0.195967 0.204499 0.201958 0.0 0.0 0.0 0.197007 0.209138 0.201999 0.195303 0.201467 0.201931
1606250 0.196776 0.204657 0.218559 0.0 0.0 0.0 0.193135 0.202925 0.215074 0.199456 0.205868 0.221123
1606250 0.188202 0.209395 0.211046 0.0 0.0 0.0 0.186865 0.20568 0.205737 0.189369 0.212564 0.215673
1606250 0.194442 0.211111 0.213455 0.0 0.0 0.0 0.198834 0.209784 0.211534 0.189369 0.212564 0.215673
1606250 0.189766 0.211735 0.205942 0.0 0.0 0.0 0.191873 0.216067 0.206091 0.186865 0.20568 0.205737
1606250 0.198934 0.214651 0.212491 -0.000289444 0.0101093 0.000437907 0.198834 0.209784 0.211534 0.19901 0.218296 0.213209
1606250 0.195286 0.213022 0.208761 0.0 0.0 0.0 0.198834 0.209784 0.211534 0.191873 0.216067 0.206091
1606250 0.198118 0.201058 0.20696 0.0 0.0 0.0 0.196003 0.203162 0.207844 0.201708 0.19739 0.205459
1606250 0.200822 0.210392 0.199222 0.0 0.0 0.0 0.197007 0.209138 0.201999 0.203452 0.211194 0.197307
1606250 0.202035 0.21156 0.208107 0.0 0.0 0.0 0.198834 0.209784 0.211534 0.205055 0.213162 0.204875
1606250 0.198191 0.20187 0.215934 0.0 0.0 0.0 0.193135 0.202925 0.215074 0.202447 0.200915 0.216657
1606250 0.19517 0.213285 0.218154 0.0 0.0 0.0 0.19981 0.213796 0.220137 0.189369 0.212564 0.215673
1606250 0.199368 0.216284 0.216311 0.0 0.0 0.0 0.19981 0.213796 0.220137 0.19901 0.218296 0.213209
1606250 0.186824 0.216535 0.212358 0.0 0.0 0.0 0.189369 0.212564 0.215673 0.185236 0.218944 0.210285
1606250 0.19091 0.217987 0.214003 0.0 0.0 0.0 0.189369 0.212564 0.215673 0.191997 0.221741 0.212827
1606250 0.196064 0.21682 0.186452 0.0 0.0 0.0 0.194277 0.2163 0.181786 0.197828 0.21726 0.191052
1606250 0.199647 0.217344 0.182579 0.0 0.0 0.0 0.194277 0.2163 0.181786 0.203509 0.218031 0.183149
1606250 0.201243 0.214136 0.189783 0.0 0.0 0.0 0.197828 0.21726 0.191052 0.20573 0.209949 0.188115
1606250 0.202113 0.215231 0.201859 0.0 0.0 0.0 0.205055 0.213162 0.204875 0.199721 0.216848 0.199405
1606250 0.18808 0.217755 0.208486 0.0 0.0 0.0 0.191873 0.216067 0.206091 0.185236 0.218944 0.210285
1606250 0.202412 0.216674 0.213615 0.0 0.0 0.0 0.206496 0.214626 0.214102 0.19901 0.218296 0.213209
1606250 0.206718 0.200268 0.190798 0.0 0.0 0.0 0.2082 0.202222 0.193254 0.205264 0.198276 0.188384
1606250 0.207008 0.199081 0.21203 0.0 0.0 0.0 0.208063 0.204895 0.210142 0.206264 0.194908 0.213364
1606250 0.205796 0.199704 0.218575 0.0 0.0 0.0 0.202447 0.200915 0.216657 0.210561 0.197893 0.221303
1606250 0.202753 0.205468 0.183494 0.0 0.0 0.0 0.20573 0.209949 0.188115 0.200484 0.201988 0.17997
1606250 0.20718 0.204427 0.184895 0.0 0.0 0.0 0.207964 0.201394 0.183159 0.20573 0.209949 0.188115
1606250 0.211145 0.207474 0.184813 0.0 0.0 0.0 0.20573 0.209949 0.188115 0.215135 0.205588 0.18238
1606250 0.207124 0.207983 0.182259 0.0 0.0 0.0 0.20573 0.209949 0.188115 0.207897 0.206839 0.179018
1606250 0.202515 0.215039 0.181087 0.0 0.0 0.0 0.20124 0.211111 0.178437 0.203509 0.218031 0.183149
1606250 0.211307 0.202129 0.194471 0.0 0.0 0.0 0.2082 0.202222 0.193254 0.214123 0.201974 0.195573
1606250 0.209514 0.20502 0.19492 0.0 0.0 0.0 0.2082 0.202222 0.193254 0.211222 0.208568 0.197081
1606250 0.208975 0.20917 0.193415 0.0 0.0 0.0 0.20573 0.209949 0.188115 0.211222 0.208568 0.197081
1606250 0.206802 0.210098 0.19721 0.0 0.0 0.0 0.203452 0.211194 0.197307 0.211222 0.208568 0.197081
1606250 0.204113 0.212043 0.200432 0.0 0.0 0.0 0.205055 0.213162 0.204875 0.203452 0.211194 0.197307
1606250 0.214158 0.212054 0.191843 0.0 0.0 0.0 0.215338 0.208387 0.190195 0.212897 0.215904 0.193607
1606250 0.210123 0.213637 0.191483 0.0 0.0 0.0 0.20573 0.209949 0.188115 0.212897 0.215904 0.193607
1606250 0.209293 0.215041 0.187058 0.0 0.0 0.0 0.20573 0.209949 0.188115 0.211373 0.217952 0.186441
1606250 0.205995 0.215987 0.190302 0.0 0.0 0.0 0.20573 0.209949 0.188115 0.206164 0.219728 0.191678
1606250 0.215277 0.210155 0.196578 0.0 0.0 0.0 0.218949 0.211521 0.196122 0.211222 0.208568 0.197081
1606250 0.214216 0.20767 0.20012 0.0 0.0 0.0 0.217963 0.206463 0.203917 0.211222 0.208568 0.197081
1606250 0.208485 0.203515 0.200994 0.0 0.0 0.0 0.211273 0.202277 0.200904 0.204771 0.205079 0.201113
1606250 0.207192 0.210338 0.212342 0.0 0.0 0.0 0.208063 0.204895 0.210142 0.206496 0.214626 0.214102
1606250 0.204902 0.20886 0.202856 0.0 0.0 0.0 0.205055 0.213162 0.204875 0.204771 0.205079 0.201113
1606250 0.205792 0.213948 0.209598 0.0 0.0 0.0 0.206496 0.214626 0.214102 0.205055 0.213162 0.204875
1606250 0.20987 0.214248 0.203148 0.0 0.0 0.0 0.214174 0.215149 0.201604 0.205055 0.213162 0.204875
1606250 0.20692 0.21128 0.217 0.0 0.0 0.0 0.206496 0.214626 0.214102 0.207375 0.207628 0.220095
1606250 0.210774 0.217879 0.200867 0.0 0.0 0.0 0.214174 0.215149 0.201604 0.207073 0.220775 0.200062
1606250 0.209345 0.215636 0.210777 0.0 0.0 0.0 0.206496 0.214626 0.214102 0.211405 0.216303 0.208373
1606250 0.204981 0.218358 0.217266 0.0 0.0 0.0 0.206496 0.214626 0.214102 0.203507 0.221921 0.220347
1606250 0.216636 0.213315 0.198777 0.0 0.0 0.0 0.214174 0.215149 0.201604 0.218949 0.211521 0.196122
1606250 0.213082 0.205727 0.206986 0.0 0.0 0.0 0.208063 0.204895 0.210142 0.217963 0.206463 0.203917
1606250 0.215822 0.211405 0.202612 0.0 0.0 0.0 0.214174 0.215149 0.201604 0.217963 0.206463 0.203917
1606250 0.215784 0.213542 0.210798 0.0 0.0 0.0 0.21421 0.210946 0.210045 0.217983 0.217077 0.211848
1606250 0.204664 0.203972 0.218204 0.0 0.0 0.0 0.202447 0.200915 0.216657 0.207375 0.207628 0.220095
1606250 0.207344 0.218029 0.184755 0.0 0.0 0.0 0.211373 0.217952 0.186441 0.203509 0.218031 0.183149
1606250 0.210189 0.218205 0.196608 0.0 0.0 0.0 0.207073 0.220775 0.200062 0.212897 0.215904 0.193607
1606250 0.209525 0.217856 0.192642 0.0 0.0 0.0 0.206164 0.219728 0.191678 0.212897 0.215904 0.193607
1606250 0.215933 0.213742 0.19487 0.0 0.0 0.0 0.218949 0.211521 0.196122 0.212897 0.215904 0.193607
1606250 0.216001 0.21594 0.191157 0.0 0.0 0.0 0.220616 0.215901 0.187516 0.212897 0.215904 0.193607
1606250 0.216751 0.218452 0.19459 0.0 0.0 0.0 0.219936 0.220475 0.195401 0.212897 0.215904 0.193607
1606250 0.219928 0.204928 0.198479 0.0 0.0 0.0 0.217963 0.206463 0.203917 0.221758 0.203429 0.193422
