# ts x y z Fx Fy Fz x1 y1 z1 x2 y2 z2
3125000 0.185893 0.193115 0.187919 0.833843 0.123736 0.473881 0.182604 0.192001 0.186065 0.189404 0.194304 0.189898
3125000 0.18344 0.190422 0.197097 -1.48055 1.15682 0.421349 0.187201 0.188295 0.195818 0.180684 0.191982 0.198035
3125000 0.188957 0.196818 0.198045 -2.58122 1.04027 -0.614238 0.192866 0.194626 0.199514 0.184801 0.19915 0.196483
3125000 0.194436 0.179064 0.181478 0.934051 1.13221 -0.116116 0.191389 0.176301 0.181532 0.19691 0.181307 0.181435
3125000 0.198086 0.183814 0.183302 -1.56208 -2.16086 -1.96752 0.199484 0.186792 0.185519 0.19691 0.181307 0.181435
3125000 0.192881 0.181409 0.187266 -2.47644 1.91813 -0.537675 0.195575 0.178557 0.188125 0.189209 0.185297 0.186096
3125000 0.197902 0.179761 0.191169 1.78288 1.51947 3.14293 0.195575 0.178557 0.188125 0.200794 0.181257 0.194955
3125000 0.189225 0.202505 0.183157 -0.964425 1.09536 0.206117 0.191138 0.199465 0.182621 0.187425 0.205363 0.183661
3125000 0.1977 0.187809 0.188913 -2.01262 1.3439 2.88843 0.199484 0.186792 0.185519 0.19567 0.188968 0.192778
3125000 0.192424 0.191732 0.191286 -2.78776 1.82148 -0.795826 0.19567 0.188968 0.192778 0.189404 0.194304 0.189898
3125000 0.196612 0.192064 0.189626 -0.363185 -0.704664 0.651274 0.197623 0.195384 0.186246 0.19567 0.188968 0.192778
3125000 0.194298 0.191736 0.196074 0.904015 -1.74472 -2.90402 0.192866 0.194626 0.199514 0.19567 0.188968 0.192778
3125000 0.195053 0.192207 0.202921 0.522801 -0.718841 1.24477 0.192866 0.194626 0.199514 0.196631 0.190463 0.205377
3125000 0.192626 0.195578 0.204127 -0.35859 0.181785 2.55081 0.192866 0.194626 0.199514 0.192393 0.196504 0.208616
3125000 0.196208 0.197175 0.197376 0.270516 0.294951 -0.215669 0.192866 0.194626 0.199514 0.199979 0.20005 0.194964
3125000 0.198104 0.185306 0.193812 -3.18041 3.8226 -1.82545 0.200794 0.181257 0.194955 0.19567 0.188968 0.192778
3125000 0.202418 0.188641 0.183593 2.10869 1.71858 -1.97553 0.199484 0.186792 0.185519 0.207437 0.191804 0.1803
3125000 0.20297 0.185965 0.187223 0.42276 -0.0436468 0.150468 0.199484 0.186792 0.185519 0.206642 0.185093 0.189018
3125000 0.19907 0.198763 0.18309 0.350037 0.603362 -0.564072 0.197623 0.195384 0.186246 0.200497 0.202094 0.179979
3125000 0.189146 0.193469 0.209764 2.09519 1.39914 -0.707202 0.186296 0.190805 0.210772 0.192393 0.196504 0.208616
3125000 0.196717 0.196982 0.207153 -0.884678 -0.251567 0.302009 0.201724 0.197535 0.205458 0.192393 0.196504 0.208616
3125000 0.19956 0.186299 0.216458 -0.0931566 -0.405849 1.0643 0.20055 0.188383 0.212261 0.19883 0.184767 0.219546
3125000 0.210119 0.17967 0.192394 0.864768 0.949988 0.884108 0.207588 0.17683 0.190583 0.212576 0.182427 0.194153
3125000 0.204189 0.182312 0.198463 3.32643 0.258441 3.40147 0.200794 0.181257 0.194955 0.206958 0.183173 0.201324
3125000 0.211094 0.186239 0.194098 0.378818 -1.6217 0.142784 0.209979 0.189104 0.194057 0.212576 0.182427 0.194153
3125000 0.214121 0.185014 0.191385 -0.596021 -0.81092 0.693088 0.215956 0.188088 0.188095 0.212576 0.182427 0.194153
3125000 0.206667 0.183011 0.205384 0.499655 -0.0416151 -2.24131 0.206431 0.182879 0.208676 0.206958 0.183173 0.201324
3125000 0.208013 0.181192 0.211034 1.12717 -0.818899 1.21183 0.206431 0.182879 0.208676 0.209454 0.179655 0.213181
3125000 0.20409 0.181169 0.21026 -2.33151 -1.35711 1.97697 0.206431 0.182879 0.208676 0.200795 0.178761 0.21249
3125000 0.210541 0.185108 0.201432 -3.12597 -2.25083 0.255123 0.215278 0.187666 0.201575 0.206958 0.183173 0.201324
3125000 0.20695 0.186047 0.207896 0.852747 2.58911 -0.534068 0.206431 0.182879 0.208676 0.207619 0.19013 0.20689
3125000 0.212229 0.179547 0.214336 1.83495 -0.142506 1.12564 0.209454 0.179655 0.213181 0.215944 0.179403 0.215881
3125000 0.205154 0.192711 0.198658 -2.20394 -1.4093 0.599667 0.208675 0.195785 0.197888 0.201788 0.189772 0.199393
3125000 0.208565 0.187404 0.191921 -0.80177 -0.655138 -0.868465 0.209979 0.189104 0.194057 0.206642 0.185093 0.189018
3125000 0.212504 0.190832 0.194359 0.406599 0.313233 0.129431 0.209979 0.189104 0.194057 0.215045 0.192571 0.194663
3125000 0.209466 0.191734 0.195565 -0.657856 1.80348 1.31021 0.209979 0.189104 0.194057 0.208675 0.195785 0.197888
3125000 0.214563 0.19458 0.192361 0.376871 -0.902258 1.40638 0.213748 0.197982 0.188462 0.215045 0.192571 0.194663
3125000 0.209549 0.197222 0.202316 -0.60207 -1.00272 -2.03414 0.210123 0.198167 0.205223 0.208675 0.195785 0.197888
3125000 0.217955 0.191548 0.194881 -0.986154 0.496126 0.0252082 0.221831 0.190187 0.195172 0.215045 0.192571 0.194663
3125000 0.204292 0.189307 0.209418 0.474819 0.0427357 -0.285921 0.20055 0.188383 0.212261 0.207619 0.19013 0.20689
3125000 0.204997 0.193424 0.206253 1.73106 -1.61721 0.518376 0.201724 0.197535 0.205458 0.207619 0.19013 0.20689
3125000 0.211 0.189042 0.204543 -2.26082 0.873443 2.19498 0.215278 0.187666 0.201575 0.207619 0.19013 0.20689
3125000 0.203473 0.201898 0.20298 1.2166 2.70534 -1.01976 0.201724 0.197535 0.205458 0.204801 0.205211 0.201099
3125000 0.209394 0.200627 0.20698 -0.572387 1.29681 1.25083 0.210123 0.198167 0.205223 0.208087 0.20504 0.21013
3125000 0.217192 0.183758 0.204748 -0.673517 0.923639 -0.722914 0.218906 0.180259 0.207588 0.215278 0.187666 0.201575
3125000 0.2122 0.196942 0.207188 1.1492 -0.958177 1.50148 0.210123 0.198167 0.205223 0.216537 0.194387 0.21129
3125000 0.207102 0.188967 0.218513 1.93738 -1.14511 -1.25655 0.20397 0.191119 0.219956 0.210772 0.186446 0.216822
3125000 0.206948 0.192659 0.21025 0.693087 -1.2228 -1.76553 0.206326 0.195 0.21336 0.207619 0.19013 0.20689
3125000 0.205166 0.193089 0.216608 0.12876 0.209894 -0.517365 0.20397 0.191119 0.219956 0.206326 0.195 0.21336
3125000 0.203767 0.179407 0.216008 2.3703 -0.0625709 2.98597 0.200795 0.178761 0.21249 0.205974 0.179886 0.218619
3125000 0.2024 0.189863 0.216424 0.393464 0.196645 1.07699 0.20055 0.188383 0.212261 0.20397 0.191119 0.219956
3125000 0.194581 0.188164 0.206817 1.73969 2.61168 -1.86356 0.192044 0.185319 0.208599 0.196631 0.190463 0.205377
3125000 0.207022 0.197933 0.20531 -0.418998 -0.0896492 0.0476344 0.210123 0.198167 0.205223 0.201724 0.197535 0.205458
3125000 0.189107 0.188122 0.209709 -1.45688 1.09879 0.286709 0.192044 0.185319 0.208599 0.186296 0.190805 0.210772
3125000 0.208762 0.18292 0.186146 -1.08479 0.742715 1.10452 0.211503 0.180109 0.182431 0.206642 0.185093 0.189018
3125000 0.191946 0.183048 0.212139 -0.586863 -1.68526 3.08883 0.192044 0.185319 0.208599 0.191823 0.180172 0.216622
3125000 0.181856 0.196116 0.193787 0.938055 1.24621 1.2864 0.18007 0.194276 0.192153 0.184801 0.19915 0.196483
3125000 0.198725 0.18937 0.196082 0.803577 -0.0535594 1.04666 0.19567 0.188968 0.192778 0.201788 0.189772 0.199393
3125000 0.218991 0.189094 0.197946 -3.41721 -0.655503 2.68649 0.221831 0.190187 0.195172 0.215278 0.187666 0.201575
3125000 0.216645 0.17867 0.199246 -1.75094 -0.611074 0.933739 0.222403 0.179632 0.196593 0.213116 0.178081 0.200872
3125000 0.205169 0.188774 0.19034 0.205524 -0.476393 -0.269174 0.203793 0.192212 0.191574 0.206642 0.185093 0.189018
3125000 0.198619 0.193223 0.205409 -1.97645 -1.98805 0.00285427 0.201724 0.197535 0.205458 0.196631 0.190463 0.205377
3125000 0.211855 0.185518 0.212277 -0.325895 0.290796 0.875975 0.21258 0.184896 0.209231 0.210772 0.186446 0.216822
3125000 0.21665 0.192816 0.2008 -0.127514 -0.584178 0.182793 0.217822 0.197216 0.200138 0.215278 0.187666 0.201575
3125000 0.215617 0.200182 0.197398 -0.214474 0.435182 -0.416893 0.217822 0.197216 0.200138 0.214168 0.202132 0.195596
3125000 0.2151 0.183049 0.208577 -0.383531 0.229325 0.156584 0.218906 0.180259 0.207588 0.21258 0.184896 0.209231
3125000 0.184211 0.199566 0.191519 -0.00260273 0.018163 -0.0825741 0.184801 0.19915 0.196483 0.18372 0.199911 0.187399
3125000 0.193916 0.197716 0.184174 -0.267157 0.110733 -0.154757 0.197623 0.195384 0.186246 0.191138 0.199465 0.182621
3125000 0.210093 0.180581 0.201094 -1.30264 1.00733 0.354034 0.213116 0.178081 0.200872 0.206958 0.183173 0.201324
3125000 0.183356 0.187204 0.193737 -0.672169 -0.283161 -0.280306 0.187201 0.188295 0.195818 0.179253 0.186039 0.191516
3125000 0.212528 0.19384 0.195937 0.607579 -0.207823 -0.220496 0.208675 0.195785 0.197888 0.215045 0.192571 0.194663
3125000 0.210998 0.195291 0.184906 0.246852 0.164154 0.32682 0.207437 0.191804 0.1803 0.213748 0.197982 0.188462
3125000 0.198259 0.189599 0.208236 -0.623243 0.256898 -0.768337 0.20055 0.188383 0.212261 0.196631 0.190463 0.205377
3125000 0.210184 0.194768 0.212578 0.85556 0.0850722 -0.203122 0.206326 0.195 0.21336 0.216537 0.194387 0.21129
3125000 0.196304 0.180058 0.184472 0.156858 1.41294 -2.71509 0.195575 0.178557 0.188125 0.19691 0.181307 0.181435
3125000 0.198843 0.190167 0.202811 -0.966496 0.233839 0.862502 0.201788 0.189772 0.199393 0.196631 0.190463 0.205377
3125000 0.209559 0.183905 0.208959 0.673906 0.107284 0.064505 0.206431 0.182879 0.208676 0.21258 0.184896 0.209231
3125000 0.202865 0.191082 0.195194 -0.0827034 -0.255123 0.570909 0.203793 0.192212 0.191574 0.201788 0.189772 0.199393
3125000 0.182675 0.179261 0.196023 -0.949688 -0.316137 0.855306 0.186147 0.179848 0.193587 0.177725 0.178423 0.199496
3125000 0.19143 0.188631 0.1943 2.15348 0.0246746 -1.1478 0.187201 0.188295 0.195818 0.19567 0.188968 0.192778
3125000 0.203978 0.183346 0.191723 0.513552 0.298746 -0.687208 0.200794 0.181257 0.194955 0.206642 0.185093 0.189018
3125000 0.190445 0.179241 0.204301 -1.77314 1.76504 -1.95706 0.193635 0.176512 0.206694 0.187464 0.181792 0.202066
3125000 0.183323 0.180359 0.200973 2.34085 0.504098 0.335073 0.177725 0.178423 0.199496 0.187464 0.181792 0.202066
3125000 0.187491 0.182239 0.1903 1.08955 1.20436 -2.30992 0.186147 0.179848 0.193587 0.189209 0.185297 0.186096
3125000 0.187332 0.185047 0.198938 0.0625907 -0.822791 1.08773 0.187201 0.188295 0.195818 0.187464 0.181792 0.202066
3125000 0.196613 0.179419 0.214416 -2.69504 -0.041641 1.34396 0.200795 0.178761 0.21249 0.191823 0.180172 0.216622
3125000 0.189835 0.183618 0.205447 -1.71988 -0.829745 -2.60467 0.192044 0.185319 0.208599 0.187464 0.181792 0.202066
3125000 0.213743 0.184659 0.197357 0.0 0.0 0.0 0.212576 0.182427 0.194153 0.215278 0.187666 0.201575
3125000 0.20104 0.193627 0.189197 0.127601 -0.0844384 0.154665 0.197623 0.195384 0.186246 0.203793 0.192212 0.191574
3125000 0.204579 0.195609 0.189821 0.0973337 0.656519 -0.224097 0.203793 0.192212 0.191574 0.20524 0.198464 0.188347
3125000 0.210268 0.199834 0.199759 0.419174 1.10252 0.29839 0.208675 0.195785 0.197888 0.211287 0.202421 0.200955
3125000 0.203233 0.199069 0.190871 -0.298531 0.132577 0.300874 0.20524 0.198464 0.188347 0.199979 0.20005 0.194964
3125000 0.181881 0.198165 0.200439 0.480194 0.0385801 -0.713042 0.178848 0.197143 0.204546 0.184801 0.19915 0.196483
3125000 0.20451 0.186298 0.20041 0.4938 -0.500982 0.250133 0.201788 0.189772 0.199393 0.206958 0.183173 0.201324
3125000 0.202721 0.202985 0.198452 0.15814 0.12046 0.212085 0.199979 0.20005 0.194964 0.204801 0.205211 0.201099
3125000 0.207834 0.179763 0.215713 -1.06222 -0.11813 1.29444 0.209454 0.179655 0.213181 0.205974 0.179886 0.218619
3125000 0.186788 0.180794 0.197713 0.854499 0.35278 3.15023 0.186147 0.179848 0.193587 0.187464 0.181792 0.202066
3125000 0.190271 0.178854 0.200093 -0.1178 0.176441 0.111671 0.192298 0.176733 0.198669 0.187464 0.181792 0.202066
3125000 0.184133 0.184475 0.203515 1.14383 -0.82533 -0.251775 0.180624 0.187302 0.205042 0.187464 0.181792 0.202066
3125000 0.210713 0.200323 0.20306 0.00987489 0.0671217 -0.086472 0.210123 0.198167 0.205223 0.211287 0.202421 0.200955
3125000 0.212852 0.18021 0.19758 -0.240189 0.543094 -0.92819 0.213116 0.178081 0.200872 0.212576 0.182427 0.194153
3125000 0.21513 0.190781 0.197184 0.0922237 0.815004 -0.897043 0.215278 0.187666 0.201575 0.215045 0.192571 0.194663
3125000 0.215849 0.190713 0.205979 0.0178924 -0.200973 -0.281312 0.216537 0.194387 0.21129 0.215278 0.187666 0.201575
3125000 0.194352 0.198857 0.200975 0.111497 0.59372 0.156241 0.192866 0.194626 0.199514 0.195315 0.201599 0.201923
3125000 0.213584 0.185927 0.206382 0.171171 0.387934 -0.930171 0.21258 0.184896 0.209231 0.215278 0.187666 0.201575
3125000 0.186549 0.197121 0.188643 -1.44802 1.67994 -0.370492 0.189404 0.194304 0.189898 0.18372 0.199911 0.187399
3125000 0.196698 0.180118 0.205716 -1.5493 -1.42722 0.673532 0.199402 0.183303 0.204853 0.193635 0.176512 0.206694
3125000 0.203267 0.183236 0.203048 0.553411 -0.10321 -0.234307 0.199402 0.183303 0.204853 0.206958 0.183173 0.201324
3125000 0.199943 0.185696 0.208343 -0.0677126 -0.392719 -0.812122 0.20055 0.188383 0.212261 0.199402 0.183303 0.204853
3125000 0.20056 0.186441 0.202205 0.476533 1.01319 -1.18848 0.199402 0.183303 0.204853 0.201788 0.189772 0.199393
3125000 0.199825 0.182197 0.180068 -0.0 0.0 -0.0 0.19691 0.181307 0.181435 0.202571 0.183036 0.178781
3125000 0.19 0.181308 0.194753 -0.00623756 -0.00125137 -0.00193607 0.192795 0.182367 0.195599 0.186147 0.179848 0.193587
3125000 0.193262 0.184271 0.198008 0.000432729 0.00225506 0.00206675 0.192795 0.182367 0.195599 0.193772 0.186354 0.200643
3125000 0.195862 0.181941 0.195352 0.0115347 0.000186845 -0.0014 0.192795 0.182367 0.195599 0.200794 0.181257 0.194955
3125000 0.185121 0.178817 0.211469 -1.10786e-05 0.00448903 -0.00128271 0.185424 0.174497 0.212053 0.18486 0.182555 0.210964
3125000 0.191064 0.184395 0.201253 0.00600132 0.00301564 -0.00135379 0.187464 0.181792 0.202066 0.193772 0.186354 0.200643
3125000 0.187932 0.186199 0.202934 0.000490332 0.00502344 0.00185293 0.187464 0.181792 0.202066 0.188274 0.189415 0.203567
3125000 0.196268 0.185001 0.202509 -0.00388023 0.00190642 -0.00392488 0.199402 0.183303 0.204853 0.193772 0.186354 0.200643
3125000 0.197796 0.194686 0.181454 0.00214393 0.000503649 0.0416411 0.197912 0.194217 0.178237 0.197623 0.195384 0.186246
3125000 0.189929 0.187616 0.205777 -0.0 0.0 0.0 0.192044 0.185319 0.208599 0.188274 0.189415 0.203567
3125000 0.192449 0.18733 0.212273 -0.00265162 0.0293728 0.0462929 0.192044 0.185319 0.208599 0.192794 0.189037 0.215391
3125000 0.195106 0.196055 0.212292 0.000731253 7.45939e-05 0.00105118 0.192393 0.196504 0.208616 0.197325 0.195688 0.215299
3125000 0.194653 0.190168 0.218222 -0.0309026 -0.0119443 -0.0345647 0.196477 0.191277 0.220999 0.192794 0.189037 0.215391
3125000 0.196886 0.193406 0.218248 1.20926e-05 0.00341476 -0.00353246 0.196477 0.191277 0.220999 0.197325 0.195688 0.215299
3125000 0.198742 0.192478 0.213964 -0.00366013 0.00552893 0.00243437 0.20055 0.188383 0.212261 0.197325 0.195688 0.215299
3125000 0.202713 0.181589 0.181571 -0.000547022 0.00131217 -0.00234768 0.202871 0.179972 0.184688 0.202571 0.183036 0.178781
3125000 0.204594 0.182311 0.186666 0.02618 0.0297592 0.0362731 0.202871 0.179972 0.184688 0.206642 0.185093 0.189018
3125000 0.216404 0.181338 0.195103 -1.351 0.155146 -0.314472 0.222403 0.179632 0.196593 0.212576 0.182427 0.194153
3125000 0.18066 0.190017 0.200906 0.0 0.0 0.0 0.180624 0.187302 0.205042 0.180684 0.191982 0.198035
3125000 0.1829 0.182717 0.192611 0.0 0.0 0.0 0.186147 0.179848 0.193587 0.179253 0.186039 0.191516
3125000 0.187683 0.199626 0.184847 0.0 0.0 0.0 0.191138 0.199465 0.182621 0.18372 0.199911 0.187399
3125000 0.183909 0.185645 0.188981 0.0 0.0 0.0 0.189209 0.185297 0.186096 0.179253 0.186039 0.191516
3125000 0.182319 0.194782 0.197418 0.0 0.0 0.0 0.180684 0.191982 0.198035 0.184801 0.19915 0.196483
3125000 0.182985 0.184609 0.208342 0.0 0.0 0.0 0.180624 0.187302 0.205042 0.18486 0.182555 0.210964
3125000 0.185144 0.188503 0.20417 0.0 0.0 0.0 0.180624 0.187302 0.205042 0.188274 0.189415 0.203567
3125000 0.183695 0.189152 0.208144 0.0 0.0 0.0 0.180624 0.187302 0.205042 0.186296 0.190805 0.210772
3125000 0.193992 0.182772 0.183201 0.0 0.0 0.0 0.189209 0.185297 0.186096 0.19691 0.181307 0.181435
3125000 0.190455 0.180113 0.183489 0.0 0.0 0.0 0.189209 0.185297 0.186096 0.191389 0.176301 0.181532
3125000 0.199815 0.180609 0.18302 0.0 0.0 0.0 0.202871 0.179972 0.184688 0.19691 0.181307 0.181435
3125000 0.192553 0.179572 0.197096 0.0 0.0 0.0 0.192795 0.182367 0.195599 0.192298 0.176733 0.198669
3125000 0.190623 0.182086 0.198233 0.0 0.0 0.0 0.192795 0.182367 0.195599 0.187464 0.181792 0.202066
3125000 0.197542 0.182653 0.186814 0.0 0.0 0.0 0.195575 0.178557 0.188125 0.199484 0.186792 0.185519
3125000 0.190513 0.184739 0.195688 0.0 0.0 0.0 0.192795 0.182367 0.195599 0.187201 0.188295 0.195818
3125000 0.193967 0.18501 0.194449 0.0 0.0 0.0 0.192795 0.182367 0.195599 0.19567 0.188968 0.192778
3125000 0.186661 0.183917 0.194674 0.0 0.0 0.0 0.187201 0.188295 0.195818 0.186147 0.179848 0.193587
3125000 0.199466 0.179264 0.186293 0.0 0.0 0.0 0.195575 0.178557 0.188125 0.202871 0.179972 0.184688
3125000 0.186047 0.18216 0.206909 0.0 0.0 0.0 0.187464 0.181792 0.202066 0.18486 0.182555 0.210964
3125000 0.18775 0.181519 0.213312 0.0 0.0 0.0 0.191823 0.180172 0.216622 0.18486 0.182555 0.210964
3125000 0.188259 0.183816 0.209844 0.0 0.0 0.0 0.192044 0.185319 0.208599 0.18486 0.182555 0.210964
3125000 0.185555 0.186501 0.210871 0.0 0.0 0.0 0.186296 0.190805 0.210772 0.18486 0.182555 0.210964
3125000 0.192785 0.181172 0.207711 0.0 0.0 0.0 0.192044 0.185319 0.208599 0.193635 0.176512 0.206694
3125000 0.195698 0.184271 0.206738 0.0 0.0 0.0 0.192044 0.185319 0.208599 0.199402 0.183303 0.204853
3125000 0.197861 0.187241 0.205145 0.0 0.0 0.0 0.199402 0.183303 0.204853 0.196631 0.190463 0.205377
3125000 0.200044 0.182314 0.200293 0.0 0.0 0.0 0.200794 0.181257 0.194955 0.199402 0.183303 0.204853
3125000 0.201212 0.179604 0.203361 0.0 0.0 0.0 0.199402 0.183303 0.204853 0.202841 0.176366 0.202019
3125000 0.203363 0.183018 0.207007 0.0 0.0 0.0 0.206431 0.182879 0.208676 0.199402 0.183303 0.204853
3125000 0.200069 0.181083 0.208506 0.0 0.0 0.0 0.200795 0.178761 0.21249 0.199402 0.183303 0.204853
3125000 0.196041 0.18289 0.218382 0.0 0.0 0.0 0.191823 0.180172 0.216622 0.19883 0.184767 0.219546
3125000 0.192405 0.185433 0.215885 0.0 0.0 0.0 0.191823 0.180172 0.216622 0.192794 0.189037 0.215391
3125000 0.195832 0.186841 0.217482 0.0 0.0 0.0 0.192794 0.189037 0.215391 0.19883 0.184767 0.219546
3125000 0.199678 0.182131 0.216504 0.0 0.0 0.0 0.200795 0.178761 0.21249 0.19883 0.184767 0.219546
3125000 0.201217 0.18767 0.219736 0.0 0.0 0.0 0.20397 0.191119 0.219956 0.19883 0.184767 0.219546
3125000 0.198321 0.186971 0.181491 0.0 0.0 0.0 0.199484 0.186792 0.185519 0.19727 0.187222 0.177854
3125000 0.190335 0.197027 0.185994 0.0 0.0 0.0 0.189404 0.194304 0.189898 0.191138 0.199465 0.182621
3125000 0.195167 0.186117 0.185761 0.0 0.0 0.0 0.199484 0.186792 0.185519 0.189209 0.185297 0.186096
3125000 0.188108 0.186895 0.191429 0.0 0.0 0.0 0.187201 0.188295 0.195818 0.189209 0.185297 0.186096
3125000 0.192749 0.187262 0.189757 0.0 0.0 0.0 0.189209 0.185297 0.186096 0.19567 0.188968 0.192778
3125000 0.18932 0.190346 0.188247 0.0 0.0 0.0 0.189209 0.185297 0.186096 0.189404 0.194304 0.189898
3125000 0.198646 0.190614 0.185846 0.0 0.0 0.0 0.197623 0.195384 0.186246 0.199484 0.186792 0.185519
3125000 0.189969 0.191342 0.197624 0.0 0.0 0.0 0.187201 0.188295 0.195818 0.192866 0.194626 0.199514
3125000 0.188341 0.191358 0.192755 0.0 0.0 0.0 0.187201 0.188295 0.195818 0.189404 0.194304 0.189898
3125000 0.191036 0.19441 0.194429 0.0 0.0 0.0 0.192866 0.194626 0.199514 0.189404 0.194304 0.189898
3125000 0.193222 0.194759 0.188201 0.0 0.0 0.0 0.197623 0.195384 0.186246 0.189404 0.194304 0.189898
3125000 0.187306 0.196467 0.1929 0.0 0.0 0.0 0.189404 0.194304 0.189898 0.184801 0.19915 0.196483
3125000 0.198746 0.197561 0.190401 0.0 0.0 0.0 0.197623 0.195384 0.186246 0.199979 0.20005 0.194964
3125000 0.190948 0.187142 0.198569 0.0 0.0 0.0 0.187201 0.188295 0.195818 0.193772 0.186354 0.200643
3125000 0.187821 0.188895 0.200294 0.0 0.0 0.0 0.187201 0.188295 0.195818 0.188274 0.189415 0.203567
3125000 0.194587 0.187429 0.197267 0.0 0.0 0.0 0.19567 0.188968 0.192778 0.193772 0.186354 0.200643
3125000 0.193392 0.189771 0.20017 0.0 0.0 0.0 0.192866 0.194626 0.199514 0.193772 0.186354 0.200643
3125000 0.190162 0.191511 0.201899 0.0 0.0 0.0 0.192866 0.194626 0.199514 0.188274 0.189415 0.203567
3125000 0.194532 0.199131 0.18822 0.0 0.0 0.0 0.197623 0.195384 0.186246 0.191672 0.202687 0.190047
3125000 0.201207 0.18465 0.181761 0.0 0.0 0.0 0.199484 0.186792 0.185519 0.202571 0.183036 0.178781
3125000 0.20128 0.183128 0.185079 0.0 0.0 0.0 0.199484 0.186792 0.185519 0.202871 0.179972 0.184688
3125000 0.201711 0.193846 0.183769 0.0 0.0 0.0 0.197623 0.195384 0.186246 0.207437 0.191804 0.1803
3125000 0.201656 0.189477 0.188572 0.0 0.0 0.0 0.203793 0.192212 0.191574 0.199484 0.186792 0.185519
3125000 0.200028 0.190662 0.192132 0.0 0.0 0.0 0.203793 0.192212 0.191574 0.19567 0.188968 0.192778
3125000 0.197417 0.192103 0.199452 0.0 0.0 0.0 0.192866 0.194626 0.199514 0.201788 0.189772 0.199393
3125000 0.202165 0.197174 0.187498 0.0 0.0 0.0 0.197623 0.195384 0.186246 0.20524 0.198464 0.188347
3125000 0.200957 0.194452 0.197356 0.0 0.0 0.0 0.199979 0.20005 0.194964 0.201788 0.189772 0.199393
3125000 0.202179 0.195482 0.193009 0.0 0.0 0.0 0.203793 0.192212 0.191574 0.199979 0.20005 0.194964
3125000 0.20458 0.197747 0.196511 0.0 0.0 0.0 0.208675 0.195785 0.197888 0.199979 0.20005 0.194964
3125000 0.197031 0.195947 0.202309 0.0 0.0 0.0 0.192866 0.194626 0.199514 0.201724 0.197535 0.205458
3125000 0.200853 0.198745 0.200213 0.0 0.0 0.0 0.199979 0.20005 0.194964 0.201724 0.197535 0.205458
3125000 0.190981 0.187861 0.202127 0.0 0.0 0.0 0.188274 0.189415 0.203567 0.193772 0.186354 0.200643
3125000 0.193 0.185845 0.204196 0.0 0.0 0.0 0.192044 0.185319 0.208599 0.193772 0.186354 0.200643
3125000 0.195201 0.188361 0.203008 0.0 0.0 0.0 0.196631 0.190463 0.205377 0.193772 0.186354 0.200643
3125000 0.187384 0.189994 0.206807 0.0 0.0 0.0 0.186296 0.190805 0.210772 0.188274 0.189415 0.203567
3125000 0.189742 0.189821 0.213221 0.0 0.0 0.0 0.186296 0.190805 0.210772 0.192794 0.189037 0.215391
3125000 0.194828 0.192988 0.206756 0.0 0.0 0.0 0.192393 0.196504 0.208616 0.196631 0.190463 0.205377
3125000 0.195003 0.192232 0.215346 0.0 0.0 0.0 0.192794 0.189037 0.215391 0.197325 0.195688 0.215299
3125000 0.186372 0.192963 0.214229 0.0 0.0 0.0 0.186296 0.190805 0.210772 0.186481 0.196207 0.219247
3125000 0.190401 0.191709 0.216853 0.0 0.0 0.0 0.192794 0.189037 0.215391 0.186481 0.196207 0.219247
3125000 0.196642 0.197179 0.21874 0.0 0.0 0.0 0.195805 0.199111 0.222958 0.197325 0.195688 0.215299
3125000 0.197208 0.187772 0.200107 0.0 0.0 0.0 0.201788 0.189772 0.199393 0.193772 0.186354 0.200643
3125000 0.196023 0.186705 0.210311 0.0 0.0 0.0 0.192044 0.185319 0.208599 0.20055 0.188383 0.212261
3125000 0.196107 0.18871 0.214054 0.0 0.0 0.0 0.20055 0.188383 0.212261 0.192794 0.189037 0.215391
3125000 0.200516 0.193448 0.217534 0.0 0.0 0.0 0.20397 0.191119 0.219956 0.197325 0.195688 0.215299
3125000 0.206272 0.179979 0.183799 0.0 0.0 0.0 0.211503 0.180109 0.182431 0.202871 0.179972 0.184688
3125000 0.20448 0.178809 0.192584 0.0 0.0 0.0 0.207588 0.17683 0.190583 0.200794 0.181257 0.194955
3125000 0.209762 0.182754 0.197746 0.0 0.0 0.0 0.212576 0.182427 0.194153 0.206958 0.183173 0.201324
3125000 0.207114 0.180932 0.189798 0.0 0.0 0.0 0.207588 0.17683 0.190583 0.206642 0.185093 0.189018
3125000 0.209641 0.183699 0.191613 0.0 0.0 0.0 0.212576 0.182427 0.194153 0.206642 0.185093 0.189018
3125000 0.201316 0.185676 0.197283 0.0 0.0 0.0 0.200794 0.181257 0.194955 0.201788 0.189772 0.199393
3125000 0.204838 0.179621 0.201682 0.0 0.0 0.0 0.206958 0.183173 0.201324 0.202841 0.176366 0.202019
3125000 0.207871 0.179463 0.204274 0.0 0.0 0.0 0.208787 0.175832 0.207237 0.206958 0.183173 0.201324
3125000 0.207484 0.179684 0.208033 0.0 0.0 0.0 0.206431 0.182879 0.208676 0.208787 0.175832 0.207237
3125000 0.206053 0.179257 0.212909 0.0 0.0 0.0 0.209454 0.179655 0.213181 0.200795 0.178761 0.21249
3125000 0.214028 0.182078 0.201169 0.0 0.0 0.0 0.213116 0.178081 0.200872 0.215278 0.187666 0.201575
3125000 0.207281 0.186528 0.204045 0.0 0.0 0.0 0.206958 0.183173 0.201324 0.207619 0.19013 0.20689
3125000 0.20403 0.185079 0.210139 0.0 0.0 0.0 0.206431 0.182879 0.208676 0.20055 0.188383 0.212261
3125000 0.210971 0.182152 0.211264 0.0 0.0 0.0 0.209454 0.179655 0.213181 0.21258 0.184896 0.209231
3125000 0.200675 0.183455 0.212377 0.0 0.0 0.0 0.20055 0.188383 0.212261 0.200795 0.178761 0.21249
3125000 0.209964 0.182237 0.21459 0.0 0.0 0.0 0.209454 0.179655 0.213181 0.210772 0.186446 0.216822
3125000 0.215716 0.179012 0.203888 0.0 0.0 0.0 0.218906 0.180259 0.207588 0.213116 0.178081 0.200872
3125000 0.207991 0.182597 0.217864 0.0 0.0 0.0 0.205974 0.179886 0.218619 0.210772 0.186446 0.216822
3125000 0.206946 0.187605 0.185695 0.0 0.0 0.0 0.207437 0.191804 0.1803 0.206642 0.185093 0.189018
3125000 0.205124 0.192016 0.187457 0.0 0.0 0.0 0.203793 0.192212 0.191574 0.207437 0.191804 0.1803
3125000 0.205956 0.196247 0.185724 0.0 0.0 0.0 0.20524 0.198464 0.188347 0.207437 0.191804 0.1803
3125000 0.2124 0.189593 0.184841 0.0 0.0 0.0 0.215956 0.188088 0.188095 0.207437 0.191804 0.1803
3125000 0.207253 0.190427 0.192963 0.0 0.0 0.0 0.209979 0.189104 0.194057 0.203793 0.192212 0.191574
3125000 0.205998 0.193779 0.194427 0.0 0.0 0.0 0.203793 0.192212 0.191574 0.208675 0.195785 0.197888
3125000 0.211084 0.196782 0.193412 0.0 0.0 0.0 0.208675 0.195785 0.197888 0.213748 0.197982 0.188462
3125000 0.208516 0.198232 0.188391 0.0 0.0 0.0 0.20524 0.198464 0.188347 0.213748 0.197982 0.188462
3125000 0.204793 0.18991 0.203257 0.0 0.0 0.0 0.201788 0.189772 0.199393 0.207619 0.19013 0.20689
3125000 0.201759 0.193297 0.202184 0.0 0.0 0.0 0.201724 0.197535 0.205458 0.201788 0.189772 0.199393
3125000 0.211905 0.188535 0.196789 0.0 0.0 0.0 0.209979 0.189104 0.194057 0.215278 0.187666 0.201575
3125000 0.211765 0.191939 0.199613 0.0 0.0 0.0 0.208675 0.195785 0.197888 0.215278 0.187666 0.201575
3125000 0.2054 0.196563 0.201456 0.0 0.0 0.0 0.208675 0.195785 0.197888 0.201724 0.197535 0.205458
3125000 0.212027 0.199612 0.196489 0.0 0.0 0.0 0.208675 0.195785 0.197888 0.214168 0.202132 0.195596
3125000 0.210948 0.186431 0.188591 0.0 0.0 0.0 0.215956 0.188088 0.188095 0.206642 0.185093 0.189018
3125000 0.212295 0.188664 0.191747 0.0 0.0 0.0 0.209979 0.189104 0.194057 0.215956 0.188088 0.188095
3125000 0.215399 0.190781 0.192109 0.0 0.0 0.0 0.215956 0.188088 0.188095 0.215045 0.192571 0.194663
3125000 0.216161 0.194392 0.196864 0.0 0.0 0.0 0.217822 0.197216 0.200138 0.215045 0.192571 0.194663
3125000 0.213315 0.196464 0.19903 0.0 0.0 0.0 0.217822 0.197216 0.200138 0.208675 0.195785 0.197888
3125000 0.214893 0.192804 0.188271 0.0 0.0 0.0 0.215956 0.188088 0.188095 0.213748 0.197982 0.188462
3125000 0.217853 0.200778 0.190985 0.0 0.0 0.0 0.213748 0.197982 0.188462 0.2218 0.203558 0.193413
3125000 0.203719 0.191965 0.212864 0.0 0.0 0.0 0.20055 0.188383 0.212261 0.206326 0.195 0.21336
3125000 0.201107 0.192674 0.209037 0.0 0.0 0.0 0.20055 0.188383 0.212261 0.201724 0.197535 0.205458
3125000 0.210455 0.187092 0.208228 0.0 0.0 0.0 0.21258 0.184896 0.209231 0.207619 0.19013 0.20689
3125000 0.209066 0.194728 0.205927 0.0 0.0 0.0 0.210123 0.198167 0.205223 0.207619 0.19013 0.20689
3125000 0.204367 0.196033 0.209995 0.0 0.0 0.0 0.206326 0.195 0.21336 0.201724 0.197535 0.205458
3125000 0.208091 0.196185 0.216677 0.0 0.0 0.0 0.210572 0.197964 0.221344 0.206326 0.195 0.21336
3125000 0.21853 0.183952 0.199301 0.0 0.0 0.0 0.222403 0.179632 0.196593 0.215278 0.187666 0.201575
3125000 0.213884 0.187977 0.209909 0.0 0.0 0.0 0.21258 0.184896 0.209231 0.216537 0.194387 0.21129
3125000 0.211151 0.191769 0.208632 0.0 0.0 0.0 0.216537 0.194387 0.21129 0.207619 0.19013 0.20689
3125000 0.213212 0.18976 0.21448 0.0 0.0 0.0 0.210772 0.186446 0.216822 0.216537 0.194387 0.21129
3125000 0.213881 0.200309 0.200631 0.0 0.0 0.0 0.217822 0.197216 0.200138 0.211287 0.202421 0.200955
3125000 0.21729 0.195996 0.204762 0.0 0.0 0.0 0.217822 0.197216 0.200138 0.216537 0.194387 0.21129
3125000 0.219721 0.200196 0.196929 0.0 0.0 0.0 0.217822 0.197216 0.200138 0.2218 0.203558 0.193413
3125000 0.217904 0.201477 0.201878 0.0 0.0 0.0 0.217822 0.197216 0.200138 0.218 0.206599 0.203927
3125000 0.183163 0.206362 0.194052 -1.82379 -0.305148 -0.225059 0.186409 0.206887 0.193929 0.179394 0.205753 0.194195
3125000 0.182796 0.203248 0.210134 -1.55238 -0.62457 1.82484 0.186905 0.205859 0.205713 0.179987 0.201465 0.213156
3125000 0.181231 0.217873 0.198006 0.952466 0.74267 -0.322217 0.178373 0.216225 0.198601 0.18406 0.219505 0.197417
3125000 0.18391 0.217659 0.200171 -0.0264632 0.156591 -0.29168 0.183736 0.215515 0.203369 0.18406 0.219505 0.197417
3125000 0.190502 0.198361 0.18997 -0.259461 -1.29546 0.168664 0.191672 0.202687 0.190047 0.189404 0.194304 0.189898
3125000 0.192789 0.199775 0.211813 -0.0131444 -2.2739 -2.92158 0.193188 0.203077 0.21504 0.192393 0.196504 0.208616
3125000 0.188362 0.207976 0.185651 -0.786425 -1.33205 -1.03415 0.189638 0.211532 0.188359 0.187425 0.205363 0.183661
3125000 0.188637 0.205109 0.192285 0.611513 -0.508424 -0.644016 0.186409 0.206887 0.193929 0.191672 0.202687 0.190047
3125000 0.19434 0.205915 0.191643 1.8825 1.62002 0.989568 0.191672 0.202687 0.190047 0.196787 0.208875 0.193106
3125000 0.187793 0.209478 0.19541 0.938201 1.96014 0.704815 0.186409 0.206887 0.193929 0.189736 0.213116 0.197488
3125000 0.196909 0.209072 0.197209 -0.141194 0.267208 1.66512 0.196787 0.208875 0.193106 0.197051 0.209301 0.201972
3125000 0.193334 0.211239 0.199694 -0.713686 0.373545 -0.620631 0.197051 0.209301 0.201972 0.189736 0.213116 0.197488
3125000 0.191964 0.213959 0.185149 -2.86679 -2.28839 2.73191 0.194386 0.216486 0.181808 0.189638 0.211532 0.188359
3125000 0.197297 0.212838 0.192143 0.536863 1.81266 -0.527258 0.196787 0.208875 0.193106 0.19789 0.217438 0.191025
3125000 0.190809 0.214646 0.201711 -1.16426 -0.854929 -4.57451 0.191918 0.216228 0.206076 0.189736 0.213116 0.197488
3125000 0.195933 0.206399 0.213334 0.560642 0.512024 -0.386448 0.193188 0.203077 0.21504 0.19887 0.209956 0.211509
3125000 0.191497 0.207383 0.215312 -2.18374 3.7461 0.439388 0.193188 0.203077 0.21504 0.189405 0.212708 0.21565
3125000 0.198556 0.213593 0.200532 0.3437 0.764703 -0.398914 0.197051 0.209301 0.201972 0.199756 0.217015 0.199384
3125000 0.202925 0.21247 0.212862 1.34539 0.881817 0.744164 0.19887 0.209956 0.211509 0.206573 0.214732 0.21408
3125000 0.20125 0.207085 0.201499 1.38674 -0.516844 -0.00946478 0.197051 0.209301 0.201972 0.204801 0.205211 0.201099
3125000 0.201135 0.211316 0.203395 1.24426 0.374096 0.41134 0.197051 0.209301 0.201972 0.205138 0.213291 0.204789
3125000 0.190776 0.214628 0.210427 -1.06979 -0.66661 3.06657 0.191918 0.216228 0.206076 0.189405 0.212708 0.21565
3125000 0.200991 0.203694 0.219106 -1.11848 1.49926 1.81096 0.202733 0.201034 0.216848 0.199469 0.20602 0.221081
3125000 0.198928 0.217203 0.195676 0.0674915 -0.030032 1.08126 0.19789 0.217438 0.191025 0.199756 0.217015 0.199384
3125000 0.21025 0.200151 0.18522 0.983281 -0.862816 0.861003 0.207996 0.201548 0.183131 0.213748 0.197982 0.188462
3125000 0.208403 0.199669 0.195193 -0.0892066 -2.92375 1.49356 0.208211 0.202408 0.193293 0.208675 0.195785 0.197888
3125000 0.214014 0.200613 0.192985 -0.0305327 -0.307295 -0.375912 0.214168 0.202132 0.195596 0.213748 0.197982 0.188462
3125000 0.20452 0.198033 0.215113 1.32892 -2.12747 -0.785368 0.202733 0.201034 0.216848 0.206326 0.195 0.21336
3125000 0.20489 0.201774 0.181826 -0.350826 0.00953809 -0.215355 0.207996 0.201548 0.183131 0.200497 0.202094 0.179979
3125000 0.20315 0.210756 0.18245 0.768987 -0.192079 1.82124 0.201269 0.211216 0.178423 0.205786 0.21011 0.188095
3125000 0.211826 0.209122 0.189429 -3.80398 0.43151 -1.46817 0.215385 0.20854 0.190216 0.205786 0.21011 0.188095
3125000 0.212971 0.204841 0.196212 -0.363481 0.557416 0.145927 0.214168 0.202132 0.195596 0.211257 0.208723 0.197095
3125000 0.207368 0.205086 0.191486 -1.12944 2.30803 -2.05133 0.208211 0.202408 0.193293 0.205786 0.21011 0.188095
3125000 0.207913 0.206904 0.199169 -1.67736 -0.811072 1.42324 0.211257 0.208723 0.197095 0.204801 0.205211 0.201099
3125000 0.212774 0.212077 0.199384 -0.734253 -1.09026 -0.964456 0.214236 0.21531 0.201592 0.211257 0.208723 0.197095
3125000 0.212124 0.212557 0.195268 0.127804 0.307726 -0.143719 0.211257 0.208723 0.197095 0.212915 0.216054 0.193601
3125000 0.218097 0.206434 0.191567 3.69398 -2.7009 1.01746 0.215385 0.20854 0.190216 0.2218 0.203558 0.193413
3125000 0.210035 0.214546 0.216887 -1.48278 -0.0881804 -0.913399 0.213216 0.214376 0.219467 0.206573 0.214732 0.21408
3125000 0.208879 0.215132 0.206907 0.994876 0.599764 0.400357 0.205138 0.213291 0.204789 0.211458 0.216402 0.208367
3125000 0.212668 0.215926 0.205416 -0.447918 0.434355 1.41532 0.214236 0.21531 0.201592 0.211458 0.216402 0.208367
3125000 0.215609 0.209454 0.207866 0.553744 -0.466207 -0.629635 0.214264 0.21106 0.210081 0.218 0.206599 0.203927
3125000 0.212139 0.217152 0.189884 0.145573 -0.11545 0.882959 0.211421 0.218166 0.186448 0.212915 0.216054 0.193601
3125000 0.21496 0.21736 0.186866 -0.0752973 0.0297027 -0.0135781 0.220651 0.216062 0.187538 0.211421 0.218166 0.186448
3125000 0.214285 0.216735 0.209882 -1.38546 -0.0119586 -0.985374 0.218016 0.217175 0.211882 0.211458 0.216402 0.208367
3125000 0.199989 0.208516 0.186338 0.976368 0.218168 0.133753 0.196446 0.207542 0.185264 0.205786 0.21011 0.188095
3125000 0.194718 0.207723 0.181853 0.0186942 -0.000208236 0.0260553 0.192899 0.207913 0.178263 0.196446 0.207542 0.185264
3125000 0.212081 0.208932 0.210098 -0.257783 -0.191704 0.0297698 0.214264 0.21106 0.210081 0.208087 0.20504 0.21013
3125000 0.193371 0.209344 0.186662 -1.76514 0.752364 0.532305 0.196446 0.207542 0.185264 0.189638 0.211532 0.188359
3125000 0.184338 0.216301 0.191552 -1.34 -1.95693 1.26616 0.186499 0.219823 0.190098 0.182314 0.213004 0.192914
3125000 0.198248 0.205118 0.182913 0.902631 -0.843044 -1.12909 0.196446 0.207542 0.185264 0.200497 0.202094 0.179979
3125000 0.20781 0.198311 0.182191 -0.141607 -0.877503 -0.384494 0.207996 0.201548 0.183131 0.207437 0.191804 0.1803
3125000 0.215417 0.209279 0.21227 0.988593 -0.954631 1.48353 0.214264 0.21106 0.210081 0.217696 0.205756 0.216599
3125000 0.184907 0.211948 0.204235 0.356163 -1.16785 0.493428 0.183736 0.215515 0.203369 0.186905 0.205859 0.205713
3125000 0.183201 0.216212 0.210182 0.414287 0.446973 0.076536 0.180999 0.213149 0.210086 0.185293 0.219121 0.210274
3125000 0.188134 0.217881 0.208474 -0.19386 0.0882467 0.173738 0.191918 0.216228 0.206076 0.185293 0.219121 0.210274
3125000 0.197656 0.200115 0.203214 0.269722 -0.246005 0.165425 0.195315 0.201599 0.201923 0.201724 0.197535 0.205458
3125000 0.185805 0.213057 0.195065 -1.68359 -0.136129 -0.723611 0.189736 0.213116 0.197488 0.182314 0.213004 0.192914
3125000 0.181269 0.204972 0.202441 0.0904788 0.000232056 0.0636022 0.178654 0.204561 0.200922 0.186905 0.205859 0.205713
3125000 0.216027 0.216057 0.191162 -0.10786 0.0219771 0.0878005 0.220651 0.216062 0.187538 0.212915 0.216054 0.193601
3125000 0.210366 0.200685 0.191412 0.14333 -0.161538 -0.174041 0.208211 0.202408 0.193293 0.213748 0.197982 0.188462
3125000 0.183152 0.210491 0.208491 -0.0832723 0.0898104 0.0365759 0.186905 0.205859 0.205713 0.180999 0.213149 0.210086
3125000 0.203208 0.207642 0.21086 2.46302 -0.843987 -0.326529 0.19887 0.209956 0.211509 0.208087 0.20504 0.21013
3125000 0.199377 0.212029 0.215986 -0.0263116 0.898415 1.49732 0.19887 0.209956 0.211509 0.199847 0.213946 0.220122
3125000 0.204829 0.201197 0.207738 -0.763424 -0.635758 -0.512912 0.208087 0.20504 0.21013 0.201724 0.197535 0.205458
3125000 0.181732 0.202897 0.195184 0.878645 -0.951247 0.563263 0.179394 0.205753 0.194195 0.184801 0.19915 0.196483
3125000 0.212704 0.205384 0.213239 2.21033 -0.1609 1.19522 0.208087 0.20504 0.21013 0.217696 0.205756 0.216599
3125000 0.191377 0.200907 0.185945 0.413994 -1.74524 -4.10182 0.191672 0.202687 0.190047 0.191138 0.199465 0.182621
3125000 0.194501 0.201086 0.219014 0.991681 -0.938099 3.0411 0.193188 0.203077 0.21504 0.195805 0.199111 0.222958
3125000 0.189687 0.212326 0.192939 0.364715 0.549571 2.268 0.189638 0.211532 0.188359 0.189736 0.213116 0.197488
3125000 0.204143 0.210856 0.194094 -0.180937 0.255358 0.953214 0.205786 0.21011 0.188095 0.203281 0.211247 0.197242
3125000 0.20618 0.205139 0.20489 -0.153595 0.0309274 -0.289137 0.208087 0.20504 0.21013 0.204801 0.205211 0.201099
3125000 0.197943 0.209622 0.206648 -0.654368 0.18741 -2.45003 0.19887 0.209956 0.211509 0.197051 0.209301 0.201972
3125000 0.204371 0.215318 0.184916 -0.610142 3.39573 -1.43546 0.205786 0.21011 0.188095 0.203585 0.21821 0.18315
3125000 0.192785 0.207854 0.203545 0.848934 0.431671 -0.427929 0.186905 0.205859 0.205713 0.197051 0.209301 0.201972
3125000 0.191959 0.203904 0.194351 0.494533 0.452673 2.60885 0.191672 0.202687 0.190047 0.192167 0.204789 0.197477
3125000 0.19379 0.203144 0.199769 0.442055 -0.29271 0.607957 0.192167 0.204789 0.197477 0.195315 0.201599 0.201923
3125000 0.190425 0.205143 0.200204 -0.695661 0.0208165 1.46974 0.192167 0.204789 0.197477 0.186905 0.205859 0.205713
3125000 0.206598 0.199984 0.185777 -0.541381 -0.487909 0.691738 0.207996 0.201548 0.183131 0.20524 0.198464 0.188347
3125000 0.213486 0.208624 0.19338 -1.38765 -0.0414123 1.66939 0.215385 0.20854 0.190216 0.211257 0.208723 0.197095
3125000 0.217142 0.210054 0.193087 -0.447928 -0.261584 -0.522686 0.21901 0.211663 0.196139 0.215385 0.20854 0.190216
3125000 0.213692 0.203918 0.20202 -1.14369 -0.489624 -0.576204 0.218 0.206599 0.203927 0.211287 0.202421 0.200955
3125000 0.218322 0.215943 0.202205 1.14985 -0.00365665 0.134586 0.214236 0.21531 0.201592 0.224746 0.21694 0.203171
3125000 0.200352 0.209364 0.191121 0.876935 0.19137 -0.680163 0.196787 0.208875 0.193106 0.205786 0.21011 0.188095
3125000 0.194148 0.206619 0.1993 0.676477 0.914439 0.83709 0.192167 0.204789 0.197477 0.197051 0.209301 0.201972
3125000 0.194894 0.203226 0.210733 0.133889 0.0532373 -0.574206 0.193188 0.203077 0.21504 0.196047 0.203327 0.207822
3125000 0.195677 0.202453 0.204836 -0.0203816 -0.112797 -0.724665 0.196047 0.203327 0.207822 0.195315 0.201599 0.201923
3125000 0.19714 0.205893 0.209249 -0.367569 -0.561633 -0.366514 0.19887 0.209956 0.211509 0.196047 0.203327 0.207822
3125000 0.208506 0.203617 0.201016 -0.473713 0.214419 0.093497 0.211287 0.202421 0.200955 0.204801 0.205211 0.201099
3125000 0.218586 0.209537 0.199409 0.0622765 -0.703876 1.04312 0.21901 0.211663 0.196139 0.218 0.206599 0.203927
3125000 0.213557 0.215692 0.197485 -0.0455439 0.164552 -0.76209 0.214236 0.21531 0.201592 0.212915 0.216054 0.193601
3125000 0.185747 0.212314 0.190779 -1.8393 0.460009 1.6023 0.189638 0.211532 0.188359 0.182314 0.213004 0.192914
3125000 0.212901 0.213656 0.209248 -0.684581 2.03285 -0.717924 0.214264 0.21106 0.210081 0.211458 0.216402 0.208367
3125000 0.187747 0.208812 0.19162 0.532422 0.920274 -1.41573 0.186409 0.206887 0.193929 0.189638 0.211532 0.188359
3125000 0.185772 0.203822 0.19494 -0.655352 -2.03999 0.415531 0.186409 0.206887 0.193929 0.184801 0.19915 0.196483
3125000 0.198153 0.201179 0.206945 0.417899 -0.304847 -0.155574 0.196047 0.203327 0.207822 0.201724 0.197535 0.205458
3125000 0.194479 0.211232 0.21343 -2.57698 0.721302 1.54762 0.19887 0.209956 0.211509 0.189405 0.212708 0.21565
3125000 0.203963 0.208537 0.198974 0.310096 -0.949563 0.846981 0.203281 0.211247 0.197242 0.204801 0.205211 0.201099
3125000 0.206112 0.217202 0.202418 -0.0610502 -0.17268 0.144972 0.207061 0.22101 0.200109 0.205138 0.213291 0.204789
3125000 0.201647 0.213921 0.198235 -0.799599 0.99426 0.554702 0.203281 0.211247 0.197242 0.199756 0.217015 0.199384
3125000 0.180273 0.208127 0.197057 -0.00024418 -0.000514211 -0.000878799 0.180978 0.210032 0.199353 0.179394 0.205753 0.194195
3125000 0.182862 0.208705 0.201375 0.00246354 -0.0010618 0.00223946 0.180978 0.210032 0.199353 0.186905 0.205859 0.205713
3125000 0.199016 0.214819 0.212474 -0.000597645 0.00513473 0.00067181 0.19887 0.209956 0.211509 0.199126 0.218463 0.213197
3125000 0.199449 0.21644 0.216298 0.000282418 0.00214353 -0.00353875 0.199847 0.213946 0.220122 0.199126 0.218463 0.213197
3125000 0.18755 0.201201 0.188674 0.0 0.0 0.0 0.191672 0.202687 0.190047 0.18372 0.199911 0.187399
3125000 0.182409 0.200948 0.205061 0.0 0.0 0.0 0.186905 0.205859 0.205713 0.178848 0.197143 0.204546
3125000 0.18155 0.211257 0.196598 0.0 0.0 0.0 0.180978 0.210032 0.199353 0.182314 0.213004 0.192914
3125000 0.1822 0.212415 0.201132 0.0 0.0 0.0 0.180978 0.210032 0.199353 0.183736 0.215515 0.203369
3125000 0.18328 0.216551 0.195402 0.0 0.0 0.0 0.18406 0.219505 0.197417 0.182314 0.213004 0.192914
3125000 0.184587 0.209564 0.193477 0.0 0.0 0.0 0.186409 0.206887 0.193929 0.182314 0.213004 0.192914
3125000 0.182353 0.214274 0.206762 0.0 0.0 0.0 0.183736 0.215515 0.203369 0.180999 0.213149 0.210086
3125000 0.180868 0.215849 0.200818 0.0 0.0 0.0 0.183736 0.215515 0.203369 0.178373 0.216225 0.198601
3125000 0.18098 0.202468 0.199243 0.0 0.0 0.0 0.178654 0.204561 0.200922 0.184801 0.19915 0.196483
3125000 0.186465 0.214378 0.200694 0.0 0.0 0.0 0.183736 0.215515 0.203369 0.189736 0.213116 0.197488
3125000 0.184337 0.212928 0.212294 0.0 0.0 0.0 0.180999 0.213149 0.210086 0.189405 0.212708 0.21565
3125000 0.187391 0.215788 0.204578 0.0 0.0 0.0 0.183736 0.215515 0.203369 0.191918 0.216228 0.206076
3125000 0.184543 0.217338 0.206946 0.0 0.0 0.0 0.183736 0.215515 0.203369 0.185293 0.219121 0.210274
3125000 0.186434 0.216787 0.197446 0.0 0.0 0.0 0.189736 0.213116 0.197488 0.18406 0.219505 0.197417
3125000 0.18843 0.200971 0.193084 0.0 0.0 0.0 0.191672 0.202687 0.190047 0.184801 0.19915 0.196483
3125000 0.189268 0.202523 0.197085 0.0 0.0 0.0 0.192167 0.204789 0.197477 0.184801 0.19915 0.196483
3125000 0.195471 0.201435 0.192295 0.0 0.0 0.0 0.191672 0.202687 0.190047 0.199979 0.20005 0.194964
3125000 0.195133 0.202943 0.196522 0.0 0.0 0.0 0.192167 0.204789 0.197477 0.199979 0.20005 0.194964
3125000 0.198179 0.204983 0.193915 0.0 0.0 0.0 0.196787 0.208875 0.193106 0.199979 0.20005 0.194964
3125000 0.185712 0.202006 0.200476 0.0 0.0 0.0 0.186905 0.205859 0.205713 0.184801 0.19915 0.196483
3125000 0.197018 0.200987 0.199383 0.0 0.0 0.0 0.195315 0.201599 0.201923 0.199979 0.20005 0.194964
3125000 0.205037 0.201452 0.193937 0.0 0.0 0.0 0.208211 0.202408 0.193293 0.199979 0.20005 0.194964
3125000 0.195474 0.198948 0.215182 0.0 0.0 0.0 0.193188 0.203077 0.21504 0.197325 0.195688 0.215299
3125000 0.194565 0.200514 0.208144 0.0 0.0 0.0 0.196047 0.203327 0.207822 0.192393 0.196504 0.208616
3125000 0.194147 0.199516 0.204599 0.0 0.0 0.0 0.195315 0.201599 0.201923 0.192393 0.196504 0.208616
3125000 0.190137 0.200303 0.207423 0.0 0.0 0.0 0.186905 0.205859 0.205713 0.192393 0.196504 0.208616
3125000 0.199977 0.198264 0.216058 0.0 0.0 0.0 0.202733 0.201034 0.216848 0.197325 0.195688 0.215299
3125000 0.190222 0.200039 0.2169 -0.0229579 -0.0189647 0.0178559 0.193188 0.203077 0.21504 0.186481 0.196207 0.219247
3125000 0.199554 0.200105 0.219651 0.0 0.0 0.0 0.202733 0.201034 0.216848 0.195805 0.199111 0.222958
3125000 0.189263 0.20416 0.186422 0.0 0.0 0.0 0.191672 0.202687 0.190047 0.187425 0.205363 0.183661
3125000 0.194247 0.20526 0.187467 0.0 0.0 0.0 0.191672 0.202687 0.190047 0.196446 0.207542 0.185264
3125000 0.190674 0.206982 0.189218 0.0 0.0 0.0 0.191672 0.202687 0.190047 0.189638 0.211532 0.188359
3125000 0.196611 0.208139 0.189045 0.0 0.0 0.0 0.196787 0.208875 0.193106 0.196446 0.207542 0.185264
3125000 0.189304 0.205786 0.195712 0.0 0.0 0.0 0.186409 0.206887 0.193929 0.192167 0.204789 0.197477
3125000 0.194209 0.206549 0.195544 0.0 0.0 0.0 0.192167 0.204789 0.197477 0.196787 0.208875 0.193106
3125000 0.191162 0.208185 0.197481 0.0 0.0 0.0 0.192167 0.204789 0.197477 0.189736 0.213116 0.197488
3125000 0.193433 0.210076 0.190878 0.0 0.0 0.0 0.196787 0.208875 0.193106 0.189638 0.211532 0.188359
3125000 0.193467 0.210826 0.195169 0.0 0.0 0.0 0.196787 0.208875 0.193106 0.189736 0.213116 0.197488
3125000 0.188569 0.210076 0.200881 0.0 0.0 0.0 0.186905 0.205859 0.205713 0.189736 0.213116 0.197488
3125000 0.195536 0.211446 0.183737 0.0 0.0 0.0 0.194386 0.216486 0.181808 0.196446 0.207542 0.185264
3125000 0.193711 0.2144 0.189675 0.0 0.0 0.0 0.19789 0.217438 0.191025 0.189638 0.211532 0.188359
3125000 0.188022 0.215754 0.189254 0.0 0.0 0.0 0.186499 0.219823 0.190098 0.189638 0.211532 0.188359
3125000 0.188075 0.216512 0.193696 0.0 0.0 0.0 0.186499 0.219823 0.190098 0.189736 0.213116 0.197488
3125000 0.190742 0.217584 0.197426 0.0 0.0 0.0 0.189736 0.213116 0.197488 0.191837 0.222551 0.197358
3125000 0.198672 0.209192 0.182107 0.0 0.0 0.0 0.201269 0.211216 0.178423 0.196446 0.207542 0.185264
3125000 0.200395 0.210147 0.195404 0.0 0.0 0.0 0.196787 0.208875 0.193106 0.203281 0.211247 0.197242
3125000 0.190591 0.204181 0.211184 0.0 0.0 0.0 0.193188 0.203077 0.21504 0.186905 0.205859 0.205713
3125000 0.193098 0.204098 0.207141 0.0 0.0 0.0 0.196047 0.203327 0.207822 0.186905 0.205859 0.205713
3125000 0.196446 0.205649 0.205503 0.0 0.0 0.0 0.196047 0.203327 0.207822 0.197051 0.209301 0.201972
3125000 0.192647 0.202905 0.203125 0.0 0.0 0.0 0.186905 0.205859 0.205713 0.195315 0.201599 0.201923
3125000 0.195993 0.204561 0.201942 0.0 0.0 0.0 0.197051 0.209301 0.201972 0.195315 0.201599 0.201923
3125000 0.196807 0.204726 0.21852 0.0 0.0 0.0 0.193188 0.203077 0.21504 0.199469 0.20602 0.221081
3125000 0.188241 0.209472 0.211022 0.0 0.0 0.0 0.186905 0.205859 0.205713 0.189405 0.212708 0.21565
3125000 0.18981 0.211821 0.205923 0.0 0.0 0.0 0.191918 0.216228 0.206076 0.186905 0.205859 0.205713
3125000 0.195328 0.213106 0.20874 0.0 0.0 0.0 0.19887 0.209956 0.211509 0.191918 0.216228 0.206076
3125000 0.194486 0.212717 0.204023 0.0 0.0 0.0 0.191918 0.216228 0.206076 0.197051 0.209301 0.201972
3125000 0.20074 0.210407 0.199172 0.0 0.0 0.0 0.197051 0.209301 0.201972 0.203281 0.211247 0.197242
3125000 0.202096 0.211626 0.20805 0.0 0.0 0.0 0.19887 0.209956 0.211509 0.205138 0.213291 0.204789
3125000 0.198372 0.201921 0.216021 0.0 0.0 0.0 0.193188 0.203077 0.21504 0.202733 0.201034 0.216848
3125000 0.195208 0.21335 0.218135 0.0 0.0 0.0 0.199847 0.213946 0.220122 0.189405 0.212708 0.21565
3125000 0.186876 0.216608 0.212342 0.0 0.0 0.0 0.189405 0.212708 0.21565 0.185293 0.219121 0.210274
3125000 0.19099 0.218013 0.214021 0.0 0.0 0.0 0.189405 0.212708 0.21565 0.192104 0.221825 0.212875
3125000 0.193051 0.21762 0.218151 0.0 0.0 0.0 0.195353 0.220797 0.219731 0.189405 0.212708 0.21565
3125000 0.203255 0.214298 0.21706 0.0 0.0 0.0 0.199847 0.213946 0.220122 0.206573 0.214732 0.21408
3125000 0.196151 0.216919 0.186449 0.0 0.0 0.0 0.194386 0.216486 0.181808 0.19789 0.217438 0.191025
3125000 0.199738 0.217443 0.182589 0.0 0.0 0.0 0.194386 0.216486 0.181808 0.203585 0.21821 0.18315
3125000 0.201304 0.214224 0.189758 0.0 0.0 0.0 0.19789 0.217438 0.191025 0.205786 0.21011 0.188095
3125000 0.202171 0.215299 0.201809 0.0 0.0 0.0 0.205138 0.213291 0.204789 0.199756 0.217015 0.199384
3125000 0.201184 0.217839 0.186471 0.0 0.0 0.0 0.19789 0.217438 0.191025 0.203585 0.21821 0.18315
3125000 0.20251 0.216721 0.213598 0.0 0.0 0.0 0.206573 0.214732 0.21408 0.199126 0.218463 0.213197
3125000 0.206712 0.200372 0.190798 0.0 0.0 0.0 0.208211 0.202408 0.193293 0.20524 0.198464 0.188347
3125000 0.207056 0.199112 0.212022 0.0 0.0 0.0 0.208087 0.20504 0.21013 0.206326 0.195 0.21336
3125000 0.205969 0.19972 0.218704 0.0 0.0 0.0 0.202733 0.201034 0.216848 0.210572 0.197964 0.221344
3125000 0.207222 0.2045 0.184869 0.0 0.0 0.0 0.207996 0.201548 0.183131 0.205786 0.21011 0.188095
3125000 0.211198 0.207547 0.184816 0.0 0.0 0.0 0.205786 0.21011 0.188095 0.215182 0.205739 0.182401
3125000 0.207189 0.208062 0.182239 0.0 0.0 0.0 0.205786 0.21011 0.188095 0.207964 0.207 0.179
3125000 0.202572 0.215102 0.181081 0.0 0.0 0.0 0.201269 0.211216 0.178423 0.203585 0.21821 0.18315
3125000 0.211337 0.202217 0.194501 0.0 0.0 0.0 0.208211 0.202408 0.193293 0.214168 0.202132 0.195596
3125000 0.209536 0.20511 0.194947 0.0 0.0 0.0 0.208211 0.202408 0.193293 0.211257 0.208723 0.197095
3125000 0.20902 0.209244 0.193414 0.0 0.0 0.0 0.205786 0.21011 0.188095 0.211257 0.208723 0.197095
3125000 0.206721 0.210112 0.197179 0.0 0.0 0.0 0.203281 0.211247 0.197242 0.211257 0.208723 0.197095
3125000 0.212728 0.20223 0.198274 0.0 0.0 0.0 0.214168 0.202132 0.195596 0.211287 0.202421 0.200955
3125000 0.211275 0.204966 0.199368 0.0 0.0 0.0 0.211257 0.208723 0.197095 0.211287 0.202421 0.200955
3125000 0.204048 0.212045 0.200358 0.0 0.0 0.0 0.205138 0.213291 0.204789 0.203281 0.211247 0.197242
3125000 0.214193 0.212122 0.19185 0.0 0.0 0.0 0.215385 0.20854 0.190216 0.212915 0.216054 0.193601
3125000 0.210157 0.213708 0.191471 0.0 0.0 0.0 0.205786 0.21011 0.188095 0.212915 0.216054 0.193601
3125000 0.209346 0.215153 0.187055 0.0 0.0 0.0 0.205786 0.21011 0.188095 0.211421 0.218166 0.186448
3125000 0.206059 0.216052 0.190325 0.0 0.0 0.0 0.205786 0.21011 0.188095 0.206231 0.219868 0.191729
3125000 0.217031 0.202621 0.194777 0.0 0.0 0.0 0.214168 0.202132 0.195596 0.2218 0.203558 0.193413
3125000 0.215327 0.21022 0.196593 0.0 0.0 0.0 0.21901 0.211663 0.196139 0.211257 0.208723 0.197095
3125000 0.214253 0.207733 0.200131 0.0 0.0 0.0 0.218 0.206599 0.203927 0.211257 0.208723 0.197095
3125000 0.210161 0.203296 0.204183 0.0 0.0 0.0 0.208087 0.20504 0.21013 0.211287 0.202421 0.200955
3125000 0.206483 0.209482 0.207225 0.0 0.0 0.0 0.208087 0.20504 0.21013 0.205138 0.213291 0.204789
3125000 0.207246 0.210378 0.212324 0.0 0.0 0.0 0.208087 0.20504 0.21013 0.206573 0.214732 0.21408
3125000 0.204957 0.208907 0.202808 0.0 0.0 0.0 0.205138 0.213291 0.204789 0.204801 0.205211 0.201099
3125000 0.205872 0.213982 0.209544 0.0 0.0 0.0 0.206573 0.214732 0.21408 0.205138 0.213291 0.204789
3125000 0.209943 0.214311 0.203101 0.0 0.0 0.0 0.214236 0.21531 0.201592 0.205138 0.213291 0.204789
3125000 0.204936 0.202636 0.214083 0.0 0.0 0.0 0.202733 0.201034 0.216848 0.208087 0.20504 0.21013
3125000 0.207723 0.20643 0.215508 0.0 0.0 0.0 0.208087 0.20504 0.21013 0.207411 0.207703 0.220105
3125000 0.206979 0.211288 0.216992 0.0 0.0 0.0 0.206573 0.214732 0.21408 0.207411 0.207703 0.220105
3125000 0.210802 0.217992 0.200882 0.0 0.0 0.0 0.214236 0.21531 0.201592 0.207061 0.22101 0.200109
3125000 0.209409 0.215655 0.210764 0.0 0.0 0.0 0.206573 0.214732 0.21408 0.211458 0.216402 0.208367
3125000 0.205027 0.218408 0.217248 0.0 0.0 0.0 0.206573 0.214732 0.21408 0.203521 0.222081 0.220336
3125000 0.216699 0.213383 0.198779 0.0 0.0 0.0 0.214236 0.21531 0.201592 0.21901 0.211663 0.196139
3125000 0.213114 0.205784 0.206984 0.0 0.0 0.0 0.208087 0.20504 0.21013 0.218 0.206599 0.203927
3125000 0.215875 0.211472 0.202608 0.0 0.0 0.0 0.214236 0.21531 0.201592 0.218 0.206599 0.203927
3125000 0.21583 0.213566 0.210832 0.0 0.0 0.0 0.214264 0.21106 0.210081 0.218016 0.217175 0.211882
3125000 0.204838 0.203989 0.218313 0.0 0.0 0.0 0.202733 0.201034 0.216848 0.207411 0.207703 0.220105
3125000 0.207408 0.218143 0.184759 0.0 0.0 0.0 0.211421 0.218166 0.186448 0.203585 0.21821 0.18315
3125000 0.209569 0.217917 0.192664 0.0 0.0 0.0 0.206231 0.219868 0.191729 0.212915 0.216054 0.193601
3125000 0.215974 0.213804 0.194875 0.0 0.0 0.0 0.21901 0.211663 0.196139 0.212915 0.216054 0.193601
