# ts x y z Fx Fy Fz x1 y1 z1 x2 y2 z2
5837500 0.183429 0.192998 0.19704 -9.97357 7.98915 4.26071 0.187198 0.190856 0.195817 0.180666 0.194568 0.197936
5837500 0.188979 0.199294 0.198047 -15.6469 9.32179 -3.21522 0.192873 0.197123 0.199579 0.184839 0.201604 0.196418
5837500 0.198238 0.186313 0.183322 -2.6654 -10.8262 -7.29275 0.199569 0.189245 0.185637 0.197117 0.183845 0.181373
5837500 0.185969 0.178902 0.191158 0.691984 3.38733 1.86234 0.185752 0.176155 0.189216 0.186246 0.182391 0.193625
5837500 0.192939 0.184046 0.187262 -0.843012 1.20449 -0.35834 0.195675 0.181225 0.18809 0.189208 0.187892 0.186133
5837500 0.198008 0.182382 0.191145 13.3505 6.5067 12.6676 0.195675 0.181225 0.18809 0.20091 0.183821 0.194943
5837500 0.188226 0.179759 0.214164 12.1603 12.8396 6.91742 0.185288 0.17728 0.212089 0.191808 0.18278 0.216693
5837500 0.197754 0.190291 0.189004 -6.99583 7.34487 19.1844 0.199569 0.189245 0.185637 0.195688 0.191483 0.192837
5837500 0.192459 0.194244 0.191305 -7.83989 4.77533 -3.8733 0.195688 0.191483 0.192837 0.189456 0.196813 0.189879
5837500 0.196692 0.194582 0.189708 -0.70029 -1.95112 2.73584 0.197769 0.197906 0.186353 0.195688 0.191483 0.192837
5837500 0.194311 0.194242 0.196135 5.33282 -11.0393 -9.52812 0.192873 0.197123 0.199579 0.195688 0.191483 0.192837
5837500 0.192664 0.198047 0.204197 -1.44999 4.86058 13.4706 0.192873 0.197123 0.199579 0.19246 0.198947 0.208692
5837500 0.198168 0.187844 0.193837 -8.34717 15.9773 -2.06871 0.20091 0.183821 0.194943 0.195688 0.191483 0.192837
5837500 0.202474 0.191097 0.183672 13.9376 9.51466 -6.39575 0.199569 0.189245 0.185637 0.207443 0.194264 0.180311
5837500 0.203089 0.188476 0.187297 2.85918 -0.511478 1.93143 0.199569 0.189245 0.185637 0.206797 0.187665 0.189045
5837500 0.199168 0.201232 0.183122 0.757667 2.57386 -1.829 0.197769 0.197906 0.186353 0.200547 0.204511 0.179935
5837500 0.189165 0.195974 0.209857 9.38537 11.7371 -4.40534 0.186273 0.193363 0.210879 0.19246 0.198947 0.208692
5837500 0.199613 0.188829 0.216441 -0.721874 -4.84289 9.26468 0.200673 0.190837 0.212226 0.198833 0.187351 0.219542
5837500 0.200777 0.179413 0.192599 -0.0454709 -2.7306 -0.936707 0.20091 0.183821 0.194943 0.200685 0.176381 0.190987
5837500 0.210221 0.182235 0.192362 3.09057 2.98878 2.984 0.207678 0.17944 0.1905 0.212691 0.184948 0.19417
5837500 0.202088 0.1811 0.19896 1.43364 -7.67611 13.1423 0.20091 0.183821 0.194943 0.202993 0.179008 0.202047
5837500 0.204298 0.184908 0.198446 10.1647 3.98434 14.6602 0.20091 0.183821 0.194943 0.207061 0.185795 0.201302
5837500 0.211175 0.188749 0.194189 0.000836947 -0.00169384 -0.00027029 0.210037 0.191605 0.194204 0.212691 0.184948 0.19417
5837500 0.214218 0.187535 0.191394 -1.52812 -4.38647 3.84751 0.216034 0.190608 0.188094 0.212691 0.184948 0.19417
5837500 0.205867 0.178746 0.204575 -11.7813 3.3922 -9.46924 0.208929 0.178467 0.20727 0.202993 0.179008 0.202047
5837500 0.206754 0.185557 0.205355 -0.880884 -0.34581 -14.5696 0.206506 0.185365 0.208642 0.207061 0.185795 0.201302
5837500 0.208073 0.183737 0.21105 6.17285 -5.23777 6.50176 0.206506 0.185365 0.208642 0.2095 0.182256 0.213243
5837500 0.204148 0.183717 0.210264 -8.96037 -7.78241 4.82207 0.206506 0.185365 0.208642 0.200829 0.181396 0.212547
5837500 0.210662 0.187693 0.201416 -11.9234 -8.88754 -0.900682 0.215423 0.190202 0.201567 0.207061 0.185795 0.201302
5837500 0.20706 0.188532 0.207887 0.097746 6.54666 -1.81957 0.206506 0.185365 0.208642 0.207775 0.192614 0.206915
5837500 0.205252 0.195288 0.198692 -6.95807 -7.84658 2.57817 0.208801 0.198339 0.197967 0.20186 0.192371 0.199386
5837500 0.208664 0.189935 0.192017 -0.000332104 -0.000419165 -0.000746624 0.210037 0.191605 0.194204 0.206797 0.187665 0.189045
5837500 0.212563 0.19335 0.194426 0.0 0.0 0.0 0.210037 0.191605 0.194204 0.215104 0.195093 0.194651
5837500 0.20955 0.194259 0.195685 0.0 0.0 0.0 0.210037 0.191605 0.194204 0.208801 0.198339 0.197967
5837500 0.218018 0.194075 0.19484 -8.49354 1.68726 -1.19225 0.221896 0.192719 0.195091 0.215104 0.195093 0.194651
5837500 0.205125 0.195897 0.206342 4.16921 -6.712 1.91117 0.201817 0.199993 0.205627 0.207775 0.192614 0.206915
5837500 0.211152 0.191549 0.204554 -19.8714 9.02377 11.0417 0.215423 0.190202 0.201567 0.207775 0.192614 0.206915
5837500 0.203557 0.204358 0.203146 1.98235 5.11408 -1.86225 0.201817 0.199993 0.205627 0.204877 0.207673 0.201263
5837500 0.217296 0.186329 0.204804 -6.17709 11.7048 -7.04343 0.218973 0.182861 0.207702 0.215423 0.190202 0.201567
5837500 0.207069 0.191472 0.218578 9.59795 -8.93613 -4.42715 0.203896 0.193573 0.220004 0.210786 0.18901 0.216907
5837500 0.207072 0.195097 0.210301 2.16278 -7.20543 -7.17018 0.206421 0.197395 0.213436 0.207775 0.192614 0.206915
5837500 0.205178 0.195513 0.216669 0.186267 0.568217 -0.803924 0.203896 0.193573 0.220004 0.206421 0.197395 0.213436
5837500 0.203803 0.182038 0.216061 10.9771 -0.0835732 14.9427 0.200829 0.181396 0.212547 0.206011 0.182515 0.21867
5837500 0.194618 0.190693 0.206848 6.375 9.79091 -5.15228 0.192036 0.187912 0.208663 0.196705 0.19294 0.205381
5837500 0.189092 0.190697 0.209795 -4.42063 5.78904 2.33002 0.192036 0.187912 0.208663 0.186273 0.193363 0.210879
5837500 0.208864 0.185519 0.186115 -0.816973 1.25463 1.26596 0.211537 0.182743 0.182324 0.206797 0.187665 0.189045
5837500 0.191935 0.185648 0.212207 -1.7745 -9.1288 11.0022 0.192036 0.187912 0.208663 0.191808 0.18278 0.216693
5837500 0.199182 0.179422 0.196558 -0.137412 -0.408404 0.0774865 0.20091 0.183821 0.194943 0.198063 0.176574 0.197603
5837500 0.195666 0.179861 0.21892 -9.85561 8.71661 -3.92073 0.199201 0.177185 0.220961 0.191808 0.18278 0.216693
5837500 0.211191 0.179694 0.204094 -12.4236 -11.0039 18.2544 0.213364 0.180873 0.201043 0.208929 0.178467 0.20727
5837500 0.181841 0.198643 0.193701 3.00933 4.36815 3.59125 0.180024 0.196848 0.192053 0.184839 0.201604 0.196418
5837500 0.219091 0.191629 0.197897 -24.4393 -12.6055 19.3984 0.221896 0.192719 0.195091 0.215423 0.190202 0.201567
5837500 0.20537 0.191362 0.190374 0.224095 -0.950521 -0.233773 0.204036 0.194814 0.191615 0.206797 0.187665 0.189045
5837500 0.216806 0.195343 0.200758 -0.529008 -2.8767 0.867897 0.217988 0.199735 0.200067 0.215423 0.190202 0.201567
5837500 0.215706 0.20266 0.197347 -2.37475 4.24823 -2.90388 0.217988 0.199735 0.200067 0.214205 0.204583 0.195559
5837500 0.215147 0.185631 0.208675 -0.00564719 0.00568359 0.00159582 0.218973 0.182861 0.207702 0.212616 0.187465 0.20932
5837500 0.210269 0.183289 0.20117 -6.26804 4.46631 1.43932 0.213364 0.180873 0.201043 0.207061 0.185795 0.201302
5837500 0.217248 0.178556 0.206384 -1.67196 -4.10669 -0.526515 0.218973 0.182861 0.207702 0.215974 0.175376 0.205411
5837500 0.211039 0.19776 0.184882 1.94831 2.68508 2.52578 0.207443 0.194264 0.180311 0.213816 0.200459 0.18841
5837500 0.203029 0.193683 0.195212 -0.167448 -0.466445 1.0652 0.204036 0.194814 0.191615 0.20186 0.192371 0.199386
5837500 0.20124 0.196194 0.189267 0.327293 -0.11925 0.345287 0.197769 0.197906 0.186353 0.204036 0.194814 0.191615
5837500 0.204736 0.198246 0.189894 0.0404383 0.880619 -0.526007 0.204036 0.194814 0.191615 0.205323 0.201132 0.188448
5837500 0.213034 0.18287 0.197676 0.439591 2.94957 -5.2457 0.213364 0.180873 0.201043 0.212691 0.184948 0.19417
5837500 0.194452 0.201325 0.201025 0.379447 1.30515 0.235158 0.192873 0.197123 0.199579 0.195476 0.204049 0.201962
5837500 0.196743 0.182681 0.20573 -0.0214192 -0.0340244 0.00747512 0.199483 0.185812 0.204787 0.193639 0.179134 0.206799
5837500 0.203359 0.185803 0.203004 0.0652088 -0.00771801 -0.0213493 0.199483 0.185812 0.204787 0.207061 0.185795 0.201302
5837500 0.200044 0.18818 0.208292 -0.00293957 -0.00824326 -0.0177497 0.200673 0.190837 0.212226 0.199483 0.185812 0.204787
5837500 0.204581 0.181445 0.192533 -6.02277 2.78522 4.61387 0.207678 0.17944 0.1905 0.20091 0.183821 0.194943
5837500 0.216861 0.181397 0.199333 -25.3201 -1.13781 8.51743 0.222566 0.182252 0.196543 0.213364 0.180873 0.201043
5837500 0.212268 0.182137 0.214411 11.3295 -2.35736 5.6922 0.2095 0.182256 0.213243 0.215972 0.181979 0.215975
5837500 0.196796 0.199432 0.207272 -10.9399 -1.52805 5.62997 0.201817 0.199993 0.205627 0.19246 0.198947 0.208692
5837500 0.196257 0.199652 0.197484 1.74859 1.85769 -1.38634 0.192873 0.197123 0.199579 0.200074 0.202505 0.19512
5837500 0.202417 0.192317 0.216433 3.61167 2.36897 5.7752 0.200673 0.190837 0.212226 0.203896 0.193573 0.220004
5837500 0.194109 0.200231 0.184193 -0.939406 0.684613 -0.378728 0.197769 0.197906 0.186353 0.191366 0.201974 0.182573
5837500 0.215221 0.193309 0.197174 0.0482963 1.85651 -3.70388 0.215423 0.190202 0.201567 0.215104 0.195093 0.194651
5837500 0.186696 0.199765 0.188602 0.0 0.0 0.0 0.189456 0.196813 0.189879 0.183959 0.202587 0.187338
5837500 0.1987 0.195692 0.205477 -2.0868 -3.04315 0.475993 0.201817 0.199993 0.205627 0.196705 0.19294 0.205381
5837500 0.194555 0.181703 0.181441 2.80129 1.83475 0.29406 0.191402 0.179066 0.181523 0.197117 0.183845 0.181373
5837500 0.201538 0.17947 0.183907 0.188386 0.620379 0.226057 0.199514 0.175019 0.182712 0.202951 0.182578 0.184741
5837500 0.196948 0.195926 0.21822 0.00127085 0.00253278 -0.0030464 0.1964 0.193826 0.220969 0.197534 0.198176 0.215272
5837500 0.198914 0.194951 0.213934 -0.000855948 0.00328745 0.00102338 0.200673 0.190837 0.212226 0.197534 0.198176 0.215272
5837500 0.204708 0.184902 0.186708 0.397322 0.605889 0.346384 0.202951 0.182578 0.184741 0.206797 0.187665 0.189045
5837500 0.207931 0.178502 0.194599 -0.1032 -0.487311 1.46818 0.207678 0.17944 0.1905 0.208115 0.17782 0.197578
5837500 0.210414 0.179157 0.199096 1.12479 0.964861 0.832613 0.208115 0.17782 0.197578 0.213364 0.180873 0.201043
5837500 0.183671 0.191768 0.208249 4.11323 1.45594 3.76605 0.180599 0.189885 0.205144 0.186273 0.193363 0.210879
5837500 0.188366 0.193939 0.192745 0.219287 0.926664 -0.69022 0.187198 0.190856 0.195817 0.189456 0.196813 0.189879
5837500 0.21326 0.192328 0.21455 2.75141 5.31385 -2.89879 0.210786 0.18901 0.216907 0.216632 0.196852 0.211337
5837500 0.182323 0.197421 0.197333 0.0 0.0 0.0 0.180666 0.194568 0.197936 0.184839 0.201604 0.196418
5837500 0.18594 0.195725 0.187854 8.25818 4.18942 5.88474 0.182647 0.194706 0.185957 0.189456 0.196813 0.189879
5837500 0.195099 0.194692 0.20295 4.91605 -4.03263 8.45015 0.192873 0.197123 0.199579 0.196705 0.19294 0.205381
5837500 0.214966 0.19535 0.188246 -0.0491234 0.742239 0.0479782 0.216034 0.190608 0.188094 0.213816 0.200459 0.18841
5837500 0.204433 0.191778 0.209415 7.78474 3.67973 -6.29129 0.200673 0.190837 0.212226 0.207775 0.192614 0.206915
5837500 0.189349 0.193004 0.188251 0.0 0.0 0.0 0.189208 0.187892 0.186133 0.189456 0.196813 0.189879
5837500 0.215971 0.193217 0.205996 -0.202421 -1.33265 -1.4102 0.216632 0.196852 0.211337 0.215423 0.190202 0.201567
5837500 0.196036 0.185532 0.218408 0.238812 0.213583 0.134158 0.191808 0.18278 0.216693 0.198833 0.187351 0.219542
5837500 0.211882 0.188085 0.212364 -0.000765732 0.000117084 0.00307575 0.212616 0.187465 0.20932 0.210786 0.18901 0.216907
5837500 0.182751 0.181844 0.196036 -4.30477 0.0692421 3.46519 0.186246 0.182391 0.193625 0.177767 0.181065 0.199474
5837500 0.187546 0.184805 0.190337 1.44437 5.41964 -6.18045 0.186246 0.182391 0.193625 0.189208 0.187892 0.186133
5837500 0.198353 0.192067 0.208224 -4.90484 4.71302 -9.71352 0.200673 0.190837 0.212226 0.196705 0.19294 0.205381
5837500 0.212614 0.196375 0.195961 5.86709 -4.34733 -2.93607 0.208801 0.198339 0.197967 0.215104 0.195093 0.194651
5837500 0.183323 0.189823 0.193764 -3.04298 -1.11873 -2.27168 0.187198 0.190856 0.195817 0.179187 0.188719 0.191572
5837500 0.206334 0.182643 0.183789 -0.743918 -0.0869994 0.320255 0.211537 0.182743 0.182324 0.202951 0.182578 0.184741
5837500 0.209613 0.186433 0.208987 0.0030002 0.00102356 -0.000171885 0.206506 0.185365 0.208642 0.212616 0.187465 0.20932
5837500 0.18985 0.186213 0.205497 -8.1809 -4.09569 -8.86096 0.192036 0.187912 0.208663 0.187504 0.184389 0.202098
5837500 0.183364 0.182975 0.200982 12.8087 6.30617 2.20413 0.177767 0.181065 0.199474 0.187504 0.184389 0.202098
5837500 0.190276 0.181465 0.200058 -1.72276 2.1641 1.92924 0.192278 0.179354 0.198585 0.187504 0.184389 0.202098
5837500 0.191437 0.191169 0.194329 16.0041 3.41564 -4.1256 0.187198 0.190856 0.195817 0.195688 0.191483 0.192837
5837500 0.187351 0.187626 0.198954 0.959999 -3.48016 3.55498 0.187198 0.190856 0.195817 0.187504 0.184389 0.202098
5837500 0.192758 0.189859 0.189806 4.99008 4.37615 6.32235 0.189208 0.187892 0.186133 0.195688 0.191483 0.192837
5837500 0.19877 0.191926 0.196107 10.0174 0.803555 7.77101 0.195688 0.191483 0.192837 0.20186 0.192371 0.199386
5837500 0.209258 0.18065 0.210712 -1.2375 -4.87995 -5.76629 0.2095 0.182256 0.213243 0.208929 0.178467 0.20727
5837500 0.21387 0.187216 0.197364 0.71769 3.13876 4.04979 0.212691 0.184948 0.19417 0.215423 0.190202 0.201567
5837500 0.196462 0.182655 0.184423 5.44375 5.30483 -13.6421 0.195675 0.181225 0.18809 0.197117 0.183845 0.181373
5837500 0.190468 0.18185 0.204369 -6.20211 6.48441 -3.74731 0.193639 0.179134 0.206799 0.187504 0.184389 0.202098
5837500 0.186858 0.183363 0.197748 0.968183 2.47947 6.00007 0.186246 0.182391 0.193625 0.187504 0.184389 0.202098
5837500 0.185036 0.181611 0.211561 0.000281885 0.00306372 -0.000553546 0.185288 0.17728 0.212089 0.184818 0.185357 0.211104
5837500 0.190107 0.183861 0.194748 -0.0218498 -0.0117901 -0.00945297 0.192908 0.184928 0.195563 0.186246 0.182391 0.193625
5837500 0.193352 0.186826 0.197981 0.000375145 0.00304155 0.00286222 0.192908 0.184928 0.195563 0.193836 0.188901 0.200626
5837500 0.195976 0.184503 0.195325 0.00131457 -0.00031731 -0.000275462 0.192908 0.184928 0.195563 0.20091 0.183821 0.194943
5837500 0.191118 0.186964 0.201258 0.00249723 0.00244231 -0.00050957 0.187504 0.184389 0.202098 0.193836 0.188901 0.200626
5837500 0.196339 0.187532 0.202471 -0.00349485 0.00256773 -0.00217515 0.199483 0.185812 0.204787 0.193836 0.188901 0.200626
5837500 0.192322 0.190013 0.212299 -0.00138757 0.0184874 0.0250525 0.192036 0.187912 0.208663 0.192565 0.191795 0.215384
5837500 0.210383 0.202379 0.199863 1.59394 4.52914 1.26078 0.208801 0.198339 0.197967 0.211394 0.204962 0.201075
5837500 0.198916 0.192696 0.20281 -6.76935 2.36525 7.55211 0.20186 0.192371 0.199386 0.196705 0.19294 0.205381
5837500 0.216264 0.196959 0.196828 -0.107966 -0.279126 -0.252995 0.217988 0.199735 0.200067 0.215104 0.195093 0.194651
5837500 0.197303 0.180287 0.209728 -10.355 -5.58759 -10.1154 0.200829 0.181396 0.212547 0.193639 0.179134 0.206799
5837500 0.204598 0.188909 0.200395 3.56849 -6.4039 1.89161 0.20186 0.192371 0.199386 0.207061 0.185795 0.201302
5837500 0.181906 0.200665 0.200375 4.62071 2.89517 -7.92955 0.178861 0.199691 0.204483 0.184839 0.201604 0.196418
5837500 0.194501 0.19282 0.218203 -0.0150223 -0.00429831 -0.0169429 0.1964 0.193826 0.220969 0.192565 0.191795 0.215384
5837500 0.207876 0.182376 0.21577 -6.67143 -1.36093 9.68209 0.2095 0.182256 0.213243 0.206011 0.182515 0.21867
5837500 0.19996 0.183228 0.183015 -0.925456 0.261574 -0.752334 0.202951 0.182578 0.184741 0.197117 0.183845 0.181373
5837500 0.209775 0.186292 0.191635 -3.1916 2.0484 -2.36341 0.212691 0.184948 0.19417 0.206797 0.187665 0.189045
5837500 0.198868 0.200098 0.190532 0.078653 0.301928 0.419385 0.197769 0.197906 0.186353 0.200074 0.202505 0.19512
5837500 0.187924 0.188794 0.203001 0.000730823 0.00454349 0.00166526 0.187504 0.184389 0.202098 0.188229 0.192008 0.203659
5837500 0.193564 0.180158 0.184845 -3.82812 -2.72978 -8.75006 0.195675 0.181225 0.18809 0.191402 0.179066 0.181523
5837500 0.195251 0.198523 0.212312 0.00322444 -0.000570499 0.00305377 0.19246 0.198947 0.208692 0.197534 0.198176 0.215272
5837500 0.207043 0.19018 0.185717 -0.082077 -0.366815 0.375305 0.207443 0.194264 0.180311 0.206797 0.187665 0.189045
5837500 0.182562 0.181249 0.191337 0.0 0.0 0.0 0.186246 0.182391 0.193625 0.178593 0.17969 0.188875
5837500 0.180637 0.192802 0.200888 0.0 0.0 0.0 0.180599 0.189885 0.205144 0.180666 0.194568 0.197936
5837500 0.182919 0.185527 0.192657 0.0 0.0 0.0 0.186246 0.182391 0.193625 0.179187 0.188719 0.191572
5837500 0.183874 0.188486 0.189028 0.0 0.0 0.0 0.189208 0.187892 0.186133 0.179187 0.188719 0.191572
5837500 0.184138 0.18722 0.20358 0.0 0.0 0.0 0.180599 0.189885 0.205144 0.187504 0.184389 0.202098
5837500 0.182947 0.187522 0.208464 0.0 0.0 0.0 0.180599 0.189885 0.205144 0.184818 0.185357 0.211104
5837500 0.185103 0.191294 0.204264 0.0 0.0 0.0 0.180599 0.189885 0.205144 0.188229 0.192008 0.203659
5837500 0.198074 0.180481 0.181903 0.0 0.0 0.0 0.199514 0.175019 0.182712 0.197117 0.183845 0.181373
5837500 0.197382 0.178627 0.185698 0.0 0.0 0.0 0.195675 0.181225 0.18809 0.199514 0.175019 0.182712
5837500 0.194122 0.185534 0.183173 0.0 0.0 0.0 0.189208 0.187892 0.186133 0.197117 0.183845 0.181373
5837500 0.190462 0.183007 0.183498 0.0 0.0 0.0 0.189208 0.187892 0.186133 0.191402 0.179066 0.181523
5837500 0.186175 0.178608 0.195339 0.0 0.0 0.0 0.186246 0.182391 0.193625 0.186094 0.173621 0.197448
5837500 0.189669 0.180823 0.196441 0.0 0.0 0.0 0.186246 0.182391 0.193625 0.192278 0.179354 0.198585
5837500 0.192826 0.179423 0.201899 0.0 0.0 0.0 0.192278 0.179354 0.198585 0.193639 0.179134 0.206799
5837500 0.197638 0.185414 0.186853 0.0 0.0 0.0 0.195675 0.181225 0.18809 0.199569 0.189245 0.185637
5837500 0.186708 0.186671 0.194691 0.0 0.0 0.0 0.187198 0.190856 0.195817 0.186246 0.182391 0.193625
5837500 0.192603 0.18236 0.197033 0.0 0.0 0.0 0.192908 0.184928 0.195563 0.192278 0.179354 0.198585
5837500 0.19956 0.182103 0.186298 0.0 0.0 0.0 0.195675 0.181225 0.18809 0.202951 0.182578 0.184741
5837500 0.198379 0.178771 0.189646 0.0 0.0 0.0 0.195675 0.181225 0.18809 0.200685 0.176381 0.190987
5837500 0.192765 0.181029 0.211508 0.0 0.0 0.0 0.191808 0.18278 0.216693 0.193639 0.179134 0.206799
5837500 0.190707 0.184858 0.198218 0.0 0.0 0.0 0.192908 0.184928 0.195563 0.187504 0.184389 0.202098
5837500 0.186039 0.185076 0.206999 0.0 0.0 0.0 0.187504 0.184389 0.202098 0.184818 0.185357 0.211104
5837500 0.192778 0.183984 0.207797 0.0 0.0 0.0 0.192036 0.187912 0.208663 0.193639 0.179134 0.206799
5837500 0.187716 0.18445 0.213423 0.0 0.0 0.0 0.191808 0.18278 0.216693 0.184818 0.185357 0.211104
5837500 0.192264 0.188329 0.215912 0.0 0.0 0.0 0.191808 0.18278 0.216693 0.192565 0.191795 0.215384
5837500 0.196624 0.1822 0.214481 0.0 0.0 0.0 0.200829 0.181396 0.212547 0.191808 0.18278 0.216693
5837500 0.200034 0.179501 0.216654 0.0 0.0 0.0 0.199201 0.177185 0.220961 0.200829 0.181396 0.212547
5837500 0.20319 0.180468 0.219621 0.0 0.0 0.0 0.199201 0.177185 0.220961 0.206011 0.182515 0.21867
5837500 0.198292 0.189715 0.181577 0.0 0.0 0.0 0.199569 0.189245 0.185637 0.197133 0.189844 0.177917
5837500 0.197855 0.197296 0.181497 0.0 0.0 0.0 0.197908 0.196629 0.178241 0.197769 0.197906 0.186353
5837500 0.19058 0.187497 0.195659 0.0 0.0 0.0 0.192908 0.184928 0.195563 0.187198 0.190856 0.195817
5837500 0.194041 0.187598 0.194452 0.00104427 0.00201161 -0.00126135 0.192908 0.184928 0.195563 0.195688 0.191483 0.192837
5837500 0.195218 0.18883 0.185843 0.0 0.0 0.0 0.199569 0.189245 0.185637 0.189208 0.187892 0.186133
5837500 0.188107 0.189672 0.191443 0.0 0.0 0.0 0.187198 0.190856 0.195817 0.189208 0.187892 0.186133
5837500 0.198761 0.193297 0.185958 0.0 0.0 0.0 0.197769 0.197906 0.186353 0.199569 0.189245 0.185637
5837500 0.189972 0.19407 0.197654 0.0 0.0 0.0 0.187198 0.190856 0.195817 0.192873 0.197123 0.199579
5837500 0.191068 0.19711 0.194448 0.0 0.0 0.0 0.192873 0.197123 0.199579 0.189456 0.196813 0.189879
5837500 0.19332 0.197473 0.188239 0.0 0.0 0.0 0.197769 0.197906 0.186353 0.189456 0.196813 0.189879
5837500 0.190986 0.189888 0.198554 0.0 0.0 0.0 0.187198 0.190856 0.195817 0.193836 0.188901 0.200626
5837500 0.187792 0.191676 0.200344 0.0 0.0 0.0 0.187198 0.190856 0.195817 0.188229 0.192008 0.203659
5837500 0.194634 0.190154 0.197278 0.0 0.0 0.0 0.195688 0.191483 0.192837 0.193836 0.188901 0.200626
5837500 0.193437 0.192487 0.200184 0.0 0.0 0.0 0.192873 0.197123 0.199579 0.193836 0.188901 0.200626
5837500 0.190137 0.194264 0.201979 0.0 0.0 0.0 0.192873 0.197123 0.199579 0.188229 0.192008 0.203659
5837500 0.190484 0.199735 0.185955 0.0 0.0 0.0 0.189456 0.196813 0.189879 0.191366 0.201974 0.182573
5837500 0.186083 0.196094 0.1961 0.0 0.0 0.0 0.187198 0.190856 0.195817 0.184839 0.201604 0.196418
5837500 0.187353 0.199148 0.192858 0.0 0.0 0.0 0.189456 0.196813 0.189879 0.184839 0.201604 0.196418
5837500 0.194651 0.201838 0.18825 0.0 0.0 0.0 0.197769 0.197906 0.186353 0.191761 0.205183 0.190011
5837500 0.201366 0.185865 0.185157 0.0 0.0 0.0 0.199569 0.189245 0.185637 0.202951 0.182578 0.184741
5837500 0.201295 0.187435 0.181695 0.0 0.0 0.0 0.199569 0.189245 0.185637 0.202666 0.185717 0.178585
5837500 0.2018 0.19654 0.183834 0.0 0.0 0.0 0.197769 0.197906 0.186353 0.207443 0.194264 0.180311
5837500 0.201823 0.192204 0.188648 0.0 0.0 0.0 0.204036 0.194814 0.191615 0.199569 0.189245 0.185637
5837500 0.200168 0.193421 0.192179 0.0 0.0 0.0 0.204036 0.194814 0.191615 0.195688 0.191483 0.192837
5837500 0.197459 0.194849 0.199479 0.0 0.0 0.0 0.192873 0.197123 0.199579 0.20186 0.192371 0.199386
5837500 0.197081 0.19862 0.202424 0.0 0.0 0.0 0.192873 0.197123 0.199579 0.201817 0.199993 0.205627
5837500 0.202275 0.199981 0.187601 0.0 0.0 0.0 0.197769 0.197906 0.186353 0.205323 0.201132 0.188448
5837500 0.188229 0.186726 0.209948 0.0 0.0 0.0 0.192036 0.187912 0.208663 0.184818 0.185357 0.211104
5837500 0.185519 0.189392 0.210994 0.0 0.0 0.0 0.186273 0.193363 0.210879 0.184818 0.185357 0.211104
5837500 0.195734 0.187023 0.206738 0.0 0.0 0.0 0.192036 0.187912 0.208663 0.199483 0.185812 0.204787
5837500 0.197941 0.189928 0.205118 0.0 0.0 0.0 0.199483 0.185812 0.204787 0.196705 0.19294 0.205381
5837500 0.190991 0.190626 0.202161 0.0 0.0 0.0 0.188229 0.192008 0.203659 0.193836 0.188901 0.200626
5837500 0.193033 0.188607 0.204212 0.0 0.0 0.0 0.192036 0.187912 0.208663 0.193836 0.188901 0.200626
5837500 0.195274 0.191064 0.202999 0.0 0.0 0.0 0.196705 0.19294 0.205381 0.193836 0.188901 0.200626
5837500 0.189901 0.19021 0.205857 -0.000383347 0.000410689 -0.0003612 0.192036 0.187912 0.208663 0.188229 0.192008 0.203659
5837500 0.187345 0.192773 0.206905 0.0 0.0 0.0 0.186273 0.193363 0.210879 0.188229 0.192008 0.203659
5837500 0.18961 0.192682 0.213269 0.0 0.0 0.0 0.186273 0.193363 0.210879 0.192565 0.191795 0.215384
5837500 0.194901 0.195645 0.20679 0.0 0.0 0.0 0.19246 0.198947 0.208692 0.196705 0.19294 0.205381
5837500 0.194989 0.195053 0.215333 0.0 0.0 0.0 0.192565 0.191795 0.215384 0.197534 0.198176 0.215272
5837500 0.186312 0.195778 0.214361 0.0 0.0 0.0 0.186273 0.193363 0.210879 0.186384 0.198899 0.219408
5837500 0.190222 0.194639 0.216914 0.0 0.0 0.0 0.192565 0.191795 0.215384 0.186384 0.198899 0.219408
5837500 0.200146 0.185048 0.200252 0.0 0.0 0.0 0.20091 0.183821 0.194943 0.199483 0.185812 0.204787
5837500 0.201337 0.182385 0.203344 0.0 0.0 0.0 0.199483 0.185812 0.204787 0.202993 0.179008 0.202047
5837500 0.20013 0.183854 0.208501 0.0 0.0 0.0 0.200829 0.181396 0.212547 0.199483 0.185812 0.204787
5837500 0.200639 0.189146 0.202166 0.0 0.0 0.0 0.199483 0.185812 0.204787 0.20186 0.192371 0.199386
5837500 0.197279 0.190534 0.20009 0.0 0.0 0.0 0.20186 0.192371 0.199386 0.193836 0.188901 0.200626
5837500 0.203444 0.185712 0.206959 0.0 0.0 0.0 0.206506 0.185365 0.208642 0.199483 0.185812 0.204787
5837500 0.196076 0.189436 0.210329 0.0 0.0 0.0 0.192036 0.187912 0.208663 0.200673 0.190837 0.212226
5837500 0.196034 0.191535 0.214037 0.0 0.0 0.0 0.200673 0.190837 0.212226 0.192565 0.191795 0.215384
5837500 0.201871 0.197943 0.214379 0.0 0.0 0.0 0.206421 0.197395 0.213436 0.197534 0.198176 0.215272
5837500 0.200587 0.196118 0.217547 0.0 0.0 0.0 0.203896 0.193573 0.220004 0.197534 0.198176 0.215272
5837500 0.199695 0.184941 0.216527 0.0 0.0 0.0 0.200829 0.181396 0.212547 0.198833 0.187351 0.219542
5837500 0.201185 0.190395 0.219757 0.0 0.0 0.0 0.203896 0.193573 0.220004 0.198833 0.187351 0.219542
5837500 0.202363 0.198217 0.193097 0.0 0.0 0.0 0.204036 0.194814 0.191615 0.200074 0.202505 0.19512
5837500 0.204694 0.200449 0.196627 0.0 0.0 0.0 0.208801 0.198339 0.197967 0.200074 0.202505 0.19512
5837500 0.209373 0.181041 0.186917 0.0 0.0 0.0 0.207678 0.17944 0.1905 0.211537 0.182743 0.182324
5837500 0.205105 0.181306 0.187356 0.0 0.0 0.0 0.207678 0.17944 0.1905 0.202951 0.182578 0.184741
5837500 0.2028 0.184393 0.181481 0.0 0.0 0.0 0.202951 0.182578 0.184741 0.202666 0.185717 0.178585
5837500 0.20724 0.183723 0.189768 0.0 0.0 0.0 0.207678 0.17944 0.1905 0.206797 0.187665 0.189045
5837500 0.201411 0.188458 0.197271 0.0 0.0 0.0 0.20091 0.183821 0.194943 0.20186 0.192371 0.199386
5837500 0.204119 0.186068 0.191729 0.0 0.0 0.0 0.20091 0.183821 0.194943 0.206797 0.187665 0.189045
5837500 0.205142 0.179996 0.20974 0.0 0.0 0.0 0.200829 0.181396 0.212547 0.208929 0.178467 0.20727
5837500 0.206096 0.182075 0.212971 0.0 0.0 0.0 0.2095 0.182256 0.213243 0.200829 0.181396 0.212547
5837500 0.209469 0.179582 0.214289 0.0 0.0 0.0 0.2095 0.182256 0.213243 0.209397 0.173139 0.216603
5837500 0.204973 0.182457 0.201684 0.0 0.0 0.0 0.207061 0.185795 0.201302 0.202993 0.179008 0.202047
5837500 0.214239 0.184964 0.201263 0.0 0.0 0.0 0.213364 0.180873 0.201043 0.215423 0.190202 0.201567
5837500 0.207999 0.182296 0.204279 0.0 0.0 0.0 0.208929 0.178467 0.20727 0.207061 0.185795 0.201302
5837500 0.207592 0.182438 0.208028 0.0 0.0 0.0 0.206506 0.185365 0.208642 0.208929 0.178467 0.20727
5837500 0.211013 0.184938 0.211341 0.0 0.0 0.0 0.2095 0.182256 0.213243 0.212616 0.187465 0.20932
5837500 0.200756 0.186203 0.21239 0.0 0.0 0.0 0.200673 0.190837 0.212226 0.200829 0.181396 0.212547
5837500 0.21 0.185027 0.214663 0.0 0.0 0.0 0.2095 0.182256 0.213243 0.210786 0.18901 0.216907
5837500 0.215888 0.181923 0.204034 0.0 0.0 0.0 0.218973 0.182861 0.207702 0.213364 0.180873 0.201043
5837500 0.207166 0.179479 0.217966 0.0 0.0 0.0 0.206011 0.182515 0.21867 0.209397 0.173139 0.216603
5837500 0.208019 0.185404 0.21793 0.0 0.0 0.0 0.206011 0.182515 0.21867 0.210786 0.18901 0.216907
5837500 0.205282 0.194764 0.187484 0.0 0.0 0.0 0.204036 0.194814 0.191615 0.207443 0.194264 0.180311
5837500 0.212454 0.192285 0.184841 0.0 0.0 0.0 0.216034 0.190608 0.188094 0.207443 0.194264 0.180311
5837500 0.207397 0.193172 0.193057 0.0 0.0 0.0 0.210037 0.191605 0.194204 0.204036 0.194814 0.191615
5837500 0.206191 0.196556 0.194484 0.0 0.0 0.0 0.204036 0.194814 0.191615 0.208801 0.198339 0.197967
5837500 0.209874 0.185527 0.197742 0.0 0.0 0.0 0.212691 0.184948 0.19417 0.207061 0.185795 0.201302
5837500 0.204913 0.192648 0.203265 0.0 0.0 0.0 0.20186 0.192371 0.199386 0.207775 0.192614 0.206915
5837500 0.201842 0.196028 0.202258 0.0 0.0 0.0 0.201817 0.199993 0.205627 0.20186 0.192371 0.199386
5837500 0.212 0.19125 0.196874 0.0 0.0 0.0 0.210037 0.191605 0.194204 0.215423 0.190202 0.201567
5837500 0.211904 0.194682 0.199651 0.0 0.0 0.0 0.208801 0.198339 0.197967 0.215423 0.190202 0.201567
5837500 0.205513 0.199267 0.201579 0.0 0.0 0.0 0.208801 0.198339 0.197967 0.201817 0.199993 0.205627
5837500 0.212103 0.202297 0.196496 0.0 0.0 0.0 0.208801 0.198339 0.197967 0.214205 0.204583 0.195559
5837500 0.211185 0.199495 0.193428 0.0 0.0 0.0 0.208801 0.198339 0.197967 0.213816 0.200459 0.18841
5837500 0.216542 0.184054 0.195091 0.0 0.0 0.0 0.222566 0.182252 0.196543 0.212691 0.184948 0.19417
5837500 0.211072 0.189177 0.188602 0.0 0.0 0.0 0.216034 0.190608 0.188094 0.206797 0.187665 0.189045
5837500 0.212367 0.191373 0.191831 0.0 0.0 0.0 0.210037 0.191605 0.194204 0.216034 0.190608 0.188094
5837500 0.215472 0.193503 0.192099 0.0 0.0 0.0 0.216034 0.190608 0.188094 0.215104 0.195093 0.194651
5837500 0.213466 0.199199 0.199033 0.0 0.0 0.0 0.217988 0.199735 0.200067 0.208801 0.198339 0.197967
5837500 0.207416 0.189282 0.204045 0.0 0.0 0.0 0.207061 0.185795 0.201302 0.207775 0.192614 0.206915
5837500 0.204128 0.187752 0.210104 0.0 0.0 0.0 0.206506 0.185365 0.208642 0.200673 0.190837 0.212226
5837500 0.203833 0.194585 0.21289 0.0 0.0 0.0 0.200673 0.190837 0.212226 0.206421 0.197395 0.213436
5837500 0.20122 0.195328 0.2091 0.0 0.0 0.0 0.200673 0.190837 0.212226 0.201817 0.199993 0.205627
5837500 0.210545 0.189823 0.208291 0.0 0.0 0.0 0.212616 0.187465 0.20932 0.207775 0.192614 0.206915
5837500 0.213663 0.188636 0.206436 0.0 0.0 0.0 0.212616 0.187465 0.20932 0.215423 0.190202 0.201567
5837500 0.204466 0.198649 0.210112 0.0 0.0 0.0 0.206421 0.197395 0.213436 0.201817 0.199993 0.205627
5837500 0.208403 0.193749 0.215009 0.0 0.0 0.0 0.206421 0.197395 0.213436 0.210786 0.18901 0.216907
5837500 0.21869 0.186728 0.19927 0.0 0.0 0.0 0.222566 0.182252 0.196543 0.215423 0.190202 0.201567
5837500 0.213942 0.19071 0.209986 0.0 0.0 0.0 0.212616 0.187465 0.20932 0.216632 0.196852 0.211337
5837500 0.21129 0.194443 0.208665 0.0 0.0 0.0 0.216632 0.196852 0.211337 0.207775 0.192614 0.206915
5837500 0.210286 0.197338 0.212643 0.0 0.0 0.0 0.206421 0.197395 0.213436 0.216632 0.196852 0.211337
5837500 0.214016 0.203038 0.200676 0.0 0.0 0.0 0.217988 0.199735 0.200067 0.211394 0.204962 0.201075
5837500 0.217433 0.198692 0.20474 0.0 0.0 0.0 0.217988 0.199735 0.200067 0.216632 0.196852 0.211337
5837500 0.218103 0.204149 0.201843 0.0 0.0 0.0 0.217988 0.199735 0.200067 0.218223 0.209023 0.203938
5837500 0.183158 0.208813 0.194013 -6.28321 -0.91579 -0.615419 0.1864 0.209331 0.193811 0.179393 0.208212 0.194247
5837500 0.182772 0.205698 0.210107 -4.01063 -3.74251 5.58973 0.186937 0.208231 0.205694 0.179926 0.203968 0.213123
5837500 0.18949 0.205045 0.183056 -2.2199 2.64783 0.266958 0.191366 0.201974 0.182573 0.187725 0.207933 0.183509
5837500 0.190571 0.200864 0.189943 -1.31137 -9.67115 -0.986122 0.191761 0.205183 0.190011 0.189456 0.196813 0.189879
5837500 0.192907 0.20219 0.211908 -1.37196 -12.6376 -9.06503 0.193358 0.205464 0.215155 0.19246 0.198947 0.208692
5837500 0.188599 0.210511 0.185571 -1.09814 -5.63885 -3.40595 0.189788 0.21402 0.188376 0.187725 0.207933 0.183509
5837500 0.188669 0.207575 0.192202 4.05641 -4.52902 -3.53034 0.1864 0.209331 0.193811 0.191761 0.205183 0.190011
5837500 0.1945 0.208328 0.191648 9.57236 13.446 4.13728 0.191761 0.205183 0.190011 0.197012 0.211211 0.193148
5837500 0.187792 0.21188 0.195357 1.16988 2.61796 1.041 0.1864 0.209331 0.193811 0.189745 0.215457 0.197527
5837500 0.197048 0.211441 0.197249 3.2572 -0.355051 21.5637 0.197012 0.211211 0.193148 0.197089 0.211709 0.20201
5837500 0.193358 0.213614 0.199732 -13.8986 10.1215 -7.78379 0.197089 0.211709 0.20201 0.189745 0.215457 0.197527
5837500 0.192098 0.216415 0.185132 -8.21768 -7.99084 8.1142 0.194503 0.218908 0.181755 0.189788 0.21402 0.188376
5837500 0.197493 0.215164 0.192134 1.00945 5.86707 -0.587389 0.197012 0.211211 0.193148 0.19805 0.219753 0.190957
5837500 0.190785 0.216974 0.201762 -5.02197 -4.59059 -11.6025 0.191859 0.218541 0.20614 0.189745 0.215457 0.197527
5837500 0.196042 0.208812 0.213408 6.59409 11.8493 -5.09239 0.193358 0.205464 0.215155 0.198914 0.212395 0.211538
5837500 0.191573 0.209732 0.215404 -2.59934 10.7075 0.793612 0.193358 0.205464 0.215155 0.189365 0.215011 0.215712
5837500 0.203019 0.214805 0.212925 7.25473 5.86321 3.46781 0.198914 0.212395 0.211538 0.206711 0.216973 0.214173
5837500 0.201309 0.209522 0.201605 9.36815 -3.57063 -1.9958 0.197089 0.211709 0.20201 0.204877 0.207673 0.201263
5837500 0.201196 0.213693 0.203407 5.35429 3.41423 1.20085 0.197089 0.211709 0.20201 0.205221 0.215639 0.204776
5837500 0.190726 0.216937 0.21049 -1.06504 -4.56981 12.2789 0.191859 0.218541 0.20614 0.189365 0.215011 0.215712
5837500 0.201096 0.206054 0.219252 -1.65454 3.72501 3.3068 0.20289 0.203412 0.217015 0.199529 0.208364 0.221208
5837500 0.214626 0.197085 0.192334 0.750783 -5.73145 4.93732 0.213816 0.200459 0.18841 0.215104 0.195093 0.194651
5837500 0.20965 0.199758 0.202404 -1.17743 -1.80254 -3.80904 0.210207 0.200689 0.205319 0.208801 0.198339 0.197967
5837500 0.210304 0.202623 0.185182 4.00198 -2.25591 4.92412 0.208041 0.204018 0.183102 0.213816 0.200459 0.18841
5837500 0.208496 0.202172 0.195202 0.158547 -4.65778 2.36416 0.208281 0.204874 0.193253 0.208801 0.198339 0.197967
5837500 0.214063 0.203073 0.192942 0.0747604 -3.43249 -4.33331 0.214205 0.204583 0.195559 0.213816 0.200459 0.18841
5837500 0.209476 0.203132 0.2071 -0.775078 2.3393 1.19955 0.210207 0.200689 0.205319 0.208165 0.207512 0.210293
5837500 0.204646 0.20042 0.215235 1.70538 -4.38283 -2.0331 0.20289 0.203412 0.217015 0.206421 0.197395 0.213436
5837500 0.212288 0.199446 0.207268 2.34463 -2.01757 2.99904 0.210207 0.200689 0.205319 0.216632 0.196852 0.211337
5837500 0.204938 0.204222 0.181791 -4.77977 0.857058 -1.39762 0.208041 0.204018 0.183102 0.200547 0.204511 0.179935
5837500 0.20324 0.213156 0.182369 4.11893 -0.99034 13.9783 0.201334 0.213585 0.178353 0.205913 0.212555 0.188
5837500 0.21193 0.211521 0.189389 -25.6898 1.02464 -3.37004 0.215475 0.210911 0.190207 0.205913 0.212555 0.188
5837500 0.212981 0.207278 0.196176 -1.62398 5.46116 0.702682 0.214205 0.204583 0.195559 0.211227 0.211141 0.197061
5837500 0.207457 0.207545 0.191427 -2.09149 4.37546 -2.5448 0.208281 0.204874 0.193253 0.205913 0.212555 0.188
5837500 0.207939 0.209345 0.199237 -6.52447 -3.5999 2.86874 0.211227 0.211141 0.197061 0.204877 0.207673 0.201263
5837500 0.212808 0.214428 0.199403 -0.696891 -2.10947 -1.09706 0.214331 0.217597 0.201662 0.211227 0.211141 0.197061
5837500 0.212121 0.214939 0.195175 0.961262 6.5446 -2.13822 0.211227 0.211141 0.197061 0.212936 0.218403 0.193455
5837500 0.210139 0.216831 0.217023 -8.48611 1.00999 -5.20908 0.213288 0.2167 0.219643 0.206711 0.216973 0.214173
5837500 0.208961 0.217421 0.206942 5.74887 2.54209 4.66608 0.205221 0.215639 0.204776 0.21154 0.21865 0.208436
5837500 0.212756 0.218192 0.205486 -2.72834 -0.110201 7.03126 0.214331 0.217597 0.201662 0.21154 0.21865 0.208436
5837500 0.21583 0.211813 0.207922 0.10774 -0.192542 -0.205909 0.214484 0.213382 0.210163 0.218223 0.209023 0.203938
5837500 0.200105 0.210995 0.186249 2.04145 0.752168 0.332194 0.196555 0.210042 0.18518 0.205913 0.212555 0.188
5837500 0.194746 0.210247 0.181813 0.561228 -0.249195 1.42181 0.192843 0.210463 0.178269 0.196555 0.210042 0.18518
5837500 0.20711 0.200432 0.205433 -2.44987 -0.0368864 -0.262952 0.210207 0.200689 0.205319 0.201817 0.199993 0.205627
5837500 0.212251 0.211307 0.210209 -0.277985 -0.311553 -0.0474486 0.214484 0.213382 0.210163 0.208165 0.207512 0.210293
5837500 0.207843 0.200777 0.182175 -0.0267883 -0.365702 -0.0441979 0.208041 0.204018 0.183102 0.207443 0.194264 0.180311
5837500 0.21559 0.211605 0.21238 0.0105388 -0.018586 0.0165239 0.214484 0.213382 0.210163 0.217778 0.20809 0.216764
5837500 0.18313 0.218494 0.210209 0.344884 0.494206 -0.0729101 0.180926 0.215434 0.210067 0.185224 0.221401 0.210344
5837500 0.18583 0.215453 0.195083 -13.8013 -1.98379 -10.9714 0.189745 0.215457 0.197527 0.182353 0.215449 0.192912
5837500 0.216082 0.218408 0.191061 -1.12016 0.15494 1.09506 0.220757 0.218414 0.187504 0.212936 0.218403 0.193455
5837500 0.206663 0.202554 0.185814 -1.45754 -1.5842 2.10519 0.208041 0.204018 0.183102 0.205323 0.201132 0.188448
5837500 0.200539 0.211743 0.191109 16.8196 1.29036 -6.64458 0.197012 0.211211 0.193148 0.205913 0.212555 0.188
5837500 0.195769 0.204893 0.204886 -0.0949024 -0.113457 -0.351381 0.196069 0.205759 0.207882 0.195476 0.204049 0.201962
5837500 0.19717 0.208328 0.209297 -0.0408072 -0.164048 -0.0727561 0.198914 0.212395 0.211538 0.196069 0.205759 0.207882
5837500 0.187804 0.211275 0.191558 1.45007 2.69946 -3.74126 0.1864 0.209331 0.193811 0.189788 0.21402 0.188376
5837500 0.185781 0.20627 0.194844 -1.43823 -5.52427 0.980744 0.1864 0.209331 0.193811 0.184839 0.201604 0.196418
5837500 0.194555 0.20352 0.219187 6.44979 -8.09039 13.3524 0.193358 0.205464 0.215155 0.195743 0.20159 0.223188
5837500 0.203321 0.201656 0.190993 -1.92916 0.847298 2.04461 0.205323 0.201132 0.188448 0.200074 0.202505 0.19512
5837500 0.218715 0.21195 0.199403 -1.44278 -3.12145 6.3294 0.219072 0.214069 0.196121 0.218223 0.209023 0.203938
5837500 0.198652 0.215961 0.200513 0.112774 0.422545 -0.082838 0.197089 0.211709 0.20201 0.199897 0.219352 0.19932
5837500 0.198201 0.20362 0.207046 0.0488201 -0.0680191 -0.0263813 0.196069 0.205759 0.207882 0.201817 0.199993 0.205627
5837500 0.188118 0.218265 0.189269 0.406975 -1.87832 -0.399293 0.186544 0.222266 0.190111 0.189788 0.21402 0.188376
5837500 0.21708 0.205091 0.194768 0.908245 0.0634034 -0.372022 0.214205 0.204583 0.195559 0.221871 0.205938 0.193451
5837500 0.20506 0.205099 0.214248 0.149889 0.0696081 -0.169273 0.20289 0.203412 0.217015 0.208165 0.207512 0.210293
5837500 0.184358 0.202141 0.191457 -1.58107 -0.481923 -10.867 0.184839 0.201604 0.196418 0.183959 0.202587 0.187338
5837500 0.206564 0.211932 0.207292 -0.18118 0.965675 -0.52761 0.208165 0.207512 0.210293 0.205221 0.215639 0.204776
5837500 0.193122 0.206556 0.207176 -0.1143 0.034429 -0.00850025 0.196069 0.205759 0.207882 0.186937 0.208231 0.205694
5837500 0.190274 0.202561 0.217036 -3.61144 -4.77836 2.42148 0.193358 0.205464 0.215155 0.186384 0.198899 0.219408
5837500 0.211389 0.204721 0.194463 0.468679 -0.0156527 0.273975 0.208281 0.204874 0.193253 0.214205 0.204583 0.195559
5837500 0.1935 0.211838 0.186623 -2.04402 1.2141 0.551888 0.196555 0.210042 0.18518 0.189788 0.21402 0.188376
5837500 0.182287 0.216638 0.206759 -0.0685857 -0.065878 0.265114 0.183677 0.217866 0.203381 0.180926 0.215434 0.210067
5837500 0.196106 0.207041 0.201981 -0.330609 -1.34423 -0.225164 0.197089 0.211709 0.20201 0.195476 0.204049 0.201962
5837500 0.184598 0.212055 0.193411 -2.51167 3.86417 -1.32722 0.1864 0.209331 0.193811 0.182353 0.215449 0.192912
5837500 0.216002 0.215926 0.210884 0.248435 0.340324 0.0461068 0.214484 0.213382 0.210163 0.21812 0.219477 0.211891
5837500 0.185747 0.204471 0.200431 -0.535075 -2.10269 -2.11867 0.186937 0.208231 0.205694 0.184839 0.201604 0.196418
5837500 0.194475 0.215124 0.204074 1.71663 -3.30701 -1.71754 0.191859 0.218541 0.20614 0.197089 0.211709 0.20201
5837500 0.198331 0.207581 0.182846 0.848578 -0.892343 -1.21175 0.196555 0.210042 0.18518 0.200547 0.204511 0.179935
5837500 0.197792 0.202568 0.2033 0.389113 -0.341414 0.204014 0.195476 0.204049 0.201962 0.201817 0.199993 0.205627
5837500 0.204915 0.203662 0.207904 -3.12262 -5.22977 -3.38905 0.208165 0.207512 0.210293 0.201817 0.199993 0.205627
5837500 0.181243 0.207507 0.202483 0.858502 0.263461 0.447492 0.178602 0.207171 0.200993 0.186937 0.208231 0.205694
5837500 0.183118 0.212808 0.208473 -0.0985182 0.167348 0.105834 0.186937 0.208231 0.205694 0.180926 0.215434 0.210067
5837500 0.209054 0.211719 0.193355 0.735357 -0.0401282 0.960215 0.205913 0.212555 0.188 0.211227 0.211141 0.197061
5837500 0.202285 0.217686 0.201768 -1.75922 1.26476 -1.30097 0.205221 0.215639 0.204776 0.199897 0.219352 0.19932
5837500 0.217219 0.212442 0.193073 -11.1709 -8.42617 -24.0251 0.219072 0.214069 0.196121 0.215475 0.210911 0.190207
5837500 0.187716 0.203837 0.188626 -0.528191 -0.195088 -0.286094 0.191761 0.205183 0.190011 0.183959 0.202587 0.187338
5837500 0.181748 0.205354 0.195186 2.39929 -4.1351 1.18676 0.179393 0.208212 0.194247 0.184839 0.201604 0.196418
5837500 0.191543 0.203411 0.185902 0.743526 -3.5657 -11.8821 0.191761 0.205183 0.190011 0.191366 0.201974 0.182573
5837500 0.194976 0.20564 0.210815 0.172387 -0.0142528 -0.319088 0.193358 0.205464 0.215155 0.196069 0.205759 0.207882
5837500 0.197984 0.212045 0.206681 -4.81783 -6.58949 -27.9597 0.198914 0.212395 0.211538 0.197089 0.211709 0.20201
5837500 0.189767 0.214741 0.192967 1.22849 3.88292 13.2863 0.189788 0.21402 0.188376 0.189745 0.215457 0.197527
5837500 0.208593 0.200873 0.188434 0.889719 0.00570482 0.115737 0.205323 0.201132 0.188448 0.213816 0.200459 0.18841
5837500 0.218419 0.218234 0.202257 0.517177 0.0170417 0.130779 0.214331 0.217597 0.201662 0.224847 0.219236 0.203193
5837500 0.190485 0.207484 0.200206 -0.0143133 -0.000802502 0.0194795 0.192242 0.207114 0.197489 0.186937 0.208231 0.205694
5837500 0.199412 0.214417 0.216037 5.62965 9.60643 19.3549 0.198914 0.212395 0.211538 0.199873 0.216285 0.220194
5837500 0.184882 0.214306 0.204236 0.100388 -0.569632 0.0985002 0.183677 0.217866 0.203381 0.186937 0.208231 0.205694
5837500 0.182945 0.211159 0.201363 0.00250223 -0.00142797 0.00192203 0.181084 0.212523 0.199345 0.186937 0.208231 0.205694
5837500 0.192039 0.206302 0.194343 0.00451034 0.014875 0.035004 0.191761 0.205183 0.190011 0.192242 0.207114 0.197489
5837500 0.19391 0.205534 0.199796 0.00976624 -0.0135636 0.0143211 0.192242 0.207114 0.197489 0.195476 0.204049 0.201962
5837500 0.192821 0.210247 0.203559 7.3079 1.63596 -3.64255 0.186937 0.208231 0.205694 0.197089 0.211709 0.20201
5837500 0.204445 0.217746 0.18482 -1.31718 11.4969 -5.75901 0.205913 0.212555 0.188 0.203629 0.220629 0.183055
5837500 0.204165 0.213169 0.193985 -0.00278068 0.00342545 0.0148345 0.205913 0.212555 0.188 0.203247 0.213491 0.197125
5837500 0.210808 0.202855 0.203168 0.0529898 0.449315 -0.550955 0.210207 0.200689 0.205319 0.211394 0.204962 0.201075
5837500 0.203979 0.210879 0.198983 0.0016576 -0.00925277 0.00471477 0.203247 0.213491 0.197125 0.204877 0.207673 0.201263
5837500 0.213841 0.206417 0.202101 -5.45572 -4.24557 -3.38478 0.218223 0.209023 0.203938 0.211394 0.204962 0.201075
5837500 0.206085 0.202118 0.21884 0.134516 -0.0842792 0.092958 0.20289 0.203412 0.217015 0.210628 0.200278 0.221435
5837500 0.208169 0.198593 0.216759 -3.57391 -2.06767 -4.71142 0.210628 0.200278 0.221435 0.206421 0.197395 0.213436
5837500 0.202806 0.205444 0.198613 1.61624 1.37458 1.41391 0.200074 0.202505 0.19512 0.204877 0.207673 0.201263
5837500 0.203268 0.210096 0.210952 8.00671 -6.00914 -1.43708 0.198914 0.212395 0.211538 0.208165 0.207512 0.210293
5837500 0.212784 0.20779 0.213402 12.7277 0.266065 11.7968 0.208165 0.207512 0.210293 0.217778 0.20809 0.216764
5837500 0.209514 0.217947 0.210843 3.69981 0.353281 -4.18414 0.206711 0.216973 0.214173 0.21154 0.21865 0.208436
5837500 0.216776 0.215778 0.198804 4.4661 -4.41278 -4.63623 0.214331 0.217597 0.201662 0.219072 0.214069 0.196121
5837500 0.210435 0.203155 0.191368 0.521032 -0.512892 -0.370384 0.208281 0.204874 0.193253 0.213816 0.200459 0.18841
5837500 0.2086 0.206124 0.201156 -4.21262 2.52143 -0.184577 0.211394 0.204962 0.201075 0.204877 0.207673 0.201263
5837500 0.180331 0.210604 0.197075 -0.00016473 -0.00114159 -0.00140617 0.181084 0.212523 0.199345 0.179393 0.208212 0.194247
5837500 0.206257 0.207605 0.205053 -0.867648 0.50037 -3.344 0.208165 0.207512 0.210293 0.204877 0.207673 0.201263
5837500 0.18243 0.203614 0.205017 0.0 0.0 0.0 0.186937 0.208231 0.205694 0.178861 0.199691 0.204483
5837500 0.18163 0.213921 0.196594 0.0 0.0 0.0 0.181084 0.212523 0.199345 0.182353 0.215449 0.192912
5837500 0.182236 0.215035 0.201131 0.0 0.0 0.0 0.181084 0.212523 0.199345 0.183677 0.217866 0.203381
5837500 0.187919 0.202413 0.18479 0.0 0.0 0.0 0.191366 0.201974 0.182573 0.183959 0.202587 0.187338
5837500 0.18584 0.214927 0.190789 0.0 0.0 0.0 0.189788 0.21402 0.188376 0.182353 0.215449 0.192912
5837500 0.180963 0.205217 0.199261 0.0 0.0 0.0 0.178602 0.207171 0.200993 0.184839 0.201604 0.196418
5837500 0.18427 0.215407 0.212307 0.0 0.0 0.0 0.180926 0.215434 0.210067 0.189365 0.215011 0.215712
5837500 0.180831 0.218429 0.200773 0.0 0.0 0.0 0.183677 0.217866 0.203381 0.178359 0.218648 0.198508
5837500 0.186437 0.216913 0.200719 0.0 0.0 0.0 0.183677 0.217866 0.203381 0.189745 0.215457 0.197527
5837500 0.187329 0.21831 0.204614 0.0 0.0 0.0 0.183677 0.217866 0.203381 0.191859 0.218541 0.20614
5837500 0.195665 0.201585 0.215223 0.0 0.0 0.0 0.193358 0.205464 0.215155 0.197534 0.198176 0.215272
5837500 0.194606 0.203142 0.208212 0.0 0.0 0.0 0.196069 0.205759 0.207882 0.19246 0.198947 0.208692
5837500 0.194273 0.202156 0.204654 0.0 0.0 0.0 0.195476 0.204049 0.201962 0.19246 0.198947 0.208692
5837500 0.190192 0.20291 0.20746 0.0 0.0 0.0 0.186937 0.208231 0.205694 0.19246 0.198947 0.208692
5837500 0.196725 0.199859 0.218835 0.0 0.0 0.0 0.195743 0.20159 0.223188 0.197534 0.198176 0.215272
5837500 0.200162 0.200891 0.21613 0.0 0.0 0.0 0.20289 0.203412 0.217015 0.197534 0.198176 0.215272
5837500 0.189474 0.206896 0.186318 0.0 0.0 0.0 0.191761 0.205183 0.190011 0.187725 0.207933 0.183509
5837500 0.195336 0.203221 0.181429 0.0 0.0 0.0 0.191366 0.201974 0.182573 0.200547 0.204511 0.179935
5837500 0.194351 0.207954 0.1874 0.0 0.0 0.0 0.191761 0.205183 0.190011 0.196555 0.210042 0.18518
5837500 0.190798 0.209671 0.189206 0.0 0.0 0.0 0.191761 0.205183 0.190011 0.189788 0.21402 0.188376
5837500 0.195567 0.204107 0.192346 0.0 0.0 0.0 0.191761 0.205183 0.190011 0.200074 0.202505 0.19512
5837500 0.188497 0.203644 0.193032 0.0 0.0 0.0 0.191761 0.205183 0.190011 0.184839 0.201604 0.196418
5837500 0.196781 0.210753 0.189021 0.0 0.0 0.0 0.197012 0.211211 0.193148 0.196555 0.210042 0.18518
5837500 0.189336 0.208359 0.195657 0.0 0.0 0.0 0.1864 0.209331 0.193811 0.192242 0.207114 0.197489
5837500 0.194353 0.209065 0.195572 0.0 0.0 0.0 0.192242 0.207114 0.197489 0.197012 0.211211 0.193148
5837500 0.191209 0.210703 0.197505 0.0 0.0 0.0 0.192242 0.207114 0.197489 0.189745 0.215457 0.197527
5837500 0.195216 0.205504 0.19659 0.0 0.0 0.0 0.192242 0.207114 0.197489 0.200074 0.202505 0.19512
5837500 0.189327 0.205086 0.197067 0.0 0.0 0.0 0.192242 0.207114 0.197489 0.184839 0.201604 0.196418
5837500 0.19363 0.212676 0.190911 0.0 0.0 0.0 0.197012 0.211211 0.193148 0.189788 0.21402 0.188376
5837500 0.193595 0.213354 0.195212 0.0 0.0 0.0 0.197012 0.211211 0.193148 0.189745 0.215457 0.197527
5837500 0.198353 0.207562 0.19401 0.0 0.0 0.0 0.197012 0.211211 0.193148 0.200074 0.202505 0.19512
5837500 0.194208 0.209118 0.199324 0.0 0.0 0.0 0.192242 0.207114 0.197489 0.197089 0.211709 0.20201
5837500 0.188589 0.212619 0.200897 0.0 0.0 0.0 0.186937 0.208231 0.205694 0.189745 0.215457 0.197527
5837500 0.197158 0.203631 0.199467 0.0 0.0 0.0 0.195476 0.204049 0.201962 0.200074 0.202505 0.19512
5837500 0.195652 0.214105 0.183661 0.0 0.0 0.0 0.194503 0.218908 0.181755 0.196555 0.210042 0.18518
5837500 0.193872 0.216995 0.189649 0.0 0.0 0.0 0.19805 0.219753 0.190957 0.189788 0.21402 0.188376
5837500 0.201041 0.19718 0.197424 0.0 0.0 0.0 0.200074 0.202505 0.19512 0.20186 0.192371 0.199386
5837500 0.20095 0.201395 0.200379 0.0 0.0 0.0 0.200074 0.202505 0.19512 0.201817 0.199993 0.205627
5837500 0.198765 0.211825 0.182025 0.0 0.0 0.0 0.201334 0.213585 0.178353 0.196555 0.210042 0.18518
5837500 0.20048 0.212621 0.195358 0.0 0.0 0.0 0.197012 0.211211 0.193148 0.203247 0.213491 0.197125
5837500 0.20512 0.204107 0.193972 0.0 0.0 0.0 0.208281 0.204874 0.193253 0.200074 0.202505 0.19512
5837500 0.190706 0.206753 0.211246 0.0 0.0 0.0 0.193358 0.205464 0.215155 0.186937 0.208231 0.205694
5837500 0.196475 0.208263 0.205557 0.0 0.0 0.0 0.196069 0.205759 0.207882 0.197089 0.211709 0.20201
5837500 0.192769 0.205522 0.203148 0.0 0.0 0.0 0.186937 0.208231 0.205694 0.195476 0.204049 0.201962
5837500 0.196914 0.207279 0.218644 0.0 0.0 0.0 0.193358 0.205464 0.215155 0.199529 0.208364 0.221208
5837500 0.188231 0.211997 0.211048 0.0 0.0 0.0 0.186937 0.208231 0.205694 0.189365 0.215011 0.215712
5837500 0.194482 0.213752 0.213477 0.0 0.0 0.0 0.198914 0.212395 0.211538 0.189365 0.215011 0.215712
5837500 0.189788 0.214348 0.205954 0.0 0.0 0.0 0.191859 0.218541 0.20614 0.186937 0.208231 0.205694
5837500 0.199304 0.217399 0.212549 0.0 0.0 0.0 0.198914 0.212395 0.211538 0.199592 0.2209 0.213303
5837500 0.195319 0.21567 0.20879 0.0 0.0 0.0 0.198914 0.212395 0.211538 0.191859 0.218541 0.20614
5837500 0.200735 0.212764 0.199118 0.0 0.0 0.0 0.197089 0.211709 0.20201 0.203247 0.213491 0.197125
5837500 0.198537 0.204494 0.216168 0.0 0.0 0.0 0.193358 0.205464 0.215155 0.20289 0.203412 0.217015
5837500 0.202163 0.21421 0.208061 0.0 0.0 0.0 0.198914 0.212395 0.211538 0.205221 0.215639 0.204776
5837500 0.1952 0.215862 0.218205 0.0 0.0 0.0 0.199873 0.216285 0.220194 0.189365 0.215011 0.215712
5837500 0.19961 0.202722 0.219852 0.0 0.0 0.0 0.20289 0.203412 0.217015 0.195743 0.20159 0.223188
5837500 0.201697 0.21635 0.19814 0.0 0.0 0.0 0.203247 0.213491 0.197125 0.199897 0.219352 0.19932
5837500 0.201454 0.216786 0.189676 0.0 0.0 0.0 0.19805 0.219753 0.190957 0.205913 0.212555 0.188
5837500 0.20334 0.216777 0.217146 0.0 0.0 0.0 0.199873 0.216285 0.220194 0.206711 0.216973 0.214173
5837500 0.206017 0.199044 0.185793 0.0 0.0 0.0 0.205323 0.201132 0.188448 0.207443 0.194264 0.180311
5837500 0.209185 0.19743 0.205993 0.0 0.0 0.0 0.210207 0.200689 0.205319 0.207775 0.192614 0.206915
5837500 0.207149 0.201732 0.212136 0.0 0.0 0.0 0.208165 0.207512 0.210293 0.206421 0.197395 0.213436
5837500 0.207299 0.207156 0.184815 0.0 0.0 0.0 0.208041 0.204018 0.183102 0.205913 0.212555 0.188
5837500 0.211329 0.210171 0.184761 0.0 0.0 0.0 0.205913 0.212555 0.188 0.21531 0.20816 0.182379
5837500 0.207323 0.210736 0.18221 0.0 0.0 0.0 0.205913 0.212555 0.188 0.208095 0.209497 0.17901
5837500 0.202626 0.217691 0.180992 0.0 0.0 0.0 0.201334 0.213585 0.178353 0.203629 0.220629 0.183055
5837500 0.213524 0.211162 0.193358 0.0 0.0 0.0 0.215475 0.210911 0.190207 0.211227 0.211141 0.197061
5837500 0.209565 0.207747 0.194908 0.0 0.0 0.0 0.208281 0.204874 0.193253 0.211227 0.211141 0.197061
5837500 0.206792 0.203135 0.190827 0.0 0.0 0.0 0.208281 0.204874 0.193253 0.205323 0.201132 0.188448
5837500 0.20669 0.21262 0.197095 0.0 0.0 0.0 0.203247 0.213491 0.197125 0.211227 0.211141 0.197061
5837500 0.212804 0.20492 0.198315 0.0 0.0 0.0 0.214205 0.204583 0.195559 0.211394 0.204962 0.201075
5837500 0.211328 0.20765 0.199425 0.0 0.0 0.0 0.211227 0.211141 0.197061 0.211394 0.204962 0.201075
5837500 0.214252 0.214672 0.191772 0.0 0.0 0.0 0.215475 0.210911 0.190207 0.212936 0.218403 0.193455
5837500 0.210222 0.216284 0.19134 0.0 0.0 0.0 0.205913 0.212555 0.188 0.212936 0.218403 0.193455
5837500 0.209478 0.217747 0.186916 0.0 0.0 0.0 0.205913 0.212555 0.188 0.21155 0.220547 0.186291
5837500 0.204063 0.214521 0.200283 0.0 0.0 0.0 0.205221 0.215639 0.204776 0.203247 0.213491 0.197125
5837500 0.215347 0.212823 0.196566 0.0 0.0 0.0 0.219072 0.214069 0.196121 0.211227 0.211141 0.197061
5837500 0.214339 0.210345 0.200115 0.0 0.0 0.0 0.218223 0.209023 0.203938 0.211227 0.211141 0.197061
5837500 0.210261 0.206007 0.204321 0.0 0.0 0.0 0.208165 0.207512 0.210293 0.211394 0.204962 0.201075
5837500 0.207796 0.208872 0.215689 0.0148151 0.0581869 0.179985 0.208165 0.207512 0.210293 0.207481 0.210034 0.220302
5837500 0.207361 0.212913 0.212451 0.0 0.0 0.0 0.208165 0.207512 0.210293 0.206711 0.216973 0.214173
5837500 0.205039 0.211508 0.202893 0.0 0.0 0.0 0.205221 0.215639 0.204776 0.204877 0.207673 0.201263
5837500 0.213059 0.216086 0.209324 0.0 0.0 0.0 0.214484 0.213382 0.210163 0.21154 0.21865 0.208436
5837500 0.213271 0.208424 0.207071 0.0 0.0 0.0 0.208165 0.207512 0.210293 0.218223 0.209023 0.203938
5837500 0.204958 0.206536 0.218498 0.0 0.0 0.0 0.20289 0.203412 0.217015 0.207481 0.210034 0.220302
5837500 0.207085 0.213762 0.217139 0.0 0.0 0.0 0.206711 0.216973 0.214173 0.207481 0.210034 0.220302
5837500 0.213618 0.218152 0.197443 0.0 0.0 0.0 0.214331 0.217597 0.201662 0.212936 0.218403 0.193455
5837500 0.216019 0.216372 0.194789 0.0 0.0 0.0 0.219072 0.214069 0.196121 0.212936 0.218403 0.193455
5837500 0.205987 0.216465 0.209588 0.0 0.0 0.0 0.206711 0.216973 0.214173 0.205221 0.215639 0.204776
5837500 0.210035 0.216815 0.203135 0.0 0.0 0.0 0.214331 0.217597 0.201662 0.205221 0.215639 0.204776
5837500 0.216031 0.214006 0.202653 0.0 0.0 0.0 0.214331 0.217597 0.201662 0.218223 0.209023 0.203938
