# ts x y z Fx Fy Fz x1 y1 z1 x2 y2 z2
162500 0.181769 0.196046 0.193835 0.427087 0.308708 0.295782 0.179987 0.194254 0.192145 0.184708 0.199003 0.196622
162500 0.182205 0.194741 0.197469 2.22527 2.77298 -0.36523 0.180556 0.191934 0.198026 0.184708 0.199003 0.196622
162500 0.184023 0.199418 0.191671 -0.177642 0.300251 -1.20684 0.184708 0.199003 0.196622 0.183455 0.199763 0.187562
162500 0.183306 0.187181 0.193814 -0.223425 -0.0278202 -0.131282 0.187145 0.188343 0.195868 0.179208 0.185942 0.191622
162500 0.185741 0.192991 0.187855 1.61927 0.258372 0.739632 0.182423 0.191873 0.186056 0.189283 0.194186 0.189775
162500 0.183343 0.190415 0.197113 -1.93344 0.890969 0.290597 0.187145 0.188343 0.195868 0.180556 0.191934 0.198026
162500 0.188923 0.196723 0.198103 -1.26131 0.452772 -0.323535 0.192886 0.19458 0.199496 0.184708 0.199003 0.196622
162500 0.186355 0.196987 0.188663 -3.04932 2.63426 -0.474087 0.189283 0.194186 0.189775 0.183455 0.199763 0.187562
162500 0.183578 0.189109 0.208192 2.61375 1.02629 2.03625 0.180455 0.187144 0.20519 0.186223 0.190774 0.210735
162500 0.194424 0.178935 0.181504 1.77738 1.1334 -0.0466851 0.191349 0.176205 0.181558 0.196921 0.181153 0.18146
162500 0.19805 0.183715 0.183281 -0.828244 -1.45118 -1.44241 0.19939 0.186758 0.185445 0.196921 0.181153 0.18146
162500 0.199829 0.180533 0.182984 -0.507704 0.018025 -0.286599 0.202888 0.179881 0.184587 0.196921 0.181153 0.18146
162500 0.192804 0.181397 0.187258 -3.90012 3.04814 -1.46303 0.195471 0.178546 0.188196 0.189167 0.185285 0.185979
162500 0.186597 0.18403 0.194685 -0.272521 -4.21595 -1.85206 0.187145 0.188343 0.195868 0.186077 0.179932 0.193562
162500 0.197785 0.179744 0.191252 1.49221 0.396511 1.59974 0.195471 0.178546 0.188196 0.200663 0.181233 0.195053
162500 0.196621 0.180149 0.20579 -3.70479 -3.39407 1.58527 0.199341 0.183326 0.204949 0.193541 0.176551 0.206744
162500 0.197757 0.187277 0.205236 -0.713839 1.6319 0.403859 0.199341 0.183326 0.204949 0.196495 0.190426 0.205464
162500 0.203195 0.183231 0.203122 2.15554 -0.00728604 -0.631808 0.199341 0.183326 0.204949 0.206875 0.18314 0.201377
162500 0.200474 0.186419 0.202238 0.715542 1.99657 -1.2429 0.199341 0.183326 0.204949 0.201676 0.189702 0.19936
162500 0.199841 0.185715 0.208447 -0.588986 -1.34386 -2.73376 0.200402 0.188397 0.212375 0.199341 0.183326 0.204949
162500 0.195906 0.182949 0.218516 1.2955 0.601626 0.398716 0.191717 0.180153 0.216776 0.198676 0.184798 0.219666
162500 0.196498 0.179464 0.214528 -1.65161 -0.0509161 0.744668 0.200671 0.178862 0.212566 0.191717 0.180153 0.216776
162500 0.197693 0.194705 0.181362 -0.0214261 0.00849447 0.112203 0.19782 0.194281 0.178139 0.197502 0.195336 0.186162
162500 0.189233 0.19032 0.188126 1.02405 5.45645 2.44618 0.189167 0.185285 0.185979 0.189283 0.194186 0.189775
162500 0.197612 0.187773 0.188843 -0.84837 0.225443 1.24379 0.19939 0.186758 0.185445 0.195588 0.188929 0.192713
162500 0.188251 0.191366 0.192715 0.597381 1.01897 -1.42082 0.187145 0.188343 0.195868 0.189283 0.194186 0.189775
162500 0.18995 0.19139 0.19764 2.82214 2.32688 1.17695 0.187145 0.188343 0.195868 0.192886 0.19458 0.199496
162500 0.192322 0.191652 0.191191 -2.78751 2.77915 -2.04905 0.195588 0.188929 0.192713 0.189283 0.194186 0.189775
162500 0.196512 0.192021 0.189552 -0.743226 -1.33826 1.65564 0.197502 0.195336 0.186162 0.195588 0.188929 0.192713
162500 0.194266 0.191694 0.196032 0.669513 -2.71965 -3.63025 0.192886 0.19458 0.199496 0.195588 0.188929 0.192713
162500 0.194983 0.192167 0.202964 0.270366 -0.280424 0.582598 0.192886 0.19458 0.199496 0.196495 0.190426 0.205464
162500 0.192597 0.195542 0.204103 -0.619997 0.439559 2.86107 0.192886 0.19458 0.199496 0.192315 0.196479 0.208588
162500 0.196188 0.197149 0.197317 0.315729 0.179418 -0.149593 0.192886 0.19458 0.199496 0.199911 0.200047 0.194859
162500 0.194322 0.19882 0.200978 1.11594 4.45799 2.27384 0.192886 0.19458 0.199496 0.195252 0.201569 0.201938
162500 0.197998 0.185274 0.193824 -4.91342 5.39149 -1.50359 0.200663 0.181233 0.195053 0.195588 0.188929 0.192713
162500 0.202319 0.188622 0.183524 1.16663 0.534188 -0.903154 0.19939 0.186758 0.185445 0.207329 0.191809 0.18024
162500 0.202865 0.185923 0.187167 0.322303 -0.0423911 0.109072 0.19939 0.186758 0.185445 0.206526 0.185043 0.188982
162500 0.198628 0.189315 0.196032 0.850269 0.123139 0.67662 0.195588 0.188929 0.192713 0.201676 0.189702 0.19936
162500 0.200896 0.19357 0.189135 0.0592312 -0.0187638 0.0413127 0.197502 0.195336 0.186162 0.20363 0.192146 0.191529
162500 0.199013 0.198746 0.18307 0.888095 1.49655 -1.88629 0.197502 0.195336 0.186162 0.200502 0.202108 0.180022
162500 0.189071 0.193441 0.209731 6.06472 4.07994 -1.65259 0.186223 0.190774 0.210735 0.192315 0.196479 0.208588
162500 0.196666 0.193298 0.218567 0.0201331 0.943117 -1.84679 0.196498 0.191248 0.221402 0.196847 0.195495 0.215529
162500 0.196642 0.19693 0.207124 -2.9077 -0.19243 0.926402 0.201652 0.197452 0.20543 0.192315 0.196479 0.208588
162500 0.198409 0.192376 0.214143 -1.81155 2.56383 0.997403 0.200402 0.188397 0.212375 0.196847 0.195495 0.215529
162500 0.199408 0.186324 0.216575 -0.61962 -0.632496 1.85272 0.200402 0.188397 0.212375 0.198676 0.184798 0.219666
162500 0.20322 0.19901 0.190824 -0.200099 0.0210004 0.289221 0.205261 0.198371 0.188336 0.199911 0.200047 0.194859
162500 0.202609 0.202959 0.198401 0.0311381 0.0525367 0.0539516 0.199911 0.200047 0.194859 0.204655 0.205167 0.201088
162500 0.20455 0.18224 0.186595 0.596644 0.589272 0.676215 0.202888 0.179881 0.184587 0.206526 0.185043 0.188982
162500 0.209973 0.179717 0.192465 1.82698 2.26597 0.885306 0.207463 0.17687 0.190638 0.21241 0.182483 0.194239
162500 0.204352 0.178866 0.192658 -2.27194 1.55603 0.985778 0.207463 0.17687 0.190638 0.200663 0.181233 0.195053
162500 0.212683 0.180172 0.197603 -0.546894 1.37737 -2.53254 0.212945 0.177952 0.200835 0.21241 0.182483 0.194239
162500 0.201785 0.17853 0.199099 1.35784 -1.78495 2.86626 0.200663 0.181233 0.195053 0.202648 0.176452 0.202209
162500 0.204085 0.182283 0.198536 1.97493 0.319096 2.52744 0.200663 0.181233 0.195053 0.206875 0.18314 0.201377
162500 0.206992 0.180973 0.189807 -0.0468518 0.470196 -0.176062 0.207463 0.17687 0.190638 0.206526 0.185043 0.188982
162500 0.211091 0.186343 0.193928 0.130369 -0.752129 0.0758092 0.2101 0.189244 0.193693 0.21241 0.182483 0.194239
162500 0.213594 0.184739 0.19744 0.593432 0.696313 1.39113 0.21241 0.182483 0.194239 0.215152 0.18771 0.201653
162500 0.214042 0.185003 0.191461 -1.57702 -1.59642 2.35633 0.215983 0.187999 0.18816 0.21241 0.182483 0.194239
162500 0.209965 0.180499 0.201101 -1.67074 1.04064 0.238968 0.212945 0.177952 0.200835 0.206875 0.18314 0.201377
162500 0.20663 0.182945 0.205439 0.153434 -0.130707 -1.29307 0.206431 0.182788 0.208733 0.206875 0.18314 0.201377
162500 0.207999 0.181141 0.211129 1.20529 -0.855282 1.33003 0.206431 0.182788 0.208733 0.209427 0.179641 0.213311
162500 0.204039 0.181157 0.210325 -1.47841 -0.666341 0.997525 0.206431 0.182788 0.208733 0.200671 0.178862 0.212566
162500 0.21044 0.185108 0.201496 -3.173 -1.27817 0.249866 0.215152 0.18771 0.201653 0.206875 0.18314 0.201377
162500 0.206912 0.185974 0.208005 0.554478 2.8993 -1.16657 0.206431 0.182788 0.208733 0.207532 0.19008 0.207067
162500 0.209916 0.182242 0.214742 0.0573533 0.779047 0.560964 0.209427 0.179641 0.213311 0.21069 0.18636 0.217007
162500 0.216494 0.178612 0.199284 -0.904066 -0.0180295 0.449018 0.222287 0.179689 0.196753 0.212945 0.177952 0.200835
162500 0.212201 0.179521 0.21447 0.79514 -0.0873695 0.482661 0.209427 0.179641 0.213311 0.215912 0.17936 0.216021
162500 0.202725 0.191015 0.195154 -0.0353637 -0.145833 0.440634 0.20363 0.192146 0.191529 0.201676 0.189702 0.19936
162500 0.205067 0.192617 0.198639 -1.83169 -1.12126 0.359361 0.208613 0.195665 0.197885 0.201676 0.189702 0.19936
162500 0.205028 0.188716 0.190299 0.2423 -0.415471 -0.208727 0.20363 0.192146 0.191529 0.206526 0.185043 0.188982
162500 0.208585 0.187463 0.191696 -0.697458 -0.539673 -0.805169 0.2101 0.189244 0.193693 0.206526 0.185043 0.188982
162500 0.204516 0.195528 0.189794 0.222533 0.49364 -0.237625 0.20363 0.192146 0.191529 0.205261 0.198371 0.188336
162500 0.212606 0.190944 0.194222 0.484264 0.366935 0.203411 0.2101 0.189244 0.193693 0.215127 0.192655 0.194753
162500 0.209515 0.191771 0.195343 -0.394014 0.942706 0.767451 0.2101 0.189244 0.193693 0.208613 0.195665 0.197885
162500 0.212554 0.193844 0.195991 1.02623 -0.298235 -0.373286 0.208613 0.195665 0.197885 0.215127 0.192655 0.194753
162500 0.214631 0.194586 0.192388 0.133565 -0.312876 0.53143 0.21379 0.197856 0.188382 0.215127 0.192655 0.194753
162500 0.209483 0.1971 0.202314 -0.727007 -0.475441 -2.24949 0.210054 0.198043 0.205223 0.208613 0.195665 0.197885
162500 0.218011 0.191566 0.195011 -1.49485 0.52333 0.116271 0.221849 0.190116 0.195354 0.215127 0.192655 0.194753
162500 0.214927 0.192744 0.188267 -1.02695 2.59029 0.0458052 0.215983 0.187999 0.18816 0.21379 0.197856 0.188382
162500 0.204176 0.189288 0.209565 1.21498 0.344514 -1.25418 0.200402 0.188397 0.212375 0.207532 0.19008 0.207067
162500 0.204917 0.19336 0.206339 3.78208 -3.92048 0.238383 0.201652 0.197452 0.20543 0.207532 0.19008 0.207067
162500 0.210376 0.187199 0.208387 -1.50237 1.26341 -0.944455 0.212507 0.185039 0.209376 0.207532 0.19008 0.207067
162500 0.210897 0.189034 0.204676 -2.26749 0.458998 1.15758 0.215152 0.18771 0.201653 0.207532 0.19008 0.207067
162500 0.211778 0.185569 0.212438 -0.354434 0.256872 0.918031 0.212507 0.185039 0.209376 0.21069 0.18636 0.217007
162500 0.203359 0.201838 0.202962 2.60701 4.52926 -2.2221 0.201652 0.197452 0.20543 0.204655 0.205167 0.201088
162500 0.209332 0.200517 0.206964 -0.768931 1.53749 1.32673 0.210054 0.198043 0.205223 0.208038 0.204952 0.210087
162500 0.214989 0.18315 0.208701 -1.63203 1.37546 0.813935 0.218739 0.180296 0.207682 0.212507 0.185039 0.209376
162500 0.217045 0.183798 0.204834 -0.605453 1.16293 -1.32057 0.218739 0.180296 0.207682 0.215152 0.18771 0.201653
162500 0.218947 0.189073 0.198083 -1.06542 -0.515886 1.38863 0.221849 0.190116 0.195354 0.215152 0.18771 0.201653
162500 0.212103 0.196848 0.207235 1.07356 -0.513758 1.35821 0.210054 0.198043 0.205223 0.216379 0.194352 0.211436
162500 0.216526 0.19287 0.200953 -1.22809 -3.3026 0.930327 0.2177 0.197278 0.200356 0.215152 0.18771 0.201653
162500 0.207044 0.188964 0.218622 3.52037 -1.73579 -1.24056 0.203932 0.191187 0.22 0.21069 0.18636 0.217007
162500 0.215485 0.200088 0.197465 -1.14094 2.17594 -2.31795 0.2177 0.197278 0.200356 0.214028 0.201935 0.195564
162500 0.182615 0.179277 0.195994 -0.892061 -0.0530749 0.47526 0.186077 0.179932 0.193562 0.177678 0.178343 0.199463
162500 0.194716 0.193002 0.206794 0.692162 -0.705524 -0.405992 0.192315 0.196479 0.208588 0.196495 0.190426 0.205464
162500 0.206307 0.179952 0.183776 -0.398161 0.052932 0.0730255 0.211566 0.18006 0.182529 0.202888 0.179881 0.184587
162500 0.211036 0.191772 0.208797 -0.937593 -0.392144 -0.651316 0.216379 0.194352 0.211436 0.207532 0.19008 0.207067
162500 0.201082 0.179708 0.203507 0.581321 -0.826003 -0.329845 0.199341 0.183326 0.204949 0.202648 0.176452 0.202209
162500 0.193699 0.197595 0.184186 -0.205377 0.146118 -0.158393 0.197502 0.195336 0.186162 0.190848 0.199288 0.182706
162500 0.217831 0.201569 0.20201 0.0495664 0.618278 0.355086 0.2177 0.197278 0.200356 0.217986 0.206625 0.203958
162500 0.210975 0.195222 0.184835 0.390406 0.568122 0.646452 0.207329 0.191809 0.18024 0.21379 0.197856 0.188382
162500 0.210017 0.19483 0.212651 0.0809889 0.00191667 -0.0263844 0.206155 0.19512 0.213388 0.216379 0.194352 0.211436
162500 0.198507 0.193168 0.205451 -0.656852 -0.807153 0.162182 0.201652 0.197452 0.20543 0.196495 0.190426 0.205464
162500 0.190352 0.179267 0.204334 -0.981371 0.564877 -0.672907 0.193541 0.176551 0.206744 0.187372 0.181805 0.202081
162500 0.18325 0.180333 0.200968 0.415586 0.100438 0.166642 0.177678 0.178343 0.199463 0.187372 0.181805 0.202081
162500 0.187258 0.185077 0.198971 -0.142727 -0.803243 0.867236 0.187145 0.188343 0.195868 0.187372 0.181805 0.202081
162500 0.206817 0.192697 0.210349 0.0166928 -0.077588 -0.133847 0.206155 0.19512 0.213388 0.207532 0.19008 0.207067
162500 0.205061 0.193184 0.216644 0.0425641 0.043219 -0.0811491 0.203932 0.191187 0.22 0.206155 0.19512 0.213388
162500 0.203655 0.179439 0.216086 0.668616 -0.00388315 0.654327 0.200671 0.178862 0.212566 0.20587 0.179868 0.2187
162500 0.18178 0.197993 0.200566 0.157082 0.0119654 -0.197874 0.178739 0.196944 0.204661 0.184708 0.199003 0.196622
162500 0.192685 0.187282 0.189669 0.820525 0.350187 1.07441 0.189167 0.185285 0.185979 0.195588 0.188929 0.192713
162500 0.202311 0.189906 0.216499 0.188931 0.283234 0.634061 0.200402 0.188397 0.212375 0.203932 0.191187 0.22
162500 0.194475 0.188106 0.206915 0.381638 0.310854 -0.258092 0.191975 0.185236 0.20871 0.196495 0.190426 0.205464
162500 0.206952 0.197825 0.205299 -0.125061 0.0043605 0.018134 0.210054 0.198043 0.205223 0.201652 0.197452 0.20543
162500 0.20744 0.179706 0.208099 0.348082 -0.712025 -0.225891 0.206431 0.182788 0.208733 0.20869 0.175891 0.207313
162500 0.192704 0.181193 0.207795 0.176986 -0.984466 -0.397079 0.191975 0.185236 0.20871 0.193541 0.176551 0.206744
162500 0.189037 0.188065 0.209745 -0.629509 0.487376 0.104085 0.191975 0.185236 0.20871 0.186223 0.190774 0.210735
162500 0.208723 0.182871 0.186168 -0.0884241 0.127882 0.168998 0.211566 0.18006 0.182529 0.206526 0.185043 0.188982
162500 0.19854 0.19062 0.185768 0.232053 -0.58833 -0.0499008 0.197502 0.195336 0.186162 0.19939 0.186758 0.185445
162500 0.199704 0.182296 0.180007 0.00712606 0.00209421 -0.00249305 0.196921 0.181153 0.18146 0.202324 0.183374 0.178639
162500 0.184004 0.184405 0.203595 0.17158 -0.141035 -0.0417731 0.180455 0.187144 0.20519 0.187372 0.181805 0.202081
162500 0.189906 0.181418 0.194772 -0.00921963 -0.00416221 -0.00472474 0.192683 0.182497 0.195649 0.186077 0.179932 0.193562
162500 0.207771 0.179747 0.21582 -0.00656635 0.00176277 0.00822705 0.209427 0.179641 0.213311 0.20587 0.179868 0.2187
162500 0.21071 0.2002 0.203079 0.00291584 0.006989 -0.00962028 0.210054 0.198043 0.205223 0.211348 0.202299 0.200993
162500 0.188191 0.183864 0.209899 0.0 0.0 0.0 0.191975 0.185236 0.20871 0.184798 0.182543 0.210975
162500 0.182443 0.178536 0.1913 0.0 0.0 0.0 0.186077 0.179932 0.193562 0.178522 0.176954 0.18886
162500 0.182872 0.18463 0.208409 0.0 0.0 0.0 0.180455 0.187144 0.20519 0.184798 0.182543 0.210975
162500 0.185968 0.182257 0.206918 0.0 0.0 0.0 0.187372 0.181805 0.202081 0.184798 0.182543 0.210975
162500 0.185096 0.178771 0.211562 0.0 0.0 0.0 0.185447 0.174303 0.21225 0.184798 0.182543 0.210975
162500 0.187666 0.181602 0.213378 0.0 0.0 0.0 0.191717 0.180153 0.216776 0.184798 0.182543 0.210975
162500 0.185485 0.186576 0.210855 0.0 0.0 0.0 0.186223 0.190774 0.210735 0.184798 0.182543 0.210975
162500 0.180515 0.190009 0.200962 0.0 0.0 0.0 0.180455 0.187144 0.20519 0.180556 0.191934 0.198026
162500 0.182842 0.1828 0.192648 0.0 0.0 0.0 0.186077 0.179932 0.193562 0.179208 0.185942 0.191622
162500 0.187404 0.199547 0.184969 0.0 0.0 0.0 0.190848 0.199288 0.182706 0.183455 0.199763 0.187562
162500 0.183865 0.185672 0.188984 0.0 0.0 0.0 0.189167 0.185285 0.185979 0.179208 0.185942 0.191622
162500 0.185992 0.193425 0.196225 0.0 0.0 0.0 0.187145 0.188343 0.195868 0.184708 0.199003 0.196622
162500 0.187198 0.19642 0.192897 0.0 0.0 0.0 0.189283 0.194186 0.189775 0.184708 0.199003 0.196622
162500 0.184987 0.188699 0.204331 0.0 0.0 0.0 0.180455 0.187144 0.20519 0.188107 0.189692 0.203728
162500 0.196263 0.180006 0.184519 0.0 0.0 0.0 0.195471 0.178546 0.188196 0.196921 0.181153 0.18146
162500 0.193984 0.182756 0.183173 0.0 0.0 0.0 0.189167 0.185285 0.185979 0.196921 0.181153 0.18146
162500 0.190414 0.180137 0.183455 0.0 0.0 0.0 0.189167 0.185285 0.185979 0.191349 0.176205 0.181558
162500 0.192556 0.179825 0.197141 0.0 0.0 0.0 0.192683 0.182497 0.195649 0.19243 0.176898 0.198709
162500 0.190515 0.182262 0.198272 0.0 0.0 0.0 0.192683 0.182497 0.195649 0.187372 0.181805 0.202081
162500 0.186708 0.180881 0.197708 0.0 0.0 0.0 0.186077 0.179932 0.193562 0.187372 0.181805 0.202081
162500 0.190309 0.179009 0.200121 0.0 0.0 0.0 0.19243 0.176898 0.198709 0.187372 0.181805 0.202081
162500 0.19042 0.184929 0.19574 0.0 0.0 0.0 0.192683 0.182497 0.195649 0.187145 0.188343 0.195868
162500 0.193863 0.185164 0.194455 0.0 0.0 0.0 0.192683 0.182497 0.195649 0.195588 0.188929 0.192713
162500 0.187433 0.182318 0.190235 0.0 0.0 0.0 0.186077 0.179932 0.193562 0.189167 0.185285 0.185979
162500 0.193116 0.184434 0.198038 0.000154062 0.000604268 0.00105065 0.192683 0.182497 0.195649 0.193588 0.186553 0.200651
162500 0.199427 0.179295 0.186272 0.0 0.0 0.0 0.195471 0.178546 0.188196 0.202888 0.179881 0.184587
162500 0.195743 0.182012 0.195421 0.00446904 -0.000873662 -0.00105805 0.192683 0.182497 0.195649 0.200663 0.181233 0.195053
162500 0.190924 0.184563 0.201264 0.0 0.0 0.0 0.187372 0.181805 0.202081 0.193588 0.186553 0.200651
162500 0.187808 0.186415 0.203039 0.0 0.0 0.0 0.187372 0.181805 0.202081 0.188107 0.189692 0.203728
162500 0.189755 0.183618 0.205513 0.0 0.0 0.0 0.191975 0.185236 0.20871 0.187372 0.181805 0.202081
162500 0.196142 0.185171 0.202555 0.0 0.0 0.0 0.199341 0.183326 0.204949 0.193588 0.186553 0.200651
162500 0.195633 0.184325 0.206843 0.0 0.0 0.0 0.191975 0.185236 0.20871 0.199341 0.183326 0.204949
162500 0.19995 0.1824 0.20039 0.0 0.0 0.0 0.200663 0.181233 0.195053 0.199341 0.183326 0.204949
162500 0.203337 0.18306 0.207082 0.0 0.0 0.0 0.206431 0.182788 0.208733 0.199341 0.183326 0.204949
162500 0.199978 0.181228 0.208593 0.0 0.0 0.0 0.200671 0.178862 0.212566 0.199341 0.183326 0.204949
162500 0.191862 0.18303 0.21227 0.0 0.0 0.0 0.191975 0.185236 0.20871 0.191717 0.180153 0.216776
162500 0.192 0.185888 0.215952 0.0 0.0 0.0 0.191717 0.180153 0.216776 0.192202 0.189723 0.215402
162500 0.190123 0.196961 0.185983 0.0 0.0 0.0 0.189283 0.194186 0.189775 0.190848 0.199288 0.182706
162500 0.198074 0.187184 0.181659 0.0 0.0 0.0 0.19939 0.186758 0.185445 0.196876 0.18747 0.178241
162500 0.195095 0.186177 0.18567 0.0 0.0 0.0 0.19939 0.186758 0.185445 0.189167 0.185285 0.185979
162500 0.188058 0.187 0.191404 0.0 0.0 0.0 0.187145 0.188343 0.195868 0.189167 0.185285 0.185979
162500 0.191362 0.188673 0.194293 0.0 0.0 0.0 0.187145 0.188343 0.195868 0.195588 0.188929 0.192713
162500 0.193102 0.194758 0.188097 0.0 0.0 0.0 0.197502 0.195336 0.186162 0.189283 0.194186 0.189775
162500 0.190982 0.194409 0.194356 0.0 0.0 0.0 0.192886 0.19458 0.199496 0.189283 0.194186 0.189775
162500 0.198651 0.197619 0.190307 0.0 0.0 0.0 0.197502 0.195336 0.186162 0.199911 0.200047 0.194859
162500 0.190822 0.187371 0.198594 0.0 0.0 0.0 0.187145 0.188343 0.195868 0.193588 0.186553 0.200651
162500 0.187712 0.189172 0.200413 0.0 0.0 0.0 0.187145 0.188343 0.195868 0.188107 0.189692 0.203728
162500 0.19445 0.187621 0.197243 0.0 0.0 0.0 0.195588 0.188929 0.192713 0.193588 0.186553 0.200651
162500 0.193298 0.189963 0.200166 0.0 0.0 0.0 0.192886 0.19458 0.199496 0.193588 0.186553 0.200651
162500 0.190084 0.191752 0.201993 0.0 0.0 0.0 0.192886 0.19458 0.199496 0.188107 0.189692 0.203728
162500 0.194351 0.199143 0.188205 0.0 0.0 0.0 0.197502 0.195336 0.186162 0.191434 0.202592 0.190094
162500 0.201027 0.184908 0.181649 0.0 0.0 0.0 0.19939 0.186758 0.185445 0.202324 0.183374 0.178639
162500 0.201245 0.183149 0.184991 0.0 0.0 0.0 0.19939 0.186758 0.185445 0.202888 0.179881 0.184587
162500 0.201596 0.193905 0.183696 0.0 0.0 0.0 0.197502 0.195336 0.186162 0.207329 0.191809 0.18024
162500 0.201527 0.189512 0.188512 0.0 0.0 0.0 0.20363 0.192146 0.191529 0.19939 0.186758 0.185445
162500 0.199903 0.190693 0.192079 0.0 0.0 0.0 0.20363 0.192146 0.191529 0.195588 0.188929 0.192713
162500 0.202128 0.197183 0.187459 0.0 0.0 0.0 0.197502 0.195336 0.186162 0.205261 0.198371 0.188336
162500 0.197371 0.192129 0.199427 0.0 0.0 0.0 0.192886 0.19458 0.199496 0.201676 0.189702 0.19936
162500 0.202056 0.195527 0.192939 0.0 0.0 0.0 0.20363 0.192146 0.191529 0.199911 0.200047 0.194859
162500 0.204515 0.197766 0.19646 0.0 0.0 0.0 0.208613 0.195665 0.197885 0.199911 0.200047 0.194859
162500 0.197008 0.195968 0.202286 0.0 0.0 0.0 0.192886 0.19458 0.199496 0.201652 0.197452 0.20543
162500 0.200782 0.198787 0.200147 0.0 0.0 0.0 0.199911 0.200047 0.194859 0.201652 0.197452 0.20543
162500 0.190818 0.188204 0.202217 0.0 0.0 0.0 0.188107 0.189692 0.203728 0.193588 0.186553 0.200651
162500 0.192871 0.186013 0.20425 0.0 0.0 0.0 0.191975 0.185236 0.20871 0.193588 0.186553 0.200651
162500 0.195044 0.188536 0.203055 0.0 0.0 0.0 0.196495 0.190426 0.205464 0.193588 0.186553 0.200651
162500 0.189816 0.187784 0.205921 0.0 0.0 0.0 0.191975 0.185236 0.20871 0.188107 0.189692 0.203728
162500 0.18727 0.190228 0.206885 0.0 0.0 0.0 0.186223 0.190774 0.210735 0.188107 0.189692 0.203728
162500 0.189876 0.192578 0.205764 0.0 0.0 0.0 0.192315 0.196479 0.208588 0.188107 0.189692 0.203728
162500 0.192092 0.187671 0.212329 0.0 0.0 0.0 0.191975 0.185236 0.20871 0.192202 0.189723 0.215402
162500 0.189387 0.190226 0.213208 0.0 0.0 0.0 0.186223 0.190774 0.210735 0.192202 0.189723 0.215402
162500 0.192245 0.192686 0.212419 0.0 0.0 0.0 0.192202 0.189723 0.215402 0.192315 0.196479 0.208588
162500 0.194809 0.195976 0.212407 0.0 0.0 0.0 0.192315 0.196479 0.208588 0.196847 0.195495 0.215529
162500 0.194461 0.192547 0.215463 0.0 0.0 0.0 0.192202 0.189723 0.215402 0.196847 0.195495 0.215529
162500 0.186288 0.193 0.214227 0.0 0.0 0.0 0.186223 0.190774 0.210735 0.186382 0.196137 0.219293
162500 0.194365 0.190504 0.21843 0.0 0.0 0.0 0.196498 0.191248 0.221402 0.192202 0.189723 0.215402
162500 0.189988 0.192159 0.216875 0.0 0.0 0.0 0.192202 0.189723 0.215402 0.186382 0.196137 0.219293
162500 0.19631 0.197167 0.218917 0.0 0.0 0.0 0.195651 0.199132 0.223067 0.196847 0.195495 0.215529
162500 0.197058 0.187951 0.200097 0.0 0.0 0.0 0.201676 0.189702 0.19936 0.193588 0.186553 0.200651
162500 0.198717 0.190153 0.202846 0.0 0.0 0.0 0.201676 0.189702 0.19936 0.196495 0.190426 0.205464
162500 0.195917 0.186752 0.210424 0.0 0.0 0.0 0.191975 0.185236 0.20871 0.200402 0.188397 0.212375
162500 0.198117 0.189621 0.208334 0.0 0.0 0.0 0.200402 0.188397 0.212375 0.196495 0.190426 0.205464
162500 0.195697 0.189163 0.214107 0.0 0.0 0.0 0.200402 0.188397 0.212375 0.192202 0.189723 0.215402
162500 0.199536 0.182276 0.216606 0.0 0.0 0.0 0.200671 0.178862 0.212566 0.198676 0.184798 0.219666
162500 0.201117 0.187802 0.219822 0.0 0.0 0.0 0.203932 0.191187 0.22 0.198676 0.184798 0.219666
162500 0.202591 0.181761 0.181449 0.0 0.0 0.0 0.202888 0.179881 0.184587 0.202324 0.183374 0.178639
162500 0.204969 0.178549 0.18734 0.0 0.0 0.0 0.207463 0.17687 0.190638 0.202888 0.179881 0.184587
162500 0.209637 0.182849 0.197816 0.0 0.0 0.0 0.21241 0.182483 0.194239 0.206875 0.18314 0.201377
162500 0.209499 0.183787 0.191639 0.0 0.0 0.0 0.21241 0.182483 0.194239 0.206526 0.185043 0.188982
162500 0.201195 0.185713 0.197312 0.0 0.0 0.0 0.200663 0.181233 0.195053 0.201676 0.189702 0.19936
162500 0.203855 0.183345 0.191748 0.0 0.0 0.0 0.200663 0.181233 0.195053 0.206526 0.185043 0.188982
162500 0.216257 0.181432 0.195219 0.0 0.0 0.0 0.222287 0.179689 0.196753 0.21241 0.182483 0.194239
162500 0.204699 0.179734 0.201806 0.0 0.0 0.0 0.206875 0.18314 0.201377 0.202648 0.176452 0.202209
162500 0.207781 0.17956 0.20434 0.0 0.0 0.0 0.20869 0.175891 0.207313 0.206875 0.18314 0.201377
162500 0.205989 0.179372 0.213018 0.0 0.0 0.0 0.209427 0.179641 0.213311 0.200671 0.178862 0.212566
162500 0.204413 0.186285 0.200422 0.0 0.0 0.0 0.201676 0.189702 0.19936 0.206875 0.18314 0.201377
162500 0.213876 0.182106 0.20118 0.0 0.0 0.0 0.212945 0.177952 0.200835 0.215152 0.18771 0.201653
162500 0.207197 0.186571 0.20416 0.0 0.0 0.0 0.206875 0.18314 0.201377 0.207532 0.19008 0.207067
162500 0.20397 0.185115 0.21022 0.0 0.0 0.0 0.206431 0.182788 0.208733 0.200402 0.188397 0.212375
162500 0.209521 0.18397 0.20906 0.0 0.0 0.0 0.206431 0.182788 0.208733 0.212507 0.185039 0.209376
162500 0.210922 0.182298 0.211402 0.0 0.0 0.0 0.209427 0.179641 0.213311 0.212507 0.185039 0.209376
162500 0.200539 0.183597 0.212472 0.0 0.0 0.0 0.200402 0.188397 0.212375 0.200671 0.178862 0.212566
162500 0.215547 0.179042 0.20391 0.0 0.0 0.0 0.218739 0.180296 0.207682 0.212945 0.177952 0.200835
162500 0.207896 0.182633 0.217989 0.0 0.0 0.0 0.20587 0.179868 0.2187 0.21069 0.18636 0.217007
162500 0.206832 0.18766 0.185651 0.0 0.0 0.0 0.207329 0.191809 0.18024 0.206526 0.185043 0.188982
162500 0.204981 0.192061 0.187408 0.0 0.0 0.0 0.20363 0.192146 0.191529 0.207329 0.191809 0.18024
162500 0.205935 0.19627 0.185698 0.0 0.0 0.0 0.205261 0.198371 0.188336 0.207329 0.191809 0.18024
162500 0.21237 0.189627 0.184854 0.0 0.0 0.0 0.215983 0.187999 0.18816 0.207329 0.191809 0.18024
162500 0.207249 0.19056 0.19274 0.0 0.0 0.0 0.2101 0.189244 0.193693 0.20363 0.192146 0.191529
162500 0.205881 0.193773 0.194401 0.0 0.0 0.0 0.20363 0.192146 0.191529 0.208613 0.195665 0.197885
162500 0.211071 0.196743 0.193374 0.0 0.0 0.0 0.208613 0.195665 0.197885 0.21379 0.197856 0.188382
162500 0.208545 0.19821 0.188354 0.0 0.0 0.0 0.205261 0.198371 0.188336 0.21379 0.197856 0.188382
162500 0.201665 0.193306 0.202153 0.0 0.0 0.0 0.201652 0.197452 0.20543 0.201676 0.189702 0.19936
162500 0.204695 0.189935 0.203333 0.0 0.0 0.0 0.201676 0.189702 0.19936 0.207532 0.19008 0.207067
162500 0.211936 0.188724 0.196586 0.0 0.0 0.0 0.2101 0.189244 0.193693 0.215152 0.18771 0.201653
162500 0.215136 0.190889 0.197271 0.0 0.0 0.0 0.215152 0.18771 0.201653 0.215127 0.192655 0.194753
162500 0.205333 0.196545 0.201441 0.0 0.0 0.0 0.208613 0.195665 0.197885 0.201652 0.197452 0.20543
162500 0.211673 0.19198 0.199649 0.0 0.0 0.0 0.208613 0.195665 0.197885 0.215152 0.18771 0.201653
162500 0.211918 0.199529 0.196469 0.0 0.0 0.0 0.208613 0.195665 0.197885 0.214028 0.201935 0.195564
162500 0.21028 0.199758 0.199789 0.0 0.0 0.0 0.208613 0.195665 0.197885 0.211348 0.202299 0.200993
162500 0.210897 0.186447 0.188603 0.0 0.0 0.0 0.215983 0.187999 0.18816 0.206526 0.185043 0.188982
162500 0.212379 0.188799 0.19155 0.0 0.0 0.0 0.2101 0.189244 0.193693 0.215983 0.187999 0.18816
162500 0.21546 0.190882 0.19219 0.0 0.0 0.0 0.215983 0.187999 0.18816 0.215127 0.192655 0.194753
162500 0.216162 0.194551 0.197006 0.0 0.0 0.0 0.2177 0.197278 0.200356 0.215127 0.192655 0.194753
162500 0.213223 0.196521 0.199139 0.0 0.0 0.0 0.2177 0.197278 0.200356 0.208613 0.195665 0.197885
162500 0.217796 0.200791 0.190971 0.0 0.0 0.0 0.21379 0.197856 0.188382 0.22165 0.20354 0.19346
162500 0.200994 0.192727 0.209083 0.0 0.0 0.0 0.200402 0.188397 0.212375 0.201652 0.197452 0.20543
162500 0.203557 0.192122 0.212931 0.0 0.0 0.0 0.200402 0.188397 0.212375 0.206155 0.19512 0.213388
162500 0.204237 0.196151 0.209999 0.0 0.0 0.0 0.206155 0.19512 0.213388 0.201652 0.197452 0.20543
162500 0.213491 0.18607 0.206502 0.0 0.0 0.0 0.212507 0.185039 0.209376 0.215152 0.18771 0.201653
162500 0.20899 0.19472 0.206002 0.0 0.0 0.0 0.210054 0.198043 0.205223 0.207532 0.19008 0.207067
162500 0.207977 0.196368 0.216701 0.0 0.0 0.0 0.21054 0.198031 0.221361 0.206155 0.19512 0.213388
162500 0.218409 0.184086 0.199417 0.0 0.0 0.0 0.222287 0.179689 0.196753 0.215152 0.18771 0.201653
162500 0.213783 0.188146 0.210055 0.0 0.0 0.0 0.212507 0.185039 0.209376 0.216379 0.194352 0.211436
162500 0.213138 0.197772 0.20326 0.0 0.0 0.0 0.210054 0.198043 0.205223 0.2177 0.197278 0.200356
162500 0.215708 0.190759 0.206089 0.0 0.0 0.0 0.216379 0.194352 0.211436 0.215152 0.18771 0.201653
162500 0.213097 0.189779 0.21465 0.0 0.0 0.0 0.21069 0.18636 0.217007 0.216379 0.194352 0.211436
162500 0.213867 0.200352 0.200748 0.0 0.0 0.0 0.2177 0.197278 0.200356 0.211348 0.202299 0.200993
162500 0.217152 0.196102 0.204951 0.0 0.0 0.0 0.2177 0.197278 0.200356 0.216379 0.194352 0.211436
162500 0.219585 0.200304 0.197066 0.0 0.0 0.0 0.2177 0.197278 0.200356 0.22165 0.20354 0.19346
162500 0.185624 0.203688 0.195086 -0.626603 -2.65284 1.37007 0.186224 0.206761 0.194079 0.184708 0.199003 0.196622
162500 0.1856 0.201928 0.200596 -0.458365 -1.01828 -1.98055 0.18677 0.205765 0.205808 0.184708 0.199003 0.196622
162500 0.182984 0.206198 0.194193 -1.08688 -0.108887 0.194616 0.186224 0.206761 0.194079 0.179222 0.205544 0.194327
162500 0.185587 0.212905 0.1952 -0.623984 0.096727 -0.364639 0.189499 0.213009 0.197654 0.182114 0.212813 0.193021
162500 0.181128 0.204813 0.202565 0.226856 -0.00350788 0.129615 0.17851 0.204372 0.20106 0.18677 0.205765 0.205808
162500 0.181074 0.217691 0.198134 1.18181 0.726648 -0.524213 0.17824 0.216035 0.198813 0.183881 0.21933 0.197461
162500 0.183792 0.217538 0.200253 0.0428391 0.44878 -1.02639 0.183689 0.215458 0.203495 0.183881 0.21933 0.197461
162500 0.184828 0.211877 0.20435 1.17098 -2.33232 0.711235 0.183689 0.215458 0.203495 0.18677 0.205765 0.205808
162500 0.190324 0.198253 0.189929 -1.61352 -8.05178 -1.5095 0.191434 0.202592 0.190094 0.189283 0.194186 0.189775
162500 0.192713 0.19972 0.211814 -0.855787 -2.94907 -3.84208 0.193114 0.202992 0.215071 0.192315 0.196479 0.208588
162500 0.194498 0.200493 0.208152 -1.24593 -1.6853 0.370295 0.195988 0.203233 0.207854 0.192315 0.196479 0.208588
162500 0.190036 0.200296 0.207445 0.742207 -1.10923 0.568411 0.18677 0.205765 0.205808 0.192315 0.196479 0.208588
162500 0.195177 0.19885 0.215324 2.02348 -3.66169 -0.411619 0.193114 0.202992 0.215071 0.196847 0.195495 0.215529
162500 0.199375 0.198246 0.215905 -0.243777 -0.241626 -0.0884224 0.202 0.201104 0.216296 0.196847 0.195495 0.215529
162500 0.194387 0.201055 0.219084 0.435733 -0.689695 2.13254 0.193114 0.202992 0.215071 0.195651 0.199132 0.223067
162500 0.188156 0.207812 0.185802 -0.509772 -1.12169 -1.18564 0.189481 0.211365 0.188491 0.187183 0.205202 0.183827
162500 0.198052 0.204939 0.193902 0.112418 -0.209967 0.0681112 0.196615 0.208718 0.193163 0.199911 0.200047 0.194859
162500 0.18843 0.204996 0.192392 1.0291 -0.675087 -0.52574 0.186224 0.206761 0.194079 0.191434 0.202592 0.190094
162500 0.194137 0.205788 0.191695 3.13488 2.65864 1.76973 0.191434 0.202592 0.190094 0.196615 0.208718 0.193163
162500 0.190475 0.206898 0.189307 -0.185347 3.12347 -0.497897 0.191434 0.202592 0.190094 0.189481 0.211365 0.188491
162500 0.187587 0.209361 0.195566 0.927539 1.7886 1.46187 0.186224 0.206761 0.194079 0.189499 0.213009 0.197654
162500 0.196745 0.208951 0.197264 -0.0733949 0.503628 2.719 0.196615 0.208718 0.193163 0.196895 0.209221 0.202025
162500 0.193137 0.211146 0.199804 -1.26621 0.469697 -0.520036 0.196895 0.209221 0.202025 0.189499 0.213009 0.197654
162500 0.191768 0.21376 0.185229 -0.846914 -0.775645 1.54088 0.194148 0.216254 0.181833 0.189481 0.211365 0.188491
162500 0.197077 0.212687 0.192202 0.737552 3.31995 -1.28306 0.196615 0.208718 0.193163 0.197614 0.217294 0.191087
162500 0.187843 0.215629 0.189349 2.36809 -4.38243 -0.454857 0.186299 0.219648 0.190158 0.189481 0.211365 0.188491
162500 0.190524 0.217511 0.197552 0.95886 2.38443 -0.0823854 0.189499 0.213009 0.197654 0.191642 0.222418 0.197442
162500 0.19066 0.214573 0.201841 -0.200323 -0.163602 -0.827182 0.19186 0.216189 0.206171 0.189499 0.213009 0.197654
162500 0.200178 0.20922 0.191176 1.43406 0.423579 -1.0279 0.196615 0.208718 0.193163 0.205607 0.209984 0.188146
162500 0.195869 0.206308 0.213367 0.1911 0.221933 -0.173274 0.193114 0.202992 0.215071 0.198817 0.209856 0.211544
162500 0.195616 0.202391 0.20486 -0.382125 -0.447074 -1.31335 0.195988 0.203233 0.207854 0.195252 0.201569 0.201938
162500 0.197083 0.205796 0.209283 -0.773132 -2.24003 -1.69169 0.198817 0.209856 0.211544 0.195988 0.203233 0.207854
162500 0.195894 0.204557 0.201972 -1.32771 -4.41269 0.581521 0.196895 0.209221 0.202025 0.195252 0.201569 0.201938
162500 0.192638 0.207768 0.203616 1.94942 0.428826 -0.989459 0.18677 0.205765 0.205808 0.196895 0.209221 0.202025
162500 0.191415 0.207294 0.215359 -4.50735 7.64442 0.314221 0.193114 0.202992 0.215071 0.189314 0.212613 0.215715
162500 0.188129 0.209424 0.211101 0.155137 0.54147 1.07683 0.18677 0.205765 0.205808 0.189314 0.212613 0.215715
162500 0.198387 0.213516 0.200579 0.44618 0.941453 -0.199125 0.196895 0.209221 0.202025 0.199576 0.21694 0.199426
162500 0.194378 0.212704 0.204097 2.45828 -2.62007 -2.26239 0.19186 0.216189 0.206171 0.196895 0.209221 0.202025
162500 0.197589 0.200066 0.203213 0.452585 -0.246059 0.152212 0.195252 0.201569 0.201938 0.201652 0.197452 0.20543
162500 0.202812 0.212458 0.212911 1.25109 0.630498 0.22992 0.198817 0.209856 0.211544 0.206406 0.214798 0.21414
162500 0.201099 0.207025 0.201517 2.55732 -1.11167 0.0980295 0.196895 0.209221 0.202025 0.204655 0.205167 0.201088
162500 0.200959 0.211251 0.20348 3.41742 1.57056 1.89026 0.196895 0.209221 0.202025 0.204943 0.213242 0.204906
162500 0.190703 0.214564 0.210508 -1.17249 -0.747274 3.09156 0.19186 0.216189 0.206171 0.189314 0.212613 0.215715
162500 0.200664 0.203666 0.218915 -0.0987367 0.176284 0.251324 0.202 0.201104 0.216296 0.199496 0.205907 0.221205
162500 0.198705 0.217097 0.195727 0.485245 -0.0806548 1.18569 0.197614 0.217294 0.191087 0.199576 0.21694 0.199426
162500 0.201603 0.213924 0.198303 -0.769707 0.948059 0.566303 0.203355 0.211317 0.197333 0.199576 0.21694 0.199426
162500 0.206614 0.199923 0.185782 -0.375681 -0.369646 0.483498 0.208006 0.201521 0.183154 0.205261 0.198371 0.188336
162500 0.210273 0.200085 0.185203 1.57969 -1.09916 1.04541 0.208006 0.201521 0.183154 0.21379 0.197856 0.188382
162500 0.208336 0.199496 0.195114 -0.26884 -2.21164 1.7318 0.20814 0.202196 0.193161 0.208613 0.195665 0.197885
162500 0.213941 0.200442 0.192935 -0.593926 -1.52176 -2.74185 0.214028 0.201935 0.195564 0.21379 0.197856 0.188382
162500 0.204066 0.198128 0.21485 0.107663 -0.127955 -0.0945929 0.202 0.201104 0.216296 0.206155 0.19512 0.213388
162500 0.204899 0.201764 0.181857 -0.728794 -0.0393524 -0.398122 0.208006 0.201521 0.183154 0.200502 0.202108 0.180022
162500 0.203024 0.210688 0.182483 1.20087 -0.216932 1.80556 0.201182 0.21119 0.178444 0.205607 0.209984 0.188146
162500 0.211665 0.209024 0.189416 -2.10166 0.489165 -0.780397 0.215235 0.208458 0.190163 0.205607 0.209984 0.188146
162500 0.213371 0.208499 0.193349 -1.26782 -0.0663992 1.56201 0.215235 0.208458 0.190163 0.211183 0.208547 0.19709
162500 0.212859 0.204653 0.196191 -2.22906 3.48861 0.87436 0.214028 0.201935 0.195564 0.211183 0.208547 0.19709
162500 0.207259 0.204904 0.191417 -1.17333 2.17467 -1.67922 0.20814 0.202196 0.193161 0.205607 0.209984 0.188146
162500 0.20413 0.210858 0.194171 -0.111409 0.023651 0.862862 0.205607 0.209984 0.188146 0.203355 0.211317 0.197333
162500 0.207802 0.206797 0.19916 -3.74619 -1.69356 3.12804 0.211183 0.208547 0.19709 0.204655 0.205167 0.201088
162500 0.21266 0.211884 0.199428 -1.38893 -2.06728 -1.84279 0.214085 0.215101 0.201683 0.211183 0.208547 0.19709
162500 0.203939 0.208556 0.199019 0.193978 -0.829393 0.711887 0.203355 0.211317 0.197333 0.204655 0.205167 0.201088
162500 0.209216 0.214991 0.18708 2.18233 2.31773 -0.864979 0.205607 0.209984 0.188146 0.211321 0.217912 0.186459
162500 0.211979 0.212415 0.195303 1.31546 3.60612 -1.3716 0.211183 0.208547 0.19709 0.212705 0.215943 0.193674
162500 0.217947 0.206379 0.191557 2.57497 -1.62891 0.789635 0.215235 0.208458 0.190163 0.22165 0.20354 0.19346
162500 0.211981 0.208897 0.210073 -0.0204677 -0.0167407 -0.00320975 0.214136 0.211054 0.210065 0.208038 0.204952 0.210087
162500 0.206355 0.209461 0.207269 -0.58126 1.04875 -0.871122 0.208038 0.204952 0.210087 0.204943 0.213242 0.204906
162500 0.20768 0.206462 0.215444 -0.296406 0.271513 1.51722 0.208038 0.204952 0.210087 0.207374 0.207753 0.220023
162500 0.206874 0.211392 0.216984 0.0396895 -0.896539 0.991642 0.206406 0.214798 0.21414 0.207374 0.207753 0.220023
162500 0.209958 0.21458 0.216831 -0.832127 0.0118047 -0.860622 0.213221 0.214379 0.219304 0.206406 0.214798 0.21414
162500 0.205975 0.21706 0.202412 -0.611687 -1.34096 1.11168 0.20698 0.220778 0.199984 0.204943 0.213242 0.204906
162500 0.212749 0.213647 0.209263 -0.509132 1.1108 -0.537169 0.214136 0.211054 0.210065 0.211282 0.21639 0.208414
162500 0.208695 0.215105 0.206982 3.18235 1.64868 1.11739 0.204943 0.213242 0.204906 0.211282 0.21639 0.208414
162500 0.212503 0.215829 0.205482 -0.604038 0.457298 1.23088 0.214085 0.215101 0.201683 0.211282 0.21639 0.208414
162500 0.21653 0.213308 0.198807 0.449522 -0.389674 -0.761993 0.214085 0.215101 0.201683 0.218826 0.211624 0.196107
162500 0.215522 0.20946 0.207867 0.298275 -0.215465 -0.401237 0.214136 0.211054 0.210065 0.217986 0.206625 0.203958
162500 0.21533 0.209266 0.212227 0.545965 -0.536718 0.898099 0.214136 0.211054 0.210065 0.217689 0.20573 0.216502
162500 0.211986 0.216966 0.189924 0.367376 -0.214221 2.02918 0.211321 0.217912 0.186459 0.212705 0.215943 0.193674
162500 0.209351 0.217767 0.192647 1.09629 -0.407893 0.421162 0.206005 0.219587 0.191622 0.212705 0.215943 0.193674
162500 0.215777 0.213775 0.194895 -1.78398 1.76893 -0.848598 0.218826 0.211624 0.196107 0.212705 0.215943 0.193674
162500 0.214872 0.217148 0.186849 -2.50292 0.315677 -0.620243 0.220583 0.21592 0.187477 0.211321 0.217912 0.186459
162500 0.214138 0.216733 0.209872 -3.5411 -0.191643 -2.51963 0.217905 0.217186 0.211796 0.211282 0.21639 0.208414
162500 0.183011 0.216228 0.210028 0.669668 0.783639 0.0617196 0.18092 0.213091 0.210197 0.184997 0.219208 0.209867
162500 0.187339 0.215784 0.20469 0.305703 -0.00812655 0.14087 0.183689 0.215458 0.203495 0.19186 0.216189 0.206171
162500 0.198802 0.214719 0.212516 -0.178027 1.57781 0.128983 0.198817 0.209856 0.211544 0.19879 0.218363 0.213244
162500 0.218473 0.209525 0.199404 0.0129673 -0.209826 0.423394 0.218826 0.211624 0.196107 0.217986 0.206625 0.203958
162500 0.184394 0.209455 0.193608 -0.534666 0.754045 0.0127779 0.186224 0.206761 0.194079 0.182114 0.212813 0.193021
162500 0.210339 0.200507 0.191301 0.351381 -0.334541 -0.43046 0.20814 0.202196 0.193161 0.21379 0.197856 0.188382
162500 0.18794 0.217913 0.208282 -0.283873 0.0770287 0.116514 0.19186 0.216189 0.206171 0.184997 0.219208 0.209867
162500 0.194042 0.20518 0.187526 0.748699 0.49907 -0.628515 0.191434 0.202592 0.190094 0.196269 0.20739 0.185333
162500 0.18229 0.214262 0.206881 -0.0198027 -0.0135058 0.0318329 0.183689 0.215458 0.203495 0.18092 0.213091 0.210197
162500 0.203116 0.21432 0.217116 0.207798 -0.00468094 -0.230105 0.199737 0.213828 0.220172 0.206406 0.214798 0.21414
162500 0.187574 0.20867 0.191763 0.706723 1.08265 -0.932275 0.186224 0.206761 0.194079 0.189481 0.211365 0.188491
162500 0.198152 0.20504 0.182971 0.239626 -0.322262 -0.431829 0.196269 0.20739 0.185333 0.200502 0.202108 0.180022
162500 0.199811 0.208374 0.1864 1.8696 0.541063 0.242916 0.196269 0.20739 0.185333 0.205607 0.209984 0.188146
162500 0.204485 0.202687 0.213741 0.202645 0.113096 -0.27375 0.202 0.201104 0.216296 0.208038 0.204952 0.210087
162500 0.199295 0.21192 0.216029 0.15654 0.274044 0.544391 0.198817 0.209856 0.211544 0.199737 0.213828 0.220172
162500 0.193203 0.209185 0.186759 -0.738816 0.385603 0.493064 0.196269 0.20739 0.185333 0.189481 0.211365 0.188491
162500 0.194654 0.207599 0.181869 0.582398 -0.314219 1.34882 0.192954 0.207818 0.178224 0.196269 0.20739 0.185333
162500 0.19111 0.200767 0.186012 0.00079138 -0.0157401 -0.0532555 0.191434 0.202592 0.190094 0.190848 0.199288 0.182706
162500 0.207781 0.198294 0.182186 -0.000918596 -0.561241 -0.261673 0.208006 0.201521 0.183154 0.207329 0.191809 0.18024
162500 0.198089 0.201089 0.206955 0.248816 -0.331626 -0.0826494 0.195988 0.203233 0.207854 0.201652 0.197452 0.20543
162500 0.190208 0.205169 0.200233 -0.00375519 0.00158391 0.00534173 0.19191 0.204874 0.197473 0.18677 0.205765 0.205808
162500 0.183053 0.21042 0.208597 -0.1719 0.156044 0.0920675 0.18677 0.205765 0.205808 0.18092 0.213091 0.210197
162500 0.19171 0.203913 0.194368 0.00131413 0.00184111 0.0124824 0.191434 0.202592 0.190094 0.19191 0.204874 0.197473
162500 0.193931 0.206674 0.199318 0.0 0.0 0.0 0.19191 0.204874 0.197473 0.196895 0.209221 0.202025
162500 0.197837 0.209532 0.206692 -0.00387807 -0.00548138 -0.0956743 0.198817 0.209856 0.211544 0.196895 0.209221 0.202025
162500 0.181388 0.211213 0.196725 0.0 0.0 0.0 0.180844 0.210008 0.199494 0.182114 0.212813 0.193021
162500 0.182728 0.208659 0.201501 0.00376505 -0.00168186 0.00400347 0.180844 0.210008 0.199494 0.18677 0.205765 0.205808
162500 0.204188 0.215199 0.184977 -0.00746869 0.0184339 -0.015263 0.205607 0.209984 0.188146 0.2034 0.218094 0.183217
162500 0.181595 0.202753 0.19532 0.0 0.0 0.0 0.179222 0.205544 0.194327 0.184708 0.199003 0.196622
162500 0.180855 0.202379 0.199382 0.0 0.0 0.0 0.17851 0.204372 0.20106 0.184708 0.199003 0.196622
162500 0.18826 0.200936 0.193175 0.0 0.0 0.0 0.191434 0.202592 0.190094 0.184708 0.199003 0.196622
162500 0.189074 0.202606 0.197137 0.0 0.0 0.0 0.19191 0.204874 0.197473 0.184708 0.199003 0.196622
162500 0.187297 0.201163 0.188782 0.0 0.0 0.0 0.191434 0.202592 0.190094 0.183455 0.199763 0.187562
162500 0.182288 0.20088 0.205168 0.0 0.0 0.0 0.18677 0.205765 0.205808 0.178739 0.196944 0.204661
162500 0.182106 0.212462 0.201267 0.0 0.0 0.0 0.180844 0.210008 0.199494 0.183689 0.215458 0.203495
162500 0.183091 0.216453 0.195476 0.0 0.0 0.0 0.183881 0.21933 0.197461 0.182114 0.212813 0.193021
162500 0.185567 0.212172 0.190898 0.0 0.0 0.0 0.189481 0.211365 0.188491 0.182114 0.212813 0.193021
162500 0.184138 0.216156 0.191637 0.0 0.0 0.0 0.186299 0.219648 0.190158 0.182114 0.212813 0.193021
162500 0.180776 0.215805 0.200992 0.0 0.0 0.0 0.183689 0.215458 0.203495 0.17824 0.216035 0.198813
162500 0.186332 0.214382 0.200839 0.0 0.0 0.0 0.183689 0.215458 0.203495 0.189499 0.213009 0.197654
162500 0.184367 0.217439 0.206797 0.0 0.0 0.0 0.183689 0.215458 0.203495 0.184997 0.219208 0.209867
162500 0.18623 0.216725 0.197542 0.0 0.0 0.0 0.189499 0.213009 0.197654 0.183881 0.21933 0.197461
162500 0.195311 0.201466 0.192273 0.0 0.0 0.0 0.191434 0.202592 0.190094 0.199911 0.200047 0.194859
162500 0.194946 0.203085 0.196479 0.0 0.0 0.0 0.19191 0.204874 0.197473 0.199911 0.200047 0.194859
162500 0.196953 0.201051 0.199355 0.0 0.0 0.0 0.195252 0.201569 0.201938 0.199911 0.200047 0.194859
162500 0.204967 0.201405 0.193816 0.0 0.0 0.0 0.20814 0.202196 0.193161 0.199911 0.200047 0.194859
162500 0.194078 0.199572 0.204597 0.0 0.0 0.0 0.195252 0.201569 0.201938 0.192315 0.196479 0.208588
162500 0.190138 0.199998 0.216938 0.0 0.0 0.0 0.193114 0.202992 0.215071 0.186382 0.196137 0.219293
162500 0.199087 0.200237 0.219403 0.0 0.0 0.0 0.202 0.201104 0.216296 0.195651 0.199132 0.223067
162500 0.189022 0.204111 0.186538 0.0 0.0 0.0 0.191434 0.202592 0.190094 0.187183 0.205202 0.183827
162500 0.196436 0.208068 0.18911 0.0 0.0 0.0 0.196615 0.208718 0.193163 0.196269 0.20739 0.185333
162500 0.189081 0.205855 0.195784 0.0 0.0 0.0 0.186224 0.206761 0.194079 0.19191 0.204874 0.197473
162500 0.193989 0.206616 0.195567 0.0 0.0 0.0 0.19191 0.204874 0.197473 0.196615 0.208718 0.193163
162500 0.190912 0.208281 0.197547 0.0 0.0 0.0 0.19191 0.204874 0.197473 0.189499 0.213009 0.197654
162500 0.193268 0.209998 0.190971 0.0 0.0 0.0 0.196615 0.208718 0.193163 0.189481 0.211365 0.188491
162500 0.193265 0.210777 0.195278 0.0 0.0 0.0 0.196615 0.208718 0.193163 0.189499 0.213009 0.197654
162500 0.18949 0.212228 0.193088 0.0 0.0 0.0 0.189481 0.211365 0.188491 0.189499 0.213009 0.197654
162500 0.193633 0.203212 0.199775 0.0 0.0 0.0 0.19191 0.204874 0.197473 0.195252 0.201569 0.201938
162500 0.188373 0.210059 0.201018 0.0 0.0 0.0 0.18677 0.205765 0.205808 0.189499 0.213009 0.197654
162500 0.195333 0.211343 0.183788 0.0 0.0 0.0 0.194148 0.216254 0.181833 0.196269 0.20739 0.185333
162500 0.193495 0.214329 0.189772 0.0 0.0 0.0 0.197614 0.217294 0.191087 0.189481 0.211365 0.188491
162500 0.198536 0.209181 0.182155 0.0 0.0 0.0 0.201182 0.21119 0.178444 0.196269 0.20739 0.185333
162500 0.20036 0.2102 0.19548 0.0 0.0 0.0 0.196615 0.208718 0.193163 0.203355 0.211317 0.197333
162500 0.194829 0.203173 0.210765 0.0 0.0 0.0 0.193114 0.202992 0.215071 0.195988 0.203233 0.207854
162500 0.190492 0.204176 0.211242 0.0 0.0 0.0 0.193114 0.202992 0.215071 0.18677 0.205765 0.205808
162500 0.193014 0.204088 0.207194 0.0 0.0 0.0 0.195988 0.203233 0.207854 0.18677 0.205765 0.205808
162500 0.196348 0.205644 0.205544 0.0 0.0 0.0 0.195988 0.203233 0.207854 0.196895 0.209221 0.202025
162500 0.192561 0.202938 0.203166 0.0 0.0 0.0 0.18677 0.205765 0.205808 0.195252 0.201569 0.201938
162500 0.196791 0.204709 0.218605 0.0 0.0 0.0 0.193114 0.202992 0.215071 0.199496 0.205907 0.221205
162500 0.194409 0.211173 0.213479 0.0 0.0 0.0 0.198817 0.209856 0.211544 0.189314 0.212613 0.215715
162500 0.189719 0.211843 0.206018 0.0 0.0 0.0 0.19186 0.216189 0.206171 0.18677 0.205765 0.205808
162500 0.195272 0.213121 0.208806 0.0 0.0 0.0 0.198817 0.209856 0.211544 0.19186 0.216189 0.206171
162500 0.20072 0.2105 0.199247 0.0 0.0 0.0 0.196895 0.209221 0.202025 0.203355 0.211317 0.197333
162500 0.203158 0.207586 0.210858 0.0 0.0 0.0 0.198817 0.209856 0.211544 0.208038 0.204952 0.210087
162500 0.20197 0.211636 0.208128 0.0 0.0 0.0 0.198817 0.209856 0.211544 0.204943 0.213242 0.204906
162500 0.19794 0.202004 0.215736 0.0 0.0 0.0 0.193114 0.202992 0.215071 0.202 0.201104 0.216296
162500 0.195106 0.213326 0.218192 0.0 0.0 0.0 0.199737 0.213828 0.220172 0.189314 0.212613 0.215715
162500 0.199214 0.216371 0.216346 0.0 0.0 0.0 0.199737 0.213828 0.220172 0.19879 0.218363 0.213244
162500 0.186658 0.216708 0.212117 0.0 0.0 0.0 0.189314 0.212613 0.215715 0.184997 0.219208 0.209867
162500 0.190639 0.218358 0.213829 0.0 0.0 0.0 0.189314 0.212613 0.215715 0.191571 0.222309 0.212501
162500 0.195894 0.216816 0.186493 0.0 0.0 0.0 0.194148 0.216254 0.181833 0.197614 0.217294 0.191087
162500 0.199532 0.217364 0.182641 0.0 0.0 0.0 0.194148 0.216254 0.181833 0.2034 0.218094 0.183217
162500 0.20107 0.214172 0.189816 0.0 0.0 0.0 0.197614 0.217294 0.191087 0.205607 0.209984 0.188146
162500 0.201983 0.215319 0.201885 0.0 0.0 0.0 0.204943 0.213242 0.204906 0.199576 0.21694 0.199426
162500 0.202251 0.216781 0.213651 0.0 0.0 0.0 0.206406 0.214798 0.21414 0.19879 0.218363 0.213244
162500 0.206688 0.200304 0.190727 0.0 0.0 0.0 0.20814 0.202196 0.193161 0.205261 0.198371 0.188336
162500 0.204768 0.20115 0.207703 0.0 0.0 0.0 0.208038 0.204952 0.210087 0.201652 0.197452 0.20543
162500 0.206935 0.19923 0.212021 0.0 0.0 0.0 0.208038 0.204952 0.210087 0.206155 0.19512 0.213388
162500 0.205526 0.199873 0.218387 0.0 0.0 0.0 0.202 0.201104 0.216296 0.21054 0.198031 0.221361
162500 0.202711 0.205553 0.183537 0.0 0.0 0.0 0.205607 0.209984 0.188146 0.200502 0.202108 0.180022
162500 0.207166 0.204523 0.184903 0.0 0.0 0.0 0.208006 0.201521 0.183154 0.205607 0.209984 0.188146
162500 0.211048 0.207505 0.184817 0.0 0.0 0.0 0.205607 0.209984 0.188146 0.215054 0.205614 0.182364
162500 0.207049 0.208049 0.18223 0.0 0.0 0.0 0.205607 0.209984 0.188146 0.207847 0.20692 0.178956
162500 0.20243 0.215111 0.18113 0.0 0.0 0.0 0.201182 0.21119 0.178444 0.2034 0.218094 0.183217
162500 0.21123 0.202097 0.194422 0.0 0.0 0.0 0.20814 0.202196 0.193161 0.214028 0.201935 0.195564
162500 0.209464 0.204998 0.194871 0.0 0.0 0.0 0.20814 0.202196 0.193161 0.211183 0.208547 0.19709
162500 0.208902 0.209173 0.193433 0.0 0.0 0.0 0.205607 0.209984 0.188146 0.211183 0.208547 0.19709
162500 0.206731 0.21016 0.197228 0.0 0.0 0.0 0.203355 0.211317 0.197333 0.211183 0.208547 0.19709
162500 0.212687 0.202162 0.198284 0.0 0.0 0.0 0.214028 0.201935 0.195564 0.211348 0.202299 0.200993
162500 0.211278 0.204914 0.199395 0.0 0.0 0.0 0.211183 0.208547 0.19709 0.211348 0.202299 0.200993
162500 0.204011 0.21215 0.20046 0.0 0.0 0.0 0.204943 0.213242 0.204906 0.203355 0.211317 0.197333
162500 0.214013 0.21211 0.191859 0.0 0.0 0.0 0.215235 0.208458 0.190163 0.212705 0.215943 0.193674
162500 0.209959 0.213675 0.191536 0.0 0.0 0.0 0.205607 0.209984 0.188146 0.212705 0.215943 0.193674
162500 0.205851 0.215914 0.19028 0.0 0.0 0.0 0.205607 0.209984 0.188146 0.206005 0.219587 0.191622
162500 0.216976 0.21003 0.193045 0.0 0.0 0.0 0.218826 0.211624 0.196107 0.215235 0.208458 0.190163
162500 0.216887 0.202575 0.194776 0.0 0.0 0.0 0.214028 0.201935 0.195564 0.22165 0.20354 0.19346
162500 0.215194 0.2102 0.196574 0.0 0.0 0.0 0.218826 0.211624 0.196107 0.211183 0.208547 0.19709
162500 0.214206 0.207731 0.200142 0.0 0.0 0.0 0.217986 0.206625 0.203958 0.211183 0.208547 0.19709
162500 0.210182 0.203279 0.2042 0.0 0.0 0.0 0.208038 0.204952 0.210087 0.211348 0.202299 0.200993
162500 0.208477 0.203574 0.201041 0.0 0.0 0.0 0.211348 0.202299 0.200993 0.204655 0.205167 0.201088
162500 0.206075 0.205115 0.204866 0.0 0.0 0.0 0.208038 0.204952 0.210087 0.204655 0.205167 0.201088
162500 0.207132 0.21046 0.212339 0.0 0.0 0.0 0.208038 0.204952 0.210087 0.206406 0.214798 0.21414
162500 0.204788 0.208945 0.202857 0.0 0.0 0.0 0.204943 0.213242 0.204906 0.204655 0.205167 0.201088
162500 0.205692 0.214076 0.209632 0.0 0.0 0.0 0.206406 0.214798 0.21414 0.204943 0.213242 0.204906
162500 0.20977 0.214262 0.203204 0.0 0.0 0.0 0.214085 0.215101 0.201683 0.204943 0.213242 0.204906
162500 0.213376 0.215572 0.197568 0.0 0.0 0.0 0.214085 0.215101 0.201683 0.212705 0.215943 0.193674
162500 0.210684 0.217857 0.20087 0.0 0.0 0.0 0.214085 0.215101 0.201683 0.20698 0.220778 0.199984
162500 0.209237 0.21576 0.210817 0.0 0.0 0.0 0.206406 0.214798 0.21414 0.211282 0.21639 0.208414
162500 0.204904 0.21846 0.217235 0.0 0.0 0.0 0.206406 0.214798 0.21414 0.203441 0.221953 0.22025
162500 0.211892 0.200093 0.210711 0.0 0.0 0.0 0.208038 0.204952 0.210087 0.216379 0.194352 0.211436
162500 0.213725 0.203895 0.202063 0.0 0.0 0.0 0.217986 0.206625 0.203958 0.211348 0.202299 0.200993
162500 0.213083 0.205839 0.206979 0.0 0.0 0.0 0.208038 0.204952 0.210087 0.217986 0.206625 0.203958
162500 0.215783 0.211449 0.202674 0.0 0.0 0.0 0.214085 0.215101 0.201683 0.217986 0.206625 0.203958
162500 0.212676 0.205364 0.21317 0.0 0.0 0.0 0.208038 0.204952 0.210087 0.217689 0.20573 0.216502
162500 0.21571 0.213651 0.210788 0.0 0.0 0.0 0.214136 0.211054 0.210065 0.217905 0.217186 0.211796
162500 0.218173 0.215782 0.202278 0.0 0.0 0.0 0.214085 0.215101 0.201683 0.224603 0.216753 0.203212
162500 0.204418 0.204134 0.217973 0.0 0.0 0.0 0.202 0.201104 0.216296 0.207374 0.207753 0.220023
162500 0.207265 0.218045 0.184801 0.0 0.0 0.0 0.211321 0.217912 0.186459 0.2034 0.218094 0.183217
162500 0.210044 0.218228 0.196607 0.0 0.0 0.0 0.20698 0.220778 0.199984 0.212705 0.215943 0.193674
162500 0.215874 0.215972 0.191182 0.0 0.0 0.0 0.220583 0.21592 0.187477 0.212705 0.215943 0.193674
162500 0.216522 0.218356 0.194653 0.0 0.0 0.0 0.219676 0.22028 0.19546 0.212705 0.215943 0.193674
162500 0.219885 0.205064 0.198518 0.0 0.0 0.0 0.217986 0.206625 0.203958 0.22165 0.20354 0.19346
