# ts x y z Fx Fy Fz x1 y1 z1 x2 y2 z2
406250 0.181767 0.197926 0.19384 0.618194 0.428548 0.447729 0.179974 0.196137 0.192157 0.184723 0.200876 0.196616
406250 0.182201 0.19663 0.197475 6.61015 8.62361 -0.70889 0.18054 0.193833 0.198041 0.184723 0.200876 0.196616
406250 0.183285 0.189107 0.19382 -0.853618 -0.104059 -0.509328 0.187129 0.190248 0.195876 0.179183 0.187888 0.191625
406250 0.185738 0.194906 0.187858 5.8462 1.64651 4.42432 0.182419 0.193801 0.186055 0.189281 0.196085 0.189783
406250 0.183327 0.192316 0.197125 -6.68584 3.37139 0.94276 0.187129 0.190248 0.195876 0.18054 0.193833 0.198041
406250 0.188936 0.198599 0.198103 -3.93194 1.51769 -0.858471 0.192898 0.196458 0.199501 0.184723 0.200876 0.196616
406250 0.186367 0.198898 0.188666 -4.20907 5.28332 -2.60603 0.189281 0.196085 0.189783 0.183479 0.201685 0.18756
406250 0.183549 0.191041 0.208198 6.00273 2.58069 4.33351 0.180427 0.189079 0.205194 0.186194 0.192704 0.210743
406250 0.194422 0.180887 0.181474 8.22816 5.23818 -0.459269 0.191336 0.178171 0.181524 0.196928 0.183093 0.181433
406250 0.198064 0.185644 0.183264 -2.09774 -5.23179 -5.10688 0.199414 0.188674 0.185438 0.196928 0.183093 0.181433
406250 0.199839 0.182478 0.182951 -1.23918 0.0915233 -0.81402 0.202902 0.181831 0.184549 0.196928 0.183093 0.181433
406250 0.201469 0.178681 0.183933 1.37404 2.13582 0.643517 0.199417 0.174172 0.18305 0.202902 0.181831 0.184549
406250 0.192811 0.183332 0.187244 -8.26127 6.5633 -3.45761 0.195488 0.180493 0.188192 0.189162 0.187202 0.185952
406250 0.186582 0.185935 0.194701 -2.20988 -16.6719 -1.77811 0.187129 0.190248 0.195876 0.186061 0.181836 0.193585
406250 0.197808 0.18168 0.191247 2.61717 0.62791 3.53466 0.195488 0.180493 0.188192 0.200693 0.183156 0.195047
406250 0.196632 0.182064 0.205789 -8.86961 -7.45798 2.96985 0.199374 0.185214 0.204928 0.193525 0.178495 0.206763
406250 0.188255 0.178921 0.214301 8.4805 5.49133 6.167 0.185419 0.176309 0.212247 0.191712 0.182107 0.216805
406250 0.197788 0.189163 0.205225 -3.06541 5.22641 0.0814159 0.199374 0.185214 0.204928 0.196524 0.19231 0.205462
406250 0.20323 0.185134 0.203105 5.54454 0.558822 -3.48929 0.199374 0.185214 0.204928 0.206911 0.185057 0.201364
406250 0.200492 0.188316 0.202221 0.487734 3.45913 -2.94519 0.199374 0.185214 0.204928 0.201679 0.191608 0.199348
406250 0.199882 0.187593 0.208432 -1.32861 -2.79067 -5.56887 0.200452 0.190264 0.212365 0.199374 0.185214 0.204928
406250 0.195919 0.184881 0.218532 4.41842 1.98178 1.44888 0.191712 0.182107 0.216805 0.198701 0.186716 0.219675
406250 0.196494 0.181424 0.214557 -4.06547 0.595446 1.16778 0.200668 0.180829 0.212595 0.191712 0.182107 0.216805
406250 0.18923 0.192228 0.188119 0.841436 12.8325 8.04436 0.189162 0.187202 0.185952 0.189281 0.196085 0.189783
406250 0.197627 0.189681 0.188834 -1.61171 0.359637 2.54696 0.199414 0.188674 0.185438 0.195593 0.190828 0.1927
406250 0.188243 0.193268 0.192723 1.5221 2.68297 -2.45989 0.187129 0.190248 0.195876 0.189281 0.196085 0.189783
406250 0.189948 0.193282 0.197647 10.9308 8.6845 4.79196 0.187129 0.190248 0.195876 0.192898 0.196458 0.199501
406250 0.192323 0.193551 0.191189 -10.1016 8.90769 -2.51987 0.195593 0.190828 0.1927 0.189281 0.196085 0.189783
406250 0.196518 0.193925 0.189545 -1.80654 -6.56047 4.81228 0.19751 0.197246 0.186162 0.195593 0.190828 0.1927
406250 0.194275 0.193582 0.196027 1.84394 -7.12936 -9.84304 0.192898 0.196458 0.199501 0.195593 0.190828 0.1927
406250 0.195005 0.194048 0.202964 1.08297 -2.06132 2.63158 0.192898 0.196458 0.199501 0.196524 0.19231 0.205462
406250 0.192613 0.197417 0.204109 -0.410976 0.304592 6.56787 0.192898 0.196458 0.199501 0.192335 0.198351 0.208594
406250 0.196215 0.199016 0.197334 0.64437 0.386647 -0.28266 0.192898 0.196458 0.199501 0.199957 0.201901 0.194889
406250 0.194333 0.200694 0.200986 4.83865 16.5261 8.84399 0.192898 0.196458 0.199501 0.195263 0.203441 0.201949
406250 0.198015 0.187184 0.193815 -15.3023 16.8855 -7.47315 0.200693 0.183156 0.195047 0.195593 0.190828 0.1927
406250 0.202342 0.190532 0.18351 1.26347 0.620589 -1.04195 0.199414 0.188674 0.185438 0.20735 0.193709 0.180212
406250 0.202894 0.187842 0.187153 3.08725 -0.660826 0.941743 0.199414 0.188674 0.185438 0.206558 0.186965 0.188959
406250 0.198632 0.191218 0.19602 0.758306 0.281894 0.970622 0.195593 0.190828 0.1927 0.201679 0.191608 0.199348
406250 0.200907 0.195479 0.18913 0.273728 -0.137229 0.167762 0.19751 0.197246 0.186162 0.203644 0.194055 0.191521
406250 0.199023 0.200642 0.183059 4.00944 6.5587 -8.29377 0.19751 0.197246 0.186162 0.200514 0.203991 0.18
406250 0.189065 0.195344 0.209738 15.4082 10.4102 -3.5589 0.186194 0.192704 0.210743 0.192335 0.198351 0.208594
406250 0.196692 0.195191 0.218555 1.7898 4.95999 -6.59918 0.196494 0.193158 0.221399 0.196904 0.197369 0.215507
406250 0.196662 0.19881 0.207134 -6.75314 -1.73634 2.9896 0.201671 0.199342 0.205443 0.192335 0.198351 0.208594
406250 0.198463 0.194247 0.214126 -2.33611 7.75552 3.31482 0.200452 0.190264 0.212365 0.196904 0.197369 0.215507
406250 0.199444 0.18822 0.216576 -1.07043 -1.1748 3.84909 0.200452 0.190264 0.212365 0.198701 0.186716 0.219675
406250 0.204572 0.184176 0.186564 1.4369 1.38457 1.5688 0.202902 0.181831 0.184549 0.206558 0.186965 0.188959
406250 0.200622 0.17868 0.192835 -0.328306 -8.62765 -6.11644 0.200693 0.183156 0.195047 0.200574 0.175601 0.191314
406250 0.210003 0.181637 0.192451 5.25506 4.2308 3.67906 0.207489 0.178794 0.190625 0.212445 0.184399 0.194223
406250 0.204379 0.18079 0.192648 -4.17642 2.42764 3.71248 0.207489 0.178794 0.190625 0.200693 0.183156 0.195047
406250 0.212727 0.182099 0.197594 -0.295098 3.54788 -7.47218 0.212999 0.179891 0.200832 0.212445 0.184399 0.194223
406250 0.20184 0.180446 0.199081 2.23732 -3.60389 4.51299 0.200693 0.183156 0.195047 0.202722 0.178363 0.202182
406250 0.204118 0.184203 0.198526 9.32701 1.93067 6.92926 0.200693 0.183156 0.195047 0.206911 0.185057 0.201364
406250 0.207022 0.182896 0.189789 0.125457 2.73296 -0.479567 0.207489 0.178794 0.190625 0.206558 0.186965 0.188959
406250 0.211121 0.188257 0.193914 1.00167 -1.91894 0.278997 0.210126 0.191156 0.193681 0.212445 0.184399 0.194223
406250 0.213631 0.18665 0.197426 0.545584 2.32954 2.98542 0.212445 0.184399 0.194223 0.215192 0.189615 0.201642
406250 0.214076 0.186914 0.191441 -2.45106 -5.2162 6.92474 0.216014 0.189903 0.188133 0.212445 0.184399 0.194223
406250 0.21001 0.182427 0.201093 -4.79025 3.63643 -0.497343 0.212999 0.179891 0.200832 0.206911 0.185057 0.201364
406250 0.210915 0.178874 0.204004 -1.37511 -1.13737 2.14188 0.212999 0.179891 0.200832 0.208747 0.177815 0.207307
406250 0.206648 0.184857 0.205424 1.16074 0.136034 -5.14774 0.206434 0.184695 0.208716 0.206911 0.185057 0.201364
406250 0.208011 0.183073 0.211121 5.28337 -3.9544 5.61727 0.206434 0.184695 0.208716 0.209447 0.181596 0.213312
406250 0.20404 0.183089 0.210327 -4.3964 -2.99052 4.19627 0.206434 0.184695 0.208716 0.200668 0.180829 0.212595
406250 0.209393 0.178775 0.214352 -1.46971 -8.85423 4.2041 0.209447 0.181596 0.213312 0.209274 0.172518 0.216659
406250 0.210477 0.18702 0.201484 -10.0491 -5.39097 -2.16578 0.215192 0.189615 0.201642 0.206911 0.185057 0.201364
406250 0.20693 0.187878 0.207989 2.95189 9.94558 -3.36992 0.206434 0.184695 0.208716 0.20757 0.191981 0.207052
406250 0.209933 0.184195 0.214744 0.108052 4.7204 3.04283 0.209447 0.181596 0.213312 0.210703 0.188312 0.217012
406250 0.216546 0.180546 0.199272 -0.889539 -0.100178 0.553826 0.222334 0.181614 0.196727 0.212999 0.179891 0.200832
406250 0.21222 0.181478 0.214471 2.98151 -0.014099 1.83138 0.209447 0.181596 0.213312 0.215931 0.18132 0.216023
406250 0.202734 0.192922 0.195144 -0.382918 -0.310583 0.87841 0.203644 0.194055 0.191521 0.201679 0.191608 0.199348
406250 0.205074 0.194519 0.198634 -3.30495 -2.24071 0.184367 0.208624 0.197563 0.197888 0.201679 0.191608 0.199348
406250 0.205051 0.190631 0.190284 0.363292 -0.610555 -0.302441 0.203644 0.194055 0.191521 0.206558 0.186965 0.188959
406250 0.208614 0.18938 0.19168 -1.88262 -3.35078 -3.80186 0.210126 0.191156 0.193681 0.206558 0.186965 0.188959
406250 0.204534 0.197437 0.189789 0.397134 0.886638 -0.415839 0.203644 0.194055 0.191521 0.205282 0.20028 0.188333
406250 0.212627 0.192863 0.194211 2.55459 1.73417 1.06329 0.210126 0.191156 0.193681 0.215144 0.19458 0.194743
406250 0.209535 0.193678 0.195337 -0.805232 3.13006 2.87205 0.210126 0.191156 0.193681 0.208624 0.197563 0.197888
406250 0.212568 0.195758 0.195985 2.72996 -0.72538 -1.14461 0.208624 0.197563 0.197888 0.215144 0.19458 0.194743
406250 0.214648 0.196501 0.192371 0.449777 -1.36043 2.37507 0.21381 0.199757 0.188353 0.215144 0.19458 0.194743
406250 0.209499 0.198992 0.202317 -1.85206 -2.21218 -5.18347 0.210073 0.19993 0.205226 0.208624 0.197563 0.197888
406250 0.218026 0.193488 0.194992 -5.77196 2.3784 0.471353 0.221864 0.192036 0.195324 0.215144 0.19458 0.194743
406250 0.214953 0.194646 0.188239 -2.12368 5.71 -0.366031 0.216014 0.189903 0.188133 0.21381 0.199757 0.188353
406250 0.20422 0.191173 0.209553 3.55913 0.918939 -3.67983 0.200452 0.190264 0.212365 0.20757 0.191981 0.207052
406250 0.204946 0.195255 0.206336 11.4754 -12.4092 0.453306 0.201671 0.199342 0.205443 0.20757 0.191981 0.207052
406250 0.21041 0.189106 0.20839 -3.0346 2.85294 -2.13986 0.212539 0.18695 0.209393 0.20757 0.191981 0.207052
406250 0.210935 0.190936 0.204663 -5.94559 1.01142 3.17687 0.215192 0.189615 0.201642 0.20757 0.191981 0.207052
406250 0.211802 0.187497 0.21245 -0.496491 0.378183 1.29183 0.212539 0.18695 0.209393 0.210703 0.188312 0.217012
406250 0.203384 0.203724 0.202977 8.17391 14.4016 -6.84296 0.201671 0.199342 0.205443 0.204684 0.207052 0.201106
406250 0.209354 0.202401 0.206972 -1.10333 3.46027 3.40852 0.210073 0.19993 0.205226 0.208065 0.206831 0.210104
406250 0.215026 0.185068 0.208717 -4.04868 2.26704 1.43495 0.218782 0.182224 0.207696 0.212539 0.18695 0.209393
406250 0.217086 0.185715 0.204836 -2.27202 3.56017 -4.06928 0.218782 0.182224 0.207696 0.215192 0.189615 0.201642
406250 0.218973 0.190987 0.198061 -2.28837 -0.947886 3.01481 0.221864 0.192036 0.195324 0.215192 0.189615 0.201642
406250 0.212124 0.198739 0.207237 2.63022 -2.0665 3.6279 0.210073 0.19993 0.205226 0.216407 0.196253 0.211437
406250 0.216578 0.194769 0.200936 -4.82642 -11.2188 2.51842 0.217763 0.199172 0.200332 0.215192 0.189615 0.201642
406250 0.207046 0.190902 0.218622 12.8193 -6.28755 -4.40714 0.203926 0.193112 0.219996 0.210703 0.188312 0.217012
406250 0.215534 0.201973 0.197444 -3.1018 5.88393 -6.21973 0.217763 0.199172 0.200332 0.214069 0.203814 0.195545
406250 0.182586 0.181201 0.196004 -2.53755 -0.109962 1.36653 0.186061 0.181836 0.193585 0.177632 0.180295 0.199453
406250 0.194741 0.194881 0.206795 1.97888 -2.74272 -2.12318 0.192335 0.198351 0.208594 0.196524 0.19231 0.205462
406250 0.206322 0.181889 0.18374 -0.924974 0.135554 0.210297 0.211582 0.181978 0.182496 0.202902 0.181831 0.184549
406250 0.21107 0.193673 0.208789 -4.65796 -2.7212 -3.40421 0.216407 0.196253 0.211437 0.20757 0.191981 0.207052
406250 0.201136 0.181608 0.203483 1.09402 -1.59631 -0.883621 0.199374 0.185214 0.204928 0.202722 0.178363 0.202182
406250 0.193716 0.199508 0.184173 -1.92621 1.44894 -1.47956 0.19751 0.197246 0.186162 0.190873 0.201204 0.182682
406250 0.217903 0.203458 0.201999 0.950006 5.60551 2.89155 0.217763 0.199172 0.200332 0.218067 0.208507 0.203962
406250 0.210995 0.197122 0.184806 2.479 1.54346 3.13774 0.20735 0.193709 0.180212 0.21381 0.199757 0.188353
406250 0.210043 0.196727 0.212644 0.113299 0.00329902 -0.00747668 0.20618 0.197014 0.213376 0.216407 0.196253 0.211437
406250 0.198533 0.195054 0.205454 -3.2414 -4.81633 -0.886353 0.201671 0.199342 0.205443 0.196524 0.19231 0.205462
406250 0.190324 0.181195 0.204352 -1.37554 0.800321 -1.04261 0.193525 0.178495 0.206763 0.187333 0.183718 0.202098
406250 0.183208 0.182263 0.200973 0.376555 0.0793796 0.139934 0.177632 0.180295 0.199453 0.187333 0.183718 0.202098
406250 0.187231 0.186987 0.198983 -0.212607 -1.11647 1.13365 0.187129 0.190248 0.195876 0.187333 0.183718 0.202098
406250 0.206848 0.194594 0.210336 0.0119929 -0.0254499 -0.0441736 0.20618 0.197014 0.213376 0.20757 0.191981 0.207052
406250 0.20507 0.195093 0.216635 0.0166655 0.0162104 -0.0387489 0.203926 0.193112 0.219996 0.20618 0.197014 0.213376
406250 0.203662 0.181406 0.216107 0.000508696 8.53151e-05 0.000828293 0.200668 0.180829 0.212595 0.205885 0.181835 0.218715
406250 0.18178 0.199896 0.200556 1.29054 0.107434 -1.49457 0.178725 0.198879 0.204647 0.184723 0.200876 0.196616
406250 0.202331 0.191804 0.216492 0.126729 0.192219 0.460887 0.200452 0.190264 0.212365 0.203926 0.193112 0.219996
406250 0.194484 0.190016 0.206923 3.02754 2.65594 -2.52556 0.19196 0.187177 0.208732 0.196524 0.19231 0.205462
406250 0.206971 0.199713 0.205306 -0.790124 -0.149955 0.107384 0.210073 0.19993 0.205226 0.201671 0.199342 0.205443
406250 0.207468 0.181621 0.208086 0.670345 -1.27999 -0.333673 0.206434 0.184695 0.208716 0.208747 0.177815 0.207307
406250 0.192688 0.183136 0.207816 0.345809 -6.71736 -2.23363 0.19196 0.187177 0.208732 0.193525 0.178495 0.206763
406250 0.189014 0.19 0.209759 -4.4572 3.55947 0.659671 0.19196 0.187177 0.208732 0.186194 0.192704 0.210743
406250 0.208749 0.184791 0.186141 -0.229436 0.317364 0.446218 0.211582 0.181978 0.182496 0.206558 0.186965 0.188959
406250 0.198557 0.192533 0.185764 1.82276 -4.78227 -0.76141 0.19751 0.197246 0.186162 0.199414 0.188674 0.185438
406250 0.19185 0.184939 0.212294 -0.316674 -0.902856 1.43577 0.19196 0.187177 0.208732 0.191712 0.182107 0.216805
406250 0.199907 0.178639 0.216626 0.370456 0.867697 -2.46138 0.199108 0.176339 0.220858 0.200668 0.180829 0.212595
406250 0.218452 0.185962 0.199398 -2.46756 2.39076 2.22717 0.222334 0.181614 0.196727 0.215192 0.189615 0.201642
406250 0.18397 0.186329 0.203605 0.37515 -0.399477 -0.161134 0.180427 0.189079 0.205194 0.187333 0.183718 0.202098
406250 0.199082 0.178681 0.196568 -2.69279 -5.60332 2.90009 0.200693 0.183156 0.195047 0.198039 0.175785 0.197553
406250 0.194849 0.197811 0.212397 0.629725 -0.0457526 0.70784 0.192335 0.198351 0.208594 0.196904 0.197369 0.215507
406250 0.213116 0.191672 0.214653 4.42816 4.36256 -4.10132 0.210703 0.188312 0.217012 0.216407 0.196253 0.211437
406250 0.216197 0.196426 0.19699 -0.662329 -0.724665 -0.971466 0.217763 0.199172 0.200332 0.215144 0.19458 0.194743
406250 0.182428 0.180413 0.191303 0.0 0.0 0.0 0.186061 0.181836 0.193585 0.178509 0.178906 0.188842
406250 0.182858 0.186401 0.208299 0.0 0.0 0.0 0.180427 0.189079 0.205194 0.184789 0.184299 0.210767
406250 0.185948 0.18402 0.206817 0.0 0.0 0.0 0.187333 0.183718 0.202098 0.184789 0.184299 0.210767
406250 0.185081 0.180593 0.211454 0.000569784 0.00688568 -0.00134296 0.185419 0.176309 0.212247 0.184789 0.184299 0.210767
406250 0.187662 0.183375 0.213272 0.0 0.0 0.0 0.191712 0.182107 0.216805 0.184789 0.184299 0.210767
406250 0.188182 0.185647 0.209804 0.0 0.0 0.0 0.19196 0.187177 0.208732 0.184789 0.184299 0.210767
406250 0.185469 0.188353 0.210755 0.0 0.0 0.0 0.186194 0.192704 0.210743 0.184789 0.184299 0.210767
406250 0.180494 0.191871 0.200972 0.0 0.0 0.0 0.180427 0.189079 0.205194 0.18054 0.193833 0.198041
406250 0.182822 0.184673 0.192662 0.0 0.0 0.0 0.186061 0.181836 0.193585 0.179183 0.187888 0.191625
406250 0.18385 0.187553 0.188973 0.0 0.0 0.0 0.189162 0.187202 0.185952 0.179183 0.187888 0.191625
406250 0.184983 0.190383 0.204352 0.0 0.0 0.0 0.180427 0.189079 0.205194 0.188136 0.191307 0.203769
406250 0.18599 0.195265 0.196226 0.0 0.0 0.0 0.187129 0.190248 0.195876 0.184723 0.200876 0.196616
406250 0.187203 0.198257 0.192898 0.0 0.0 0.0 0.189281 0.196085 0.189783 0.184723 0.200876 0.196616
406250 0.197921 0.17952 0.182079 0.0 0.0 0.0 0.199417 0.174172 0.18305 0.196928 0.183093 0.181433
406250 0.196274 0.181898 0.184502 0.0 0.0 0.0 0.195488 0.180493 0.188192 0.196928 0.183093 0.181433
406250 0.193436 0.179331 0.184898 0.0 0.0 0.0 0.195488 0.180493 0.188192 0.191336 0.178171 0.181524
406250 0.193985 0.184636 0.183146 0.0 0.0 0.0 0.189162 0.187202 0.185952 0.196928 0.183093 0.181433
406250 0.190404 0.182031 0.183424 0.0 0.0 0.0 0.189162 0.187202 0.185952 0.191336 0.178171 0.181524
406250 0.18991 0.183291 0.194771 -0.0139092 -0.00300858 -0.00309349 0.192701 0.184347 0.195632 0.186061 0.181836 0.193585
406250 0.19254 0.181593 0.197155 0.0 0.0 0.0 0.192701 0.184347 0.195632 0.192372 0.178722 0.198754
406250 0.189643 0.180056 0.196519 0.0 0.0 0.0 0.186061 0.181836 0.193585 0.192372 0.178722 0.198754
406250 0.190514 0.18408 0.198266 0.0 0.0 0.0 0.192701 0.184347 0.195632 0.187333 0.183718 0.202098
406250 0.186681 0.182739 0.197727 0.0 0.0 0.0 0.186061 0.181836 0.193585 0.187333 0.183718 0.202098
406250 0.190259 0.180805 0.200156 0.0 0.0 0.0 0.192372 0.178722 0.198754 0.187333 0.183718 0.202098
406250 0.192837 0.17863 0.201982 1.11689e-05 3.75004e-05 0.00049633 0.192372 0.178722 0.198754 0.193525 0.178495 0.206763
406250 0.197462 0.184594 0.186807 0.0 0.0 0.0 0.195488 0.180493 0.188192 0.199414 0.188674 0.185438
406250 0.190427 0.186744 0.195731 0.0 0.0 0.0 0.192701 0.184347 0.195632 0.187129 0.190248 0.195876
406250 0.193879 0.186977 0.194438 0.0 0.0 0.0 0.192701 0.184347 0.195632 0.195593 0.190828 0.1927
406250 0.187422 0.184178 0.190235 0.0 0.0 0.0 0.186061 0.181836 0.193585 0.189162 0.187202 0.185952
406250 0.193176 0.1862 0.198079 0.000202417 0.00568565 0.00622329 0.192701 0.184347 0.195632 0.193696 0.188228 0.200755
406250 0.199441 0.181192 0.18625 0.0 0.0 0.0 0.195488 0.180493 0.188192 0.202902 0.181831 0.184549
406250 0.195765 0.18389 0.195408 0.0195775 0.000216048 -0.00152704 0.192701 0.184347 0.195632 0.200693 0.183156 0.195047
406250 0.192663 0.180199 0.211539 0.0 0.0 0.0 0.191712 0.182107 0.216805 0.193525 0.178495 0.206763
406250 0.190965 0.186291 0.201331 0.0 0.0 0.0 0.187333 0.183718 0.202098 0.193696 0.188228 0.200755
406250 0.187797 0.188106 0.203064 0.000101486 0.00345497 0.00128709 0.187333 0.183718 0.202098 0.188136 0.191307 0.203769
406250 0.189728 0.185495 0.205532 0.0 0.0 0.0 0.19196 0.187177 0.208732 0.187333 0.183718 0.202098
406250 0.197165 0.17967 0.209734 0.0 0.0 0.0 0.200668 0.180829 0.212595 0.193525 0.178495 0.206763
406250 0.195572 0.179082 0.218919 0.0 0.0 0.0 0.199108 0.176339 0.220858 0.191712 0.182107 0.216805
406250 0.192322 0.187346 0.216049 0.00165299 0.00594042 -0.00113618 0.191712 0.182107 0.216805 0.19273 0.190857 0.215543
406250 0.203078 0.179544 0.219602 0.0 0.0 0.0 0.199108 0.176339 0.220858 0.205885 0.181835 0.218715
406250 0.198091 0.188942 0.181563 0.0 0.0 0.0 0.199414 0.188674 0.185438 0.196897 0.189209 0.178063
406250 0.197704 0.196593 0.181365 -0.00111049 0.00111014 0.00571602 0.197834 0.196154 0.178144 0.19751 0.197246 0.186162
406250 0.195106 0.188042 0.185654 0.0 0.0 0.0 0.199414 0.188674 0.185438 0.189162 0.187202 0.185952
406250 0.188047 0.18886 0.191396 0.0 0.0 0.0 0.187129 0.190248 0.195876 0.189162 0.187202 0.185952
406250 0.192686 0.189176 0.18965 0.0 0.0 0.0 0.189162 0.187202 0.185952 0.195593 0.190828 0.1927
406250 0.191356 0.190525 0.19429 0.0 0.0 0.0 0.187129 0.190248 0.195876 0.195593 0.190828 0.1927
406250 0.193104 0.196611 0.188101 0.0 0.0 0.0 0.19751 0.197246 0.186162 0.189281 0.196085 0.189783
406250 0.190986 0.196248 0.194362 0.0 0.0 0.0 0.192898 0.196458 0.199501 0.189281 0.196085 0.189783
406250 0.190873 0.189085 0.198658 0.0 0.0 0.0 0.187129 0.190248 0.195876 0.193696 0.188228 0.200755
406250 0.187711 0.190847 0.200435 0.0 0.0 0.0 0.187129 0.190248 0.195876 0.188136 0.191307 0.203769
406250 0.19451 0.189332 0.197298 0.0 0.0 0.0 0.195593 0.190828 0.1927 0.193696 0.188228 0.200755
406250 0.193362 0.191662 0.20023 0.0 0.0 0.0 0.192898 0.196458 0.199501 0.193696 0.188228 0.200755
406250 0.190095 0.193413 0.202013 0.0 0.0 0.0 0.192898 0.196458 0.199501 0.188136 0.191307 0.203769
406250 0.190135 0.198818 0.185974 0.0 0.0 0.0 0.189281 0.196085 0.189783 0.190873 0.201204 0.182682
406250 0.194369 0.20099 0.188202 0.0 0.0 0.0 0.19751 0.197246 0.186162 0.191464 0.20448 0.190089
406250 0.198675 0.199452 0.190321 0.0 0.0 0.0 0.19751 0.197246 0.186162 0.199957 0.201901 0.194889
406250 0.201263 0.185031 0.184967 0.0 0.0 0.0 0.199414 0.188674 0.185438 0.202902 0.181831 0.184549
406250 0.201045 0.186771 0.18163 0.0 0.0 0.0 0.199414 0.188674 0.185438 0.202338 0.185287 0.17861
406250 0.201608 0.195759 0.183684 0.0 0.0 0.0 0.19751 0.197246 0.186162 0.20735 0.193709 0.180212
406250 0.201546 0.191373 0.188505 0.0 0.0 0.0 0.203644 0.194055 0.191521 0.199414 0.188674 0.185438
406250 0.199912 0.192546 0.192068 0.0 0.0 0.0 0.203644 0.194055 0.191521 0.195593 0.190828 0.1927
406250 0.197377 0.193971 0.199423 0.0 0.0 0.0 0.192898 0.196458 0.199501 0.201679 0.191608 0.199348
406250 0.197023 0.197801 0.202295 0.0 0.0 0.0 0.192898 0.196458 0.199501 0.201671 0.199342 0.205443
406250 0.202144 0.199041 0.187456 0.0 0.0 0.0 0.19751 0.197246 0.186162 0.205282 0.20028 0.188333
406250 0.196213 0.186892 0.202605 -0.000654715 0.000227658 -0.00036769 0.199374 0.185214 0.204928 0.193696 0.188228 0.200755
406250 0.195641 0.186189 0.206843 0.0 0.0 0.0 0.19196 0.187177 0.208732 0.199374 0.185214 0.204928
406250 0.190874 0.18978 0.202285 0.0 0.0 0.0 0.188136 0.191307 0.203769 0.193696 0.188228 0.200755
406250 0.19292 0.187746 0.204318 0.0 0.0 0.0 0.19196 0.187177 0.208732 0.193696 0.188228 0.200755
406250 0.195108 0.190256 0.203107 0.0 0.0 0.0 0.196524 0.19231 0.205462 0.193696 0.188228 0.200755
406250 0.189815 0.189493 0.205948 -0.0 -0.0 -0.0 0.19196 0.187177 0.208732 0.188136 0.191307 0.203769
406250 0.187263 0.191923 0.206905 0.0 0.0 0.0 0.186194 0.192704 0.210743 0.188136 0.191307 0.203769
406250 0.192376 0.189155 0.212416 0.0 0.0 0.0 0.19196 0.187177 0.208732 0.19273 0.190857 0.215543
406250 0.189659 0.191711 0.213287 0.0 0.0 0.0 0.186194 0.192704 0.210743 0.19273 0.190857 0.215543
406250 0.194764 0.194019 0.215525 0.0 0.0 0.0 0.19273 0.190857 0.215543 0.196904 0.197369 0.215507
406250 0.186264 0.194885 0.214248 0.0 0.0 0.0 0.186194 0.192704 0.210743 0.186364 0.198084 0.219335
406250 0.19463 0.192006 0.218499 0.0 0.0 0.0 0.196494 0.193158 0.221399 0.19273 0.190857 0.215543
406250 0.190316 0.193584 0.21698 0.0 0.0 0.0 0.19273 0.190857 0.215543 0.186364 0.198084 0.219335
406250 0.195735 0.18876 0.217622 0.0 0.0 0.0 0.19273 0.190857 0.215543 0.198701 0.186716 0.219675
406250 0.199981 0.184253 0.200376 0.0 0.0 0.0 0.200693 0.183156 0.195047 0.199374 0.185214 0.204928
406250 0.203353 0.184909 0.207063 0.0 0.0 0.0 0.206434 0.184695 0.208716 0.199374 0.185214 0.204928
406250 0.199993 0.183103 0.208596 0.0 0.0 0.0 0.200668 0.180829 0.212595 0.199374 0.185214 0.204928
406250 0.197117 0.189665 0.200152 0.0 0.0 0.0 0.201679 0.191608 0.199348 0.193696 0.188228 0.200755
406250 0.198734 0.191996 0.20284 0.0 0.0 0.0 0.201679 0.191608 0.199348 0.196524 0.19231 0.205462
406250 0.195931 0.188607 0.210431 0.0 0.0 0.0 0.19196 0.187177 0.208732 0.200452 0.190264 0.212365
406250 0.198154 0.191448 0.208329 0.0 0.0 0.0 0.200452 0.190264 0.212365 0.196524 0.19231 0.205462
406250 0.196028 0.190591 0.214185 0.0 0.0 0.0 0.200452 0.190264 0.212365 0.19273 0.190857 0.215543
406250 0.199549 0.184164 0.216622 0.0 0.0 0.0 0.200668 0.180829 0.212595 0.198701 0.186716 0.219675
406250 0.201127 0.189672 0.219824 0.0 0.0 0.0 0.203926 0.193112 0.219996 0.198701 0.186716 0.219675
406250 0.202083 0.197363 0.192946 0.0 0.0 0.0 0.203644 0.194055 0.191521 0.199957 0.201901 0.194889
406250 0.204541 0.199594 0.196475 0.0 0.0 0.0 0.208624 0.197563 0.197888 0.199957 0.201901 0.194889
406250 0.209281 0.180175 0.187065 0.0 0.0 0.0 0.207489 0.178794 0.190625 0.211582 0.181978 0.182496
406250 0.204987 0.180435 0.187313 0.0 0.0 0.0 0.207489 0.178794 0.190625 0.202902 0.181831 0.184549
406250 0.202604 0.183641 0.181416 0.0 0.0 0.0 0.202902 0.181831 0.184549 0.202338 0.185287 0.17861
406250 0.209532 0.185655 0.19162 0.0 0.0 0.0 0.212445 0.184399 0.194223 0.206558 0.186965 0.188959
406250 0.20121 0.187575 0.197303 0.0 0.0 0.0 0.200693 0.183156 0.195047 0.201679 0.191608 0.199348
406250 0.203886 0.185216 0.191733 0.0 0.0 0.0 0.200693 0.183156 0.195047 0.206558 0.186965 0.188959
406250 0.209671 0.184715 0.197802 0.0 0.0 0.0 0.212445 0.184399 0.194223 0.206911 0.185057 0.201364
406250 0.216296 0.1833 0.195199 0.0 0.0 0.0 0.222334 0.181614 0.196727 0.212445 0.184399 0.194223
406250 0.20915 0.17998 0.210767 0.0 0.0 0.0 0.209447 0.181596 0.213312 0.208747 0.177815 0.207307
406250 0.204966 0.179211 0.209781 0.0 0.0 0.0 0.200668 0.180829 0.212595 0.208747 0.177815 0.207307
406250 0.205999 0.18128 0.21303 0.0 0.0 0.0 0.209447 0.181596 0.213312 0.200668 0.180829 0.212595
406250 0.207789 0.181693 0.215827 0.0 0.0 0.0 0.209447 0.181596 0.213312 0.205885 0.181835 0.218715
406250 0.204753 0.181597 0.201786 0.0 0.0 0.0 0.206911 0.185057 0.201364 0.202722 0.178363 0.202182
406250 0.213923 0.183979 0.201174 0.0 0.0 0.0 0.212999 0.179891 0.200832 0.215192 0.189615 0.201642
406250 0.207826 0.18143 0.20433 0.0 0.0 0.0 0.208747 0.177815 0.207307 0.206911 0.185057 0.201364
406250 0.203992 0.186956 0.210206 0.0 0.0 0.0 0.206434 0.184695 0.208716 0.200452 0.190264 0.212365
406250 0.209539 0.185829 0.20906 0.0 0.0 0.0 0.206434 0.184695 0.208716 0.212539 0.18695 0.209393
406250 0.210947 0.18418 0.21141 0.0 0.0 0.0 0.209447 0.181596 0.213312 0.212539 0.18695 0.209393
406250 0.200562 0.185477 0.212482 -0.0836282 -0.946217 0.132054 0.200452 0.190264 0.212365 0.200668 0.180829 0.212595
406250 0.215594 0.180925 0.203914 0.0 0.0 0.0 0.218782 0.182224 0.207696 0.212999 0.179891 0.200832
406250 0.207041 0.178657 0.218014 0.00255985 -0.00497079 -0.00176157 0.205885 0.181835 0.218715 0.209274 0.172518 0.216659
406250 0.20791 0.184543 0.217999 0.0 0.0 0.0 0.205885 0.181835 0.218715 0.210703 0.188312 0.217012
406250 0.206859 0.189522 0.185626 0.0 0.0 0.0 0.20735 0.193709 0.180212 0.206558 0.186965 0.188959
406250 0.204996 0.193915 0.187392 0.0 0.0 0.0 0.203644 0.194055 0.191521 0.20735 0.193709 0.180212
406250 0.212396 0.191478 0.184827 0.0 0.0 0.0 0.216014 0.189903 0.188133 0.20735 0.193709 0.180212
406250 0.207269 0.19242 0.19273 0.0 0.0 0.0 0.210126 0.191156 0.193681 0.203644 0.194055 0.191521
406250 0.205893 0.195626 0.194398 0.0 0.0 0.0 0.203644 0.194055 0.191521 0.208624 0.197563 0.197888
406250 0.211086 0.198591 0.193361 0.0 0.0 0.0 0.208624 0.197563 0.197888 0.21381 0.199757 0.188353
406250 0.204433 0.188146 0.200409 0.0 0.0 0.0 0.201679 0.191608 0.199348 0.206911 0.185057 0.201364
406250 0.201675 0.195153 0.202152 0.0 0.0 0.0 0.201671 0.199342 0.205443 0.201679 0.191608 0.199348
406250 0.204714 0.191787 0.203319 0.0 0.0 0.0 0.201679 0.191608 0.199348 0.20757 0.191981 0.207052
406250 0.211966 0.190583 0.196575 0.0 0.0 0.0 0.210126 0.191156 0.193681 0.215192 0.189615 0.201642
406250 0.215161 0.192755 0.19726 0.0 0.0 0.0 0.215192 0.189615 0.201642 0.215144 0.19458 0.194743
406250 0.205347 0.198388 0.201448 0.0 0.0 0.0 0.208624 0.197563 0.197888 0.201671 0.199342 0.205443
406250 0.211697 0.19383 0.199645 0.0 0.0 0.0 0.208624 0.197563 0.197888 0.215192 0.189615 0.201642
406250 0.211946 0.201365 0.196458 0.0 0.0 0.0 0.208624 0.197563 0.197888 0.214069 0.203814 0.195545
406250 0.210301 0.201579 0.199759 0.000510625 0.000885062 0.000579763 0.208624 0.197563 0.197888 0.211372 0.204145 0.200956
406250 0.210928 0.18831 0.188578 0.0 0.0 0.0 0.216014 0.189903 0.188133 0.206558 0.186965 0.188959
406250 0.212406 0.190657 0.191533 0.0 0.0 0.0 0.210126 0.191156 0.193681 0.216014 0.189903 0.188133
406250 0.215481 0.192748 0.192174 0.0 0.0 0.0 0.216014 0.189903 0.188133 0.215144 0.19458 0.194743
406250 0.213259 0.198366 0.199128 0.0 0.0 0.0 0.217763 0.199172 0.200332 0.208624 0.197563 0.197888
406250 0.217824 0.202627 0.190945 0.0 0.0 0.0 0.21381 0.199757 0.188353 0.221688 0.205414 0.193438
406250 0.207232 0.188429 0.204146 0.0 0.0 0.0 0.206911 0.185057 0.201364 0.20757 0.191981 0.207052
406250 0.201029 0.194554 0.209084 0.0 0.0 0.0 0.200452 0.190264 0.212365 0.201671 0.199342 0.205443
406250 0.203593 0.193954 0.21292 0.0 0.0 0.0 0.200452 0.190264 0.212365 0.20618 0.197014 0.213376
406250 0.204259 0.197993 0.209997 0.0 0.0 0.0 0.20618 0.197014 0.213376 0.201671 0.199342 0.205443
406250 0.213525 0.187928 0.206508 0.0 0.0 0.0 0.212539 0.18695 0.209393 0.215192 0.189615 0.201642
406250 0.209015 0.196562 0.205997 0.0 0.0 0.0 0.210073 0.19993 0.205226 0.20757 0.191981 0.207052
406250 0.208006 0.198204 0.216696 0.0 0.0 0.0 0.210578 0.199909 0.221366 0.20618 0.197014 0.213376
406250 0.210731 0.202054 0.203061 0.0 0.0 0.0 0.210073 0.19993 0.205226 0.211372 0.204145 0.200956
406250 0.213813 0.190003 0.210066 0.0 0.0 0.0 0.212539 0.18695 0.209393 0.216407 0.196253 0.211437
406250 0.213174 0.199612 0.203252 0.0 0.0 0.0 0.210073 0.19993 0.205226 0.217763 0.199172 0.200332
406250 0.215742 0.192611 0.206083 0.0 0.0 0.0 0.216407 0.196253 0.211437 0.215192 0.189615 0.201642
406250 0.213907 0.20216 0.200708 0.0 0.0 0.0 0.217763 0.199172 0.200332 0.211372 0.204145 0.200956
406250 0.217199 0.197949 0.204937 0.0 0.0 0.0 0.217763 0.199172 0.200332 0.216407 0.196253 0.211437
406250 0.219635 0.202138 0.197042 0.0 0.0 0.0 0.217763 0.199172 0.200332 0.221688 0.205414 0.193438
406250 0.184044 0.201318 0.191668 -1.01772 1.80459 -7.09022 0.184723 0.200876 0.196616 0.183479 0.201685 0.18756
406250 0.185628 0.205557 0.195067 -2.1171 -7.62889 3.86886 0.186221 0.208629 0.19405 0.184723 0.200876 0.196616
406250 0.185615 0.203798 0.200592 -1.78811 -3.41479 -6.50255 0.186784 0.207629 0.205807 0.184723 0.200876 0.196616
406250 0.182982 0.208064 0.19417 -3.18761 -0.0449232 0.130467 0.186221 0.208629 0.19405 0.179221 0.207407 0.19431
406250 0.185586 0.21476 0.19523 -2.40362 0.308061 -1.21775 0.189503 0.214841 0.197676 0.182109 0.214689 0.193058
406250 0.181134 0.206729 0.202562 0.0640726 -0.00151937 0.0355893 0.178513 0.206312 0.201057 0.186784 0.207629 0.205807
406250 0.184829 0.213738 0.204355 3.21997 -6.54893 1.15839 0.183684 0.217317 0.203503 0.186784 0.207629 0.205807
406250 0.190337 0.200148 0.189931 -8.94695 -23.4467 1.98411 0.191464 0.20448 0.190089 0.189281 0.196085 0.189783
406250 0.192737 0.201586 0.211824 -1.89945 -8.2346 -6.32649 0.193143 0.204852 0.215086 0.192335 0.198351 0.208594
406250 0.194511 0.202368 0.208159 -3.09298 -6.22792 1.77315 0.195995 0.20511 0.207863 0.192335 0.198351 0.208594
406250 0.190053 0.202165 0.207448 2.84016 -4.55344 2.33219 0.186784 0.207629 0.205807 0.192335 0.198351 0.208594
406250 0.195221 0.200718 0.215319 7.12262 -9.92001 0.32024 0.193143 0.204852 0.215086 0.196904 0.197369 0.215507
406250 0.199423 0.200124 0.215909 -0.244354 -0.317588 -0.0989986 0.202039 0.202986 0.216326 0.196904 0.197369 0.215507
406250 0.1944 0.202934 0.219113 0.810195 -1.55029 4.58558 0.193143 0.204852 0.215086 0.195647 0.20103 0.22311
406250 0.188176 0.209712 0.185789 -1.46139 -3.61173 -3.84085 0.189504 0.213251 0.188493 0.187201 0.207111 0.183803
406250 0.198101 0.206794 0.193926 0.182658 -0.5525 0.202549 0.196668 0.210573 0.193183 0.199957 0.201901 0.194889
406250 0.18844 0.206873 0.192373 3.90624 -2.24851 -3.32501 0.186221 0.208629 0.19405 0.191464 0.20448 0.190089
406250 0.194179 0.207659 0.191703 6.64464 5.99936 4.59733 0.191464 0.20448 0.190089 0.196668 0.210573 0.193183
406250 0.190502 0.208786 0.189306 -2.06313 10.396 -0.201017 0.191464 0.20448 0.190089 0.189504 0.213251 0.188493
406250 0.187586 0.211214 0.195558 3.34333 7.15213 5.75121 0.186221 0.208629 0.19405 0.189503 0.214841 0.197676
406250 0.196783 0.210811 0.197284 -0.531619 0.785653 5.18344 0.196668 0.210573 0.193183 0.196916 0.211088 0.202044
406250 0.193149 0.212995 0.199824 -5.56277 1.92439 -2.37646 0.196916 0.211088 0.202044 0.189503 0.214841 0.197676
406250 0.191787 0.215641 0.185224 -1.69727 -1.80452 3.38126 0.194164 0.218128 0.181821 0.189504 0.213251 0.188493
406250 0.197129 0.214538 0.192211 1.02118 7.92022 -3.34929 0.196668 0.210573 0.193183 0.197665 0.219142 0.191082
406250 0.187854 0.21751 0.189351 6.55756 -11.3971 -1.79239 0.186299 0.221523 0.19016 0.189504 0.213251 0.188493
406250 0.190657 0.216408 0.201864 -0.12023 -0.457499 -1.01517 0.19185 0.218027 0.206194 0.189503 0.214841 0.197676
406250 0.203251 0.200898 0.190834 -0.434123 0.0517971 0.659002 0.205282 0.20028 0.188333 0.199957 0.201901 0.194889
406250 0.20022 0.211085 0.191181 2.50641 0.570421 -1.96476 0.196668 0.210573 0.193183 0.205634 0.211866 0.188129
406250 0.202645 0.20483 0.198424 0.0704805 0.105626 0.0912759 0.199957 0.201901 0.194889 0.204684 0.207052 0.201106
406250 0.195897 0.208168 0.213384 3.25843 3.67401 -1.10081 0.193143 0.204852 0.215086 0.198844 0.211716 0.211562
406250 0.195625 0.204265 0.20487 -1.20648 -2.25972 -5.23458 0.195995 0.20511 0.207863 0.195263 0.203441 0.201949
406250 0.197098 0.207667 0.209295 -3.93469 -7.6566 -6.18189 0.198844 0.211716 0.211562 0.195995 0.20511 0.207863
406250 0.195909 0.206427 0.201986 -4.48977 -16.7156 2.41466 0.196916 0.211088 0.202044 0.195263 0.203441 0.201949
406250 0.192656 0.209634 0.203626 0.159252 0.0659315 -0.0909567 0.186784 0.207629 0.205807 0.196916 0.211088 0.202044
406250 0.191425 0.209144 0.215376 -11.8603 20.1176 2.58217 0.193143 0.204852 0.215086 0.189301 0.214453 0.215736
406250 0.188129 0.211275 0.211112 0.567008 2.59385 4.9617 0.186784 0.207629 0.205807 0.189301 0.214453 0.215736
406250 0.198416 0.215376 0.200587 1.16431 2.23307 -0.599765 0.196916 0.211088 0.202044 0.199611 0.218795 0.199425
406250 0.194384 0.214556 0.204118 8.36927 -8.67037 -7.44806 0.19185 0.218027 0.206194 0.196916 0.211088 0.202044
406250 0.197603 0.201944 0.203225 2.17605 -1.18004 0.730628 0.195263 0.203441 0.201949 0.201671 0.199342 0.205443
406250 0.202837 0.214321 0.212927 4.68601 3.30331 0.715638 0.198844 0.211716 0.211562 0.206429 0.216663 0.214155
406250 0.201125 0.208901 0.201536 7.56636 -3.30976 0.306719 0.196916 0.211088 0.202044 0.204684 0.207052 0.201106
406250 0.200984 0.213118 0.203488 7.6452 2.67557 3.5539 0.196916 0.211088 0.202044 0.20497 0.215108 0.204904
406250 0.190692 0.216403 0.21053 -3.48587 -3.12151 7.60445 0.19185 0.218027 0.206194 0.189301 0.214453 0.215736
406250 0.20069 0.205547 0.21894 -0.12072 0.146872 0.194149 0.202039 0.202986 0.216326 0.19951 0.207786 0.221226
406250 0.201646 0.215787 0.198297 -2.43128 3.42779 2.07459 0.203405 0.213187 0.197322 0.199611 0.218795 0.199425
406250 0.206629 0.201826 0.185773 -0.541536 -0.867484 1.00619 0.208015 0.203418 0.183138 0.205282 0.20028 0.188333
406250 0.210286 0.201983 0.185182 6.01665 -4.50542 4.16781 0.208015 0.203418 0.183138 0.21381 0.199757 0.188353
406250 0.208358 0.201389 0.195111 -0.538163 -5.18889 4.47688 0.20817 0.204087 0.193153 0.208624 0.197563 0.197888
406250 0.213974 0.202329 0.192912 -1.6723 -4.3079 -7.55391 0.214069 0.203814 0.195545 0.21381 0.199757 0.188353
406250 0.204098 0.200017 0.214859 0.0696752 -0.118461 -0.0804242 0.202039 0.202986 0.216326 0.20618 0.197014 0.213376
406250 0.204909 0.203655 0.181838 -3.42726 -0.215505 -1.84093 0.208015 0.203418 0.183138 0.200514 0.203991 0.18
406250 0.203047 0.21257 0.182468 1.85054 -0.855693 3.12056 0.201201 0.213072 0.17843 0.205634 0.211866 0.188129
406250 0.211689 0.210891 0.189402 -4.05248 1.02392 -1.47363 0.215256 0.210317 0.190152 0.205634 0.211866 0.188129
406250 0.21339 0.210361 0.193335 -3.56409 0.196961 4.34196 0.215256 0.210317 0.190152 0.211198 0.210412 0.197074
406250 0.212889 0.206526 0.196173 -6.11868 9.51925 2.19166 0.214069 0.203814 0.195545 0.211198 0.210412 0.197074
406250 0.207288 0.206792 0.191406 -2.02411 5.32031 -4.838 0.20817 0.204087 0.193153 0.205634 0.211866 0.188129
406250 0.204172 0.212732 0.194157 -0.399152 0.0630659 3.01761 0.205634 0.211866 0.188129 0.203405 0.213187 0.197322
406250 0.207824 0.208672 0.199162 -11.4761 -6.12267 10.1185 0.211198 0.210412 0.197074 0.204684 0.207052 0.201106
406250 0.212686 0.213741 0.199415 -4.01457 -5.7638 -4.73273 0.21412 0.216951 0.201673 0.211198 0.210412 0.197074
406250 0.203979 0.210433 0.19902 0.810995 -2.86464 2.46289 0.203405 0.213187 0.197322 0.204684 0.207052 0.201106
406250 0.209248 0.216867 0.187057 4.47997 8.21866 -0.703413 0.205634 0.211866 0.188129 0.211355 0.219784 0.186432
406250 0.212007 0.214271 0.195277 4.27081 10.682 -5.54717 0.211198 0.210412 0.197074 0.212745 0.21779 0.193638
406250 0.217975 0.208244 0.191541 5.15896 -3.13361 1.62274 0.215256 0.210317 0.190152 0.221688 0.205414 0.193438
406250 0.206382 0.211333 0.207275 -0.871461 1.64876 -1.41617 0.208065 0.206831 0.210104 0.20497 0.215108 0.204904
406250 0.2077 0.208336 0.215461 -0.61905 0.5929 2.87037 0.208065 0.206831 0.210104 0.207388 0.209623 0.220041
406250 0.206893 0.21326 0.217 -0.0664058 -4.76236 4.97308 0.206429 0.216663 0.214155 0.207388 0.209623 0.220041
406250 0.209976 0.216447 0.216851 -2.72394 0.0481917 -2.83017 0.213235 0.216248 0.219329 0.206429 0.216663 0.214155
406250 0.21279 0.215506 0.209255 -1.3038 2.51847 -1.28476 0.21418 0.212915 0.21006 0.211319 0.218246 0.208403
406250 0.208728 0.216965 0.206975 6.87388 3.62978 2.42367 0.20497 0.215108 0.204904 0.211319 0.218246 0.208403
406250 0.212539 0.217682 0.205472 -1.39325 1.06794 2.86045 0.21412 0.216951 0.201673 0.211319 0.218246 0.208403
406250 0.216571 0.215169 0.198796 2.28521 -0.990779 -2.43705 0.21412 0.216951 0.201673 0.218872 0.213496 0.196094
406250 0.215579 0.211328 0.207865 0.640298 -0.459104 -0.793486 0.21418 0.212915 0.21006 0.218067 0.208507 0.203962
406250 0.215373 0.211137 0.212229 1.08014 -1.28966 2.27851 0.21418 0.212915 0.21006 0.217732 0.20762 0.21652
406250 0.21582 0.215635 0.19487 -5.67898 4.04036 -3.59082 0.218872 0.213496 0.196094 0.212745 0.21779 0.193638
406250 0.182993 0.218057 0.21004 5.01634 6.37171 0.815576 0.180893 0.214926 0.210188 0.184988 0.221031 0.209901
406250 0.187331 0.217634 0.204705 2.07489 0.0286657 1.02996 0.183684 0.217317 0.203503 0.19185 0.218027 0.206194
406250 0.198826 0.216579 0.21253 -0.424212 10.5631 0.444297 0.198844 0.211716 0.211562 0.198814 0.220223 0.213255
406250 0.18439 0.211327 0.193609 -2.39489 3.17904 0.064661 0.186221 0.208629 0.19405 0.182109 0.214689 0.193058
406250 0.210366 0.202401 0.191284 0.672872 -0.588563 -0.823472 0.20817 0.204087 0.193153 0.21381 0.199757 0.188353
406250 0.194068 0.207068 0.18752 3.24949 3.73125 -2.47877 0.191464 0.20448 0.190089 0.196293 0.209278 0.185326
406250 0.182274 0.216109 0.206881 -0.324231 -0.299215 0.568492 0.183684 0.217317 0.203503 0.180893 0.214926 0.210188
406250 0.203137 0.216191 0.217129 0.744017 -0.0144308 -0.545762 0.199756 0.215705 0.220184 0.206429 0.216663 0.214155
406250 0.187582 0.210545 0.191747 0.367105 0.634829 -0.538609 0.186221 0.208629 0.19405 0.189504 0.213251 0.188493
406250 0.199836 0.21026 0.186389 7.37719 1.04241 1.39719 0.196293 0.209278 0.185326 0.205634 0.211866 0.188129
406250 0.204519 0.204569 0.213765 0.19333 0.108384 -0.262622 0.202039 0.202986 0.216326 0.208065 0.206831 0.210104
406250 0.199318 0.21379 0.216043 0.00588745 0.225365 0.351913 0.198844 0.211716 0.211562 0.199756 0.215705 0.220184
406250 0.194681 0.209484 0.181861 2.62849 0.682396 6.37946 0.192986 0.2097 0.178214 0.196293 0.209278 0.185326
406250 0.207794 0.200192 0.182166 -0.0651182 -1.90299 -0.913815 0.208015 0.203418 0.183138 0.20735 0.193709 0.180212
406250 0.1981 0.202971 0.206965 1.37307 -1.47738 -0.272626 0.195995 0.20511 0.207863 0.201671 0.199342 0.205443
406250 0.183041 0.212266 0.20859 -0.997671 0.88231 0.556347 0.186784 0.207629 0.205807 0.180893 0.214926 0.210188
406250 0.216927 0.204414 0.194754 0.285208 0.0313487 -0.119097 0.214069 0.203814 0.195545 0.221688 0.205414 0.193438
406250 0.215839 0.213275 0.20267 3.27778 -5.0397 2.03351 0.21412 0.216951 0.201673 0.218067 0.208507 0.203962
406250 0.180777 0.217624 0.200993 -0.740146 0.0815154 -0.879248 0.183684 0.217317 0.203503 0.178248 0.217891 0.19881
406250 0.212019 0.210765 0.210075 -0.305881 -0.227737 0.028394 0.21418 0.212915 0.21006 0.208065 0.206831 0.210104
406250 0.190145 0.201859 0.216965 -4.82812 -3.46046 3.07858 0.193143 0.204852 0.215086 0.186364 0.198084 0.219335
406250 0.20589 0.217749 0.190263 0.226379 1.31659 0.654088 0.205634 0.211866 0.188129 0.206051 0.221454 0.191607
406250 0.197861 0.211396 0.206711 -0.09739 0.0509715 -0.54056 0.198844 0.211716 0.211562 0.196916 0.211088 0.202044
406250 0.203185 0.209417 0.210875 1.36025 -0.469466 -0.264065 0.198844 0.211716 0.211562 0.208065 0.206831 0.210104
406250 0.182285 0.202732 0.20516 0.0 0.0 0.0 0.186784 0.207629 0.205807 0.178725 0.198879 0.204647
406250 0.1816 0.204571 0.195307 0.0 0.0 0.0 0.179221 0.207407 0.19431 0.184723 0.200876 0.196616
406250 0.181362 0.213011 0.196726 0.00155004 0.00421471 -0.0141362 0.180803 0.211757 0.199467 0.182109 0.214689 0.193058
406250 0.180862 0.204242 0.199377 0.0 0.0 0.0 0.178513 0.206312 0.201057 0.184723 0.200876 0.196616
406250 0.183095 0.218264 0.195493 0.0 0.0 0.0 0.183893 0.221179 0.197465 0.182109 0.214689 0.193058
406250 0.182079 0.214207 0.201255 0.0 0.0 0.0 0.180803 0.211757 0.199467 0.183684 0.217317 0.203503
406250 0.187428 0.201414 0.184955 0.0 0.0 0.0 0.190873 0.201204 0.182682 0.183479 0.201685 0.18756
406250 0.185575 0.214002 0.190918 0.0 0.0 0.0 0.189504 0.213251 0.188493 0.182109 0.214689 0.193058
406250 0.187324 0.203018 0.188778 0.0 0.0 0.0 0.191464 0.20448 0.190089 0.183479 0.201685 0.18756
406250 0.188282 0.202766 0.19317 0.0 0.0 0.0 0.191464 0.20448 0.190089 0.184723 0.200876 0.196616
406250 0.189124 0.204297 0.197171 0.0 0.0 0.0 0.191981 0.206536 0.197532 0.184723 0.200876 0.196616
406250 0.182704 0.210436 0.201483 0.0 0.0 0.0 0.180803 0.211757 0.199467 0.186784 0.207629 0.205807
406250 0.184135 0.217981 0.191656 0.0 0.0 0.0 0.186299 0.221523 0.19016 0.182109 0.214689 0.193058
406250 0.186331 0.216179 0.200852 0.0 0.0 0.0 0.183684 0.217317 0.203503 0.189503 0.214841 0.197676
406250 0.194092 0.201394 0.204605 0.0 0.0 0.0 0.195263 0.203441 0.201949 0.192335 0.198351 0.208594
406250 0.196338 0.199001 0.218923 0.0 0.0 0.0 0.195647 0.20103 0.22311 0.196904 0.197369 0.215507
406250 0.189044 0.20596 0.186522 0.0 0.0 0.0 0.191464 0.20448 0.190089 0.187201 0.207111 0.183803
406250 0.191137 0.202657 0.185998 0.0 0.0 0.0 0.191464 0.20448 0.190089 0.190873 0.201204 0.182682
406250 0.191764 0.205671 0.1944 0.0 -0.0 0.0 0.191464 0.20448 0.190089 0.191981 0.206536 0.197532
406250 0.195346 0.203288 0.192284 0.0 0.0 0.0 0.191464 0.20448 0.190089 0.199957 0.201901 0.194889
406250 0.196472 0.20989 0.189115 0.0 0.0 0.0 0.196668 0.210573 0.193183 0.196293 0.209278 0.185326
406250 0.193226 0.21106 0.186756 0.0 0.0 0.0 0.196293 0.209278 0.185326 0.189504 0.213251 0.188493
406250 0.189116 0.207566 0.1958 0.0 0.0 0.0 0.186221 0.208629 0.19405 0.191981 0.206536 0.197532
406250 0.194052 0.208309 0.195609 0.0 0.0 0.0 0.191981 0.206536 0.197532 0.196668 0.210573 0.193183
406250 0.190956 0.209959 0.197591 0.0 0.0 0.0 0.191981 0.206536 0.197532 0.189503 0.214841 0.197676
406250 0.195008 0.204766 0.196528 0.0 0.0 0.0 0.191981 0.206536 0.197532 0.199957 0.201901 0.194889
406250 0.193305 0.211817 0.190982 0.0 0.0 0.0 0.196668 0.210573 0.193183 0.189504 0.213251 0.188493
406250 0.193293 0.212571 0.195298 0.0 0.0 0.0 0.196668 0.210573 0.193183 0.189503 0.214841 0.197676
406250 0.189503 0.214036 0.193099 0.0 0.0 0.0 0.189504 0.213251 0.188493 0.189503 0.214841 0.197676
406250 0.193674 0.20494 0.19981 -0.0 0.0 0.0 0.191981 0.206536 0.197532 0.195263 0.203441 0.201949
406250 0.19026 0.206898 0.200272 -0.00390108 -8.31907e-05 0.00503272 0.191981 0.206536 0.197532 0.186784 0.207629 0.205807
406250 0.193982 0.208371 0.199362 0.0 0.0 0.0 0.191981 0.206536 0.197532 0.196916 0.211088 0.202044
406250 0.188381 0.211854 0.20103 0.0 0.0 0.0 0.186784 0.207629 0.205807 0.189503 0.214841 0.197676
406250 0.196975 0.202867 0.199372 0.0 0.0 0.0 0.195263 0.203441 0.201949 0.199957 0.201901 0.194889
406250 0.195352 0.213174 0.183778 0.0 0.0 0.0 0.194164 0.218128 0.181821 0.196293 0.209278 0.185326
406250 0.193531 0.216146 0.189771 0.0 0.0 0.0 0.197665 0.219142 0.191082 0.189504 0.213251 0.188493
406250 0.200814 0.200608 0.200168 0.0 0.0 0.0 0.199957 0.201901 0.194889 0.201671 0.199342 0.205443
406250 0.19817 0.206913 0.182957 0.0 0.0 0.0 0.196293 0.209278 0.185326 0.200514 0.203991 0.18
406250 0.198557 0.211016 0.182144 0.0 0.0 0.0 0.201201 0.213072 0.17843 0.196293 0.209278 0.185326
406250 0.20041 0.212013 0.195482 0.0 0.0 0.0 0.196668 0.210573 0.193183 0.203405 0.213187 0.197322
406250 0.205002 0.203231 0.193822 0.0 0.0 0.0 0.20817 0.204087 0.193153 0.199957 0.201901 0.194889
406250 0.194844 0.204993 0.210776 0.0 0.0 0.0 0.193143 0.204852 0.215086 0.195995 0.20511 0.207863
406250 0.190513 0.205988 0.21125 0.0 0.0 0.0 0.193143 0.204852 0.215086 0.186784 0.207629 0.205807
406250 0.193023 0.20591 0.207199 0.0 0.0 0.0 0.195995 0.20511 0.207863 0.186784 0.207629 0.205807
406250 0.19636 0.207467 0.205556 0.0 0.0 0.0 0.195995 0.20511 0.207863 0.196916 0.211088 0.202044
406250 0.192572 0.204758 0.203173 0.0 0.0 0.0 0.186784 0.207629 0.205807 0.195263 0.203441 0.201949
406250 0.196811 0.20653 0.218623 0.0 0.0 0.0 0.193143 0.204852 0.215086 0.19951 0.207786 0.221226
406250 0.194416 0.212974 0.213498 0.0 0.0 0.0 0.198844 0.211716 0.211562 0.189301 0.214453 0.215736
406250 0.189719 0.213642 0.206031 0.0 0.0 0.0 0.19185 0.218027 0.206194 0.186784 0.207629 0.205807
406250 0.19528 0.21492 0.208826 0.0 0.0 0.0 0.198844 0.211716 0.211562 0.19185 0.218027 0.206194
406250 0.200757 0.212318 0.199248 0.0 0.0 0.0 0.196916 0.211088 0.202044 0.203405 0.213187 0.197322
406250 0.201996 0.21345 0.208135 0.0 0.0 0.0 0.198844 0.211716 0.211562 0.20497 0.215108 0.204904
406250 0.197973 0.203826 0.215759 0.0 0.0 0.0 0.193143 0.204852 0.215086 0.202039 0.202986 0.216326
406250 0.186647 0.218488 0.212145 0.0 0.0 0.0 0.189301 0.214453 0.215736 0.184988 0.221031 0.209901
406250 0.19511 0.215136 0.218207 0.0 0.0 0.0 0.199756 0.215705 0.220184 0.189301 0.214453 0.215736
406250 0.199106 0.202076 0.219438 0.0 0.0 0.0 0.202039 0.202986 0.216326 0.195647 0.20103 0.22311
406250 0.201109 0.215984 0.189805 0.0 0.0 0.0 0.197665 0.219142 0.191082 0.205634 0.211866 0.188129
406250 0.202014 0.217129 0.201883 0.0 0.0 0.0 0.20497 0.215108 0.204904 0.199611 0.218795 0.199425
406250 0.199235 0.218187 0.216357 0.0 0.0 0.0 0.199756 0.215705 0.220184 0.198814 0.220223 0.213255
406250 0.205955 0.198125 0.185687 0.0 0.0 0.0 0.205282 0.20028 0.188333 0.20735 0.193709 0.180212
406250 0.208565 0.200065 0.188341 0.0 0.0 0.0 0.205282 0.20028 0.188333 0.21381 0.199757 0.188353
406250 0.20479 0.202983 0.207717 0.0 0.0 0.0 0.208065 0.206831 0.210104 0.201671 0.199342 0.205443
406250 0.20696 0.201067 0.212021 0.0 0.0 0.0 0.208065 0.206831 0.210104 0.20618 0.197014 0.213376
406250 0.205563 0.201703 0.218407 0.0 0.0 0.0 0.202039 0.202986 0.216326 0.210578 0.199909 0.221366
406250 0.202728 0.207385 0.183517 0.0 0.0 0.0 0.205634 0.211866 0.188129 0.200514 0.203991 0.18
406250 0.207181 0.206363 0.184886 0.0 0.0 0.0 0.208015 0.203418 0.183138 0.205634 0.211866 0.188129
406250 0.211071 0.209327 0.184802 0.0 0.0 0.0 0.205634 0.211866 0.188129 0.215077 0.207479 0.182351
406250 0.207076 0.209891 0.182216 0.0 0.0 0.0 0.205634 0.211866 0.188129 0.207875 0.208818 0.178944
406250 0.202438 0.216924 0.181089 0.0 0.0 0.0 0.201201 0.213072 0.17843 0.203401 0.219943 0.183157
406250 0.211264 0.203931 0.194408 0.0 0.0 0.0 0.20817 0.204087 0.193153 0.214069 0.203814 0.195545
406250 0.209487 0.206826 0.194859 0.0 0.0 0.0 0.20817 0.204087 0.193153 0.211198 0.210412 0.197074
406250 0.206713 0.202153 0.190722 0.0 0.0 0.0 0.20817 0.204087 0.193153 0.205282 0.20028 0.188333
406250 0.208922 0.210994 0.193416 0.0 0.0 0.0 0.205634 0.211866 0.188129 0.211198 0.210412 0.197074
406250 0.206765 0.211978 0.197215 0.0 0.0 0.0 0.203405 0.213187 0.197322 0.211198 0.210412 0.197074
406250 0.21272 0.203968 0.198249 0.0 0.0 0.0 0.214069 0.203814 0.195545 0.211372 0.204145 0.200956
406250 0.2113 0.20671 0.199359 0.0 0.0 0.0 0.211198 0.210412 0.197074 0.211372 0.204145 0.200956
406250 0.20405 0.213968 0.200452 0.0 0.0 0.0 0.20497 0.215108 0.204904 0.203405 0.213187 0.197322
406250 0.204198 0.217059 0.184932 -0.00110727 0.00274259 -0.00231116 0.205634 0.211866 0.188129 0.203401 0.219943 0.183157
406250 0.214043 0.213913 0.191836 0.0 0.0 0.0 0.215256 0.210317 0.190152 0.212745 0.21779 0.193638
406250 0.209993 0.215486 0.191507 0.0 0.0 0.0 0.205634 0.211866 0.188129 0.212745 0.21779 0.193638
406250 0.217008 0.211845 0.193033 0.0 0.0 0.0 0.218872 0.213496 0.196094 0.215256 0.210317 0.190152
406250 0.215225 0.212018 0.19656 0.0 0.0 0.0 0.218872 0.213496 0.196094 0.211198 0.210412 0.197074
406250 0.214249 0.209553 0.200135 0.0 0.0 0.0 0.218067 0.208507 0.203962 0.211198 0.210412 0.197074
406250 0.210208 0.205078 0.204174 0.0 0.0 0.0 0.208065 0.206831 0.210104 0.211372 0.204145 0.200956
406250 0.208504 0.205379 0.201019 0.0 0.0 0.0 0.211372 0.204145 0.200956 0.204684 0.207052 0.201106
406250 0.206102 0.206946 0.204882 0.0 0.0 0.0 0.208065 0.206831 0.210104 0.204684 0.207052 0.201106
406250 0.204816 0.210771 0.202865 0.0 0.0 0.0 0.20497 0.215108 0.204904 0.204684 0.207052 0.201106
406250 0.207155 0.212281 0.212354 0.0 0.0 0.0 0.208065 0.206831 0.210104 0.206429 0.216663 0.214155
406250 0.205716 0.215892 0.209638 0.0 0.0 0.0 0.206429 0.216663 0.214155 0.20497 0.215108 0.204904
406250 0.209801 0.216069 0.203198 0.0 0.0 0.0 0.21412 0.216951 0.201673 0.20497 0.215108 0.204904
406250 0.211918 0.201931 0.210719 0.0 0.0 0.0 0.208065 0.206831 0.210104 0.216407 0.196253 0.211437
406250 0.21377 0.205696 0.202033 0.0 0.0 0.0 0.218067 0.208507 0.203962 0.211372 0.204145 0.200956
406250 0.213136 0.207668 0.206989 0.0 0.0 0.0 0.208065 0.206831 0.210104 0.218067 0.208507 0.203962
406250 0.212709 0.207197 0.213186 0.0 0.0 0.0 0.208065 0.206831 0.210104 0.217732 0.20762 0.21652
406250 0.215746 0.215464 0.210783 0.0 0.0 0.0 0.21418 0.212915 0.21006 0.217935 0.219051 0.211793
406250 0.204445 0.20596 0.217997 0.0 0.0 0.0 0.202039 0.202986 0.216326 0.207388 0.209623 0.220041
406250 0.213412 0.21737 0.197544 0.0 0.0 0.0 0.21412 0.216951 0.201673 0.212745 0.21779 0.193638
406250 0.215908 0.217769 0.191149 0.0 0.0 0.0 0.220609 0.217767 0.187448 0.212745 0.21779 0.193638
406250 0.209266 0.217569 0.210816 0.0 0.0 0.0 0.206429 0.216663 0.214155 0.211319 0.218246 0.208403
406250 0.218213 0.217584 0.202269 0.0 0.0 0.0 0.21412 0.216951 0.201673 0.224653 0.21861 0.203206
406250 0.219942 0.206891 0.198509 0.0 0.0 0.0 0.218067 0.208507 0.203962 0.221688 0.205414 0.193438
406250 0.218533 0.211388 0.199398 0.0 0.0 0.0 0.218872 0.213496 0.196094 0.218067 0.208507 0.203962
