# ts x y z Fx Fy Fz x1 y1 z1 x2 y2 z2
931250 0.182031 0.180893 0.198363 -49.5119 44.2364 0.938775 0.185971 0.177552 0.197473 0.177446 0.184781 0.199399
931250 0.18224 0.200888 0.197485 23.1853 31.6734 -1.93871 0.18053 0.198134 0.198104 0.184836 0.205068 0.196544
931250 0.183227 0.1935 0.193791 -2.35171 -0.219292 -1.36657 0.187088 0.194552 0.195863 0.179106 0.192378 0.191581
931250 0.185716 0.199305 0.187847 9.12978 3.52754 6.9124 0.182355 0.198323 0.186052 0.189304 0.200354 0.189763
931250 0.183304 0.196619 0.197156 -29.5079 17.1103 4.62366 0.187088 0.194552 0.195863 0.18053 0.198134 0.198104
931250 0.183435 0.195451 0.208172 22.4661 20.2938 21.7715 0.180309 0.193527 0.205152 0.186082 0.197081 0.21073
931250 0.190998 0.179004 0.183177 1.45586 18.4063 -5.78131 0.190713 0.174698 0.185324 0.191242 0.182676 0.181346
931250 0.194372 0.185338 0.181353 24.7493 16.6323 -3.28989 0.191242 0.182676 0.181346 0.196914 0.187499 0.181358
931250 0.197278 0.182162 0.185742 8.14295 -10.0458 -12.0551 0.195627 0.184936 0.188129 0.199346 0.178686 0.182752
931250 0.19809 0.190016 0.183209 -4.99623 -19.2835 -14.8092 0.199487 0.193004 0.185407 0.196914 0.187499 0.181358
931250 0.199873 0.186898 0.182786 -2.79488 0.394058 -1.89584 0.202986 0.186265 0.184289 0.196914 0.187499 0.181358
931250 0.201489 0.183148 0.183657 1.14847 3.06431 1.06247 0.199346 0.178686 0.182752 0.202986 0.186265 0.184289
931250 0.200102 0.179523 0.187654 -0.0771828 1.74971 9.86614 0.199346 0.178686 0.182752 0.200618 0.180094 0.191002
931250 0.189922 0.178598 0.194186 11.5821 3.23484 -13.2954 0.185971 0.177552 0.197473 0.192551 0.179293 0.192
931250 0.193981 0.181917 0.1902 -8.1335 -16.1902 7.37155 0.195627 0.184936 0.188129 0.192551 0.179293 0.192
931250 0.185761 0.182767 0.190921 -4.22086 36.3987 34.4363 0.185685 0.180067 0.188911 0.185857 0.186196 0.193475
931250 0.192897 0.187717 0.187165 -14.0585 20.0041 -6.18197 0.195627 0.184936 0.188129 0.189176 0.191508 0.185851
931250 0.186457 0.190267 0.194638 -17.7757 -56.1393 -19.2463 0.187088 0.194552 0.195863 0.185857 0.186196 0.193475
931250 0.197958 0.186085 0.191188 17.1014 7.81339 16.1383 0.195627 0.184936 0.188129 0.200856 0.187513 0.194993
931250 0.18668 0.178837 0.208678 14.0509 -20.2948 -24.3692 0.185307 0.181037 0.212189 0.187753 0.177117 0.205934
931250 0.19015 0.179518 0.206299 -17.9816 -24.3081 -1.45621 0.193542 0.182915 0.206816 0.187753 0.177117 0.205934
931250 0.196749 0.186384 0.205813 -14.0306 -11.8111 5.92248 0.199581 0.189447 0.204928 0.193542 0.182915 0.206816
931250 0.188235 0.18353 0.21426 14.6438 8.49388 9.60659 0.185307 0.181037 0.212189 0.191805 0.186569 0.216786
931250 0.196969 0.179956 0.216755 1.32851 1.1863 3.67408 0.195514 0.179341 0.21388 0.199134 0.180872 0.221033
931250 0.197971 0.193385 0.205223 -6.6624 11.3628 1.87423 0.199581 0.189447 0.204928 0.196688 0.196524 0.205458
931250 0.197158 0.179783 0.207482 -10.04 9.68389 0.155434 0.200997 0.176458 0.208189 0.193542 0.182915 0.206816
931250 0.203419 0.189434 0.203069 17.9623 1.3092 -5.74987 0.199581 0.189447 0.204928 0.207083 0.189421 0.201294
931250 0.20011 0.191857 0.208408 -0.672644 -5.58454 -5.88034 0.200704 0.194561 0.212313 0.199581 0.189447 0.204928
931250 0.196062 0.189276 0.218498 2.94793 2.27824 1.85277 0.191805 0.186569 0.216786 0.198878 0.191066 0.21963
931250 0.196598 0.185805 0.214589 -7.50387 1.06694 2.07535 0.200781 0.185138 0.212671 0.191805 0.186569 0.216786
931250 0.189249 0.196512 0.188064 -2.24894 19.149 11.1286 0.189176 0.191508 0.185851 0.189304 0.200354 0.189763
931250 0.197675 0.193979 0.188798 -6.89529 1.28913 12.5007 0.199487 0.193004 0.185407 0.195613 0.195088 0.192659
931250 0.188235 0.197554 0.192707 2.05346 10.2194 -8.39041 0.187088 0.194552 0.195863 0.189304 0.200354 0.189763
931250 0.189954 0.19752 0.197661 31.5251 41.0986 15.6436 0.187088 0.194552 0.195863 0.192954 0.200628 0.199543
931250 0.192345 0.197816 0.191159 -24.8869 26.4134 -8.46615 0.195613 0.195088 0.192659 0.189304 0.200354 0.189763
931250 0.198103 0.191491 0.193767 -32.9508 34.3207 -10.4062 0.200856 0.187513 0.194993 0.195613 0.195088 0.192659
931250 0.20242 0.194811 0.183439 6.19251 2.47853 -4.37864 0.199487 0.193004 0.185407 0.207435 0.197902 0.180074
931250 0.202997 0.192167 0.187052 14.1147 -3.49802 4.01565 0.199487 0.193004 0.185407 0.206694 0.191286 0.188786
931250 0.189056 0.199612 0.209755 54.8064 34.5678 -11.0486 0.186082 0.197081 0.21073 0.192443 0.202494 0.208643
931250 0.196867 0.199493 0.21854 5.65444 16.6294 -17.6248 0.196435 0.19743 0.221334 0.19733 0.201703 0.215545
931250 0.198813 0.198565 0.214125 -13.7482 34.7009 22.1893 0.200704 0.194561 0.212313 0.19733 0.201703 0.215545
931250 0.199652 0.192548 0.216528 -0.532413 -1.1248 3.55781 0.200704 0.194561 0.212313 0.198878 0.191066 0.21963
931250 0.21909 0.1806 0.196355 -27.0594 -46.1015 6.6245 0.222559 0.185985 0.196546 0.215444 0.174937 0.196154
931250 0.20468 0.188558 0.186343 2.33387 2.89212 1.8876 0.202986 0.186265 0.184289 0.206694 0.191286 0.188786
931250 0.209282 0.180099 0.188153 -19.1985 29.2116 32.599 0.211204 0.176589 0.185388 0.207618 0.183136 0.190545
931250 0.200715 0.183118 0.192628 -1.74835 -8.14961 -4.36515 0.200856 0.187513 0.194993 0.200618 0.180094 0.191002
931250 0.210154 0.185974 0.192347 13.6728 14.0062 5.81785 0.207618 0.183136 0.190545 0.212616 0.188729 0.194096
931250 0.204525 0.185139 0.19258 -22.3512 18.6269 11.9104 0.207618 0.183136 0.190545 0.200856 0.187513 0.194993
931250 0.212936 0.18649 0.197501 0.356648 12.7257 -26.2659 0.213242 0.18434 0.200772 0.212616 0.188729 0.194096
931250 0.202074 0.184783 0.198992 1.39337 -7.22646 12.0654 0.200856 0.187513 0.194993 0.203009 0.182685 0.202065
931250 0.204286 0.188564 0.198463 17.6113 6.71039 24.8194 0.200856 0.187513 0.194993 0.207083 0.189421 0.201294
931250 0.207154 0.187227 0.189662 -0.568507 10.6464 -4.00483 0.207618 0.183136 0.190545 0.206694 0.191286 0.188786
931250 0.211193 0.192554 0.193838 6.26348 -12.0341 -0.491347 0.210124 0.195428 0.193644 0.212616 0.188729 0.194096
931250 0.213816 0.190968 0.197303 0.646783 2.64474 3.79626 0.212616 0.188729 0.194096 0.215394 0.193915 0.201524
931250 0.214237 0.191209 0.191279 -7.14533 -19.0316 19.6432 0.216163 0.194156 0.18793 0.212616 0.188729 0.194096
931250 0.202148 0.180019 0.204687 5.65178 17.6707 -12.5189 0.200997 0.176458 0.208189 0.203009 0.182685 0.202065
931250 0.205909 0.182459 0.204569 -2.80206 0.239808 -1.7325 0.209 0.182218 0.207237 0.203009 0.182685 0.202065
931250 0.210218 0.186835 0.201029 -5.77056 4.45944 1.63698 0.213242 0.18434 0.200772 0.207083 0.189421 0.201294
931250 0.214591 0.181629 0.203271 13.5978 -22.2038 15.8965 0.213242 0.18434 0.200772 0.215814 0.179171 0.205535
931250 0.206721 0.189193 0.205344 1.03658 2.86097 -13.1103 0.206428 0.189009 0.208628 0.207083 0.189421 0.201294
931250 0.200883 0.18101 0.210539 -1.52762 -36.4212 -26.2791 0.200781 0.185138 0.212671 0.200997 0.176458 0.208189
931250 0.208072 0.18749 0.211055 5.12051 -3.53994 8.84792 0.206428 0.189009 0.208628 0.20957 0.186107 0.213265
931250 0.204082 0.187401 0.210307 -9.15443 -5.71876 8.87689 0.206428 0.189009 0.208628 0.200781 0.185138 0.212671
931250 0.209107 0.180255 0.210824 0.956164 3.56205 -6.28021 0.209282 0.177055 0.216673 0.209 0.182218 0.207237
931250 0.209481 0.183293 0.214324 -0.307388 -9.56283 1.95223 0.20957 0.186107 0.213265 0.209282 0.177055 0.216673
931250 0.210663 0.191356 0.201393 -39.1555 -19.2365 5.67813 0.215394 0.193915 0.201524 0.207083 0.189421 0.201294
931250 0.207017 0.192173 0.207891 2.76481 13.4708 -0.925939 0.206428 0.189009 0.208628 0.207778 0.196252 0.206943
931250 0.210022 0.188687 0.214742 0.554245 5.16127 1.99192 0.20957 0.186107 0.213265 0.210737 0.192774 0.21708
931250 0.216698 0.179606 0.208954 2.87706 4.71082 29.7233 0.215814 0.179171 0.205535 0.217495 0.179999 0.212036
931250 0.212331 0.185994 0.21445 5.36298 -1.1499 2.21452 0.20957 0.186107 0.213265 0.216027 0.185842 0.216037
931250 0.205158 0.194911 0.190184 0.0 0.0 0.0 0.203724 0.1983 0.19149 0.206694 0.191286 0.188786
931250 0.20867 0.193672 0.191585 -8.56342 -11.5702 -17.7289 0.210124 0.195428 0.193644 0.206694 0.191286 0.188786
931250 0.212635 0.197129 0.194138 7.36299 5.08584 0.0263128 0.210124 0.195428 0.193644 0.215161 0.19884 0.194634
931250 0.209566 0.197941 0.195322 -2.44874 21.3888 10.3402 0.210124 0.195428 0.193644 0.208706 0.201812 0.197907
931250 0.218059 0.197786 0.194817 -36.8174 19.8016 -5.28926 0.221918 0.196383 0.195061 0.215161 0.19884 0.194634
931250 0.215049 0.198885 0.18807 -6.01324 15.8484 2.01857 0.216163 0.194156 0.18793 0.213849 0.203981 0.188221
931250 0.204448 0.195456 0.20947 24.9665 6.66251 -13.4196 0.200704 0.194561 0.212313 0.207778 0.196252 0.206943
931250 0.21056 0.193388 0.208413 -13.1917 17.0127 -5.16126 0.212646 0.191242 0.209515 0.207778 0.196252 0.206943
931250 0.211141 0.19522 0.20455 -33.1604 13.6009 32.6432 0.215394 0.193915 0.201524 0.207778 0.196252 0.206943
931250 0.21188 0.191856 0.21255 -2.49802 4.4885 12.1731 0.212646 0.191242 0.209515 0.210737 0.192774 0.21708
931250 0.215153 0.189404 0.208801 -23.0577 13.1809 3.01239 0.21894 0.186628 0.207722 0.212646 0.191242 0.209515
931250 0.217265 0.190071 0.204794 -8.38886 17.0705 -20.0396 0.21894 0.186628 0.207722 0.215394 0.193915 0.201524
931250 0.207039 0.195306 0.218678 36.7043 -23.3535 -23.6617 0.203883 0.197467 0.220042 0.210737 0.192774 0.21708
931250 0.18239 0.185613 0.195917 -5.79265 0.046788 4.70915 0.185857 0.186196 0.193475 0.177446 0.184781 0.199399
931250 0.211424 0.181218 0.183898 0.293687 10.8585 -1.68233 0.211204 0.176589 0.185388 0.211668 0.186358 0.182244
931250 0.206407 0.186301 0.183483 -2.0626 -0.0792903 0.155198 0.211668 0.186358 0.182244 0.202986 0.186265 0.184289
931250 0.201385 0.185888 0.203421 1.62851 -3.86821 -0.927667 0.199581 0.189447 0.204928 0.203009 0.182685 0.202065
931250 0.203763 0.181461 0.190797 -8.61872 -3.18257 -0.817174 0.207618 0.183136 0.190545 0.200618 0.180094 0.191002
931250 0.211054 0.201332 0.184671 12.0275 16.7513 22.5817 0.207435 0.197902 0.180074 0.213849 0.203981 0.188221
931250 0.194887 0.180882 0.181978 -11.9951 6.32395 0.0250131 0.199346 0.178686 0.182752 0.191242 0.182676 0.181346
931250 0.205133 0.199331 0.216654 0.404375 1.09224 -2.2347 0.203883 0.197467 0.220042 0.206346 0.201139 0.213367
931250 0.203729 0.185836 0.216196 13.611 2.64517 11.7961 0.200781 0.185138 0.212671 0.205917 0.186355 0.218814
931250 0.202423 0.196133 0.216494 8.15802 4.89539 24.2373 0.200704 0.194561 0.212313 0.203883 0.197467 0.220042
931250 0.194536 0.194322 0.206901 6.96723 10.1971 -6.12361 0.191874 0.191598 0.208686 0.196688 0.196524 0.205458
931250 0.207577 0.185975 0.208006 1.19072 -2.48231 -0.151422 0.206428 0.189009 0.208628 0.209 0.182218 0.207237
931250 0.19265 0.187556 0.207816 0.573559 -16.2145 -4.3069 0.191874 0.191598 0.208686 0.193542 0.182915 0.206816
931250 0.188915 0.194399 0.20973 -9.88871 10.0131 1.35249 0.191874 0.191598 0.208686 0.186082 0.197081 0.21073
931250 0.208863 0.189137 0.185933 -4.45354 5.3007 4.83287 0.211668 0.186358 0.182244 0.206694 0.191286 0.188786
931250 0.191844 0.189379 0.21226 -0.434318 -3.82767 4.54301 0.191874 0.191598 0.208686 0.191805 0.186569 0.216786
931250 0.199978 0.183057 0.21675 1.90567 6.91926 -9.44667 0.199134 0.180872 0.221033 0.200781 0.185138 0.212671
931250 0.218665 0.190295 0.199252 -30.7069 36.2674 17.7901 0.222559 0.185985 0.196546 0.215394 0.193915 0.201524
931250 0.199166 0.183099 0.196595 -10.5878 -18.4273 8.71808 0.200856 0.187513 0.194993 0.198072 0.180242 0.197633
931250 0.200329 0.181359 0.199659 -2.43767 -0.713403 -1.74884 0.203009 0.182685 0.202065 0.198072 0.180242 0.197633
931250 0.217142 0.182339 0.206464 -7.95962 -29.1273 -11.4793 0.21894 0.186628 0.207722 0.215814 0.179171 0.205535
931250 0.213207 0.196059 0.214675 12.1582 12.6424 -7.6866 0.210737 0.192774 0.21708 0.216574 0.200537 0.211397
931250 0.200743 0.189781 0.212495 1.72904 -53.1344 10.4839 0.200704 0.194561 0.212313 0.200781 0.185138 0.212671
931250 0.207065 0.183183 0.218084 3.97452 -19.3735 -5.84356 0.205917 0.186355 0.218814 0.209282 0.177055 0.216673
931250 0.210296 0.179186 0.197096 3.73237 -4.24903 -0.757614 0.207958 0.181116 0.197524 0.215444 0.174937 0.196154
931250 0.19563 0.183596 0.219002 -6.76157 4.23258 -5.00488 0.199134 0.180872 0.221033 0.191805 0.186569 0.216786
931250 0.201287 0.191938 0.197265 -1.00709 12.9013 7.24701 0.200856 0.187513 0.194993 0.201677 0.19595 0.199326
931250 0.198355 0.195709 0.208305 -18.9076 6.64762 -22.8414 0.200704 0.194561 0.212313 0.196688 0.196524 0.205458
931250 0.207943 0.189053 0.218085 7.80102 14.0394 -4.97215 0.205917 0.186355 0.218814 0.210737 0.192774 0.21708
931250 0.185908 0.182312 0.195271 2.30769 -15.5953 9.42985 0.185857 0.186196 0.193475 0.185971 0.177552 0.197473
931250 0.202176 0.201567 0.19296 0.0 0.0 0.0 0.203724 0.1983 0.19149 0.200066 0.206022 0.194964
931250 0.206402 0.178604 0.198323 -1.2219 -2.7543 1.11445 0.207958 0.181116 0.197524 0.20422 0.175083 0.199444
931250 0.215246 0.197044 0.197148 2.54099 16.4663 -18.9999 0.215394 0.193915 0.201524 0.215161 0.19884 0.194634
931250 0.204986 0.185953 0.201691 -4.33723 -7.94072 -0.496464 0.207083 0.189421 0.201294 0.203009 0.182685 0.202065
931250 0.198827 0.196278 0.202828 -9.20658 -0.721442 9.35057 0.201677 0.19595 0.199326 0.196688 0.196524 0.205458
931250 0.206976 0.193807 0.185465 0.350685 -2.45442 3.06921 0.207435 0.197902 0.180074 0.206694 0.191286 0.188786
931250 0.197692 0.181739 0.21338 15.992 22.7298 -1.49573 0.195514 0.179341 0.21388 0.200781 0.185138 0.212671
931250 0.207815 0.181966 0.194587 1.17895 -1.24798 6.4735 0.207618 0.183136 0.190545 0.207958 0.181116 0.197524
931250 0.205762 0.181812 0.199539 -4.50992 0.447174 3.82762 0.207958 0.181116 0.197524 0.203009 0.182685 0.202065
931250 0.211164 0.1833 0.20394 -2.6549 -2.30439 4.3786 0.213242 0.18434 0.200772 0.209 0.182218 0.207237
931250 0.203581 0.179096 0.200828 -0.0380525 0.11338 0.0381576 0.20422 0.175083 0.199444 0.203009 0.182685 0.202065
931250 0.19633 0.186335 0.184433 3.05892 2.53045 -9.72836 0.195627 0.184936 0.188129 0.196914 0.187499 0.181358
931250 0.203798 0.198169 0.212892 3.50583 3.97974 1.52021 0.200704 0.194561 0.212313 0.206346 0.201139 0.213367
931250 0.210272 0.182528 0.198946 1.56981 1.20464 1.39285 0.207958 0.181116 0.197524 0.213242 0.18434 0.200772
931250 0.204604 0.201687 0.18976 4.01854e-05 0.000119561 -8.73907e-05 0.203724 0.1983 0.19149 0.205343 0.204533 0.188306
931250 0.18495 0.185347 0.211582 0.0 0.0 0.0 0.185307 0.181037 0.212189 0.184642 0.189081 0.211056
931250 0.189872 0.187351 0.194412 0.0 0.0 0.0 0.192784 0.188192 0.195093 0.185857 0.186196 0.193475
931250 0.183071 0.186588 0.200938 0.0 0.0 0.0 0.177446 0.184781 0.199399 0.187232 0.187928 0.202076
931250 0.189894 0.180936 0.198299 0.0 0.0 0.0 0.185971 0.177552 0.197473 0.192332 0.183043 0.198814
931250 0.193318 0.189926 0.197611 0.0 0.0 0.0 0.192784 0.188192 0.195093 0.193902 0.19183 0.200367
931250 0.195879 0.187932 0.195054 0.0 0.0 0.0 0.192784 0.188192 0.195093 0.200856 0.187513 0.194993
931250 0.214467 0.179703 0.187218 0.0 0.0 0.0 0.211204 0.176589 0.185388 0.216992 0.182116 0.188635
931250 0.195215 0.181635 0.19822 0.0 0.0 0.0 0.192332 0.183043 0.198814 0.198072 0.180242 0.197633
931250 0.19282 0.18299 0.202039 0.0 0.0 0.0 0.192332 0.183043 0.198814 0.193542 0.182915 0.206816
931250 0.19028 0.185505 0.204366 0.0 0.0 0.0 0.193542 0.182915 0.206816 0.187232 0.187928 0.202076
931250 0.191039 0.190154 0.2011 0.0 0.0 0.0 0.187232 0.187928 0.202076 0.193902 0.19183 0.200367
931250 0.187658 0.192332 0.20298 0.0 0.0 0.0 0.187232 0.187928 0.202076 0.187969 0.195546 0.203639
931250 0.196419 0.190771 0.202388 0.0 0.0 0.0 0.199581 0.189447 0.204928 0.193902 0.19183 0.200367
931250 0.192513 0.191787 0.215984 0.0 0.0 0.0 0.191805 0.186569 0.216786 0.192987 0.195287 0.215447
931250 0.196283 0.194976 0.214109 0.0 0.0 0.0 0.200704 0.194561 0.212313 0.192987 0.195287 0.215447
931250 0.216437 0.179541 0.19133 0.0 0.0 0.0 0.215444 0.174937 0.196154 0.216992 0.182116 0.188635
931250 0.182284 0.184836 0.19122 0.0 0.0 0.0 0.185857 0.186196 0.193475 0.17843 0.1834 0.18879
931250 0.182795 0.178863 0.208287 0.0 0.0 0.0 0.180607 0.176994 0.204887 0.185307 0.181037 0.212189
931250 0.180438 0.196232 0.200992 0.0 0.0 0.0 0.180309 0.193527 0.205152 0.18053 0.198134 0.198104
931250 0.182677 0.189093 0.192583 0.0 0.0 0.0 0.185857 0.186196 0.193475 0.179106 0.192378 0.191581
931250 0.183815 0.191956 0.1889 0.0 0.0 0.0 0.189176 0.191508 0.185851 0.179106 0.192378 0.191581
931250 0.182722 0.191035 0.208443 0.0 0.0 0.0 0.180309 0.193527 0.205152 0.184642 0.189081 0.211056
931250 0.185821 0.188541 0.206965 0.0 0.0 0.0 0.187232 0.187928 0.202076 0.184642 0.189081 0.211056
931250 0.188063 0.190257 0.209934 0.0 0.0 0.0 0.191874 0.191598 0.208686 0.184642 0.189081 0.211056
931250 0.185338 0.192939 0.210899 0.0 0.0 0.0 0.186082 0.197081 0.21073 0.184642 0.189081 0.211056
931250 0.18386 0.190639 0.203574 0.0 0.0 0.0 0.180309 0.193527 0.205152 0.187232 0.187928 0.202076
931250 0.184834 0.194705 0.204258 0.0 0.0 0.0 0.180309 0.193527 0.205152 0.187969 0.195546 0.203639
931250 0.187613 0.188024 0.213434 0.0 0.0 0.0 0.191805 0.186569 0.216786 0.184642 0.189081 0.211056
931250 0.197885 0.183969 0.181915 0.0 0.0 0.0 0.199346 0.178686 0.182752 0.196914 0.187499 0.181358
931250 0.19346 0.183804 0.184777 0.0 0.0 0.0 0.195627 0.184936 0.188129 0.191242 0.182676 0.181346
931250 0.190356 0.186449 0.183277 0.0 0.0 0.0 0.189176 0.191508 0.185851 0.191242 0.182676 0.181346
931250 0.185796 0.179069 0.19226 0.0 0.0 0.0 0.185685 0.180067 0.188911 0.185971 0.177552 0.197473
931250 0.189058 0.179673 0.190429 0.0 0.0 0.0 0.185685 0.180067 0.188911 0.192551 0.179293 0.192
931250 0.195417 0.179771 0.194925 0.0 0.0 0.0 0.192551 0.179293 0.192 0.198072 0.180242 0.197633
931250 0.192438 0.181217 0.195522 0.0 0.0 0.0 0.192551 0.179293 0.192 0.192332 0.183043 0.198814
931250 0.193218 0.179386 0.199785 0.0 0.0 0.0 0.194453 0.17433 0.201138 0.192332 0.183043 0.198814
931250 0.192564 0.185666 0.196906 0.0 0.0 0.0 0.192784 0.188192 0.195093 0.192332 0.183043 0.198814
931250 0.189532 0.184392 0.196505 0.0 0.0 0.0 0.185857 0.186196 0.193475 0.192332 0.183043 0.198814
931250 0.190193 0.185077 0.200181 0.0 0.0 0.0 0.192332 0.183043 0.198814 0.187232 0.187928 0.202076
931250 0.196617 0.179682 0.191498 0.0 0.0 0.0 0.192551 0.179293 0.192 0.200618 0.180094 0.191002
931250 0.199306 0.180156 0.194418 0.0 0.0 0.0 0.200618 0.180094 0.191002 0.198072 0.180242 0.197633
931250 0.189217 0.181914 0.209638 0.0 0.0 0.0 0.185307 0.181037 0.212189 0.193542 0.182915 0.206816
931250 0.194714 0.180773 0.211023 0.0 0.0 0.0 0.195514 0.179341 0.21388 0.193542 0.182915 0.206816
931250 0.194098 0.182082 0.214987 0.0 0.0 0.0 0.195514 0.179341 0.21388 0.191805 0.186569 0.216786
931250 0.192715 0.184638 0.211558 0.0 0.0 0.0 0.191805 0.186569 0.216786 0.193542 0.182915 0.206816
931250 0.19723 0.184034 0.209799 0.0 0.0 0.0 0.200781 0.185138 0.212671 0.193542 0.182915 0.206816
931250 0.203422 0.179244 0.21919 0.0 0.0 0.0 0.199134 0.180872 0.221033 0.209282 0.177055 0.216673
931250 0.203106 0.184069 0.219732 0.0 0.0 0.0 0.199134 0.180872 0.221033 0.205917 0.186355 0.218814
931250 0.193982 0.189003 0.18306 0.0 0.0 0.0 0.189176 0.191508 0.185851 0.196914 0.187499 0.181358
931250 0.198175 0.193275 0.181508 0.0 0.0 0.0 0.199487 0.193004 0.185407 0.196989 0.193549 0.177991
931250 0.194024 0.186757 0.192055 0.0 0.0 0.0 0.192784 0.188192 0.195093 0.195627 0.184936 0.188129
931250 0.197569 0.18898 0.18676 0.0 0.0 0.0 0.195627 0.184936 0.188129 0.199487 0.193004 0.185407
931250 0.19046 0.190773 0.195406 0.0 0.0 0.0 0.192784 0.188192 0.195093 0.187088 0.194552 0.195863
931250 0.193937 0.190987 0.1941 0.0 0.0 0.0 0.192784 0.188192 0.195093 0.195613 0.195088 0.192659
931250 0.187313 0.188513 0.190128 0.0 0.0 0.0 0.185857 0.186196 0.193475 0.189176 0.191508 0.185851
931250 0.195155 0.192361 0.185593 0.0 0.0 0.0 0.199487 0.193004 0.185407 0.189176 0.191508 0.185851
931250 0.18803 0.193163 0.191342 0.0 0.0 0.0 0.187088 0.194552 0.195863 0.189176 0.191508 0.185851
931250 0.192703 0.193455 0.18958 0.0 0.0 0.0 0.189176 0.191508 0.185851 0.195613 0.195088 0.192659
931250 0.191344 0.194805 0.194263 0.0 0.0 0.0 0.187088 0.194552 0.195863 0.195613 0.195088 0.192659
931250 0.190522 0.18807 0.197937 0.0 0.0 0.0 0.192784 0.188192 0.195093 0.187232 0.187928 0.202076
931250 0.186526 0.187024 0.197661 0.0 0.0 0.0 0.185857 0.186196 0.193475 0.187232 0.187928 0.202076
931250 0.187159 0.191229 0.198966 0.0 0.0 0.0 0.187088 0.194552 0.195863 0.187232 0.187928 0.202076
931250 0.190972 0.192984 0.19843 0.0 0.0 0.0 0.187088 0.194552 0.195863 0.193902 0.19183 0.200367
931250 0.187596 0.195111 0.200354 0.0 0.0 0.0 0.187088 0.194552 0.195863 0.187969 0.195546 0.203639
931250 0.194636 0.193212 0.197058 0.0 0.0 0.0 0.195613 0.195088 0.192659 0.193902 0.19183 0.200367
931250 0.186021 0.199515 0.196185 0.0 0.0 0.0 0.187088 0.194552 0.195863 0.184836 0.205068 0.196544
931250 0.198317 0.182311 0.189678 0.0 0.0 0.0 0.195627 0.184936 0.188129 0.200618 0.180094 0.191002
931250 0.199551 0.18563 0.186081 0.0 0.0 0.0 0.195627 0.184936 0.188129 0.202986 0.186265 0.184289
931250 0.201089 0.191047 0.181544 0.0 0.0 0.0 0.199487 0.193004 0.185407 0.20236 0.189521 0.178482
931250 0.201343 0.189416 0.184814 0.0 0.0 0.0 0.199487 0.193004 0.185407 0.202986 0.186265 0.184289
931250 0.201624 0.19566 0.188472 0.0 0.0 0.0 0.203724 0.1983 0.19149 0.199487 0.193004 0.185407
931250 0.198641 0.195504 0.195988 0.0 0.0 0.0 0.195613 0.195088 0.192659 0.201677 0.19595 0.199326
931250 0.199966 0.196797 0.19203 0.0 0.0 0.0 0.203724 0.1983 0.19149 0.195613 0.195088 0.192659
931250 0.189635 0.189813 0.205497 0.0 0.0 0.0 0.191874 0.191598 0.208686 0.187232 0.187928 0.202076
931250 0.195701 0.190515 0.20682 0.0 0.0 0.0 0.191874 0.191598 0.208686 0.199581 0.189447 0.204928
931250 0.19089 0.1937 0.202027 0.0 0.0 0.0 0.187969 0.195546 0.203639 0.193902 0.19183 0.200367
931250 0.192996 0.19171 0.204082 0.0 0.0 0.0 0.191874 0.191598 0.208686 0.193902 0.19183 0.200367
931250 0.195294 0.19416 0.20291 0.0 0.0 0.0 0.196688 0.196524 0.205458 0.193902 0.19183 0.200367
931250 0.189683 0.193806 0.205855 0.0 0.0 0.0 0.191874 0.191598 0.208686 0.187969 0.195546 0.203639
931250 0.18712 0.196222 0.206829 0.0 0.0 0.0 0.186082 0.197081 0.21073 0.187969 0.195546 0.203639
931250 0.192476 0.193579 0.212343 0.0 0.0 0.0 0.191874 0.191598 0.208686 0.192987 0.195287 0.215447
931250 0.189743 0.196115 0.213231 0.0 0.0 0.0 0.186082 0.197081 0.21073 0.192987 0.195287 0.215447
931250 0.194728 0.196354 0.218419 0.0 0.0 0.0 0.196435 0.19743 0.221334 0.192987 0.195287 0.215447
931250 0.195951 0.193148 0.217552 0.0 0.0 0.0 0.192987 0.195287 0.215447 0.198878 0.191066 0.21963
931250 0.195104 0.1984 0.215495 0.0 0.0 0.0 0.192987 0.195287 0.215447 0.19733 0.201703 0.215545
931250 0.186125 0.199298 0.214317 0.0 0.0 0.0 0.186082 0.197081 0.21073 0.186186 0.20255 0.219521
931250 0.190408 0.198026 0.216992 0.0 0.0 0.0 0.192987 0.195287 0.215447 0.186186 0.20255 0.219521
931250 0.200169 0.188542 0.200351 0.0 0.0 0.0 0.200856 0.187513 0.194993 0.199581 0.189447 0.204928
931250 0.200598 0.192587 0.202211 0.0 0.0 0.0 0.199581 0.189447 0.204928 0.201677 0.19595 0.199326
931250 0.196717 0.190067 0.19819 0.0 0.0 0.0 0.200856 0.187513 0.194993 0.193902 0.19183 0.200367
931250 0.197234 0.19358 0.19992 0.0 0.0 0.0 0.201677 0.19595 0.199326 0.193902 0.19183 0.200367
931250 0.203439 0.189186 0.207013 0.0 0.0 0.0 0.206428 0.189009 0.208628 0.199581 0.189447 0.204928
931250 0.200155 0.187371 0.208632 0.0 0.0 0.0 0.200781 0.185138 0.212671 0.199581 0.189447 0.204928
931250 0.196004 0.19297 0.210382 0.0 0.0 0.0 0.191874 0.191598 0.208686 0.200704 0.194561 0.212313
931250 0.199697 0.188496 0.21663 0.0 0.0 0.0 0.200781 0.185138 0.212671 0.198878 0.191066 0.21963
931250 0.201202 0.194024 0.219821 0.0 0.0 0.0 0.203883 0.197467 0.220042 0.198878 0.191066 0.21963
931250 0.200476 0.199655 0.217704 0.0 0.0 0.0 0.203883 0.197467 0.220042 0.19733 0.201703 0.215545
931250 0.214052 0.180862 0.199071 0.0 0.0 0.0 0.213242 0.18434 0.200772 0.215444 0.174937 0.196154
931250 0.209392 0.184532 0.186909 0.0 0.0 0.0 0.207618 0.183136 0.190545 0.211668 0.186358 0.182244
931250 0.205093 0.184827 0.187134 0.0 0.0 0.0 0.207618 0.183136 0.190545 0.202986 0.186265 0.184289
931250 0.205448 0.179648 0.20766 0.0 0.0 0.0 0.200997 0.176458 0.208189 0.209 0.182218 0.207237
931250 0.214149 0.188364 0.201089 0.0 0.0 0.0 0.213242 0.18434 0.200772 0.215394 0.193915 0.201524
931250 0.208039 0.185812 0.20426 0.0 0.0 0.0 0.209 0.182218 0.207237 0.207083 0.189421 0.201294
931250 0.209328 0.184444 0.21071 0.0 0.0 0.0 0.20957 0.186107 0.213265 0.209 0.182218 0.207237
931250 0.212642 0.180575 0.206328 0.0 0.0 0.0 0.209 0.182218 0.207237 0.215814 0.179171 0.205535
931250 0.216781 0.18495 0.199166 0.0 0.0 0.0 0.222559 0.185985 0.196546 0.213242 0.18434 0.200772
931250 0.2158 0.185352 0.203892 0.0 0.0 0.0 0.21894 0.186628 0.207722 0.213242 0.18434 0.200772
931250 0.204272 0.181803 0.214315 0.0 0.0 0.0 0.200781 0.185138 0.212671 0.209282 0.177055 0.216673
931250 0.202655 0.187969 0.181224 0.0 0.0 0.0 0.202986 0.186265 0.184289 0.20236 0.189521 0.178482
931250 0.20508 0.198141 0.18732 0.0 0.0 0.0 0.203724 0.1983 0.19149 0.207435 0.197902 0.180074
931250 0.21252 0.195705 0.184651 0.0 0.0 0.0 0.216163 0.194156 0.18793 0.207435 0.197902 0.180074
931250 0.209686 0.189979 0.191469 0.0 0.0 0.0 0.212616 0.188729 0.194096 0.206694 0.191286 0.188786
931250 0.204035 0.189552 0.191613 0.0 0.0 0.0 0.200856 0.187513 0.194993 0.206694 0.191286 0.188786
931250 0.202778 0.197198 0.195116 0.0 0.0 0.0 0.203724 0.1983 0.19149 0.201677 0.19595 0.199326
931250 0.207305 0.19668 0.192693 0.0 0.0 0.0 0.210124 0.195428 0.193644 0.203724 0.1983 0.19149
931250 0.209843 0.189061 0.197703 0.0 0.0 0.0 0.212616 0.188729 0.194096 0.207083 0.189421 0.201294
931250 0.204523 0.192498 0.200363 0.0 0.0 0.0 0.201677 0.19595 0.199326 0.207083 0.189421 0.201294
931250 0.204822 0.196091 0.203252 0.0 0.0 0.0 0.201677 0.19595 0.199326 0.207778 0.196252 0.206943
931250 0.21204 0.194864 0.196507 0.0 0.0 0.0 0.210124 0.195428 0.193644 0.215394 0.193915 0.201524
931250 0.205976 0.199872 0.194387 0.0 0.0 0.0 0.203724 0.1983 0.19149 0.208706 0.201812 0.197907
931250 0.216488 0.187646 0.195051 0.0 0.0 0.0 0.222559 0.185985 0.196546 0.212616 0.188729 0.194096
931250 0.211071 0.192598 0.18839 0.0 0.0 0.0 0.216163 0.194156 0.18793 0.206694 0.191286 0.188786
931250 0.212464 0.194921 0.19143 0.0 0.0 0.0 0.210124 0.195428 0.193644 0.216163 0.194156 0.18793
931250 0.215551 0.197004 0.192028 0.0 0.0 0.0 0.216163 0.194156 0.18793 0.215161 0.19884 0.194634
931250 0.207423 0.192746 0.204056 0.0 0.0 0.0 0.207083 0.189421 0.201294 0.207778 0.196252 0.206943
931250 0.204091 0.191261 0.210132 0.0 0.0 0.0 0.206428 0.189009 0.208628 0.200704 0.194561 0.212313
931250 0.209591 0.190131 0.209079 0.0 0.0 0.0 0.206428 0.189009 0.208628 0.212646 0.191242 0.209515
931250 0.206117 0.185712 0.213031 0.0 0.0 0.0 0.20957 0.186107 0.213265 0.200781 0.185138 0.212671
931250 0.211063 0.188584 0.211445 0.0 0.0 0.0 0.20957 0.186107 0.213265 0.212646 0.191242 0.209515
931250 0.213669 0.192223 0.206542 0.0 0.0 0.0 0.212646 0.191242 0.209515 0.215394 0.193915 0.201524
931250 0.207869 0.186208 0.215848 0.0 0.0 0.0 0.20957 0.186107 0.213265 0.205917 0.186355 0.218814
931250 0.20122 0.198825 0.209123 0.0 0.0 0.0 0.200704 0.194561 0.212313 0.201792 0.203587 0.205584
931250 0.219092 0.195299 0.197862 0.0 0.0 0.0 0.221918 0.196383 0.195061 0.215394 0.193915 0.201524
931250 0.213941 0.194291 0.210135 0.0 0.0 0.0 0.212646 0.191242 0.209515 0.216574 0.200537 0.211397
931250 0.184234 0.205667 0.191605 -7.97953 3.7723 -27.6685 0.184836 0.205068 0.196544 0.183735 0.206163 0.187505
931250 0.189019 0.20278 0.19809 -17.9221 8.10882 -3.43219 0.192954 0.200628 0.199543 0.184836 0.205068 0.196544
931250 0.186506 0.203272 0.188628 -21.8038 19.6156 -12.9642 0.189304 0.200354 0.189763 0.183735 0.206163 0.187505
931250 0.185696 0.209733 0.194926 -2.75763 -25.3428 4.82539 0.18626 0.212793 0.193864 0.184836 0.205068 0.196544
931250 0.185711 0.207952 0.200549 -1.76825 -22.1502 -24.9776 0.186859 0.211734 0.205802 0.184836 0.205068 0.196544
931250 0.183019 0.212263 0.194045 -18.9556 -4.88771 -1.48252 0.18626 0.212793 0.193864 0.179257 0.211648 0.194254
931250 0.181185 0.211083 0.202542 3.45352 0.220311 1.32889 0.178553 0.210781 0.20103 0.186859 0.211734 0.205802
931250 0.184803 0.217808 0.204343 1.50275 -5.16316 2.12797 0.183599 0.221367 0.203489 0.186859 0.211734 0.205802
931250 0.19655 0.198212 0.189535 -2.01066 -5.65463 4.1943 0.197554 0.201563 0.186185 0.195613 0.195088 0.192659
931250 0.194312 0.197798 0.196027 5.41497 -18.3595 -17.1617 0.192954 0.200628 0.199543 0.195613 0.195088 0.192659
931250 0.195123 0.198243 0.20298 10.1556 -17.1393 25.3795 0.192954 0.200628 0.199543 0.196688 0.196524 0.205458
931250 0.192695 0.201573 0.204155 -0.0545342 0.55537 10.757 0.192954 0.200628 0.199543 0.192443 0.202494 0.208643
931250 0.190429 0.204398 0.189881 -11.0466 -34.1254 4.50102 0.191628 0.208711 0.190008 0.189304 0.200354 0.189763
931250 0.196296 0.203163 0.197391 12.3581 9.67136 -5.13004 0.192954 0.200628 0.199543 0.200066 0.206022 0.194964
931250 0.194425 0.204849 0.201027 16.1795 44.951 24.807 0.192954 0.200628 0.199543 0.195378 0.207585 0.201989
931250 0.199051 0.204893 0.183003 3.09205 11.1605 -12.73 0.197554 0.201563 0.186185 0.200526 0.208175 0.179867
931250 0.192822 0.205724 0.211879 0.499593 -21.712 -16.9753 0.193204 0.208986 0.215146 0.192443 0.202494 0.208643
931250 0.194567 0.206536 0.208202 -8.11537 -19.2425 4.91858 0.196016 0.209294 0.2079 0.192443 0.202494 0.208643
931250 0.190148 0.206292 0.207475 7.05049 -9.95008 5.15996 0.186859 0.211734 0.205802 0.192443 0.202494 0.208643
931250 0.195484 0.204962 0.215367 26.6758 -38.7304 8.57705 0.193204 0.208986 0.215146 0.19733 0.201703 0.215545
931250 0.196776 0.203 0.207226 -33.598 -6.67184 16.7452 0.201792 0.203587 0.205584 0.192443 0.202494 0.208643
931250 0.199908 0.204366 0.216134 -7.34282 -7.65062 0.0118804 0.202587 0.207131 0.216745 0.19733 0.201703 0.215545
931250 0.188347 0.214052 0.185647 -3.44227 -20.097 -16.3612 0.189679 0.217496 0.188466 0.187369 0.211522 0.183576
931250 0.198245 0.210924 0.194003 10.1114 -19.5022 1.75821 0.196839 0.214712 0.19326 0.200066 0.206022 0.194964
931250 0.188532 0.211065 0.192232 7.14039 -5.88025 -7.40219 0.18626 0.212793 0.193864 0.191628 0.208711 0.190008
931250 0.194346 0.211841 0.191705 9.9517 14.112 9.85839 0.191628 0.208711 0.190008 0.196839 0.214712 0.19326
931250 0.190671 0.213023 0.189251 -1.91664 5.1664 -0.483832 0.191628 0.208711 0.190008 0.189679 0.217496 0.188466
931250 0.18768 0.215311 0.195432 12.3022 17.8104 8.17673 0.18626 0.212793 0.193864 0.189674 0.218844 0.197631
931250 0.196948 0.214945 0.197361 2.35766 0.796692 12.563 0.196839 0.214712 0.19326 0.197075 0.215216 0.202121
931250 0.193315 0.21706 0.199839 -10.8528 5.49079 -9.38276 0.197075 0.215216 0.202121 0.189674 0.218844 0.197631
931250 0.196004 0.212274 0.213468 7.2352 7.95117 -2.34803 0.193204 0.208986 0.215146 0.199001 0.215793 0.211672
931250 0.195693 0.208429 0.204909 -1.68108 -7.09563 -15.0382 0.196016 0.209294 0.2079 0.195378 0.207585 0.201989
931250 0.197172 0.21181 0.20936 -13.3806 -25.4168 -21.2654 0.199001 0.215793 0.211672 0.196016 0.209294 0.2079
931250 0.196041 0.210565 0.202041 -9.95022 -46.5129 6.78232 0.197075 0.215216 0.202121 0.195378 0.207585 0.201989
931250 0.191405 0.213242 0.215442 -20.2897 64.9345 13.0991 0.193204 0.208986 0.215146 0.189181 0.218505 0.215808
931250 0.1881 0.215352 0.211148 7.7575 13.1802 27.7573 0.186859 0.211734 0.205802 0.189181 0.218505 0.215808
931250 0.19772 0.206125 0.203302 7.1134 -4.13949 2.4366 0.195378 0.207585 0.201989 0.201792 0.203587 0.205584
931250 0.202984 0.218408 0.213043 14.428 9.70422 2.13022 0.199001 0.215793 0.211672 0.206565 0.220761 0.214276
931250 0.201305 0.213069 0.201639 20.5465 -10.2118 1.31208 0.197075 0.215216 0.202121 0.204882 0.211253 0.201231
931250 0.201153 0.217234 0.203548 18.426 9.85052 10.3502 0.197075 0.215216 0.202121 0.20515 0.219213 0.204947
931250 0.200933 0.209695 0.219169 -12.3511 16.2852 11.8548 0.202587 0.207131 0.216745 0.199487 0.211937 0.221289
931250 0.205112 0.198815 0.198632 -14.0668 -8.56177 3.62362 0.208706 0.201812 0.197907 0.201677 0.19595 0.199326
931250 0.212611 0.200014 0.195927 21.1461 -5.58697 -9.63113 0.208706 0.201812 0.197907 0.215161 0.19884 0.194634
931250 0.214674 0.200749 0.192253 13.5303 -24.9098 33.6636 0.213849 0.203981 0.188221 0.215161 0.19884 0.194634
931250 0.2096 0.203242 0.202327 -12.4061 -16.0127 -35.5821 0.210187 0.204182 0.20523 0.208706 0.201812 0.197907
931250 0.210298 0.206188 0.185069 14.6382 -12.2977 18.2323 0.20801 0.20761 0.183039 0.213849 0.203981 0.188221
931250 0.20848 0.205626 0.195113 -0.026537 -18.9225 9.88066 0.20832 0.208315 0.193143 0.208706 0.201812 0.197907
931250 0.214104 0.206527 0.192787 -6.53253 -17.0415 -27.3534 0.214251 0.207997 0.195424 0.213849 0.203981 0.188221
931250 0.205115 0.199515 0.206338 33.6384 -34.0799 13.3312 0.201792 0.203587 0.205584 0.207778 0.196252 0.206943
931250 0.203549 0.207944 0.20311 16.3376 33.1807 -13.1433 0.201792 0.203587 0.205584 0.204882 0.211253 0.201231
931250 0.209504 0.206626 0.207023 -11.2215 22.6236 19.8147 0.210187 0.204182 0.20523 0.208278 0.21101 0.210239
931250 0.204456 0.204152 0.215066 5.99335 -11.8656 -8.75257 0.202587 0.207131 0.216745 0.206346 0.201139 0.213367
931250 0.212256 0.203001 0.207227 17.2821 -15.0868 21.4962 0.210187 0.204182 0.20523 0.216574 0.200537 0.211397
931250 0.216811 0.19906 0.200831 -11.8654 -44.669 -1.35208 0.218022 0.203455 0.200239 0.215394 0.193915 0.201524
931250 0.20491 0.207844 0.181725 -18.2072 -0.437702 -5.07889 0.20801 0.20761 0.183039 0.200526 0.208175 0.179867
931250 0.203181 0.216716 0.182303 5.82294 -4.35868 17.7775 0.201324 0.217243 0.178275 0.205784 0.215978 0.18795
931250 0.211821 0.214962 0.189265 -20.9481 0.562952 -6.35396 0.215377 0.214364 0.19004 0.205784 0.215978 0.18795
931250 0.213016 0.210685 0.196037 -21.2134 31.5798 8.79962 0.214251 0.207997 0.195424 0.211246 0.214537 0.196915
931250 0.207438 0.21098 0.191337 -6.15646 16.956 -16.1018 0.20832 0.208315 0.193143 0.205784 0.215978 0.18795
931250 0.20795 0.212836 0.19915 -30.1336 -18.6425 29.1175 0.211246 0.214537 0.196915 0.204882 0.211253 0.201231
931250 0.212768 0.21783 0.199281 -14.8134 -20.7975 -15.8068 0.214235 0.221006 0.201562 0.211246 0.214537 0.196915
931250 0.212155 0.218345 0.195065 12.6721 29.9391 -13.5474 0.211246 0.214537 0.196915 0.212985 0.221819 0.193377
931250 0.215747 0.206195 0.197334 -12.7517 22.0351 -25.3022 0.218022 0.203455 0.200239 0.214251 0.207997 0.195424
931250 0.206577 0.215471 0.20736 -3.34988 10.6418 -4.62327 0.208278 0.21101 0.210239 0.20515 0.219213 0.204947
931250 0.207797 0.21247 0.215597 1.01784 3.41836 16.0156 0.208278 0.21101 0.210239 0.207385 0.213719 0.220178
931250 0.206962 0.217357 0.217129 2.96013 -9.40088 9.51111 0.206565 0.220761 0.214276 0.207385 0.213719 0.220178
931250 0.215847 0.215497 0.207934 3.33968 -4.85605 -7.95683 0.214417 0.217062 0.210124 0.218389 0.212716 0.20404
931250 0.215591 0.215302 0.212318 2.42557 -6.47032 7.37368 0.214417 0.217062 0.210124 0.217913 0.211822 0.216657
931250 0.194881 0.199065 0.206814 5.74483 -11.8927 -6.4372 0.192443 0.202494 0.208643 0.196688 0.196524 0.205458
931250 0.211261 0.197949 0.208707 -4.51539 -1.90682 -1.39237 0.216574 0.200537 0.211397 0.207778 0.196252 0.206943
931250 0.184449 0.215521 0.193551 -5.36984 7.31051 -2.28779 0.18626 0.212793 0.193864 0.182193 0.218922 0.19316
931250 0.193863 0.203894 0.184089 -7.29413 5.80241 -6.03843 0.197554 0.201563 0.186185 0.191096 0.205641 0.182517
931250 0.210472 0.206628 0.191227 1.506 -1.69911 -1.82538 0.20832 0.208315 0.193143 0.213849 0.203981 0.188221
931250 0.21819 0.207707 0.201984 1.06908 21.5007 5.05759 0.218022 0.203455 0.200239 0.218389 0.212716 0.20404
931250 0.21021 0.200912 0.212623 12.3743 0.324308 -0.990812 0.206346 0.201139 0.213367 0.216574 0.200537 0.211397
931250 0.194202 0.211301 0.187412 7.90413 10.0274 -6.85367 0.191628 0.208711 0.190008 0.1964 0.213513 0.185195
931250 0.19868 0.19928 0.205508 -1.05744 -1.18085 0.167252 0.201792 0.203587 0.205584 0.196688 0.196524 0.205458
931250 0.187677 0.214742 0.191627 6.83092 9.36322 -14.8174 0.18626 0.212793 0.193864 0.189679 0.217496 0.188466
931250 0.207034 0.19879 0.210279 2.73193 -5.36511 -6.19449 0.206346 0.201139 0.213367 0.207778 0.196252 0.206943
931250 0.199959 0.214448 0.18624 29.1585 2.71665 8.99904 0.1964 0.213513 0.185195 0.205784 0.215978 0.18795
931250 0.204929 0.208727 0.214068 4.81079 4.75195 -7.76991 0.202587 0.207131 0.216745 0.208278 0.21101 0.210239
931250 0.194763 0.213718 0.181742 4.77253 0.700072 8.03163 0.19304 0.213933 0.178109 0.1964 0.213513 0.185195
931250 0.198159 0.207177 0.207041 8.6732 -9.56221 -1.6681 0.196016 0.209294 0.2079 0.201792 0.203587 0.205584
931250 0.207088 0.203962 0.205361 -4.43832 -1.01963 0.351787 0.210187 0.204182 0.20523 0.201792 0.203587 0.205584
931250 0.182987 0.216285 0.208549 -1.27874 1.78102 1.41267 0.186859 0.211734 0.205802 0.180766 0.218897 0.210125
931250 0.198617 0.196858 0.185757 1.26783 -15.9422 -0.29923 0.197554 0.201563 0.186185 0.199487 0.193004 0.185407
931250 0.217112 0.208584 0.194639 6.90262 1.10758 -0.770855 0.214251 0.207997 0.195424 0.221879 0.209564 0.193331
931250 0.216044 0.217397 0.202641 2.95811 -9.48564 2.42107 0.214235 0.221006 0.201562 0.218389 0.212716 0.20404
931250 0.212247 0.214923 0.210164 -10.9868 -8.0922 -0.745795 0.214417 0.217062 0.210124 0.208278 0.21101 0.210239
931250 0.190101 0.20614 0.21708 -3.99192 -4.3954 3.7865 0.193204 0.208986 0.215146 0.186186 0.20255 0.219521
931250 0.203368 0.213541 0.210997 7.30871 -4.23537 -2.49963 0.199001 0.215793 0.211672 0.208278 0.21101 0.210239
931250 0.188513 0.215911 0.201002 8.24338 11.8794 -14.9984 0.186859 0.211734 0.205802 0.189674 0.218844 0.197631
931250 0.193365 0.215312 0.186672 -31.191 11.8811 13.4538 0.1964 0.213513 0.185195 0.189679 0.217496 0.188466
931250 0.204636 0.203795 0.196521 -18.8396 13.3679 -6.4979 0.208706 0.201812 0.197907 0.200066 0.206022 0.194964
931250 0.209012 0.215126 0.193249 3.86926 -1.0323 9.37838 0.205784 0.215978 0.18795 0.211246 0.214537 0.196915
931250 0.198751 0.203688 0.190369 2.78156 4.78381 6.75591 0.197554 0.201563 0.186185 0.200066 0.206022 0.194964
931250 0.189677 0.218172 0.193063 1.88422 2.03161 11.7865 0.189679 0.217496 0.188466 0.189674 0.218844 0.197631
931250 0.211432 0.208148 0.19434 3.65941 -0.181884 0.773446 0.20832 0.208315 0.193143 0.214251 0.207997 0.195424
931250 0.198236 0.211139 0.182824 10.6892 -20.5271 -15.8416 0.1964 0.213513 0.185195 0.200526 0.208175 0.179867
931250 0.181431 0.21741 0.196894 0.299695 1.98017 -6.16517 0.180861 0.21628 0.199685 0.182193 0.218922 0.19316
931250 0.181747 0.202176 0.193855 3.34958 2.81591 1.92622 0.179874 0.200423 0.192224 0.184836 0.205068 0.196544
931250 0.213477 0.214443 0.193202 -4.7948 -0.286596 5.83093 0.215377 0.214364 0.19004 0.211246 0.214537 0.196915
931250 0.191334 0.207015 0.18587 -0.496952 -0.876777 -3.4789 0.191628 0.208711 0.190008 0.191096 0.205641 0.182517
931250 0.193062 0.210081 0.207223 -12.0536 2.37083 -0.903575 0.196016 0.209294 0.2079 0.186859 0.211734 0.205802
931250 0.212908 0.2114 0.213323 3.11817 -0.277349 1.81633 0.208278 0.21101 0.210239 0.217913 0.211822 0.216657
931250 0.204249 0.214557 0.199005 0.0 0.0 0.0 0.203733 0.217253 0.197192 0.204882 0.211253 0.201231
931250 0.204439 0.216811 0.194011 0.0 0.0 0.0 0.205784 0.215978 0.18795 0.203733 0.217253 0.197192
931250 0.199438 0.217901 0.21614 0.654571 1.00638 2.65248 0.199001 0.215793 0.211672 0.199842 0.21985 0.220268
931250 0.191856 0.209761 0.19436 0.0 0.0 0.0 0.191628 0.208711 0.190008 0.192022 0.210523 0.197521
931250 0.190312 0.210924 0.200263 0.0 0.0 -0.0 0.192022 0.210523 0.197521 0.186859 0.211734 0.205802
931250 0.187665 0.205868 0.184842 0.0 0.0 0.0 0.191096 0.205641 0.182517 0.183735 0.206163 0.187505
931250 0.181668 0.208788 0.195244 0.0 0.0 0.0 0.179257 0.211648 0.194254 0.184836 0.205068 0.196544
931250 0.187535 0.207375 0.188711 0.0 0.0 0.0 0.191628 0.208711 0.190008 0.183735 0.206163 0.187505
931250 0.181788 0.204198 0.20048 0.0 0.0 0.0 0.178625 0.203325 0.204567 0.184836 0.205068 0.196544
931250 0.182263 0.207026 0.205112 0.0 0.0 0.0 0.186859 0.211734 0.205802 0.178625 0.203325 0.204567
931250 0.182769 0.214819 0.20163 0.0 0.0 0.0 0.180861 0.21628 0.199685 0.186859 0.211734 0.205802
931250 0.185701 0.218238 0.19096 0.0 0.0 0.0 0.189679 0.217496 0.188466 0.182193 0.218922 0.19316
931250 0.193505 0.195497 0.200021 0.0 0.0 0.0 0.192954 0.200628 0.199543 0.193902 0.19183 0.200367
931250 0.190018 0.197621 0.201954 0.0 0.0 0.0 0.192954 0.200628 0.199543 0.187969 0.195546 0.203639
931250 0.18921 0.210291 0.186358 0.0 0.0 0.0 0.191628 0.208711 0.190008 0.187369 0.211522 0.183576
931250 0.190265 0.203174 0.185876 0.0 0.0 0.0 0.189304 0.200354 0.189763 0.191096 0.205641 0.182517
931250 0.197751 0.200807 0.181381 0.0 0.0 0.0 0.197883 0.200325 0.178155 0.197554 0.201563 0.186185
931250 0.195486 0.207466 0.192275 0.0 0.0 0.0 0.191628 0.208711 0.190008 0.200066 0.206022 0.194964
931250 0.188422 0.206977 0.193093 0.0 0.0 0.0 0.191628 0.208711 0.190008 0.184836 0.205068 0.196544
931250 0.194476 0.205261 0.188171 0.0 0.0 0.0 0.197554 0.201563 0.186185 0.191628 0.208711 0.190008
931250 0.196612 0.214075 0.189084 0.0 0.0 0.0 0.196839 0.214712 0.19326 0.1964 0.213513 0.185195
931250 0.189156 0.211638 0.195702 0.0 0.0 0.0 0.18626 0.212793 0.193864 0.192022 0.210523 0.197521
931250 0.194152 0.21236 0.195637 0.0 0.0 0.0 0.192022 0.210523 0.197521 0.196839 0.214712 0.19326
931250 0.195076 0.2088 0.19655 0.0 0.0 0.0 0.192022 0.210523 0.197521 0.200066 0.206022 0.194964
931250 0.189193 0.208362 0.197137 0.0 0.0 0.0 0.192022 0.210523 0.197521 0.184836 0.205068 0.196544
931250 0.187267 0.202488 0.192854 0.0 0.0 0.0 0.189304 0.200354 0.189763 0.184836 0.205068 0.196544
931250 0.193137 0.2009 0.1881 0.0 0.0 0.0 0.197554 0.201563 0.186185 0.189304 0.200354 0.189763
931250 0.193753 0.209006 0.199825 0.0 0.0 0.0 0.192022 0.210523 0.197521 0.195378 0.207585 0.201989
931250 0.194072 0.212413 0.199386 0.0 0.0 0.0 0.192022 0.210523 0.197521 0.197075 0.215216 0.202121
931250 0.197089 0.207 0.199425 0.0 0.0 0.0 0.195378 0.207585 0.201989 0.200066 0.206022 0.194964
931250 0.195465 0.217367 0.183647 0.0 0.0 0.0 0.194285 0.222275 0.18169 0.1964 0.213513 0.185195
931250 0.191051 0.21395 0.197567 0.0 0.0 0.0 0.192022 0.210523 0.197521 0.189674 0.218844 0.197631
931250 0.19348 0.216003 0.19101 0.0 0.0 0.0 0.196839 0.214712 0.19326 0.189679 0.217496 0.188466
931250 0.193465 0.216642 0.195318 0.0 0.0 0.0 0.196839 0.214712 0.19326 0.189674 0.218844 0.197631
931250 0.20167 0.200023 0.183639 0.0 0.0 0.0 0.197554 0.201563 0.186185 0.207435 0.197902 0.180074
931250 0.200937 0.200566 0.197321 0.0 0.0 0.0 0.200066 0.206022 0.194964 0.201677 0.19595 0.199326
931250 0.200973 0.199742 0.189121 0.0 0.0 0.0 0.197554 0.201563 0.186185 0.203724 0.1983 0.19149
931250 0.197404 0.198227 0.199433 0.0 0.0 0.0 0.192954 0.200628 0.199543 0.201677 0.19595 0.199326
931250 0.205137 0.207415 0.193845 0.0 0.0 0.0 0.20832 0.208315 0.193143 0.200066 0.206022 0.194964
931250 0.203331 0.205088 0.190846 0.0 0.0 0.0 0.205343 0.204533 0.188306 0.200066 0.206022 0.194964
931250 0.202199 0.203321 0.18745 0.0 0.0 0.0 0.197554 0.201563 0.186185 0.205343 0.204533 0.188306
931250 0.202805 0.208981 0.198527 0.0 0.0 0.0 0.200066 0.206022 0.194964 0.204882 0.211253 0.201231
931250 0.20093 0.204788 0.200276 0.0 0.0 0.0 0.200066 0.206022 0.194964 0.201792 0.203587 0.205584
931250 0.197109 0.202004 0.202383 0.0 0.0 0.0 0.192954 0.200628 0.199543 0.201792 0.203587 0.205584
931250 0.198672 0.215219 0.182002 0.0 0.0 0.0 0.201324 0.217243 0.178275 0.1964 0.213513 0.185195
931250 0.200383 0.215198 0.191156 0.0 0.0 0.0 0.196839 0.214712 0.19326 0.205784 0.215978 0.18795
931250 0.200669 0.216109 0.195444 0.0 0.0 0.0 0.196839 0.214712 0.19326 0.203733 0.217253 0.197192
931250 0.194882 0.209155 0.210822 0.0 0.0 0.0 0.193204 0.208986 0.215146 0.196016 0.209294 0.2079
931250 0.190581 0.210107 0.211283 0.0 0.0 0.0 0.193204 0.208986 0.215146 0.186859 0.211734 0.205802
931250 0.196436 0.211626 0.205609 0.0 0.0 0.0 0.196016 0.209294 0.2079 0.197075 0.215216 0.202121
931250 0.192675 0.208887 0.203199 0.0 0.0 0.0 0.186859 0.211734 0.205802 0.195378 0.207585 0.201989
931250 0.194205 0.205535 0.204649 0.0 0.0 0.0 0.195378 0.207585 0.201989 0.192443 0.202494 0.208643
931250 0.19278 0.213737 0.203668 0.0 0.0 0.0 0.186859 0.211734 0.205802 0.197075 0.215216 0.202121
931250 0.195131 0.202044 0.21244 0.0 0.0 0.0 0.192443 0.202494 0.208643 0.19733 0.201703 0.215545
931250 0.196824 0.210672 0.218685 0.0 0.0 0.0 0.193204 0.208986 0.215146 0.199487 0.211937 0.221289
931250 0.196532 0.203282 0.219009 0.0 0.0 0.0 0.195554 0.205249 0.223254 0.19733 0.201703 0.215545
931250 0.189694 0.217652 0.206054 0.0 0.0 0.0 0.191752 0.221975 0.206237 0.186859 0.211734 0.205802
931250 0.19802 0.215484 0.206803 0.0 0.0 0.0 0.199001 0.215793 0.211672 0.197075 0.215216 0.202121
931250 0.198299 0.207964 0.216013 0.0 0.0 0.0 0.193204 0.208986 0.215146 0.202587 0.207131 0.216745
931250 0.201017 0.216407 0.199202 0.0 0.0 0.0 0.197075 0.215216 0.202121 0.203733 0.217253 0.197192
931250 0.19936 0.206254 0.21973 0.0 0.0 0.0 0.202587 0.207131 0.216745 0.195554 0.205249 0.223254
931250 0.194446 0.217036 0.213591 0.0 0.0 0.0 0.199001 0.215793 0.211672 0.189181 0.218505 0.215808
931250 0.202166 0.217537 0.20821 0.0 0.0 0.0 0.199001 0.215793 0.211672 0.20515 0.219213 0.204947
931250 0.20782 0.20437 0.182053 0.0 0.0 0.0 0.20801 0.20761 0.183039 0.207435 0.197902 0.180074
931250 0.206026 0.202359 0.185624 0.0 0.0 0.0 0.205343 0.204533 0.188306 0.207435 0.197902 0.180074
931250 0.20173 0.199449 0.202205 0.0 0.0 0.0 0.201792 0.203587 0.205584 0.201677 0.19595 0.199326
931250 0.216311 0.200681 0.196888 0.0 0.0 0.0 0.218022 0.203455 0.200239 0.215161 0.19884 0.194634
931250 0.211836 0.198102 0.199599 0.0 0.0 0.0 0.208706 0.201812 0.197907 0.215394 0.193915 0.201524
931250 0.20917 0.200819 0.205953 0.0 0.0 0.0 0.210187 0.204182 0.20523 0.207778 0.196252 0.206943
931250 0.215929 0.196903 0.206001 0.0 0.0 0.0 0.216574 0.200537 0.211397 0.215394 0.193915 0.201524
931250 0.208334 0.197336 0.215049 0.0 0.0 0.0 0.206346 0.201139 0.213367 0.210737 0.192774 0.21708
931250 0.206657 0.206049 0.18571 0.0 0.0 0.0 0.20801 0.20761 0.183039 0.205343 0.204533 0.188306
931250 0.202801 0.211536 0.183363 0.0 0.0 0.0 0.205784 0.215978 0.18795 0.200526 0.208175 0.179867
931250 0.207231 0.210526 0.184758 0.0 0.0 0.0 0.20801 0.20761 0.183039 0.205784 0.215978 0.18795
931250 0.211242 0.213465 0.184637 0.0 0.0 0.0 0.205784 0.215978 0.18795 0.215262 0.211641 0.182198
931250 0.207227 0.214081 0.182124 0.0 0.0 0.0 0.205784 0.215978 0.18795 0.208026 0.213054 0.178902
931250 0.21209 0.205571 0.196391 0.0 0.0 0.0 0.208706 0.201812 0.197907 0.214251 0.207997 0.195424
931250 0.209594 0.211007 0.194784 0.0 0.0 0.0 0.20832 0.208315 0.193143 0.211246 0.214537 0.196915
931250 0.206819 0.206394 0.190703 0.0 0.0 0.0 0.20832 0.208315 0.193143 0.205343 0.204533 0.188306
931250 0.208619 0.204308 0.188274 0.0 0.0 0.0 0.205343 0.204533 0.188306 0.213849 0.203981 0.188221
931250 0.211148 0.202826 0.193307 0.0 0.0 0.0 0.208706 0.201812 0.197907 0.213849 0.203981 0.188221
931250 0.21303 0.208136 0.198188 0.0 0.0 0.0 0.214251 0.207997 0.195424 0.211808 0.208277 0.200954
931250 0.211578 0.210836 0.199293 0.0 0.0 0.0 0.211246 0.214537 0.196915 0.211808 0.208277 0.200954
931250 0.210599 0.205741 0.199766 0.0 0.0 0.0 0.208706 0.201812 0.197907 0.211808 0.208277 0.200954
931250 0.205448 0.202633 0.201524 0.0 0.0 0.0 0.208706 0.201812 0.197907 0.201792 0.203587 0.205584
931250 0.214222 0.217948 0.191651 0.0 0.0 0.0 0.215377 0.214364 0.19004 0.212985 0.221819 0.193377
931250 0.206973 0.216067 0.197073 0.0 0.0 0.0 0.203733 0.217253 0.197192 0.211246 0.214537 0.196915
931250 0.21442 0.213713 0.200081 0.0 0.0 0.0 0.218389 0.212716 0.20404 0.211246 0.214537 0.196915
931250 0.213432 0.20263 0.19909 0.0 0.0 0.0 0.218022 0.203455 0.200239 0.208706 0.201812 0.197907
931250 0.217188 0.215939 0.192946 0.0 0.0 0.0 0.219112 0.217645 0.196036 0.215377 0.214364 0.19004
931250 0.215375 0.216153 0.196453 0.0 0.0 0.0 0.219112 0.217645 0.196036 0.211246 0.214537 0.196915
931250 0.20884 0.209537 0.201072 0.0 0.0 0.0 0.211808 0.208277 0.200954 0.204882 0.211253 0.201231
931250 0.211009 0.206255 0.203063 0.0 0.0 0.0 0.210187 0.204182 0.20523 0.211808 0.208277 0.200954
931250 0.206308 0.211135 0.205011 0.0 0.0 0.0 0.208278 0.21101 0.210239 0.204882 0.211253 0.201231
931250 0.204957 0.207194 0.207855 0.0 0.0 0.0 0.208278 0.21101 0.210239 0.201792 0.203587 0.205584
931250 0.207146 0.205213 0.212072 0.0 0.0 0.0 0.208278 0.21101 0.210239 0.206346 0.201139 0.213367
931250 0.204406 0.202167 0.210052 0.0 0.0 0.0 0.206346 0.201139 0.213367 0.201792 0.203587 0.205584
931250 0.208176 0.202334 0.216694 0.0 0.0 0.0 0.210749 0.20405 0.221374 0.206346 0.201139 0.213367
931250 0.207327 0.216413 0.212482 0.0 0.0 0.0 0.208278 0.21101 0.210239 0.206565 0.220761 0.214276
931250 0.205006 0.214924 0.202951 0.0 0.0 0.0 0.20515 0.219213 0.204947 0.204882 0.211253 0.201231
931250 0.214167 0.209852 0.20206 0.0 0.0 0.0 0.218389 0.212716 0.20404 0.211808 0.208277 0.200954
931250 0.214274 0.206348 0.20067 0.0 0.0 0.0 0.218022 0.203455 0.200239 0.211808 0.208277 0.200954
931250 0.213406 0.21186 0.207095 0.0 0.0 0.0 0.208278 0.21101 0.210239 0.218389 0.212716 0.20404
931250 0.212111 0.206156 0.210774 0.0 0.0 0.0 0.208278 0.21101 0.210239 0.216574 0.200537 0.211397
931250 0.204746 0.210081 0.218289 0.0 0.0 0.0 0.202587 0.207131 0.216745 0.207385 0.213719 0.220178
931250 0.205956 0.205845 0.218656 0.0 0.0 0.0 0.202587 0.207131 0.216745 0.210749 0.20405 0.221374
931250 0.204318 0.218047 0.200393 0.0 0.0 0.0 0.20515 0.219213 0.204947 0.203733 0.217253 0.197192
931250 0.217421 0.20223 0.204867 0.0 0.0 0.0 0.218022 0.203455 0.200239 0.216574 0.200537 0.211397
931250 0.218808 0.21556 0.199396 0.0 0.0 0.0 0.219112 0.217645 0.196036 0.218389 0.212716 0.20404
