# ts x y z Fx Fy Fz x1 y1 z1 x2 y2 z2
4556250 0.18594 0.193032 0.187908 0.853469 0.47202 0.508315 0.182666 0.191923 0.186025 0.189436 0.194216 0.189919
4556250 0.183433 0.190348 0.197064 -1.25263 0.598026 0.623472 0.187192 0.188196 0.19582 0.180678 0.191925 0.197976
4556250 0.188945 0.196757 0.198018 -2.25504 1.13671 -0.426739 0.192844 0.194555 0.199499 0.184799 0.199098 0.196444
4556250 0.198147 0.183647 0.183327 -0.428205 -1.57858 -0.941813 0.199501 0.186622 0.185575 0.197007 0.181142 0.181435
4556250 0.192902 0.181288 0.187269 -0.550918 0.685006 -0.325567 0.195591 0.178429 0.188124 0.189237 0.185185 0.186104
4556250 0.197915 0.179636 0.191169 3.16263 1.26169 2.97506 0.195591 0.178429 0.188124 0.200804 0.181136 0.194956
4556250 0.189333 0.202396 0.183152 -0.311418 0.632174 0.0137419 0.191218 0.199338 0.18262 0.187561 0.205272 0.183653
4556250 0.197711 0.187665 0.188959 -0.727503 0.408362 2.02456 0.199501 0.186622 0.185575 0.195673 0.188852 0.192811
4556250 0.192442 0.19163 0.191313 -1.47118 0.887237 -0.640467 0.195673 0.188852 0.192811 0.189436 0.194216 0.189919
4556250 0.19664 0.191928 0.189647 -0.229681 -0.725177 1.0298 0.197678 0.195226 0.186254 0.195673 0.188852 0.192811
4556250 0.194289 0.191642 0.196083 0.999098 -1.2597 -1.51262 0.192844 0.194555 0.199499 0.195673 0.188852 0.192811
4556250 0.195035 0.192135 0.202902 0.728864 -0.614075 1.30253 0.192844 0.194555 0.199499 0.196616 0.190389 0.205356
4556250 0.192626 0.19549 0.204116 -0.304292 0.209094 1.56406 0.192844 0.194555 0.199499 0.192413 0.196399 0.208611
4556250 0.19811 0.185187 0.19383 -2.15723 3.1299 -0.265148 0.200804 0.181136 0.194956 0.195673 0.188852 0.192811
4556250 0.202433 0.188483 0.183657 1.37337 0.616392 -0.657983 0.199501 0.186622 0.185575 0.207448 0.191666 0.180375
4556250 0.203002 0.185828 0.187266 0.427627 -0.177565 0.243069 0.199501 0.186622 0.185575 0.206689 0.184992 0.189046
4556250 0.199106 0.198614 0.1831 0.409158 0.905269 -0.611575 0.197678 0.195226 0.186254 0.200514 0.201954 0.17999
4556250 0.189183 0.193351 0.209771 1.42159 1.41559 -0.877413 0.186348 0.190676 0.21079 0.192413 0.196399 0.208611
4556250 0.199554 0.186168 0.216426 -0.15054 -0.515837 1.46145 0.200532 0.188233 0.212217 0.198835 0.184648 0.219523
4556250 0.21012 0.179542 0.192398 1.24174 1.16505 0.551632 0.207586 0.176721 0.190562 0.21258 0.182281 0.19418
4556250 0.2042 0.182199 0.198461 2.55623 0.69135 3.58339 0.200804 0.181136 0.194956 0.20697 0.183065 0.201319
4556250 0.211077 0.186086 0.194181 0.468069 -1.47019 0.222673 0.209948 0.188946 0.194181 0.21258 0.182281 0.19418
4556250 0.214121 0.184874 0.191415 -0.0371109 -0.0484154 0.0735742 0.215952 0.187955 0.188129 0.21258 0.182281 0.19418
4556250 0.206673 0.182894 0.205378 0.248591 -0.189153 -1.80739 0.206432 0.182755 0.20867 0.20697 0.183065 0.201319
4556250 0.208018 0.181061 0.211021 0.563184 -0.808645 0.788576 0.206432 0.182755 0.20867 0.209463 0.179519 0.213162
4556250 0.204096 0.181036 0.210252 -1.40471 -1.20798 1.39355 0.206432 0.182755 0.20867 0.200808 0.178616 0.21248
4556250 0.210552 0.185 0.201428 -4.66346 -2.26096 0.655337 0.215289 0.187558 0.201572 0.20697 0.183065 0.201319
4556250 0.206953 0.185923 0.207891 0.489529 1.48035 -0.459724 0.206432 0.182755 0.20867 0.207624 0.190006 0.206887
4556250 0.205173 0.192621 0.19867 -0.808118 -0.854985 0.354063 0.208691 0.195698 0.1979 0.20181 0.189678 0.199406
4556250 0.208567 0.18727 0.192005 -0.360134 -0.387258 -0.389183 0.209948 0.188946 0.194181 0.206689 0.184992 0.189046
4556250 0.212474 0.190683 0.19441 0.0295715 0.0243369 0.00808946 0.209948 0.188946 0.194181 0.215016 0.192432 0.194639
4556250 0.209453 0.191603 0.195645 -0.525594 1.49007 1.04181 0.209948 0.188946 0.194181 0.208691 0.195698 0.1979
4556250 0.214551 0.194464 0.192355 -0.0108715 -0.998834 1.159 0.213764 0.197907 0.188485 0.215016 0.192432 0.194639
4556250 0.20957 0.197134 0.202327 -0.505641 -0.580402 -1.3887 0.210148 0.198077 0.205234 0.208691 0.195698 0.1979
4556250 0.217936 0.191436 0.194864 -0.536151 0.0917931 -0.0434017 0.221823 0.190111 0.195163 0.215016 0.192432 0.194639
4556250 0.205011 0.193309 0.206257 1.26265 -1.1573 0.286348 0.201751 0.197431 0.205472 0.207624 0.190006 0.206887
4556250 0.211008 0.188925 0.20454 -2.63186 1.36722 1.69339 0.215289 0.187558 0.201572 0.207624 0.190006 0.206887
4556250 0.203493 0.201791 0.202982 0.299627 0.724407 -0.26783 0.201751 0.197431 0.205472 0.204816 0.205102 0.201092
4556250 0.209415 0.200541 0.206985 -0.433599 0.960052 0.915209 0.210148 0.198077 0.205234 0.208101 0.204959 0.210125
4556250 0.217204 0.183649 0.204742 -0.704482 0.972956 -1.04243 0.218919 0.180148 0.207581 0.215289 0.187558 0.201572
4556250 0.212217 0.19684 0.2072 0.855837 -0.55841 1.14009 0.210148 0.198077 0.205234 0.216538 0.194258 0.211303
4556250 0.20707 0.188818 0.218489 1.62734 -1.19144 -0.420453 0.203929 0.190962 0.219925 0.21075 0.186305 0.216807
4556250 0.206949 0.192532 0.210248 0.423055 -0.900908 -1.66875 0.206324 0.19487 0.213359 0.207624 0.190006 0.206887
4556250 0.205145 0.192946 0.216592 0.133177 0.186664 -0.468918 0.203929 0.190962 0.219925 0.206324 0.19487 0.213359
4556250 0.203781 0.179282 0.215994 2.253 0.585349 1.95937 0.200808 0.178616 0.21248 0.205988 0.179777 0.218602
4556250 0.194598 0.188069 0.20681 0.429233 0.693349 -0.329973 0.192102 0.185199 0.20861 0.196616 0.190389 0.205356
4556250 0.207048 0.197838 0.205322 -0.371892 -0.0558016 0.0644157 0.210148 0.198077 0.205234 0.201751 0.197431 0.205472
4556250 0.189163 0.187997 0.209724 -1.93089 1.31407 0.702884 0.192102 0.185199 0.20861 0.186348 0.190676 0.21079
4556250 0.208786 0.182822 0.186155 -0.40322 0.267952 0.445963 0.211498 0.180014 0.182415 0.206689 0.184992 0.189046
4556250 0.191984 0.182915 0.212142 -0.311263 -0.863398 1.46089 0.192102 0.185199 0.20861 0.191836 0.180022 0.216614
4556250 0.181871 0.19606 0.193734 1.16957 0.910785 1.1991 0.180096 0.194218 0.192091 0.184799 0.199098 0.196444
4556250 0.198738 0.189264 0.196104 0.82071 -0.0811889 0.920979 0.195673 0.188852 0.192811 0.20181 0.189678 0.199406
4556250 0.218992 0.189005 0.19794 -3.81296 -2.27598 3.34446 0.221823 0.190111 0.195163 0.215289 0.187558 0.201572
4556250 0.20523 0.188679 0.190368 0.0268925 -0.117844 -0.0321433 0.203867 0.192122 0.191602 0.206689 0.184992 0.189046
4556250 0.216661 0.192703 0.200763 -0.039131 -0.307731 0.0201233 0.217834 0.197099 0.200073 0.215289 0.187558 0.201572
4556250 0.215609 0.200096 0.197384 -0.148177 0.267313 -0.282216 0.217834 0.197099 0.200073 0.214146 0.202067 0.195616
4556250 0.215106 0.182931 0.208566 -0.359628 0.202784 0.135631 0.218919 0.180148 0.207581 0.212582 0.184772 0.209219
4556250 0.18425 0.1995 0.191475 -0.0415648 -0.00776666 -0.191208 0.184799 0.199098 0.196444 0.183794 0.199834 0.18735
4556250 0.210129 0.1805 0.201133 -1.34352 1.16492 0.362573 0.213176 0.178025 0.200953 0.20697 0.183065 0.201319
4556250 0.211012 0.195188 0.184952 0.22043 0.13997 0.254809 0.207448 0.191666 0.180375 0.213764 0.197907 0.188485
4556250 0.210183 0.194639 0.212582 0.663468 0.0678185 -0.132247 0.206324 0.19487 0.213359 0.216538 0.194258 0.211303
4556250 0.202915 0.190991 0.195214 -0.0121908 -0.0441655 0.122364 0.203867 0.192122 0.191602 0.20181 0.189678 0.199406
4556250 0.201105 0.193507 0.189216 0.0109169 -0.00784609 0.0128193 0.197678 0.195226 0.186254 0.203867 0.192122 0.191602
4556250 0.204623 0.195515 0.189827 0.0455831 0.109468 -0.0658805 0.203867 0.192122 0.191602 0.205258 0.198367 0.188335
4556250 0.212884 0.18011 0.197635 -0.0230547 0.212927 -0.242707 0.213176 0.178025 0.200953 0.21258 0.182281 0.19418
4556250 0.194381 0.198773 0.200947 0.159291 0.310953 0.0737058 0.192844 0.194555 0.199499 0.195377 0.201507 0.201885
4556250 0.196698 0.179976 0.205685 -0.865499 -0.922773 0.475521 0.199392 0.183164 0.2048 0.193646 0.176366 0.206686
4556250 0.203269 0.183113 0.203019 2.75102 -0.137617 -0.779685 0.199392 0.183164 0.2048 0.20697 0.183065 0.201319
4556250 0.199929 0.185552 0.208295 -0.0720809 -0.22623 -0.480865 0.200532 0.188233 0.212217 0.199392 0.183164 0.2048
4556250 0.204483 0.178741 0.192573 -1.01052 0.885615 0.574328 0.207586 0.176721 0.190562 0.200804 0.181136 0.194956
4556250 0.204286 0.189171 0.209396 0.788505 0.372965 -0.647159 0.200532 0.188233 0.212217 0.207624 0.190006 0.206887
4556250 0.183344 0.187125 0.193735 -0.713711 -0.326079 -0.340795 0.187192 0.188196 0.19582 0.179237 0.185981 0.191508
4556250 0.198242 0.189494 0.208205 -0.807014 0.689469 -1.30759 0.200532 0.188233 0.212217 0.196616 0.190389 0.205356
4556250 0.211847 0.185387 0.212263 -0.304566 0.0583634 0.906594 0.212582 0.184772 0.209219 0.21075 0.186305 0.216807
4556250 0.212517 0.193722 0.195927 0.221203 -0.0725863 -0.0902481 0.208691 0.195698 0.1979 0.215016 0.192432 0.194639
4556250 0.216691 0.178593 0.199291 -3.01497 -0.765581 0.966327 0.222426 0.17952 0.196579 0.213176 0.178025 0.200953
4556250 0.212237 0.179418 0.21432 1.48642 0.183239 0.529222 0.209463 0.179519 0.213162 0.21595 0.179282 0.21587
4556250 0.190258 0.178764 0.200012 -0.254381 0.212562 0.22302 0.192243 0.176644 0.198526 0.18751 0.181698 0.202071
4556250 0.187548 0.182112 0.190309 0.664094 0.8818 -1.76073 0.186227 0.17971 0.193598 0.189237 0.185185 0.186104
4556250 0.196741 0.196878 0.207156 -1.21818 0.0160584 0.562145 0.201751 0.197431 0.205472 0.192413 0.196399 0.208611
4556250 0.182744 0.179139 0.196022 -0.866914 -0.307911 0.564186 0.186227 0.17971 0.193598 0.177778 0.178326 0.199479
4556250 0.191427 0.188523 0.194318 2.0813 0.0703781 -0.393899 0.187192 0.188196 0.19582 0.195673 0.188852 0.192811
4556250 0.183372 0.180264 0.200969 1.89461 0.416616 0.727588 0.177778 0.178326 0.199479 0.18751 0.181698 0.202071
4556250 0.190474 0.179122 0.204301 -2.16923 1.28191 -1.39707 0.193646 0.176366 0.206686 0.18751 0.181698 0.202071
4556250 0.192763 0.187194 0.189779 0.324754 0.237963 0.480513 0.189237 0.185185 0.186104 0.195673 0.188852 0.192811
4556250 0.20956 0.183781 0.208949 0.527985 0.0931505 0.0847968 0.206432 0.182755 0.20867 0.212582 0.184772 0.209219
4556250 0.196364 0.17991 0.184472 0.808827 0.693133 -2.2985 0.195591 0.178429 0.188124 0.197007 0.181142 0.181435
4556250 0.187351 0.18495 0.198942 0.0206465 -0.699834 0.926166 0.187192 0.188196 0.19582 0.18751 0.181698 0.202071
4556250 0.198844 0.190084 0.202804 -0.541249 0.213731 0.65815 0.20181 0.189678 0.199406 0.196616 0.190389 0.205356
4556250 0.213749 0.184559 0.197371 0.223643 0.253563 0.468304 0.21258 0.182281 0.19418 0.215289 0.187558 0.201572
4556250 0.208533 0.19819 0.188393 0.0109577 0.00115067 0.000237993 0.205258 0.198367 0.188335 0.213764 0.197907 0.188485
4556250 0.201783 0.193245 0.202197 0.0030443 -0.0907225 -0.05038 0.201751 0.197431 0.205472 0.20181 0.189678 0.199406
4556250 0.208081 0.196079 0.216676 -0.0610986 -0.0371429 -0.0804585 0.210553 0.197781 0.221341 0.206324 0.19487 0.213359
4556250 0.181899 0.198094 0.20041 0.546041 0.365941 -0.931105 0.178888 0.197051 0.204528 0.184799 0.199098 0.196444
4556250 0.190045 0.181249 0.194777 -0.00238019 -0.000531341 -0.000766745 0.192814 0.182365 0.195632 0.186227 0.17971 0.193598
4556250 0.189887 0.18351 0.205456 -1.15461 -0.505949 -1.40312 0.192102 0.185199 0.20861 0.18751 0.181698 0.202071
4556250 0.204526 0.186197 0.200413 0.495023 -0.54967 0.285083 0.20181 0.189678 0.199406 0.20697 0.183065 0.201319
4556250 0.21029 0.199745 0.199771 0.440857 0.776533 0.292422 0.208691 0.195698 0.1979 0.211311 0.202332 0.200966
4556250 0.196626 0.179271 0.214407 -2.33902 0.337641 0.651298 0.200808 0.178616 0.21248 0.191836 0.180022 0.216614
4556250 0.186851 0.180677 0.197721 0.129926 0.196172 2.0611 0.186227 0.17971 0.193598 0.18751 0.181698 0.202071
4556250 0.196207 0.197082 0.197366 0.261315 0.225266 -0.244861 0.192844 0.194555 0.199499 0.200001 0.199933 0.19496
4556250 0.203253 0.198964 0.190862 -0.174247 0.0866079 0.189152 0.205258 0.198367 0.188335 0.200001 0.199933 0.19496
4556250 0.207845 0.179639 0.215695 -0.761488 0.296442 1.33404 0.209463 0.179519 0.213162 0.205988 0.179777 0.218602
4556250 0.202739 0.202872 0.198447 0.202067 0.226873 0.362131 0.200001 0.199933 0.19496 0.204816 0.205102 0.201092
4556250 0.198785 0.197469 0.190404 0.0148236 0.0966851 0.181363 0.197678 0.195226 0.186254 0.200001 0.199933 0.19496
4556250 0.202369 0.189709 0.216386 0.518215 0.556811 0.996282 0.200532 0.188233 0.212217 0.203929 0.190962 0.219925
4556250 0.184174 0.184368 0.203532 1.18252 -1.1415 -0.330406 0.18066 0.187182 0.205071 0.18751 0.181698 0.202071
4556250 0.209666 0.183622 0.191641 -0.0773961 0.019333 -0.0564213 0.21258 0.182281 0.19418 0.206689 0.184992 0.189046
4556250 0.216415 0.181206 0.195114 -1.25851 0.156828 -0.387207 0.222426 0.17952 0.196579 0.21258 0.182281 0.19418
4556250 0.215855 0.190596 0.205983 0.0292228 -0.517846 -0.645064 0.216538 0.194258 0.211303 0.215289 0.187558 0.201572
4556250 0.193986 0.197576 0.184177 -0.314323 0.142549 -0.12686 0.197678 0.195226 0.186254 0.191218 0.199338 0.18262
4556250 0.21538 0.190691 0.192108 -0.00728059 0.013963 0.0246561 0.215952 0.187955 0.188129 0.215016 0.192432 0.194639
4556250 0.215115 0.190654 0.197168 -0.185215 0.914636 -1.01351 0.215289 0.187558 0.201572 0.215016 0.192432 0.194639
4556250 0.213589 0.185809 0.206373 0.263349 0.161866 -0.861201 0.212582 0.184772 0.209219 0.215289 0.187558 0.201572
4556250 0.186602 0.197038 0.188628 -0.66354 0.480918 -0.21771 0.189436 0.194216 0.189919 0.183794 0.199834 0.18735
4556250 0.195722 0.184188 0.206718 1.61592 -0.460432 -1.21202 0.192102 0.185199 0.20861 0.199392 0.183164 0.2048
4556250 0.210738 0.200233 0.203071 0.017697 0.120871 -0.155625 0.210148 0.198077 0.205234 0.211311 0.202332 0.200966
4556250 0.19862 0.193137 0.205401 -0.13404 -0.149752 0.0221877 0.201751 0.197431 0.205472 0.196616 0.190389 0.205356
4556250 0.194491 0.178946 0.181472 0.302398 0.189206 -0.000530423 0.191392 0.176242 0.181517 0.197007 0.181142 0.181435
4556250 0.182314 0.19479 0.197368 0.0 0.0 0.0 0.180678 0.191925 0.197976 0.184799 0.199098 0.196444
4556250 0.18067 0.189997 0.200884 0.0 0.0 0.0 0.18066 0.187182 0.205071 0.180678 0.191925 0.197976
4556250 0.182934 0.18268 0.192614 0.0 0.0 0.0 0.186227 0.17971 0.193598 0.179237 0.185981 0.191508
4556250 0.187759 0.199585 0.184824 0.0 0.0 0.0 0.191218 0.199338 0.18262 0.183794 0.199834 0.18735
4556250 0.183913 0.185625 0.188981 0.0 0.0 0.0 0.189237 0.185185 0.186104 0.179237 0.185981 0.191508
4556250 0.187322 0.196458 0.192894 0.0 0.0 0.0 0.189436 0.194216 0.189919 0.184799 0.199098 0.196444
4556250 0.183013 0.184588 0.20841 0.0 0.0 0.0 0.18066 0.187182 0.205071 0.184883 0.182503 0.211063
4556250 0.185174 0.188499 0.204212 0.0 0.0 0.0 0.18066 0.187182 0.205071 0.188301 0.189388 0.203617
4556250 0.183739 0.18909 0.208168 0.0 0.0 0.0 0.18066 0.187182 0.205071 0.186348 0.190676 0.21079
4556250 0.194063 0.18269 0.183204 0.0 0.0 0.0 0.189237 0.185185 0.186104 0.197007 0.181142 0.181435
4556250 0.190467 0.180094 0.183485 0.0 0.0 0.0 0.189237 0.185185 0.186104 0.191392 0.176242 0.181517
4556250 0.199949 0.182073 0.180119 0.0 0.0 0.0 0.197007 0.181142 0.181435 0.202719 0.182924 0.178879
4556250 0.199862 0.180526 0.183068 0.0 0.0 0.0 0.202863 0.179843 0.184784 0.197007 0.181142 0.181435
4556250 0.192535 0.179593 0.197043 0.0 0.0 0.0 0.192814 0.182365 0.195632 0.192243 0.176644 0.198526
4556250 0.190652 0.182111 0.198255 0.0 0.0 0.0 0.192814 0.182365 0.195632 0.18751 0.181698 0.202071
4556250 0.197558 0.182567 0.186842 0.0 0.0 0.0 0.195591 0.178429 0.188124 0.199501 0.186622 0.185575
4556250 0.190519 0.184763 0.195708 0.0 0.0 0.0 0.192814 0.182365 0.195632 0.187192 0.188196 0.19582
4556250 0.193978 0.185026 0.194482 0.0 0.0 0.0 0.192814 0.182365 0.195632 0.195673 0.188852 0.192811
4556250 0.186697 0.183861 0.194681 0.0 0.0 0.0 0.187192 0.188196 0.19582 0.186227 0.17971 0.193598
4556250 0.193263 0.184286 0.198031 2.96433e-05 0.000594863 0.000588916 0.192814 0.182365 0.195632 0.193754 0.186387 0.200655
4556250 0.199471 0.1792 0.186345 0.0 0.0 0.0 0.195591 0.178429 0.188124 0.202863 0.179843 0.184784
4556250 0.195877 0.181912 0.195372 0.0 0.0 0.0 0.192814 0.182365 0.195632 0.200804 0.181136 0.194956
4556250 0.18608 0.18215 0.206966 0.0 0.0 0.0 0.18751 0.181698 0.202071 0.184883 0.182503 0.211063
4556250 0.185128 0.178739 0.211529 0.0 0.0 0.0 0.185411 0.174358 0.212068 0.184883 0.182503 0.211063
4556250 0.187768 0.181487 0.213367 0.0 0.0 0.0 0.191836 0.180022 0.216614 0.184883 0.182503 0.211063
4556250 0.188299 0.183793 0.209903 0.0 0.0 0.0 0.192102 0.185199 0.20861 0.184883 0.182503 0.211063
4556250 0.185592 0.186473 0.210931 0.0 0.0 0.0 0.186348 0.190676 0.21079 0.184883 0.182503 0.211063
4556250 0.191075 0.18439 0.201264 0.0 0.0 0.0 0.18751 0.181698 0.202071 0.193754 0.186387 0.200655
4556250 0.187967 0.186158 0.202965 0.0 0.0 0.0 0.18751 0.181698 0.202071 0.188301 0.189388 0.203617
4556250 0.192821 0.181104 0.207715 0.0 0.0 0.0 0.192102 0.185199 0.20861 0.193646 0.176366 0.206686
4556250 0.196255 0.184974 0.202494 0.0 0.0 0.0 0.199392 0.183164 0.2048 0.193754 0.186387 0.200655
4556250 0.197847 0.1872 0.205109 0.0 0.0 0.0 0.199392 0.183164 0.2048 0.196616 0.190389 0.205356
4556250 0.200043 0.182246 0.200266 0.0 0.0 0.0 0.200804 0.181136 0.194956 0.199392 0.183164 0.2048
4556250 0.201183 0.179522 0.203335 0.0 0.0 0.0 0.199392 0.183164 0.2048 0.202794 0.176214 0.202016
4556250 0.203359 0.18295 0.206981 0.0 0.0 0.0 0.206432 0.182755 0.20867 0.199392 0.183164 0.2048
4556250 0.20007 0.181004 0.208475 0.0 0.0 0.0 0.200808 0.178616 0.21248 0.199392 0.183164 0.2048
4556250 0.200565 0.18634 0.202184 0.0 0.0 0.0 0.199392 0.183164 0.2048 0.20181 0.189678 0.199406
4556250 0.196048 0.182823 0.218365 0.0 0.0 0.0 0.191836 0.180022 0.216614 0.198835 0.184648 0.219523
4556250 0.192284 0.185526 0.215822 0.0 0.0 0.0 0.191836 0.180022 0.216614 0.192583 0.189191 0.215289
4556250 0.199685 0.182064 0.216487 0.0 0.0 0.0 0.200808 0.178616 0.21248 0.198835 0.184648 0.219523
4556250 0.2012 0.187596 0.21971 0.0 0.0 0.0 0.203929 0.190962 0.219925 0.198835 0.184648 0.219523
4556250 0.198256 0.186909 0.181536 0.0 0.0 0.0 0.199501 0.186622 0.185575 0.197132 0.187139 0.177888
4556250 0.197801 0.194464 0.181474 0.0 0.0 0.0 0.197884 0.193927 0.178262 0.197678 0.195226 0.186254
4556250 0.190392 0.19698 0.186003 0.0 0.0 0.0 0.189436 0.194216 0.189919 0.191218 0.199338 0.18262
4556250 0.195188 0.186035 0.185798 0.0 0.0 0.0 0.199501 0.186622 0.185575 0.189237 0.185185 0.186104
4556250 0.188115 0.186853 0.191434 0.0 0.0 0.0 0.187192 0.188196 0.19582 0.189237 0.185185 0.186104
4556250 0.189349 0.19031 0.188262 0.0 0.0 0.0 0.189237 0.185185 0.186104 0.189436 0.194216 0.189919
4556250 0.19868 0.190512 0.185881 0.0 0.0 0.0 0.197678 0.195226 0.186254 0.199501 0.186622 0.185575
4556250 0.188353 0.191327 0.192767 0.0 0.0 0.0 0.187192 0.188196 0.19582 0.189436 0.194216 0.189919
4556250 0.189953 0.19132 0.197618 0.0 0.0 0.0 0.187192 0.188196 0.19582 0.192844 0.194555 0.199499
4556250 0.191042 0.194392 0.194433 0.0 0.0 0.0 0.192844 0.194555 0.199499 0.189436 0.194216 0.189919
4556250 0.193264 0.194701 0.188217 0.0 0.0 0.0 0.197678 0.195226 0.186254 0.189436 0.194216 0.189919
4556250 0.190935 0.18718 0.198578 0.0 0.0 0.0 0.187192 0.188196 0.19582 0.193754 0.186387 0.200655
4556250 0.187832 0.188898 0.200324 0.0 0.0 0.0 0.187192 0.188196 0.19582 0.188301 0.189388 0.203617
4556250 0.194579 0.187461 0.19729 0.0 0.0 0.0 0.195673 0.188852 0.192811 0.193754 0.186387 0.200655
4556250 0.193375 0.189823 0.200172 0.0 0.0 0.0 0.192844 0.194555 0.199499 0.193754 0.186387 0.200655
4556250 0.190169 0.191527 0.201924 0.0 0.0 0.0 0.192844 0.194555 0.199499 0.188301 0.189388 0.203617
4556250 0.194548 0.199079 0.188215 0.0 0.0 0.0 0.197678 0.195226 0.186254 0.191652 0.202613 0.190029
4556250 0.201296 0.184573 0.181841 0.0 0.0 0.0 0.199501 0.186622 0.185575 0.202719 0.182924 0.178879
4556250 0.201286 0.183044 0.185157 0.0 0.0 0.0 0.199501 0.186622 0.185575 0.202863 0.179843 0.184784
4556250 0.201747 0.19376 0.183806 0.0 0.0 0.0 0.197678 0.195226 0.186254 0.207448 0.191666 0.180375
4556250 0.201702 0.189411 0.188613 0.0 0.0 0.0 0.203867 0.192122 0.191602 0.199501 0.186622 0.185575
4556250 0.200069 0.190622 0.192163 0.0 0.0 0.0 0.203867 0.192122 0.191602 0.195673 0.188852 0.192811
4556250 0.197418 0.192084 0.199452 0.0 0.0 0.0 0.192844 0.194555 0.199499 0.20181 0.189678 0.199406
4556250 0.202197 0.197115 0.187495 0.0 0.0 0.0 0.197678 0.195226 0.186254 0.205258 0.198367 0.188335
4556250 0.200978 0.19441 0.197362 0.0 0.0 0.0 0.200001 0.199933 0.19496 0.20181 0.189678 0.199406
4556250 0.20223 0.195444 0.193023 0.0 0.0 0.0 0.203867 0.192122 0.191602 0.200001 0.199933 0.19496
4556250 0.204597 0.197709 0.196515 0.0 0.0 0.0 0.208691 0.195698 0.1979 0.200001 0.199933 0.19496
4556250 0.197032 0.195924 0.202307 0.0 0.0 0.0 0.192844 0.194555 0.199499 0.201751 0.197431 0.205472
4556250 0.200876 0.198698 0.200218 0.0 0.0 0.0 0.200001 0.199933 0.19496 0.201751 0.197431 0.205472
4556250 0.190987 0.187924 0.20216 0.0 0.0 0.0 0.188301 0.189388 0.203617 0.193754 0.186387 0.200655
4556250 0.193018 0.185872 0.20421 0.0 0.0 0.0 0.192102 0.185199 0.20861 0.193754 0.186387 0.200655
4556250 0.195185 0.188403 0.203005 0.0 0.0 0.0 0.196616 0.190389 0.205356 0.193754 0.186387 0.200655
4556250 0.18997 0.187562 0.20581 0.0 0.0 0.0 0.192102 0.185199 0.20861 0.188301 0.189388 0.203617
4556250 0.187422 0.189981 0.206844 0.0 0.0 0.0 0.186348 0.190676 0.21079 0.188301 0.189388 0.203617
4556250 0.192363 0.187373 0.212225 0.0 0.0 0.0 0.192102 0.185199 0.20861 0.192583 0.189191 0.215289
4556250 0.189655 0.189903 0.213177 0.0 0.0 0.0 0.186348 0.190676 0.21079 0.192583 0.189191 0.215289
4556250 0.194827 0.192963 0.206741 0.0 0.0 0.0 0.192413 0.196399 0.208611 0.196616 0.190389 0.205356
4556250 0.194968 0.192361 0.215251 0.0 0.0 0.0 0.192583 0.189191 0.215289 0.197471 0.195658 0.21521
4556250 0.195197 0.196011 0.21224 0.0 0.0 0.0 0.192413 0.196399 0.208611 0.197471 0.195658 0.21521
4556250 0.186414 0.19291 0.214228 0.0 0.0 0.0 0.186348 0.190676 0.21079 0.18651 0.196111 0.219215
4556250 0.194524 0.190238 0.218108 0.0 0.0 0.0 0.196426 0.191236 0.220869 0.192583 0.189191 0.215289
4556250 0.190281 0.191829 0.216779 0.0 0.0 0.0 0.192583 0.189191 0.215289 0.18651 0.196111 0.219215
4556250 0.196931 0.193389 0.218137 0.0 0.0 0.0 0.196426 0.191236 0.220869 0.197471 0.195658 0.21521
4556250 0.196729 0.1972 0.218684 0.0 0.0 0.0 0.195817 0.199046 0.222943 0.197471 0.195658 0.21521
4556250 0.197208 0.187813 0.200121 0.0 0.0 0.0 0.20181 0.189678 0.199406 0.193754 0.186387 0.200655
4556250 0.196045 0.186634 0.210298 0.0 0.0 0.0 0.192102 0.185199 0.20861 0.200532 0.188233 0.212217
4556250 0.195979 0.188796 0.213979 0.0 0.0 0.0 0.200532 0.188233 0.212217 0.192583 0.189191 0.215289
4556250 0.198817 0.192415 0.213894 0.0 0.0 0.0 0.200532 0.188233 0.212217 0.197471 0.195658 0.21521
4556250 0.20179 0.195293 0.214307 0.0 0.0 0.0 0.206324 0.19487 0.213359 0.197471 0.195658 0.21521
4556250 0.200573 0.193422 0.217473 0.0 0.0 0.0 0.203929 0.190962 0.219925 0.197471 0.195658 0.21521
4556250 0.202789 0.181483 0.18167 0.0 0.0 0.0 0.202863 0.179843 0.184784 0.202719 0.182924 0.178879
4556250 0.206267 0.179927 0.183852 0.0 0.0 0.0 0.211498 0.180014 0.182415 0.202863 0.179843 0.184784
4556250 0.204613 0.182212 0.186733 0.0 0.0 0.0 0.202863 0.179843 0.184784 0.206689 0.184992 0.189046
4556250 0.209769 0.18269 0.197757 0.0 0.0 0.0 0.21258 0.182281 0.19418 0.20697 0.183065 0.201319
4556250 0.207135 0.18089 0.189802 0.0 0.0 0.0 0.207586 0.176721 0.190562 0.206689 0.184992 0.189046
4556250 0.201332 0.185632 0.19729 0.0 0.0 0.0 0.200804 0.181136 0.194956 0.20181 0.189678 0.199406
4556250 0.204008 0.183252 0.191739 0.0 0.0 0.0 0.200804 0.181136 0.194956 0.206689 0.184992 0.189046
4556250 0.20482 0.179554 0.201678 0.0 0.0 0.0 0.20697 0.183065 0.201319 0.202794 0.176214 0.202016
4556250 0.207858 0.179405 0.204265 0.0 0.0 0.0 0.208751 0.175697 0.207223 0.20697 0.183065 0.201319
4556250 0.207468 0.179618 0.208024 0.0 0.0 0.0 0.206432 0.182755 0.20867 0.208751 0.175697 0.207223
4556250 0.206063 0.179181 0.212894 0.0 0.0 0.0 0.209463 0.179519 0.213162 0.200808 0.178616 0.21248
4556250 0.210976 0.182084 0.211249 0.0 0.0 0.0 0.209463 0.179519 0.213162 0.212582 0.184772 0.209219
4556250 0.214067 0.182063 0.201214 0.0 0.0 0.0 0.213176 0.178025 0.200953 0.215289 0.187558 0.201572
4556250 0.207289 0.186475 0.204041 0.0 0.0 0.0 0.20697 0.183065 0.201319 0.207624 0.190006 0.206887
4556250 0.204023 0.185007 0.210118 0.0 0.0 0.0 0.206432 0.182755 0.20867 0.200532 0.188233 0.212217
4556250 0.200672 0.18337 0.212351 0.0 0.0 0.0 0.200532 0.188233 0.212217 0.200808 0.178616 0.21248
4556250 0.210457 0.187031 0.20822 0.0 0.0 0.0 0.212582 0.184772 0.209219 0.207624 0.190006 0.206887
4556250 0.209961 0.182162 0.214573 0.0 0.0 0.0 0.209463 0.179519 0.213162 0.21075 0.186305 0.216807
4556250 0.215754 0.178995 0.203929 0.0 0.0 0.0 0.218919 0.180148 0.207581 0.213176 0.178025 0.200953
4556250 0.213885 0.187914 0.209906 0.0 0.0 0.0 0.212582 0.184772 0.209219 0.216538 0.194258 0.211303
4556250 0.207989 0.182537 0.217848 0.0 0.0 0.0 0.205988 0.179777 0.218602 0.21075 0.186305 0.216807
4556250 0.206978 0.187552 0.185742 0.0 0.0 0.0 0.207448 0.191666 0.180375 0.206689 0.184992 0.189046
4556250 0.205174 0.191972 0.187503 0.0 0.0 0.0 0.203867 0.192122 0.191602 0.207448 0.191666 0.180375
4556250 0.205971 0.1962 0.185741 0.0 0.0 0.0 0.205258 0.198367 0.188335 0.207448 0.191666 0.180375
4556250 0.212402 0.189521 0.184892 0.0 0.0 0.0 0.215952 0.187955 0.188129 0.207448 0.191666 0.180375
4556250 0.207268 0.190362 0.193045 0.0 0.0 0.0 0.209948 0.188946 0.194181 0.203867 0.192122 0.191602
4556250 0.206046 0.193754 0.194447 0.0 0.0 0.0 0.203867 0.192122 0.191602 0.208691 0.195698 0.1979
4556250 0.211099 0.196763 0.19343 0.0 0.0 0.0 0.208691 0.195698 0.1979 0.213764 0.197907 0.188485
4556250 0.204806 0.189863 0.203262 0.0 0.0 0.0 0.20181 0.189678 0.199406 0.207624 0.190006 0.206887
4556250 0.211889 0.188458 0.196867 0.0 0.0 0.0 0.209948 0.188946 0.194181 0.215289 0.187558 0.201572
4556250 0.211778 0.191906 0.199618 0.0 0.0 0.0 0.208691 0.195698 0.1979 0.215289 0.187558 0.201572
4556250 0.20542 0.196531 0.201468 0.0 0.0 0.0 0.208691 0.195698 0.1979 0.201751 0.197431 0.205472
4556250 0.21202 0.199601 0.196506 0.0 0.0 0.0 0.208691 0.195698 0.1979 0.214146 0.202067 0.195616
4556250 0.21097 0.186378 0.188623 0.0 0.0 0.0 0.215952 0.187955 0.188129 0.206689 0.184992 0.189046
4556250 0.212273 0.188578 0.191837 0.0 0.0 0.0 0.209948 0.188946 0.194181 0.215952 0.187955 0.188129
4556250 0.216149 0.194324 0.196824 0.0 0.0 0.0 0.217834 0.197099 0.200073 0.215016 0.192432 0.194639
4556250 0.213329 0.196425 0.199003 0.0 0.0 0.0 0.217834 0.197099 0.200073 0.208691 0.195698 0.1979
4556250 0.214899 0.192762 0.188301 0.0 0.0 0.0 0.215952 0.187955 0.188129 0.213764 0.197907 0.188485
4556250 0.217856 0.20075 0.19102 0.0 0.0 0.0 0.213764 0.197907 0.188485 0.221793 0.203452 0.193457
4556250 0.203709 0.19189 0.212844 0.0 0.0 0.0 0.200532 0.188233 0.212217 0.206324 0.19487 0.213359
4556250 0.20111 0.192609 0.20902 0.0 0.0 0.0 0.200532 0.188233 0.212217 0.201751 0.197431 0.205472
4556250 0.209082 0.194686 0.205932 0.0 0.0 0.0 0.210148 0.198077 0.205234 0.207624 0.190006 0.206887
4556250 0.204376 0.195977 0.21 0.0 0.0 0.0 0.206324 0.19487 0.213359 0.201751 0.197431 0.205472
4556250 0.218547 0.183905 0.199293 0.0 0.0 0.0 0.222426 0.17952 0.196579 0.215289 0.187558 0.201572
4556250 0.211154 0.191706 0.208636 0.0 0.0 0.0 0.216538 0.194258 0.211303 0.207624 0.190006 0.206887
4556250 0.213199 0.189687 0.214478 0.0 0.0 0.0 0.21075 0.186305 0.216807 0.216538 0.194258 0.211303
4556250 0.2139 0.200271 0.200612 0.0 0.0 0.0 0.217834 0.197099 0.200073 0.211311 0.202332 0.200966
4556250 0.217296 0.195937 0.20473 0.0 0.0 0.0 0.217834 0.197099 0.200073 0.216538 0.194258 0.211303
4556250 0.219723 0.200147 0.196916 0.0 0.0 0.0 0.217834 0.197099 0.200073 0.221793 0.203452 0.193457
4556250 0.217919 0.201431 0.201861 0.0 0.0 0.0 0.217834 0.197099 0.200073 0.218019 0.2065 0.203966
4556250 0.183173 0.206326 0.19405 -2.03483 0.00126131 0.097368 0.18642 0.206843 0.193922 0.179403 0.205725 0.194199
4556250 0.182827 0.203179 0.210118 -0.801363 -0.394419 1.06813 0.186936 0.205805 0.205705 0.180019 0.201385 0.213133
4556250 0.181268 0.217777 0.197948 1.28281 0.801838 -0.517579 0.178409 0.216129 0.198531 0.184099 0.21941 0.197371
4556250 0.18395 0.217584 0.200138 -0.00358699 0.104365 -0.117373 0.183778 0.215463 0.203352 0.184099 0.21941 0.197371
4556250 0.190508 0.198279 0.189972 -0.262436 -0.828481 0.120947 0.191652 0.202613 0.190029 0.189436 0.194216 0.189919
4556250 0.192825 0.199682 0.211792 -0.432937 -1.47753 -1.86769 0.19324 0.202997 0.215004 0.192413 0.196399 0.208611
4556250 0.188463 0.207895 0.185646 -0.220124 -0.618404 -0.651315 0.189691 0.211465 0.188358 0.187561 0.205272 0.183653
4556250 0.188635 0.205052 0.192274 0.394925 -0.2647 -0.372721 0.18642 0.206843 0.193922 0.191652 0.202613 0.190029
4556250 0.194334 0.205837 0.19161 0.774489 1.06685 0.732878 0.191652 0.202613 0.190029 0.196793 0.208794 0.193059
4556250 0.187807 0.209432 0.195405 0.542979 1.51589 0.649108 0.18642 0.206843 0.193922 0.189753 0.213067 0.197485
4556250 0.196925 0.208991 0.197162 0.221323 -0.0798966 1.43697 0.196793 0.208794 0.193059 0.197077 0.20922 0.201925
4556250 0.193356 0.211175 0.199669 -1.36974 1.06473 -0.880362 0.197077 0.20922 0.201925 0.189753 0.213067 0.197485
4556250 0.192028 0.213887 0.185153 -2.288 -1.73645 3.4765 0.194461 0.216408 0.181815 0.189691 0.211465 0.188358
4556250 0.197326 0.212754 0.1921 0.242413 0.801532 -0.175973 0.196793 0.208794 0.193059 0.197944 0.217353 0.190987
4556250 0.190826 0.21459 0.201711 -0.839137 -0.609458 -3.29144 0.191934 0.216165 0.206079 0.189753 0.213067 0.197485
4556250 0.195969 0.20633 0.213293 0.515074 0.909307 -0.414246 0.19324 0.202997 0.215004 0.198889 0.209897 0.211462
4556250 0.191539 0.207299 0.215291 -1.12498 2.32424 0.530539 0.19324 0.202997 0.215004 0.189435 0.212619 0.215647
4556250 0.202952 0.212385 0.212842 1.91688 0.846016 0.831299 0.198889 0.209897 0.211462 0.206605 0.214623 0.214084
4556250 0.20127 0.206989 0.201474 1.15812 -0.396796 -0.103224 0.197077 0.20922 0.201925 0.204816 0.205102 0.201092
4556250 0.201177 0.211219 0.203326 0.677615 0.354282 0.37352 0.197077 0.20922 0.201925 0.205195 0.213179 0.204698
4556250 0.190799 0.214553 0.210427 -1.00499 -1.21944 2.41069 0.191934 0.216165 0.206079 0.189435 0.212619 0.215647
4556250 0.201034 0.2036 0.219098 -1.24423 1.28036 1.1949 0.202785 0.20093 0.216859 0.199503 0.205934 0.221056
4556250 0.198971 0.217121 0.195641 0.107071 -0.037444 0.285979 0.197944 0.217353 0.190987 0.19979 0.216937 0.199352
4556250 0.210274 0.200053 0.18522 1.07162 -0.648368 0.70779 0.208025 0.201435 0.183116 0.213764 0.197907 0.188485
4556250 0.208405 0.199582 0.195204 -0.174481 -1.44704 1.03161 0.208204 0.202319 0.193303 0.208691 0.195698 0.1979
4556250 0.214007 0.200545 0.193005 0.0196027 -0.238554 -0.31099 0.214146 0.202067 0.195616 0.213764 0.197907 0.188485
4556250 0.204545 0.197917 0.215119 0.791145 -1.83167 -0.72635 0.202785 0.20093 0.216859 0.206324 0.19487 0.213359
4556250 0.204914 0.20165 0.181821 -0.616481 0.0319107 -0.379665 0.208025 0.201435 0.183116 0.200514 0.201954 0.17999
4556250 0.203159 0.210622 0.182427 0.465378 -0.0915129 1.58467 0.20127 0.21106 0.178402 0.205808 0.210007 0.18807
4556250 0.211843 0.209019 0.189424 -4.06089 0.313982 -0.340405 0.215399 0.208437 0.190222 0.205808 0.210007 0.18807
4556250 0.212952 0.20478 0.196218 -0.216859 0.383548 0.149348 0.214146 0.202067 0.195616 0.211239 0.208668 0.197082
4556250 0.207371 0.204992 0.191483 -0.742574 1.45014 -0.921209 0.208204 0.202319 0.193303 0.205808 0.210007 0.18807
4556250 0.207913 0.206821 0.199159 -1.01047 -0.371382 0.483397 0.211239 0.208668 0.197082 0.204816 0.205102 0.201092
4556250 0.212766 0.212019 0.19937 -0.196847 -0.456314 -0.209056 0.214238 0.21525 0.201575 0.211239 0.208668 0.197082
4556250 0.212099 0.212504 0.195256 0.027711 0.443733 -0.247518 0.211239 0.208668 0.197082 0.212883 0.216003 0.193591
4556250 0.218102 0.20633 0.19159 2.68683 -1.97749 1.98318 0.215399 0.208437 0.190222 0.221793 0.203452 0.193457
4556250 0.210062 0.214434 0.216897 -1.65311 -0.226645 -1.22423 0.213239 0.214261 0.219483 0.206605 0.214623 0.214084
4556250 0.208911 0.215007 0.20687 0.984217 0.289887 0.612677 0.205195 0.213179 0.204698 0.211474 0.216267 0.208368
4556250 0.206892 0.218415 0.211753 -0.0738817 -1.12365 0.464723 0.20714 0.221691 0.20974 0.206605 0.214623 0.214084
4556250 0.212678 0.215824 0.205409 -0.625295 -0.0220359 1.36276 0.214238 0.21525 0.201575 0.211474 0.216267 0.208368
4556250 0.21564 0.209351 0.207915 0.200437 -0.400042 -0.469468 0.214302 0.210954 0.210137 0.218019 0.2065 0.203966
4556250 0.214302 0.216607 0.209879 -1.44579 -0.441214 -0.754945 0.218034 0.217057 0.211874 0.211474 0.216267 0.208368
4556250 0.20001 0.208415 0.186312 1.08919 0.260926 0.5275 0.196467 0.207442 0.185237 0.205808 0.210007 0.18807
4556250 0.194701 0.207654 0.181848 0.0410791 -0.0162388 0.0680665 0.192842 0.207877 0.17828 0.196467 0.207442 0.185237
4556250 0.21211 0.208835 0.210133 -0.124511 -0.0959859 -0.0180413 0.214302 0.210954 0.210137 0.208101 0.204959 0.210125
4556250 0.193407 0.209258 0.186647 -1.73555 1.11231 1.21555 0.196467 0.207442 0.185237 0.189691 0.211465 0.188358
4556250 0.184386 0.21625 0.191518 -1.23043 -1.40428 0.608669 0.186559 0.219764 0.190064 0.182351 0.212959 0.192879
4556250 0.198267 0.205 0.182903 1.20796 -1.09452 -1.23004 0.196467 0.207442 0.185237 0.200514 0.201954 0.17999
4556250 0.207833 0.19819 0.182205 -0.0484465 -0.665494 -0.306971 0.208025 0.201435 0.183116 0.207448 0.191666 0.180375
4556250 0.215435 0.209159 0.212325 0.268263 -0.75758 0.788139 0.214302 0.210954 0.210137 0.217675 0.205607 0.216651
4556250 0.184945 0.211895 0.204221 0.152568 -0.553941 0.229273 0.183778 0.215463 0.203352 0.186936 0.205805 0.205705
4556250 0.183204 0.216138 0.210168 0.273181 0.391888 0.0910702 0.180994 0.213081 0.210052 0.185303 0.219041 0.210278
4556250 0.188147 0.217808 0.208477 -0.245178 0.0566815 0.141429 0.191934 0.216165 0.206079 0.185303 0.219041 0.210278
4556250 0.185833 0.21301 0.195046 -1.94478 -0.377893 -1.11634 0.189753 0.213067 0.197485 0.182351 0.212959 0.192879
4556250 0.216012 0.215992 0.191174 -0.362443 0.0578981 0.231422 0.220661 0.215977 0.187582 0.212883 0.216003 0.193591
4556250 0.204187 0.210752 0.194075 -0.158542 0.204613 0.71892 0.205808 0.210007 0.18807 0.203336 0.211142 0.197226
4556250 0.206622 0.199879 0.185763 -0.140429 -0.196024 0.229913 0.208025 0.201435 0.183116 0.205258 0.198367 0.188335
4556250 0.200365 0.209274 0.191083 1.0777 -0.0242373 -0.489808 0.196793 0.208794 0.193059 0.205808 0.210007 0.18807
4556250 0.195727 0.202371 0.204797 0.00226549 -0.0809823 -0.434489 0.196085 0.203257 0.207781 0.195377 0.201507 0.201885
4556250 0.197171 0.205827 0.209206 -0.152314 -0.294775 -0.113782 0.198889 0.209897 0.211462 0.196085 0.203257 0.207781
4556250 0.187776 0.208758 0.191616 0.745741 1.73216 -1.69585 0.18642 0.206843 0.193922 0.189691 0.211465 0.188358
4556250 0.185778 0.203774 0.194921 -0.709562 -1.96361 0.875296 0.18642 0.206843 0.193922 0.184799 0.199098 0.196444
4556250 0.204972 0.202588 0.214088 0.0475769 0.0216437 -0.0577765 0.202785 0.20093 0.216859 0.208101 0.204959 0.210125
4556250 0.197705 0.200018 0.203195 0.417854 -0.379754 0.303185 0.195377 0.201507 0.201885 0.201751 0.197431 0.205472
4556250 0.204849 0.201104 0.207742 -0.446276 -0.373838 -0.300094 0.208101 0.204959 0.210125 0.201751 0.197431 0.205472
4556250 0.183161 0.210428 0.208467 -0.0519651 0.0927759 0.0481116 0.186936 0.205805 0.205705 0.180994 0.213081 0.210052
4556250 0.202214 0.215252 0.20175 -0.0495009 0.0413404 -0.0701284 0.205195 0.213179 0.204698 0.19979 0.216937 0.199352
4556250 0.210368 0.200602 0.191427 0.228091 -0.118401 -0.180253 0.208204 0.202319 0.193303 0.213764 0.197907 0.188485
4556250 0.191412 0.200804 0.185936 -0.310256 -1.861 -2.89739 0.191652 0.202613 0.190029 0.191218 0.199338 0.18262
4556250 0.181737 0.202859 0.19517 0.260224 -0.413579 0.186929 0.179403 0.205725 0.194199 0.184799 0.199098 0.196444
4556250 0.194533 0.201014 0.218988 0.741294 -0.699106 2.28169 0.19324 0.202997 0.215004 0.195817 0.199046 0.222943
4556250 0.217146 0.209946 0.193103 -0.594688 -0.401439 -1.2202 0.219003 0.211549 0.196165 0.215399 0.208437 0.190222
4556250 0.206195 0.205042 0.204884 -0.21326 0.086068 -0.487532 0.208101 0.204959 0.210125 0.204816 0.205102 0.201092
4556250 0.199406 0.211956 0.215944 0.202237 0.39926 1.41998 0.198889 0.209897 0.211462 0.199883 0.213859 0.220086
4556250 0.212702 0.20527 0.213261 1.99554 0.183885 1.87658 0.208101 0.204959 0.210125 0.217675 0.205607 0.216651
4556250 0.194938 0.203152 0.210694 0.0671896 0.0248704 -0.295014 0.19324 0.202997 0.215004 0.196085 0.203257 0.207781
4556250 0.213715 0.203825 0.202041 -0.827263 -0.548298 -0.567536 0.218019 0.2065 0.203966 0.211311 0.202332 0.200966
4556250 0.197966 0.209552 0.206601 -0.839627 -0.650084 -3.01473 0.198889 0.209897 0.211462 0.197077 0.20922 0.201925
4556250 0.189722 0.212268 0.192937 0.0946209 0.469135 1.40661 0.189691 0.211465 0.188358 0.189753 0.213067 0.197485
4556250 0.191959 0.203813 0.194336 -0.196061 0.530286 2.57327 0.191652 0.202613 0.190029 0.192182 0.204685 0.197465
4556250 0.19383 0.203046 0.199744 0.521802 -0.354784 0.52754 0.192182 0.204685 0.197465 0.195377 0.201507 0.201885
4556250 0.190445 0.205056 0.200193 -0.687155 0.0992302 1.54824 0.192182 0.204685 0.197465 0.186936 0.205805 0.205705
4556250 0.203225 0.207572 0.210832 2.27505 -1.70618 -0.232185 0.198889 0.209897 0.211462 0.208101 0.204959 0.210125
4556250 0.204412 0.215234 0.184913 -0.206559 2.66613 -1.55145 0.205808 0.210007 0.18807 0.203637 0.218137 0.18316
4556250 0.208527 0.203519 0.20102 -0.505049 0.291338 0.0714142 0.211311 0.202332 0.200966 0.204816 0.205102 0.201092
4556250 0.21859 0.209429 0.199441 -0.368773 -0.72028 1.16624 0.219003 0.211549 0.196165 0.218019 0.2065 0.203966
4556250 0.216695 0.213341 0.198785 0.0856549 -0.095462 -0.0979862 0.214238 0.21525 0.201575 0.219003 0.211549 0.196165
4556250 0.212928 0.213536 0.209277 -0.757396 0.987389 -0.357007 0.214302 0.210954 0.210137 0.211474 0.216267 0.208368
4556250 0.194168 0.206524 0.199274 0.894814 0.592853 0.601741 0.192182 0.204685 0.197465 0.197077 0.20922 0.201925
4556250 0.213486 0.208543 0.193377 -0.298107 -0.0323619 0.698629 0.215399 0.208437 0.190222 0.211239 0.208668 0.197082
4556250 0.185792 0.212259 0.19076 -2.47486 0.223496 1.1048 0.189691 0.211465 0.188358 0.182351 0.212959 0.192879
4556250 0.198587 0.213514 0.200493 0.068811 0.148948 -0.0291094 0.197077 0.20922 0.201925 0.19979 0.216937 0.199352
4556250 0.194503 0.211159 0.213403 -3.3814 0.460845 1.83087 0.198889 0.209897 0.211462 0.189435 0.212619 0.215647
4556250 0.209431 0.215577 0.210766 0.363352 0.0670373 -0.539687 0.206605 0.214623 0.214084 0.211474 0.216267 0.208368
4556250 0.200783 0.210358 0.199143 0.363605 0.183515 -0.249549 0.197077 0.20922 0.201925 0.203336 0.211142 0.197226
4556250 0.212132 0.217075 0.189861 0.0741517 -0.210226 1.13095 0.211437 0.218066 0.186414 0.212883 0.216003 0.193591
4556250 0.213541 0.215637 0.197472 -0.349746 0.0345004 -1.07596 0.214238 0.21525 0.201575 0.212883 0.216003 0.193591
4556250 0.218324 0.215862 0.202202 0.773128 -0.00786038 0.100579 0.214238 0.21525 0.201575 0.224751 0.216824 0.203187
4556250 0.188272 0.209446 0.211017 0.154221 0.277542 0.588098 0.186936 0.205805 0.205705 0.189435 0.212619 0.215647
4556250 0.204103 0.211983 0.200311 -0.0869136 -0.0375994 -0.363655 0.205195 0.213179 0.204698 0.203336 0.211142 0.197226
4556250 0.198186 0.201096 0.206924 0.116915 -0.0892833 -0.0539797 0.196085 0.203257 0.207781 0.201751 0.197431 0.205472
4556250 0.204001 0.20843 0.198962 0.0434619 -0.0964784 0.0719425 0.203336 0.211142 0.197226 0.204816 0.205102 0.201092
4556250 0.192814 0.207784 0.203514 0.108088 0.0416222 -0.0622758 0.186936 0.205805 0.205705 0.197077 0.20922 0.201925
4556250 0.214974 0.217265 0.186862 -0.0186805 0.00612447 -0.0050612 0.220661 0.215977 0.187582 0.211437 0.218066 0.186414
4556250 0.203289 0.214246 0.217045 0.161463 -0.0153941 -0.137618 0.199883 0.213859 0.220086 0.206605 0.214623 0.214084
4556250 0.206165 0.217118 0.20237 -0.0165435 -0.0370343 0.0217802 0.207109 0.220952 0.200104 0.205195 0.213179 0.204698
4556250 0.209571 0.217939 0.192635 0.00368837 -0.00141652 0.00107909 0.206267 0.219871 0.191681 0.212883 0.216003 0.193591
4556250 0.18099 0.20247 0.199228 0.0 0.0 0.0 0.178676 0.204491 0.200923 0.184799 0.199098 0.196444
4556250 0.188417 0.20097 0.193057 0.0 0.0 0.0 0.191652 0.202613 0.190029 0.184799 0.199098 0.196444
4556250 0.189276 0.202502 0.197063 0.0 0.0 0.0 0.192182 0.204685 0.197465 0.184799 0.199098 0.196444
4556250 0.187578 0.201188 0.18864 0.0 0.0 0.0 0.191652 0.202613 0.190029 0.183794 0.199834 0.18735
4556250 0.185724 0.202016 0.200451 0.0 0.0 0.0 0.186936 0.205805 0.205705 0.184799 0.199098 0.196444
4556250 0.182444 0.200936 0.205048 0.0 0.0 0.0 0.186936 0.205805 0.205705 0.178888 0.197051 0.204528
4556250 0.180303 0.208152 0.197056 0.0 0.0 0.0 0.181026 0.210074 0.199347 0.179403 0.205725 0.194199
4556250 0.181592 0.211322 0.196581 0.0 0.0 0.0 0.181026 0.210074 0.199347 0.182351 0.212959 0.192879
4556250 0.182244 0.212476 0.201122 0.0 0.0 0.0 0.181026 0.210074 0.199347 0.183778 0.215463 0.203352
4556250 0.183317 0.216541 0.195362 0.0 0.0 0.0 0.184099 0.21941 0.197371 0.182351 0.212959 0.192879
4556250 0.184609 0.209582 0.193458 0.0 0.0 0.0 0.18642 0.206843 0.193922 0.182351 0.212959 0.192879
4556250 0.182904 0.20873 0.201369 0.0 0.0 0.0 0.181026 0.210074 0.199347 0.186936 0.205805 0.205705
4556250 0.182371 0.214276 0.206737 0.0 0.0 0.0 0.183778 0.215463 0.203352 0.180994 0.213081 0.210052
4556250 0.180906 0.215836 0.200774 0.0 0.0 0.0 0.183778 0.215463 0.203352 0.178409 0.216129 0.198531
4556250 0.186495 0.21439 0.200684 0.0 0.0 0.0 0.183778 0.215463 0.203352 0.189753 0.213067 0.197485
4556250 0.181292 0.204926 0.202438 0.0 0.0 0.0 0.178676 0.204491 0.200923 0.186936 0.205805 0.205705
4556250 0.184345 0.212914 0.212273 0.0 0.0 0.0 0.180994 0.213081 0.210052 0.189435 0.212619 0.215647
4556250 0.187421 0.215793 0.20457 0.0 0.0 0.0 0.183778 0.215463 0.203352 0.191934 0.216165 0.206079
4556250 0.184568 0.217333 0.20694 0.0 0.0 0.0 0.183778 0.215463 0.203352 0.185303 0.219041 0.210278
4556250 0.186463 0.216774 0.197419 0.0 0.0 0.0 0.189753 0.213067 0.197485 0.184099 0.21941 0.197371
4556250 0.195469 0.201403 0.192284 0.0 0.0 0.0 0.191652 0.202613 0.190029 0.200001 0.199933 0.19496
4556250 0.19515 0.202897 0.196514 0.0 0.0 0.0 0.192182 0.204685 0.197465 0.200001 0.199933 0.19496
4556250 0.198191 0.204948 0.193888 0.0 0.0 0.0 0.196793 0.208794 0.193059 0.200001 0.199933 0.19496
4556250 0.197064 0.200949 0.199358 0.0 0.0 0.0 0.195377 0.201507 0.201885 0.200001 0.199933 0.19496
4556250 0.20504 0.201415 0.193942 0.0 0.0 0.0 0.208204 0.202319 0.193303 0.200001 0.199933 0.19496
4556250 0.195579 0.198962 0.215117 0.0 0.0 0.0 0.19324 0.202997 0.215004 0.197471 0.195658 0.21521
4556250 0.194595 0.200492 0.208117 0.0 0.0 0.0 0.196085 0.203257 0.207781 0.192413 0.196399 0.208611
4556250 0.194192 0.199481 0.204574 0.0 0.0 0.0 0.195377 0.201507 0.201885 0.192413 0.196399 0.208611
4556250 0.190162 0.200282 0.207416 0.0 0.0 0.0 0.186936 0.205805 0.205705 0.192413 0.196399 0.208611
4556250 0.200078 0.198263 0.216018 0.0 0.0 0.0 0.202785 0.20093 0.216859 0.197471 0.195658 0.21521
4556250 0.190264 0.199969 0.216866 0.0 0.0 0.0 0.19324 0.202997 0.215004 0.18651 0.196111 0.219215
4556250 0.199588 0.200082 0.21965 0.0 0.0 0.0 0.202785 0.20093 0.216859 0.195817 0.199046 0.222943
4556250 0.18933 0.204139 0.186411 0.0 0.0 0.0 0.191652 0.202613 0.190029 0.187561 0.205272 0.183653
4556250 0.194249 0.205234 0.187445 0.0 0.0 0.0 0.191652 0.202613 0.190029 0.196467 0.207442 0.185237
4556250 0.190689 0.206974 0.189209 0.0 0.0 0.0 0.191652 0.202613 0.190029 0.189691 0.211465 0.188358
4556250 0.196624 0.20811 0.189009 0.0 0.0 0.0 0.196793 0.208794 0.193059 0.196467 0.207442 0.185237
4556250 0.189316 0.205775 0.195703 0.0 0.0 0.0 0.18642 0.206843 0.193922 0.192182 0.204685 0.197465
4556250 0.19422 0.206518 0.195518 0.0 0.0 0.0 0.192182 0.204685 0.197465 0.196793 0.208794 0.193059
4556250 0.191178 0.208167 0.197474 0.0 0.0 0.0 0.192182 0.204685 0.197465 0.189753 0.213067 0.197485
4556250 0.193461 0.210063 0.190854 0.0 0.0 0.0 0.196793 0.208794 0.193059 0.189691 0.211465 0.188358
4556250 0.193478 0.210822 0.195144 0.0 0.0 0.0 0.196793 0.208794 0.193059 0.189753 0.213067 0.197485
4556250 0.188591 0.210087 0.200876 0.0 0.0 0.0 0.186936 0.205805 0.205705 0.189753 0.213067 0.197485
4556250 0.195581 0.211418 0.183726 0.0 0.0 0.0 0.194461 0.216408 0.181815 0.196467 0.207442 0.185237
4556250 0.193764 0.214387 0.189656 0.0 0.0 0.0 0.197944 0.217353 0.190987 0.189691 0.211465 0.188358
4556250 0.188078 0.215754 0.189236 0.0 0.0 0.0 0.186559 0.219764 0.190064 0.189691 0.211465 0.188358
4556250 0.188114 0.21652 0.193677 0.0 0.0 0.0 0.186559 0.219764 0.190064 0.189753 0.213067 0.197485
4556250 0.190763 0.217592 0.197421 0.0 0.0 0.0 0.189753 0.213067 0.197485 0.191863 0.22249 0.19735
4556250 0.198683 0.209128 0.182083 0.0 0.0 0.0 0.20127 0.21106 0.178402 0.196467 0.207442 0.185237
4556250 0.200428 0.210115 0.195375 0.0 0.0 0.0 0.196793 0.208794 0.193059 0.203336 0.211142 0.197226
4556250 0.190634 0.204174 0.21116 0.0 0.0 0.0 0.19324 0.202997 0.215004 0.186936 0.205805 0.205705
4556250 0.193133 0.204095 0.207111 0.0 0.0 0.0 0.196085 0.203257 0.207781 0.186936 0.205805 0.205705
4556250 0.196478 0.205637 0.20546 0.0 0.0 0.0 0.196085 0.203257 0.207781 0.197077 0.20922 0.201925
4556250 0.192698 0.202887 0.203098 0.0 0.0 0.0 0.186936 0.205805 0.205705 0.195377 0.201507 0.201885
4556250 0.196041 0.204536 0.201901 0.0 0.0 0.0 0.197077 0.20922 0.201925 0.195377 0.201507 0.201885
4556250 0.196848 0.204706 0.218491 0.0 0.0 0.0 0.19324 0.202997 0.215004 0.199503 0.205934 0.221056
4556250 0.189832 0.211824 0.205922 0.0 0.0 0.0 0.191934 0.216165 0.206079 0.186936 0.205805 0.205705
4556250 0.199185 0.21481 0.212427 0.0 0.0 0.0 0.198889 0.209897 0.211462 0.199407 0.218468 0.21315
4556250 0.195345 0.213107 0.208719 0.0 0.0 0.0 0.198889 0.209897 0.211462 0.191934 0.216165 0.206079
4556250 0.194507 0.212708 0.204002 0.0 0.0 0.0 0.191934 0.216165 0.206079 0.197077 0.20922 0.201925
4556250 0.202135 0.211603 0.20798 0.0 0.0 0.0 0.198889 0.209897 0.211462 0.205195 0.213179 0.204698
4556250 0.198423 0.201891 0.216011 0.0 0.0 0.0 0.19324 0.202997 0.215004 0.202785 0.20093 0.216859
4556250 0.195241 0.213324 0.218114 0.0 0.0 0.0 0.199883 0.213859 0.220086 0.189435 0.212619 0.215647
4556250 0.19962 0.216418 0.216256 0.0 0.0 0.0 0.199883 0.213859 0.220086 0.199407 0.218468 0.21315
4556250 0.186893 0.216587 0.212344 0.0 0.0 0.0 0.189435 0.212619 0.215647 0.185303 0.219041 0.210278
4556250 0.191024 0.218007 0.214025 0.0 0.0 0.0 0.189435 0.212619 0.215647 0.192138 0.221771 0.212879
4556250 0.193061 0.217601 0.218182 0.0 0.0 0.0 0.19535 0.220714 0.219781 0.189435 0.212619 0.215647
4556250 0.196215 0.2169 0.186434 0.0 0.0 0.0 0.194461 0.216408 0.181815 0.197944 0.217353 0.190987
4556250 0.199799 0.21743 0.182598 0.0 0.0 0.0 0.194461 0.216408 0.181815 0.203637 0.218137 0.18316
4556250 0.201692 0.213845 0.198212 0.0 0.0 0.0 0.203336 0.211142 0.197226 0.19979 0.216937 0.199352
4556250 0.201344 0.214193 0.189726 0.0 0.0 0.0 0.197944 0.217353 0.190987 0.205808 0.210007 0.18807
4556250 0.201236 0.217822 0.186461 0.0 0.0 0.0 0.197944 0.217353 0.190987 0.203637 0.218137 0.18316
4556250 0.202678 0.216734 0.213575 0.0 0.0 0.0 0.206605 0.214623 0.214084 0.199407 0.218468 0.21315
4556250 0.206718 0.200342 0.190797 0.0 0.0 0.0 0.208204 0.202319 0.193303 0.205258 0.198367 0.188335
4556250 0.20706 0.199065 0.21202 0.0 0.0 0.0 0.208101 0.204959 0.210125 0.206324 0.19487 0.213359
4556250 0.205992 0.199646 0.218709 0.0 0.0 0.0 0.202785 0.20093 0.216859 0.210553 0.197781 0.221341
4556250 0.207248 0.204454 0.184851 0.0 0.0 0.0 0.208025 0.201435 0.183116 0.205808 0.210007 0.18807
4556250 0.21123 0.207506 0.184809 0.0 0.0 0.0 0.205808 0.210007 0.18807 0.215223 0.205635 0.182407
4556250 0.207221 0.208031 0.182241 0.0 0.0 0.0 0.205808 0.210007 0.18807 0.208003 0.206912 0.179016
4556250 0.202601 0.215055 0.181077 0.0 0.0 0.0 0.20127 0.21106 0.178402 0.203637 0.218137 0.18316
4556250 0.211322 0.202203 0.194516 0.0 0.0 0.0 0.208204 0.202319 0.193303 0.214146 0.202067 0.195616
4556250 0.209525 0.205098 0.194947 0.0 0.0 0.0 0.208204 0.202319 0.193303 0.211239 0.208668 0.197082
4556250 0.209018 0.209232 0.193397 0.0 0.0 0.0 0.205808 0.210007 0.18807 0.211239 0.208668 0.197082
4556250 0.206745 0.210091 0.197164 0.0 0.0 0.0 0.203336 0.211142 0.197226 0.211239 0.208668 0.197082
4556250 0.212729 0.202216 0.19829 0.0 0.0 0.0 0.214146 0.202067 0.195616 0.211311 0.202332 0.200966
4556250 0.211282 0.204953 0.199369 0.0 0.0 0.0 0.211239 0.208668 0.197082 0.211311 0.202332 0.200966
4556250 0.214184 0.212107 0.191849 0.0 0.0 0.0 0.215399 0.208437 0.190222 0.212883 0.216003 0.193591
4556250 0.210145 0.213699 0.191455 0.0 0.0 0.0 0.205808 0.210007 0.18807 0.212883 0.216003 0.193591
4556250 0.209363 0.215114 0.187024 0.0 0.0 0.0 0.205808 0.210007 0.18807 0.211437 0.218066 0.186414
4556250 0.20609 0.216078 0.190287 0.0 0.0 0.0 0.205808 0.210007 0.18807 0.206267 0.219871 0.191681
4556250 0.217014 0.202603 0.194806 0.0 0.0 0.0 0.214146 0.202067 0.195616 0.221793 0.203452 0.193457
4556250 0.215314 0.210196 0.196601 0.0 0.0 0.0 0.219003 0.211549 0.196165 0.211239 0.208668 0.197082
4556250 0.214252 0.207721 0.200141 0.0 0.0 0.0 0.218019 0.2065 0.203966 0.211239 0.208668 0.197082
4556250 0.210182 0.203272 0.204189 0.0 0.0 0.0 0.208101 0.204959 0.210125 0.211311 0.202332 0.200966
4556250 0.20652 0.209446 0.207173 0.0 0.0 0.0 0.208101 0.204959 0.210125 0.205195 0.213179 0.204698
4556250 0.20727 0.210344 0.212325 0.0 0.0 0.0 0.208101 0.204959 0.210125 0.206605 0.214623 0.214084
4556250 0.204992 0.20886 0.202762 0.0 0.0 0.0 0.205195 0.213179 0.204698 0.204816 0.205102 0.201092
4556250 0.205917 0.213934 0.209502 0.0 0.0 0.0 0.206605 0.214623 0.214084 0.205195 0.213179 0.204698
4556250 0.20997 0.214289 0.203049 0.0 0.0 0.0 0.214238 0.21525 0.201575 0.205195 0.213179 0.204698
4556250 0.207757 0.206376 0.215515 0.0 0.0 0.0 0.208101 0.204959 0.210125 0.207465 0.207551 0.220122
4556250 0.20702 0.211224 0.217003 0.0 0.0 0.0 0.206605 0.214623 0.214084 0.207465 0.207551 0.220122
4556250 0.210825 0.217996 0.200871 0.0 0.0 0.0 0.214238 0.21525 0.201575 0.207109 0.220952 0.200104
4556250 0.205039 0.218383 0.217236 0.0 0.0 0.0 0.206605 0.214623 0.214084 0.203514 0.222014 0.220307
4556250 0.21313 0.205757 0.207002 0.0 0.0 0.0 0.208101 0.204959 0.210125 0.218019 0.2065 0.203966
4556250 0.215884 0.211457 0.202616 0.0 0.0 0.0 0.214238 0.21525 0.201575 0.218019 0.2065 0.203966
4556250 0.21586 0.213518 0.210862 0.0 0.0 0.0 0.214302 0.210954 0.210137 0.218034 0.217057 0.211874
4556250 0.20489 0.203929 0.218327 0.0 0.0 0.0 0.202785 0.20093 0.216859 0.207465 0.207551 0.220122
4556250 0.207442 0.218119 0.184747 0.0 0.0 0.0 0.211437 0.218066 0.186414 0.203637 0.218137 0.18316
4556250 0.215954 0.213784 0.194883 0.0 0.0 0.0 0.219003 0.211549 0.196165 0.212883 0.216003 0.193591
