# ts x y z Fx Fy Fz x1 y1 z1 x2 y2 z2
3400000 0.185864 0.19497 0.187877 4.29019 0.619229 2.31289 0.18257 0.193867 0.186029 0.189382 0.196148 0.189851
3400000 0.183431 0.192329 0.19709 -5.41661 2.58542 0.827526 0.187205 0.190212 0.195837 0.180665 0.193881 0.198009
3400000 0.188943 0.198652 0.198054 -5.65996 3.60692 -3.36356 0.192865 0.196486 0.199523 0.184772 0.200954 0.196491
3400000 0.19444 0.180967 0.181452 6.09142 5.60989 -1.42314 0.191372 0.17823 0.181502 0.196931 0.18319 0.181411
3400000 0.198094 0.185698 0.183283 -4.66175 -7.57342 -7.86758 0.199476 0.188676 0.185508 0.196931 0.18319 0.181411
3400000 0.192894 0.183323 0.187253 -3.1069 2.3822 -0.702431 0.195596 0.18048 0.188116 0.189211 0.187199 0.186075
3400000 0.197923 0.181679 0.191162 1.92661 0.706996 3.20659 0.195596 0.18048 0.188116 0.200816 0.183169 0.19495
3400000 0.188264 0.178983 0.214138 7.86572 5.07772 6.26768 0.185371 0.176446 0.21207 0.19179 0.182078 0.21666
3400000 0.197695 0.189697 0.188902 -4.68472 4.0129 7.91832 0.199476 0.188676 0.185508 0.195668 0.190858 0.192766
3400000 0.192411 0.193599 0.191256 -8.33915 4.92415 -3.76984 0.195668 0.190858 0.192766 0.189382 0.196148 0.189851
3400000 0.196618 0.193949 0.189613 -0.575173 -3.67704 4.6855 0.197636 0.197264 0.186231 0.195668 0.190858 0.192766
3400000 0.194297 0.193612 0.196072 5.89917 -8.27238 -14.0566 0.192865 0.196486 0.199523 0.195668 0.190858 0.192766
3400000 0.195052 0.194054 0.20292 2.74318 -2.49465 2.90171 0.192865 0.196486 0.199523 0.19663 0.1923 0.205369
3400000 0.192633 0.197415 0.20414 1.09719 2.02763 9.79749 0.192865 0.196486 0.199523 0.192406 0.198319 0.208634
3400000 0.196192 0.19905 0.197378 0.482376 0.251674 -0.26345 0.192865 0.196486 0.199523 0.199945 0.201942 0.194959
3400000 0.198113 0.187207 0.193803 -11.8354 15.9402 -8.01041 0.200816 0.183169 0.19495 0.195668 0.190858 0.192766
3400000 0.202409 0.190508 0.183565 6.54285 3.9642 -6.05994 0.199476 0.188676 0.185508 0.207427 0.193641 0.180244
3400000 0.202968 0.187849 0.187198 1.74986 -0.155406 0.647746 0.199476 0.188676 0.185508 0.206647 0.186977 0.188978
3400000 0.199086 0.200622 0.183056 2.28381 3.66216 -4.73677 0.197636 0.197264 0.186231 0.200516 0.203933 0.179927
3400000 0.189137 0.195311 0.209781 11.1099 7.3712 -2.89798 0.186268 0.19267 0.210789 0.192406 0.198319 0.208634
3400000 0.196731 0.1988 0.207175 -7.80675 -0.793734 1.30701 0.201738 0.199357 0.205486 0.192406 0.198319 0.208634
3400000 0.199561 0.188208 0.216474 -0.260188 -0.289574 0.612522 0.200554 0.190279 0.212272 0.198831 0.186684 0.219567
3400000 0.200687 0.178726 0.192673 -0.131656 -3.08948 -2.2627 0.200816 0.183169 0.19495 0.200598 0.17567 0.191107
3400000 0.210123 0.181561 0.192376 6.03939 5.91459 5.72569 0.207583 0.178737 0.190558 0.212589 0.184304 0.194142
3400000 0.201977 0.180412 0.198949 1.64007 -2.13664 4.09492 0.200816 0.183169 0.19495 0.202869 0.178294 0.202023
3400000 0.204212 0.184198 0.198463 6.22174 1.10894 4.7921 0.200816 0.183169 0.19495 0.206983 0.185037 0.201329
3400000 0.211113 0.188118 0.194065 1.67608 -7.1701 0.698078 0.210003 0.190983 0.194006 0.212589 0.184304 0.194142
3400000 0.214146 0.186878 0.191371 -3.63284 -3.88473 5.46813 0.215995 0.189938 0.188076 0.212589 0.184304 0.194142
3400000 0.206696 0.184856 0.205388 0.478203 0.596307 -3.19237 0.206464 0.18471 0.20868 0.206983 0.185037 0.201329
3400000 0.208035 0.183036 0.211054 3.04517 -2.44123 5.25711 0.206464 0.18471 0.20868 0.209465 0.181511 0.213216
3400000 0.204098 0.183047 0.210276 -3.97265 -1.87406 2.76759 0.206464 0.18471 0.20868 0.200766 0.180707 0.212522
3400000 0.210565 0.186971 0.201432 -7.60997 -5.19399 -1.35271 0.215301 0.189529 0.201569 0.206983 0.185037 0.201329
3400000 0.20698 0.187878 0.207903 1.92549 8.01365 -0.799277 0.206464 0.18471 0.20868 0.207646 0.191961 0.206902
3400000 0.212244 0.181425 0.214363 3.13921 -0.393599 0.839947 0.209465 0.181511 0.213216 0.215964 0.18131 0.215897
3400000 0.205171 0.194561 0.198662 -4.47076 -3.26416 0.131251 0.208707 0.19762 0.19791 0.20179 0.191635 0.19938
3400000 0.208581 0.189285 0.191875 -3.02522 -2.6332 -3.1174 0.210003 0.190983 0.194006 0.206647 0.186977 0.188978
3400000 0.212534 0.192698 0.194328 1.46312 1.20999 0.449663 0.210003 0.190983 0.194006 0.215081 0.194424 0.194651
3400000 0.209493 0.193596 0.195543 -2.50144 7.19946 5.54632 0.210003 0.190983 0.194006 0.208707 0.19762 0.19791
3400000 0.214592 0.196413 0.192334 0.77995 -2.90819 4.73992 0.213765 0.199783 0.188411 0.215081 0.194424 0.194651
3400000 0.209569 0.199063 0.202337 -1.73273 -2.15678 -4.93878 0.210135 0.200011 0.205245 0.208707 0.19762 0.19791
3400000 0.217987 0.193389 0.194868 -1.48687 0.761465 0.0318047 0.221857 0.192012 0.195156 0.215081 0.194424 0.194651
3400000 0.205018 0.195251 0.206272 6.94287 -6.78147 0.463146 0.201738 0.199357 0.205486 0.207646 0.191961 0.206902
3400000 0.211026 0.190887 0.204547 -5.11012 0.805868 4.25468 0.215301 0.189529 0.201569 0.207646 0.191961 0.206902
3400000 0.203482 0.203719 0.203006 3.63049 15.009 -10.2548 0.201738 0.199357 0.205486 0.204806 0.207031 0.201123
3400000 0.209404 0.202462 0.207015 -1.3227 3.06016 3.00875 0.210135 0.200011 0.205245 0.208095 0.206856 0.210188
3400000 0.217219 0.185637 0.204755 -7.79111 13.2187 -15.2266 0.218936 0.182152 0.207607 0.215301 0.189529 0.201569
3400000 0.212216 0.198793 0.207208 3.75492 -1.38147 3.89188 0.210135 0.200011 0.205245 0.216563 0.196251 0.211307
3400000 0.207097 0.190841 0.218534 9.99976 -4.61572 -3.82219 0.20396 0.192978 0.219985 0.210773 0.188336 0.216834
3400000 0.206973 0.194484 0.210265 0.739386 -1.38643 -2.43899 0.20635 0.196821 0.213379 0.207646 0.191961 0.206902
3400000 0.205173 0.194929 0.216631 0.634978 0.599089 -1.14812 0.20396 0.192978 0.219985 0.20635 0.196821 0.213379
3400000 0.20375 0.181332 0.216033 3.70156 0.168472 3.40562 0.200766 0.180707 0.212522 0.205966 0.181796 0.21864
3400000 0.202397 0.191739 0.216444 0.679814 1.02291 2.55985 0.200554 0.190279 0.212272 0.20396 0.192978 0.219985
3400000 0.194571 0.190016 0.20682 5.87709 4.62149 -3.93496 0.192023 0.187191 0.208617 0.19663 0.1923 0.205369
3400000 0.207035 0.199769 0.205334 -1.16548 -0.214802 0.177215 0.210135 0.200011 0.205245 0.201738 0.199357 0.205486
3400000 0.189083 0.18999 0.209726 -1.28273 1.6553 0.437741 0.192023 0.187191 0.208617 0.186268 0.19267 0.210789
3400000 0.208772 0.184818 0.1861 -1.63697 1.10775 2.19573 0.211521 0.182025 0.182377 0.206647 0.186977 0.188978
3400000 0.19192 0.184935 0.212166 -0.0184944 -3.25815 7.51298 0.192023 0.187191 0.208617 0.19179 0.182078 0.21666
3400000 0.199124 0.178725 0.196474 -2.36088 -9.40831 1.96411 0.200816 0.183169 0.19495 0.19803 0.17585 0.19746
3400000 0.195616 0.179099 0.218867 -6.64093 3.81102 -2.6816 0.199121 0.176369 0.220889 0.19179 0.182078 0.21666
3400000 0.211032 0.178877 0.203984 -0.569336 -0.141553 0.929579 0.213156 0.179966 0.200863 0.20882 0.177744 0.207233
3400000 0.181819 0.197954 0.193767 3.02043 2.30656 3.10419 0.180029 0.196136 0.192115 0.184772 0.200954 0.196491
3400000 0.198725 0.191246 0.196069 1.04131 -0.0654932 1.37642 0.195668 0.190858 0.192766 0.20179 0.191635 0.19938
3400000 0.219016 0.190936 0.197934 -7.10616 -1.10886 7.34337 0.221857 0.192012 0.195156 0.215301 0.189529 0.201569
3400000 0.21668 0.180568 0.19923 -0.31892 -0.111198 0.176856 0.22243 0.181551 0.196566 0.213156 0.179966 0.200863
3400000 0.205173 0.190652 0.190316 0.448677 -0.978523 -0.557877 0.203797 0.194084 0.191566 0.206647 0.186977 0.188978
3400000 0.198623 0.195054 0.205415 -5.91006 -7.81873 -1.69014 0.201738 0.199357 0.205486 0.19663 0.1923 0.205369
3400000 0.211866 0.1874 0.212292 0.0 0.0 -0.0 0.212597 0.186773 0.209249 0.210773 0.188336 0.216834
3400000 0.216685 0.194673 0.200786 -4.97034 -11.4223 2.65192 0.217868 0.199067 0.200117 0.215301 0.189529 0.201569
3400000 0.215649 0.202001 0.197357 -8.10834 7.23924 -7.7589 0.217868 0.199067 0.200117 0.21419 0.20393 0.195543
3400000 0.215122 0.184933 0.208595 -0.00897357 0.00458839 0.00173442 0.218936 0.182152 0.207607 0.212597 0.186773 0.209249
3400000 0.193934 0.199588 0.184145 -1.22402 0.938631 -1.01381 0.197636 0.197264 0.186231 0.191158 0.201331 0.182581
3400000 0.210125 0.182456 0.201092 -2.30618 1.69085 -0.259692 0.213156 0.179966 0.200863 0.206983 0.185037 0.201329
3400000 0.211004 0.197107 0.184852 1.75959 1.20952 1.63275 0.207427 0.193641 0.180244 0.213765 0.199783 0.188411
3400000 0.210208 0.196605 0.212596 1.45667 0.155065 -0.309799 0.20635 0.196821 0.213379 0.216563 0.196251 0.211307
3400000 0.196325 0.18196 0.184455 0.132829 2.11012 -5.06296 0.195596 0.18048 0.188116 0.196931 0.18319 0.181411
3400000 0.209584 0.185759 0.208969 0.00415645 0.00191859 0.000952851 0.206464 0.18471 0.20868 0.212597 0.186773 0.209249
3400000 0.202868 0.19295 0.195183 -0.417256 -0.475958 1.04895 0.203797 0.194084 0.191566 0.20179 0.191635 0.19938
3400000 0.182649 0.181192 0.196017 -1.34902 -0.43116 1.2384 0.186123 0.18179 0.193586 0.177696 0.180339 0.199482
3400000 0.203991 0.185243 0.191699 0.293825 0.160812 -0.387232 0.200816 0.183169 0.19495 0.206647 0.186977 0.188978
3400000 0.190417 0.181161 0.20432 -6.77539 4.60472 -6.25344 0.193611 0.178448 0.206724 0.187433 0.183697 0.202073
3400000 0.183293 0.182269 0.200971 2.42085 0.436714 0.772279 0.177696 0.180339 0.199482 0.187433 0.183697 0.202073
3400000 0.187478 0.184164 0.19029 0.234134 0.258619 -0.367459 0.186123 0.18179 0.193586 0.189211 0.187199 0.186075
3400000 0.187319 0.186958 0.198951 -0.306625 -2.4628 1.9244 0.187205 0.190212 0.195837 0.187433 0.183697 0.202073
3400000 0.196583 0.181346 0.214451 -3.82087 -0.0547995 2.00026 0.200766 0.180707 0.212522 0.19179 0.182078 0.21666
3400000 0.189809 0.185506 0.20546 -1.81352 -1.19631 -3.3957 0.192023 0.187191 0.208617 0.187433 0.183697 0.202073
3400000 0.201048 0.195503 0.189186 0.445836 -0.130291 0.330875 0.197636 0.197264 0.186231 0.203797 0.194084 0.191566
3400000 0.204576 0.197489 0.189825 0.406253 1.00827 -0.650423 0.203797 0.194084 0.191566 0.20523 0.200352 0.188363
3400000 0.21029 0.201673 0.19978 1.5909 2.63471 1.42976 0.208707 0.19762 0.19791 0.211301 0.204264 0.200975
3400000 0.181847 0.19999 0.200448 3.31293 0.36087 -3.62017 0.17881 0.198988 0.204557 0.184772 0.200954 0.196491
3400000 0.207836 0.181644 0.215742 -0.54798 -0.0114389 0.623801 0.209465 0.181511 0.213216 0.205966 0.181796 0.21864
3400000 0.197257 0.179599 0.209678 -1.45318 -0.700605 -0.99281 0.200766 0.180707 0.212522 0.193611 0.178448 0.206724
3400000 0.186761 0.182718 0.197717 1.47636 0.568159 5.61315 0.186123 0.18179 0.193586 0.187433 0.183697 0.202073
3400000 0.209191 0.179861 0.21068 0.0 0.0 0.0 0.209465 0.181511 0.213216 0.20882 0.177744 0.207233
3400000 0.184101 0.186377 0.203523 5.35115 -3.60127 -3.23546 0.180591 0.1892 0.205051 0.187433 0.183697 0.202073
3400000 0.212879 0.182091 0.19757 -1.21875 2.70259 -4.71996 0.213156 0.179966 0.200863 0.212589 0.184304 0.194142
3400000 0.215161 0.192638 0.197175 -0.480746 2.1046 -4.06566 0.215301 0.189529 0.201569 0.215081 0.194424 0.194651
3400000 0.194378 0.200707 0.200977 7.38267 14.2783 3.59868 0.192865 0.196486 0.199523 0.195358 0.203444 0.201919
3400000 0.18652 0.19897 0.188627 -5.30992 6.79275 -1.72963 0.189382 0.196148 0.189851 0.183685 0.201765 0.187414
3400000 0.201488 0.17877 0.183859 1.40544 2.18894 0.43228 0.199503 0.174262 0.182829 0.202875 0.181918 0.184578
3400000 0.196704 0.182025 0.20574 -9.99835 -8.42263 3.25997 0.199436 0.185183 0.204872 0.193611 0.178448 0.206724
3400000 0.203296 0.185108 0.203059 5.33022 0.353319 -3.49108 0.199436 0.185183 0.204872 0.206983 0.185037 0.201329
3400000 0.199963 0.187584 0.208358 -1.31693 -2.44688 -4.10425 0.200554 0.190279 0.212272 0.199436 0.185183 0.204872
3400000 0.200578 0.188313 0.202208 0.73498 4.59985 -4.23433 0.199436 0.185183 0.204872 0.20179 0.191635 0.19938
3400000 0.199815 0.184121 0.180005 0.0 -0.0 0.0 0.196931 0.18319 0.181411 0.202531 0.184997 0.178681
3400000 0.189997 0.183189 0.194757 -0.0 0.0 0.0 0.192808 0.184203 0.195606 0.186123 0.18179 0.193586
3400000 0.193277 0.186107 0.198015 0.000642806 0.00126679 0.00206909 0.192808 0.184203 0.195606 0.19379 0.188189 0.200649
3400000 0.195878 0.183807 0.195354 0.00966073 -1.96935e-06 0.000122087 0.192808 0.184203 0.195606 0.200816 0.183169 0.19495
3400000 0.185072 0.180765 0.211478 0.000183898 0.00539422 -0.00142347 0.185371 0.176446 0.21207 0.184812 0.184502 0.210966
3400000 0.191061 0.186261 0.201261 0.0027325 0.00133809 -0.000632302 0.187433 0.183697 0.202073 0.19379 0.188189 0.200649
3400000 0.187908 0.1881 0.202958 0.000177857 0.00177995 0.000664588 0.187433 0.183697 0.202073 0.188255 0.191313 0.203604
3400000 0.196293 0.186857 0.202521 -0.000601498 0.000198129 -0.000491615 0.199436 0.185183 0.204872 0.19379 0.188189 0.200649
3400000 0.197783 0.196517 0.181446 4.69197e-05 0.00143652 0.00450935 0.197881 0.196015 0.178233 0.197636 0.197264 0.186231
3400000 0.18991 0.189503 0.205805 0.0 0.0 0.0 0.192023 0.187191 0.208617 0.188255 0.191313 0.203604
3400000 0.192422 0.189189 0.212299 0.00218036 0.00457473 0.0124419 0.192023 0.187191 0.208617 0.192761 0.190883 0.215424
3400000 0.194632 0.192024 0.218244 -0.0 -0.0 0.0 0.196467 0.193142 0.221009 0.192761 0.190883 0.215424
3400000 0.196885 0.195282 0.218269 0.469375 0.977141 -1.46289 0.196467 0.193142 0.221009 0.197333 0.197575 0.215331
3400000 0.198748 0.194369 0.213987 -1.01661 2.85901 0.997662 0.200554 0.190279 0.212272 0.197333 0.197575 0.215331
3400000 0.202694 0.183543 0.181466 -0.000152044 0.000444644 -0.000692026 0.202875 0.181918 0.184578 0.202531 0.184997 0.178681
3400000 0.204598 0.184229 0.186588 1.25349 1.80968 2.11427 0.202875 0.181918 0.184578 0.206647 0.186977 0.188978
3400000 0.216422 0.183232 0.195086 -6.11961 0.714066 -1.19399 0.22243 0.181551 0.196566 0.212589 0.184304 0.194142
3400000 0.183665 0.191079 0.208158 4.50759 3.13136 3.44204 0.180591 0.1892 0.205051 0.186268 0.19267 0.210789
3400000 0.188331 0.193283 0.19274 1.63456 3.51043 -4.94303 0.187205 0.190212 0.195837 0.189382 0.196148 0.189851
3400000 0.204487 0.180765 0.192567 -6.77478 4.57689 6.28865 0.207583 0.178737 0.190558 0.200816 0.183169 0.19495
3400000 0.21376 0.18656 0.197348 1.04833 1.41807 1.74974 0.212589 0.184304 0.194142 0.215301 0.189529 0.201569
3400000 0.18665 0.185893 0.194683 -3.57257 -13.1763 -4.96873 0.187205 0.190212 0.195837 0.186123 0.18179 0.193586
3400000 0.213223 0.191685 0.214495 3.05225 2.91439 -2.20459 0.210773 0.188336 0.216834 0.216563 0.196251 0.211307
3400000 0.198647 0.192543 0.185833 0.392058 -1.32466 0.078377 0.197636 0.197264 0.186231 0.199476 0.188676 0.185508
3400000 0.216201 0.196291 0.196848 -0.107407 -0.127106 -0.135956 0.217868 0.199067 0.200117 0.215081 0.194424 0.194651
3400000 0.192749 0.189204 0.189742 1.92902 0.822375 1.44028 0.189211 0.187199 0.186075 0.195668 0.190858 0.192766
3400000 0.201766 0.195188 0.20219 -0.024888 -0.356212 -0.380746 0.201738 0.199357 0.205486 0.20179 0.191635 0.19938
3400000 0.214922 0.194677 0.188237 -1.06891 3.0461 -0.247728 0.215995 0.189938 0.188076 0.213765 0.199783 0.188411
3400000 0.197874 0.189143 0.205148 -2.32806 4.25326 -0.158274 0.199436 0.185183 0.204872 0.19663 0.1923 0.205369
3400000 0.199827 0.182571 0.182954 -0.951239 0.281864 -0.349126 0.202875 0.181918 0.184578 0.196931 0.18319 0.181411
3400000 0.192563 0.181499 0.197115 -0.000175529 -0.0018932 0.00149378 0.192808 0.184203 0.195606 0.192307 0.17866 0.198699
3400000 0.190263 0.180772 0.200114 -0.00265528 0.00251186 0.00111216 0.192307 0.17866 0.198699 0.187433 0.183697 0.202073
3400000 0.18997 0.193277 0.197638 6.92743 6.40011 5.75669 0.187205 0.190212 0.195837 0.192865 0.196486 0.199523
3400000 0.209428 0.178691 0.214262 -0.0163256 -4.90226 0.976838 0.209465 0.181511 0.213216 0.209347 0.172438 0.216581
3400000 0.182491 0.18027 0.19132 0.0 0.0 0.0 0.186123 0.18179 0.193586 0.178568 0.178923 0.188871
3400000 0.180637 0.191826 0.200895 0.0 0.0 0.0 0.180591 0.1892 0.205051 0.180665 0.193881 0.198009
3400000 0.182296 0.19669 0.197406 0.53774 0.683894 -0.0930933 0.180665 0.193881 0.198009 0.184772 0.200954 0.196491
3400000 0.182883 0.184548 0.19262 0.0 0.0 0.0 0.186123 0.18179 0.193586 0.179239 0.187943 0.191533
3400000 0.183903 0.187455 0.188981 0.0 0.0 0.0 0.189211 0.187199 0.186075 0.179239 0.187943 0.191533
3400000 0.183353 0.188974 0.193755 0.0 0.0 0.0 0.187205 0.190212 0.195837 0.179239 0.187943 0.191533
3400000 0.182946 0.186443 0.208347 0.0 0.0 0.0 0.180591 0.1892 0.205051 0.184812 0.184502 0.210966
3400000 0.185122 0.190311 0.204195 0.0 0.0 0.0 0.180591 0.1892 0.205051 0.188255 0.191313 0.203604
3400000 0.187281 0.198205 0.19288 0.0 0.0 0.0 0.189382 0.196148 0.189851 0.184772 0.200954 0.196491
3400000 0.197957 0.17949 0.18198 0.0 0.0 0.0 0.199503 0.174262 0.182829 0.196931 0.18319 0.181411
3400000 0.19351 0.179228 0.184851 0.0 0.0 0.0 0.195596 0.18048 0.188116 0.191372 0.17823 0.181502
3400000 0.194006 0.184572 0.18318 0.0 0.0 0.0 0.189211 0.187199 0.186075 0.196931 0.18319 0.181411
3400000 0.190447 0.181937 0.183466 0.0 0.0 0.0 0.189211 0.187199 0.186075 0.191372 0.17823 0.181502
3400000 0.189634 0.179875 0.196486 0.0 0.0 0.0 0.186123 0.18179 0.193586 0.192307 0.17866 0.198699
3400000 0.190618 0.183862 0.198244 0.0 0.0 0.0 0.192808 0.184203 0.195606 0.187433 0.183697 0.202073
3400000 0.197547 0.184465 0.186805 0.0 0.0 0.0 0.195596 0.18048 0.188116 0.199476 0.188676 0.185508
3400000 0.190522 0.18652 0.195703 0.0 0.0 0.0 0.192808 0.184203 0.195606 0.187205 0.190212 0.195837
3400000 0.193973 0.186781 0.194452 0.0 0.0 0.0 0.192808 0.184203 0.195606 0.195668 0.190858 0.192766
3400000 0.199476 0.181107 0.186233 0.0 0.0 0.0 0.195596 0.18048 0.188116 0.202875 0.181918 0.184578
3400000 0.186009 0.183995 0.206915 0.0 0.0 0.0 0.187433 0.183697 0.202073 0.184812 0.184502 0.210966
3400000 0.18771 0.183355 0.213328 0.0 0.0 0.0 0.19179 0.182078 0.21666 0.184812 0.184502 0.210966
3400000 0.192748 0.180033 0.211447 0.0 0.0 0.0 0.19179 0.182078 0.21666 0.193611 0.178448 0.206724
3400000 0.188227 0.185635 0.209855 0.0 0.0 0.0 0.192023 0.187191 0.208617 0.184812 0.184502 0.210966
3400000 0.185519 0.188316 0.21088 0.0 0.0 0.0 0.186268 0.19267 0.210789 0.184812 0.184502 0.210966
3400000 0.192765 0.182983 0.207735 0.0 0.0 0.0 0.192023 0.187191 0.208617 0.193611 0.178448 0.206724
3400000 0.192374 0.187214 0.215918 0.0 0.0 0.0 0.19179 0.182078 0.21666 0.192761 0.190883 0.215424
3400000 0.196029 0.184713 0.218409 0.0 0.0 0.0 0.19179 0.182078 0.21666 0.198831 0.186684 0.219567
3400000 0.203131 0.179406 0.219571 0.0 0.0 0.0 0.199121 0.176369 0.220889 0.205966 0.181796 0.21864
3400000 0.198308 0.188775 0.181488 0.0 0.0 0.0 0.199476 0.188676 0.185508 0.197252 0.189123 0.177856
3400000 0.195164 0.187919 0.185747 0.0 0.0 0.0 0.199476 0.188676 0.185508 0.189211 0.187199 0.186075
3400000 0.188113 0.188713 0.191431 0.0 0.0 0.0 0.187205 0.190212 0.195837 0.189211 0.187199 0.186075
3400000 0.189309 0.192125 0.188214 0.0 0.0 0.0 0.189211 0.187199 0.186075 0.189382 0.196148 0.189851
3400000 0.191433 0.190397 0.194304 0.0 0.0 0.0 0.187205 0.190212 0.195837 0.195668 0.190858 0.192766
3400000 0.191024 0.196173 0.19441 0.0 0.0 0.0 0.192865 0.196486 0.199523 0.189382 0.196148 0.189851
3400000 0.193217 0.196531 0.188171 0.0 0.0 0.0 0.197636 0.197264 0.186231 0.189382 0.196148 0.189851
3400000 0.190959 0.188925 0.198583 0.0 0.0 0.0 0.187205 0.190212 0.195837 0.19379 0.188189 0.200649
3400000 0.187814 0.19071 0.200324 0.0 0.0 0.0 0.187205 0.190212 0.195837 0.188255 0.191313 0.203604
3400000 0.194595 0.189202 0.197268 0.0 0.0 0.0 0.195668 0.190858 0.192766 0.19379 0.188189 0.200649
3400000 0.193402 0.191532 0.200179 0.0 0.0 0.0 0.192865 0.196486 0.199523 0.19379 0.188189 0.200649
3400000 0.190153 0.193304 0.201925 0.0 0.0 0.0 0.192865 0.196486 0.199523 0.188255 0.191313 0.203604
3400000 0.190334 0.198793 0.185954 0.0 0.0 0.0 0.189382 0.196148 0.189851 0.191158 0.201331 0.182581
3400000 0.194524 0.200902 0.188201 0.0 0.0 0.0 0.197636 0.197264 0.186231 0.191643 0.204529 0.19002
3400000 0.198735 0.199361 0.19039 0.0 0.0 0.0 0.197636 0.197264 0.186231 0.199945 0.201942 0.194959
3400000 0.201277 0.184955 0.185018 0.0 0.0 0.0 0.199476 0.188676 0.185508 0.202875 0.181918 0.184578
3400000 0.201181 0.186485 0.181702 0.0 0.0 0.0 0.199476 0.188676 0.185508 0.202531 0.184997 0.178681
3400000 0.201715 0.195621 0.183739 0.0 0.0 0.0 0.197636 0.197264 0.186231 0.207427 0.193641 0.180244
3400000 0.201654 0.191266 0.188562 0.0 0.0 0.0 0.203797 0.194084 0.191566 0.199476 0.188676 0.185508
3400000 0.200029 0.192453 0.192123 0.0 0.0 0.0 0.203797 0.194084 0.191566 0.195668 0.190858 0.192766
3400000 0.197418 0.193877 0.19945 0.0 0.0 0.0 0.192865 0.196486 0.199523 0.20179 0.191635 0.19938
3400000 0.197037 0.197702 0.202325 0.0 0.0 0.0 0.192865 0.196486 0.199523 0.201738 0.199357 0.205486
3400000 0.202164 0.198969 0.187503 0.0 0.0 0.0 0.197636 0.197264 0.186231 0.20523 0.200352 0.188363
3400000 0.195704 0.186058 0.206757 0.0 0.0 0.0 0.192023 0.187191 0.208617 0.199436 0.185183 0.204872
3400000 0.190981 0.189641 0.20215 0.0 0.0 0.0 0.188255 0.191313 0.203604 0.19379 0.188189 0.200649
3400000 0.193001 0.187611 0.20421 0.0 0.0 0.0 0.192023 0.187191 0.208617 0.19379 0.188189 0.200649
3400000 0.195208 0.190111 0.203009 0.0 0.0 0.0 0.19663 0.1923 0.205369 0.19379 0.188189 0.200649
3400000 0.187364 0.191786 0.206836 0.0 0.0 0.0 0.186268 0.19267 0.210789 0.188255 0.191313 0.203604
3400000 0.189713 0.191588 0.213245 0.0 0.0 0.0 0.186268 0.19267 0.210789 0.192761 0.190883 0.215424
3400000 0.194831 0.194728 0.206757 0.0 0.0 0.0 0.192406 0.198319 0.208634 0.19663 0.1923 0.205369
3400000 0.194988 0.194012 0.215378 0.0 0.0 0.0 0.192761 0.190883 0.215424 0.197333 0.197575 0.215331
3400000 0.195113 0.197777 0.212317 0.0 0.0 0.0 0.192406 0.198319 0.208634 0.197333 0.197575 0.215331
3400000 0.186343 0.194745 0.214261 0.0 0.0 0.0 0.186268 0.19267 0.210789 0.186443 0.198093 0.219302
3400000 0.195817 0.188636 0.217509 0.0 0.0 0.0 0.192761 0.190883 0.215424 0.198831 0.186684 0.219567
3400000 0.190368 0.193482 0.216893 0.0 0.0 0.0 0.192761 0.190883 0.215424 0.186443 0.198093 0.219302
3400000 0.200069 0.184119 0.200302 0.0 0.0 0.0 0.200816 0.183169 0.19495 0.199436 0.185183 0.204872
3400000 0.201239 0.181418 0.203371 0.0 0.0 0.0 0.199436 0.185183 0.204872 0.202869 0.178294 0.202023
3400000 0.203395 0.184782 0.207019 0.0 0.0 0.0 0.206464 0.18471 0.20868 0.199436 0.185183 0.204872
3400000 0.200072 0.182903 0.208531 0.0 0.0 0.0 0.200766 0.180707 0.212522 0.199436 0.185183 0.204872
3400000 0.197218 0.189534 0.200108 0.0 0.0 0.0 0.20179 0.191635 0.19938 0.19379 0.188189 0.200649
3400000 0.198843 0.19188 0.202801 0.0 0.0 0.0 0.20179 0.191635 0.19938 0.19663 0.1923 0.205369
3400000 0.196012 0.1885 0.210326 0.0 0.0 0.0 0.192023 0.187191 0.208617 0.200554 0.190279 0.212272
3400000 0.198257 0.191327 0.208235 0.0 0.0 0.0 0.200554 0.190279 0.212272 0.19663 0.1923 0.205369
3400000 0.196088 0.190492 0.214077 0.0 0.0 0.0 0.200554 0.190279 0.212272 0.192761 0.190883 0.215424
3400000 0.200512 0.195234 0.217565 0.0 0.0 0.0 0.20396 0.192978 0.219985 0.197333 0.197575 0.215331
3400000 0.199666 0.183969 0.21653 0.0 0.0 0.0 0.200766 0.180707 0.212522 0.198831 0.186684 0.219567
3400000 0.201213 0.189471 0.219761 0.0 0.0 0.0 0.20396 0.192978 0.219985 0.198831 0.186684 0.219567
3400000 0.202166 0.197276 0.193001 0.0 0.0 0.0 0.203797 0.194084 0.191566 0.199945 0.201942 0.194959
3400000 0.204578 0.199524 0.196518 0.0 0.0 0.0 0.208707 0.19762 0.19791 0.199945 0.201942 0.194959
3400000 0.206279 0.181821 0.183716 0.0 0.0 0.0 0.211521 0.182025 0.182377 0.202875 0.181918 0.184578
3400000 0.209307 0.180039 0.186977 0.0 0.0 0.0 0.207583 0.178737 0.190558 0.211521 0.182025 0.182377
3400000 0.205015 0.180333 0.187302 0.0 0.0 0.0 0.207583 0.178737 0.190558 0.202875 0.181918 0.184578
3400000 0.207112 0.182736 0.189767 0.0 0.0 0.0 0.207583 0.178737 0.190558 0.206647 0.186977 0.188978
3400000 0.209649 0.18549 0.191589 0.0 0.0 0.0 0.212589 0.184304 0.194142 0.206647 0.186977 0.188978
3400000 0.201326 0.187472 0.197275 0.0 0.0 0.0 0.200816 0.183169 0.19495 0.20179 0.191635 0.19938
3400000 0.209778 0.184535 0.197744 0.0 0.0 0.0 0.212589 0.184304 0.194142 0.206983 0.185037 0.201329
3400000 0.207515 0.18146 0.208034 0.0 0.0 0.0 0.206464 0.18471 0.20868 0.20882 0.177744 0.207233
3400000 0.205051 0.178988 0.209706 0.0 0.0 0.0 0.200766 0.180707 0.212522 0.20882 0.177744 0.207233
3400000 0.206048 0.181053 0.212941 0.0 0.0 0.0 0.209465 0.181511 0.213216 0.200766 0.180707 0.212522
3400000 0.204861 0.181426 0.201686 0.0 0.0 0.0 0.206983 0.185037 0.201329 0.202869 0.178294 0.202023
3400000 0.214058 0.183863 0.201161 0.0 0.0 0.0 0.213156 0.179966 0.200863 0.215301 0.189529 0.201569
3400000 0.207896 0.181259 0.204275 0.0 0.0 0.0 0.20882 0.177744 0.207233 0.206983 0.185037 0.201329
3400000 0.204048 0.186849 0.210147 0.0 0.0 0.0 0.206464 0.18471 0.20868 0.200554 0.190279 0.212272
3400000 0.210983 0.183926 0.21129 0.0 0.0 0.0 0.209465 0.181511 0.213216 0.212597 0.186773 0.209249
3400000 0.20066 0.185285 0.212398 0.0 0.0 0.0 0.200554 0.190279 0.212272 0.200766 0.180707 0.212522
3400000 0.20997 0.184013 0.214615 0.0 0.0 0.0 0.209465 0.181511 0.213216 0.210773 0.188336 0.216834
3400000 0.215748 0.18081 0.203891 0.0 0.0 0.0 0.218936 0.182152 0.207607 0.213156 0.179966 0.200863
3400000 0.207986 0.184405 0.21788 0.0 0.0 0.0 0.205966 0.181796 0.21864 0.210773 0.188336 0.216834
3400000 0.206944 0.189382 0.185652 0.0 0.0 0.0 0.207427 0.193641 0.180244 0.206647 0.186977 0.188978
3400000 0.205122 0.193788 0.187433 0.0 0.0 0.0 0.203797 0.194084 0.191566 0.207427 0.193641 0.180244
3400000 0.212416 0.191351 0.18481 0.0 0.0 0.0 0.215995 0.189938 0.188076 0.207427 0.193641 0.180244
3400000 0.207267 0.192213 0.192933 0.0 0.0 0.0 0.210003 0.190983 0.194006 0.203797 0.194084 0.191566
3400000 0.206014 0.195546 0.194431 0.0 0.0 0.0 0.203797 0.194084 0.191566 0.208707 0.19762 0.19791
3400000 0.21256 0.195552 0.195939 0.0 0.0 0.0 0.208707 0.19762 0.19791 0.215081 0.194424 0.194651
3400000 0.211107 0.198515 0.193401 0.0 0.0 0.0 0.208707 0.19762 0.19791 0.213765 0.199783 0.188411
3400000 0.204522 0.188026 0.200407 0.0 0.0 0.0 0.20179 0.191635 0.19938 0.206983 0.185037 0.201329
3400000 0.204807 0.191668 0.203257 0.0 0.0 0.0 0.20179 0.191635 0.19938 0.207646 0.191961 0.206902
3400000 0.211926 0.190318 0.196757 0.0 0.0 0.0 0.210003 0.190983 0.194006 0.215301 0.189529 0.201569
3400000 0.211791 0.193699 0.199622 0.0 0.0 0.0 0.208707 0.19762 0.19791 0.215301 0.189529 0.201569
3400000 0.205421 0.198305 0.201478 0.0 0.0 0.0 0.208707 0.19762 0.19791 0.201738 0.199357 0.205486
3400000 0.212051 0.201339 0.196467 0.0 0.0 0.0 0.208707 0.19762 0.19791 0.21419 0.20393 0.195543
3400000 0.210965 0.188211 0.188564 0.0 0.0 0.0 0.215995 0.189938 0.188076 0.206647 0.186977 0.188978
3400000 0.212321 0.190443 0.191712 0.0 0.0 0.0 0.210003 0.190983 0.194006 0.215995 0.189938 0.188076
3400000 0.215432 0.192545 0.192097 0.0 0.0 0.0 0.215995 0.189938 0.188076 0.215081 0.194424 0.194651
3400000 0.21335 0.19822 0.19903 0.0 0.0 0.0 0.217868 0.199067 0.200117 0.208707 0.19762 0.19791
3400000 0.207304 0.188287 0.204054 0.0 0.0 0.0 0.206983 0.185037 0.201329 0.207646 0.191961 0.206902
3400000 0.204304 0.191035 0.209429 0.0 0.0 0.0 0.200554 0.190279 0.212272 0.207646 0.191961 0.206902
3400000 0.203729 0.193733 0.212878 0.0 0.0 0.0 0.200554 0.190279 0.212272 0.20635 0.196821 0.213379
3400000 0.201112 0.194448 0.209054 0.0 0.0 0.0 0.200554 0.190279 0.212272 0.201738 0.199357 0.205486
3400000 0.210474 0.188861 0.208243 0.0 0.0 0.0 0.212597 0.186773 0.209249 0.207646 0.191961 0.206902
3400000 0.213603 0.187663 0.206391 0.0 0.0 0.0 0.212597 0.186773 0.209249 0.215301 0.189529 0.201569
3400000 0.209082 0.196478 0.205943 0.0 0.0 0.0 0.210135 0.200011 0.205245 0.207646 0.191961 0.206902
3400000 0.204384 0.197767 0.210015 0.0 0.0 0.0 0.20635 0.196821 0.213379 0.201738 0.199357 0.205486
3400000 0.208351 0.192843 0.214942 0.0 0.0 0.0 0.20635 0.196821 0.213379 0.210773 0.188336 0.216834
3400000 0.208112 0.19792 0.216699 0.0 0.0 0.0 0.210597 0.199788 0.221374 0.20635 0.196821 0.213379
3400000 0.210726 0.202166 0.203081 0.00196119 0.0425587 -0.0422573 0.210135 0.200011 0.205245 0.211301 0.204264 0.200975
3400000 0.218553 0.185749 0.199286 0.0 0.0 0.0 0.22243 0.181551 0.196566 0.215301 0.189529 0.201569
3400000 0.213903 0.18976 0.209926 0.0 0.0 0.0 0.212597 0.186773 0.209249 0.216563 0.196251 0.211307
3400000 0.211175 0.193525 0.208645 0.0 0.0 0.0 0.216563 0.196251 0.211307 0.207646 0.191961 0.206902
3400000 0.215871 0.19244 0.205984 0.0 0.0 0.0 0.216563 0.196251 0.211307 0.215301 0.189529 0.201569
3400000 0.213904 0.202067 0.200634 0.0 0.0 0.0 0.217868 0.199067 0.200117 0.211301 0.204264 0.200975
3400000 0.217322 0.197763 0.204758 0.0 0.0 0.0 0.217868 0.199067 0.200117 0.216563 0.196251 0.211307
3400000 0.219755 0.201932 0.196909 0.0 0.0 0.0 0.217868 0.199067 0.200117 0.221831 0.20535 0.19339
3400000 0.217953 0.20321 0.201863 0.0 0.0 0.0 0.217868 0.199067 0.200117 0.218065 0.208381 0.203916
3400000 0.183118 0.208158 0.19405 -1.83527 -0.449703 0.338425 0.186362 0.208689 0.193922 0.17935 0.207542 0.194198
3400000 0.18277 0.205057 0.210147 -1.99822 -0.725256 1.84113 0.186898 0.207634 0.205723 0.179949 0.203296 0.21317
3400000 0.190476 0.200204 0.189933 -0.961891 -9.09738 -0.298019 0.191643 0.204529 0.19002 0.189382 0.196148 0.189851
3400000 0.192808 0.201582 0.211835 -2.56761 -9.26308 -12.0146 0.193214 0.204877 0.215067 0.192406 0.198319 0.208634
3400000 0.188342 0.209779 0.185634 -4.47496 -9.09744 -9.73363 0.189645 0.213308 0.188362 0.187385 0.207187 0.18363
3400000 0.188598 0.206928 0.19227 1.26748 -0.666076 -0.8654 0.186362 0.208689 0.193922 0.191643 0.204529 0.19002
3400000 0.194347 0.20772 0.191629 6.91188 5.86993 3.9921 0.191643 0.204529 0.19002 0.196826 0.210646 0.193104
3400000 0.187758 0.211271 0.195406 2.48261 3.49895 2.85558 0.186362 0.208689 0.193922 0.189718 0.214896 0.19749
3400000 0.196923 0.210849 0.197207 -0.546764 0.587738 4.66523 0.196826 0.210646 0.193104 0.197037 0.211086 0.20197
3400000 0.193318 0.213022 0.199694 -1.48415 0.45802 -0.848592 0.197037 0.211086 0.20197 0.189718 0.214896 0.19749
3400000 0.191975 0.215719 0.185143 -1.2848 -1.15469 2.25225 0.194401 0.21823 0.181793 0.189645 0.213308 0.188362
3400000 0.197336 0.214606 0.192135 0.693717 8.13853 -3.37092 0.196826 0.210646 0.193104 0.197928 0.219203 0.19101
3400000 0.190787 0.216417 0.201717 -0.988329 -1.79441 -7.70865 0.191892 0.21799 0.206086 0.189718 0.214896 0.19749
3400000 0.195943 0.208203 0.213345 2.04407 3.09194 -2.0699 0.193214 0.204877 0.215067 0.198863 0.211763 0.211503
3400000 0.191498 0.209171 0.215333 -12.3026 21.0141 0.100972 0.193214 0.204877 0.215067 0.189376 0.214483 0.215662
3400000 0.19856 0.215368 0.200524 2.43968 5.12404 -2.6357 0.197037 0.211086 0.20197 0.199775 0.218783 0.199371
3400000 0.202933 0.214246 0.212871 4.893 2.08584 1.99533 0.198863 0.211763 0.211503 0.206593 0.216479 0.214102
3400000 0.201246 0.208889 0.201511 4.31535 -1.55999 -0.0515317 0.197037 0.211086 0.20197 0.204806 0.207031 0.201123
3400000 0.201122 0.213092 0.203399 4.04365 1.2426 1.57736 0.197037 0.211086 0.20197 0.205127 0.215058 0.204799
3400000 0.190749 0.216396 0.210438 -2.51163 -1.91893 5.63817 0.191892 0.21799 0.206086 0.189376 0.214483 0.215662
3400000 0.200984 0.205485 0.219142 -1.39452 2.40494 2.70368 0.202728 0.202829 0.21688 0.199459 0.207806 0.221119
3400000 0.210257 0.201966 0.185191 5.07738 -2.07216 3.61202 0.207997 0.203372 0.183116 0.213765 0.199783 0.188411
3400000 0.20844 0.201487 0.195191 -0.268683 -6.89357 6.38378 0.208252 0.204213 0.193273 0.208707 0.19762 0.19791
3400000 0.214035 0.202412 0.192932 0.754132 -4.06353 -8.7448 0.21419 0.20393 0.195543 0.213765 0.199783 0.188411
3400000 0.204529 0.199841 0.215139 2.03713 -2.35563 -1.75438 0.202728 0.202829 0.21688 0.20635 0.196821 0.213379
3400000 0.204899 0.203604 0.181795 -3.18815 0.757147 -1.1709 0.207997 0.203372 0.183116 0.200516 0.203933 0.179927
3400000 0.203178 0.212545 0.182408 1.41278 -0.515274 4.99667 0.201306 0.21301 0.178378 0.205803 0.211892 0.188057
3400000 0.211838 0.210892 0.189401 -7.09985 2.21897 -2.31191 0.215394 0.210302 0.190193 0.205803 0.211892 0.188057
3400000 0.212979 0.206629 0.196165 -3.9313 14.5595 2.66372 0.21419 0.20393 0.195543 0.211243 0.210496 0.197057
3400000 0.207401 0.206883 0.191459 -4.0105 7.42689 -5.9012 0.208252 0.204213 0.193273 0.205803 0.211892 0.188057
3400000 0.207909 0.208701 0.199163 -12.4256 -4.94413 9.81752 0.211243 0.210496 0.197057 0.204806 0.207031 0.201123
3400000 0.21278 0.213831 0.199358 -4.77407 -7.82904 -7.53156 0.214262 0.217047 0.201576 0.211243 0.210496 0.197057
3400000 0.212131 0.21432 0.195224 3.49908 10.6185 -7.24008 0.211243 0.210496 0.197057 0.21294 0.217808 0.193552
3400000 0.218115 0.208209 0.191545 7.53035 -4.06478 2.89587 0.215394 0.210302 0.190193 0.221831 0.20535 0.19339
3400000 0.210057 0.216306 0.216906 -3.70881 -0.562725 -3.30126 0.213241 0.216147 0.219483 0.206593 0.216479 0.214102
3400000 0.208884 0.216887 0.206898 2.47592 1.09805 0.868496 0.205127 0.215058 0.204799 0.211474 0.218149 0.208345
3400000 0.212688 0.217669 0.205397 -1.03132 0.96641 2.97072 0.214262 0.217047 0.201576 0.211474 0.218149 0.208345
3400000 0.215665 0.211229 0.207855 0.950907 -0.71333 -1.37801 0.214316 0.212831 0.21007 0.218065 0.208381 0.203916
3400000 0.214299 0.21849 0.209861 -3.24232 -0.434195 -2.47548 0.218027 0.21894 0.211862 0.211474 0.218149 0.208345
3400000 0.2 0.210307 0.186312 2.88264 0.334037 0.653547 0.196454 0.209338 0.185246 0.205803 0.211892 0.188057
3400000 0.194708 0.209539 0.181846 0.46539 -0.148826 0.712881 0.19287 0.209751 0.178267 0.196454 0.209338 0.185246
3400000 0.212117 0.210719 0.210112 -0.227642 -0.179176 0.040348 0.214316 0.212831 0.21007 0.208095 0.206856 0.210188
3400000 0.193379 0.211131 0.186653 -3.32896 1.95105 2.28754 0.196454 0.209338 0.185246 0.189645 0.213308 0.188362
3400000 0.184327 0.218072 0.191553 -3.40322 -4.25927 1.28064 0.186497 0.221587 0.190097 0.182295 0.214782 0.192916
3400000 0.198261 0.206933 0.182879 1.31778 -2.26899 -2.69525 0.196454 0.209338 0.185246 0.200516 0.203933 0.179927
3400000 0.207807 0.200139 0.182161 -0.344244 -2.04356 -0.896212 0.207997 0.203372 0.183116 0.207427 0.193641 0.180244
3400000 0.215467 0.211055 0.212265 1.69696 -1.7304 2.99695 0.214316 0.212831 0.21007 0.217743 0.207543 0.216604
3400000 0.1849 0.213722 0.204244 1.67064 -3.21341 0.805053 0.18373 0.21729 0.203378 0.186898 0.207634 0.205723
3400000 0.183172 0.217975 0.210183 1.33067 1.9732 0.44069 0.180968 0.214914 0.210079 0.185266 0.220882 0.210281
3400000 0.184178 0.201397 0.191531 -0.225786 0.814144 -3.33718 0.184772 0.200954 0.196491 0.183685 0.201765 0.187414
3400000 0.185786 0.214836 0.195068 -1.18223 0.130941 -0.94847 0.189718 0.214896 0.19749 0.182295 0.214782 0.192916
3400000 0.181252 0.206796 0.202454 0.0680584 -0.00211031 0.036384 0.178633 0.206408 0.200937 0.186898 0.207634 0.205723
3400000 0.216054 0.217805 0.191117 -4.87461 0.145619 2.70694 0.220682 0.217801 0.187499 0.21294 0.217808 0.193552
3400000 0.203209 0.209453 0.210884 0.389872 -0.208652 0.0148315 0.198863 0.211763 0.211503 0.208095 0.206856 0.210188
3400000 0.199362 0.213823 0.215987 -0.00701046 1.91998 6.02037 0.198863 0.211763 0.211503 0.199822 0.215726 0.220129
3400000 0.181695 0.204693 0.195189 3.11948 -2.73979 1.00064 0.17935 0.207542 0.194198 0.184772 0.200954 0.196491
3400000 0.212731 0.207186 0.213271 0.988108 0.0140434 0.459194 0.208095 0.206856 0.210188 0.217743 0.207543 0.216604
3400000 0.191375 0.202763 0.18591 0.382365 -1.6039 -3.55185 0.191643 0.204529 0.19002 0.191158 0.201331 0.182581
3400000 0.194498 0.20291 0.219061 1.15082 -3.46615 8.06087 0.193214 0.204877 0.215067 0.195773 0.200958 0.223025
3400000 0.189681 0.214105 0.192941 -0.770899 0.666309 5.28148 0.189645 0.213308 0.188362 0.189718 0.214896 0.19749
3400000 0.20417 0.21264 0.194058 -0.437433 0.630999 3.95986 0.205803 0.211892 0.188057 0.203313 0.213033 0.197207
3400000 0.197932 0.211418 0.206644 -1.54957 -0.759846 -4.61309 0.198863 0.211763 0.211503 0.197037 0.211086 0.20197
3400000 0.204372 0.217098 0.184883 -3.29816 9.03077 -3.96175 0.205803 0.211892 0.188057 0.203578 0.219988 0.18312
3400000 0.192774 0.209596 0.203548 0.0 0.0 0.0 0.186898 0.207634 0.205723 0.197037 0.211086 0.20197
3400000 0.191929 0.205705 0.194337 0.000265828 0.000452909 0.00421986 0.191643 0.204529 0.19002 0.192137 0.206559 0.197472
3400000 0.193798 0.204952 0.199765 0.00544937 -0.00352922 0.00559494 0.192137 0.206559 0.197472 0.195358 0.203444 0.201919
3400000 0.190402 0.206915 0.200204 -0.00108168 0.000584341 0.0019074 0.192137 0.206559 0.197472 0.186898 0.207634 0.205723
3400000 0.206594 0.20184 0.185777 -0.594122 -0.487061 1.32541 0.207997 0.203372 0.183116 0.20523 0.200352 0.188363
3400000 0.213485 0.210392 0.19335 -2.27378 0.784694 4.79651 0.215394 0.210302 0.190193 0.211243 0.210496 0.197057
3400000 0.213725 0.205739 0.202029 -2.91072 -1.33174 -0.796003 0.218065 0.208381 0.203916 0.211301 0.204264 0.200975
3400000 0.218347 0.217681 0.20219 3.01658 0.914283 0.2261 0.214262 0.217047 0.201576 0.224771 0.218679 0.203155
3400000 0.200382 0.21114 0.191104 1.9434 0.432973 -1.51831 0.196826 0.210646 0.193104 0.205803 0.211892 0.188057
3400000 0.203215 0.200958 0.190879 -0.395976 0.0326625 0.579641 0.20523 0.200352 0.188363 0.199945 0.201942 0.194959
3400000 0.202709 0.204836 0.198464 0.123586 0.194136 0.181706 0.199945 0.201942 0.194959 0.204806 0.207031 0.201123
3400000 0.194898 0.205027 0.210752 0.844367 -0.0769284 -3.73332 0.193214 0.204877 0.215067 0.196037 0.205128 0.207836
3400000 0.195693 0.204275 0.204841 0.124153 -0.763477 -3.57991 0.196037 0.205128 0.207836 0.195358 0.203444 0.201919
3400000 0.197131 0.207696 0.209255 -1.88233 -4.25624 -1.50221 0.198863 0.211763 0.211503 0.196037 0.205128 0.207836
3400000 0.208517 0.20545 0.201039 -1.0083 0.306247 -0.10091 0.211301 0.204264 0.200975 0.204806 0.207031 0.201123
3400000 0.218628 0.211305 0.199387 0.120567 -1.18716 1.87717 0.219036 0.213422 0.196108 0.218065 0.208381 0.203916
3400000 0.212935 0.215415 0.209232 -1.53851 3.98083 -1.74325 0.214316 0.212831 0.21007 0.211474 0.218149 0.208345
3400000 0.187723 0.210603 0.191617 1.2726 1.24581 -1.46462 0.186362 0.208689 0.193922 0.189645 0.213308 0.188362
3400000 0.185732 0.205625 0.19494 -0.328626 -4.57376 2.02335 0.186362 0.208689 0.193922 0.184772 0.200954 0.196491
3400000 0.198151 0.202987 0.206964 3.43644 -2.5042 -1.40053 0.196037 0.205128 0.207836 0.201738 0.199357 0.205486
3400000 0.203983 0.210338 0.198965 0.291337 -4.07853 3.01168 0.203313 0.213033 0.197207 0.204806 0.207031 0.201123
3400000 0.201673 0.215698 0.19821 -3.81371 4.38597 1.71154 0.203313 0.213033 0.197207 0.199775 0.218783 0.199371
3400000 0.180268 0.209913 0.19705 -0.000722476 -0.00120028 -0.00127983 0.181004 0.211816 0.199339 0.17935 0.207542 0.194198
3400000 0.182877 0.210486 0.201369 0.00056133 -0.000530728 0.000875155 0.181004 0.211816 0.199339 0.186898 0.207634 0.205723
3400000 0.199011 0.216624 0.212482 7.61489e-05 0.00602696 0.00224487 0.198863 0.211763 0.211503 0.199122 0.220265 0.213216
3400000 0.199436 0.218232 0.216312 0.0 0.0 0.0 0.199822 0.215726 0.220129 0.199122 0.220265 0.213216
3400000 0.19022 0.201877 0.21694 -6.50418 -4.57401 3.51291 0.193214 0.204877 0.215067 0.186443 0.198093 0.219302
3400000 0.207718 0.20829 0.215564 -0.298777 0.241366 1.6397 0.208095 0.206856 0.210188 0.207396 0.209516 0.22016
3400000 0.182335 0.21609 0.206764 -0.199284 -0.218901 0.395484 0.18373 0.21729 0.203378 0.180968 0.214914 0.210079
3400000 0.188024 0.21757 0.189255 6.31859 -11.1151 -3.2041 0.186497 0.221587 0.190097 0.189645 0.213308 0.188362
3400000 0.194465 0.214537 0.204027 5.62325 -5.31455 -4.0273 0.191892 0.21799 0.206086 0.197037 0.211086 0.20197
3400000 0.206481 0.211317 0.207257 -1.04345 2.59002 -2.39754 0.208095 0.206856 0.210188 0.205127 0.215058 0.204799
3400000 0.204937 0.204486 0.214126 0.806732 0.616412 -0.733381 0.202728 0.202829 0.21688 0.208095 0.206856 0.210188
3400000 0.185692 0.203844 0.200485 -0.537303 -1.00214 -1.95186 0.186898 0.207634 0.205723 0.184772 0.200954 0.196491
3400000 0.180871 0.217663 0.200821 -0.222572 0.0372243 -0.274129 0.18373 0.21729 0.203378 0.178384 0.217988 0.198597
3400000 0.194238 0.207123 0.187445 0.852357 0.573999 -0.702238 0.191643 0.204529 0.19002 0.196454 0.209338 0.185246
3400000 0.193088 0.205936 0.207154 -2.29026 0.79762 -0.92468 0.196037 0.205128 0.207836 0.186898 0.207634 0.205723
3400000 0.186847 0.21842 0.212351 -0.312376 0.636677 -0.378787 0.189376 0.214483 0.215662 0.185266 0.220882 0.210281
3400000 0.198186 0.206852 0.193912 0.16731 -0.526694 0.203428 0.196826 0.210646 0.193104 0.199945 0.201942 0.194959
3400000 0.196014 0.206428 0.201939 -1.11426 -14.9052 -1.17437 0.197037 0.211086 0.20197 0.195358 0.203444 0.201919
3400000 0.211368 0.204065 0.194464 2.47664 -0.435394 1.28904 0.208252 0.204213 0.193273 0.21419 0.20393 0.195543
3400000 0.209369 0.216934 0.186999 0.00370995 0.00386525 -0.000602396 0.205803 0.211892 0.188057 0.211449 0.219874 0.186382
3400000 0.217056 0.204462 0.194735 2.19536 0.750997 -0.468135 0.21419 0.20393 0.195543 0.221831 0.20535 0.19339
3400000 0.18313 0.21226 0.208491 -0.0847229 0.0737667 0.0482404 0.186898 0.207634 0.205723 0.180968 0.214914 0.210079
3400000 0.217159 0.211814 0.19306 -0.395877 -0.349314 -0.473651 0.219036 0.213422 0.196108 0.215394 0.210302 0.190193
3400000 0.19549 0.200843 0.215213 2.48205 -3.37156 -0.298869 0.193214 0.204877 0.215067 0.197333 0.197575 0.215331
3400000 0.182386 0.202674 0.205072 0.0 0.0 0.0 0.186898 0.207634 0.205723 0.17881 0.198988 0.204557
3400000 0.181553 0.212953 0.196594 0.0 0.0 0.0 0.181004 0.211816 0.199339 0.182295 0.214782 0.192916
3400000 0.180956 0.204209 0.199254 0.0 0.0 0.0 0.178633 0.206408 0.200937 0.184772 0.200954 0.196491
3400000 0.183284 0.218221 0.195395 0.0 0.0 0.0 0.184084 0.221238 0.197401 0.182295 0.214782 0.192916
3400000 0.182208 0.214109 0.20113 0.0 0.0 0.0 0.181004 0.211816 0.199339 0.18373 0.21729 0.203378
3400000 0.187675 0.201397 0.184834 0.0 0.0 0.0 0.191158 0.201331 0.182581 0.183685 0.201765 0.187414
3400000 0.184554 0.21127 0.193475 0.0 0.0 0.0 0.186362 0.208689 0.193922 0.182295 0.214782 0.192916
3400000 0.18574 0.21396 0.190781 0.0 0.0 0.0 0.189645 0.213308 0.188362 0.182295 0.214782 0.192916
3400000 0.187518 0.20296 0.18867 0.0 0.0 0.0 0.191643 0.204529 0.19002 0.183685 0.201765 0.187414
3400000 0.188401 0.202708 0.193075 0.0 0.0 0.0 0.191643 0.204529 0.19002 0.184772 0.200954 0.196491
3400000 0.189239 0.204224 0.197085 0.0 0.0 0.0 0.192137 0.206559 0.197472 0.184772 0.200954 0.196491
3400000 0.184309 0.214613 0.212296 0.0 0.0 0.0 0.180968 0.214914 0.210079 0.189376 0.214483 0.215662
3400000 0.18644 0.218457 0.197438 0.0 0.0 0.0 0.189718 0.214896 0.19749 0.184084 0.221238 0.197401
3400000 0.186455 0.216071 0.200699 0.0 0.0 0.0 0.18373 0.21729 0.203378 0.189718 0.214896 0.19749
3400000 0.187376 0.217603 0.204587 0.95883 -0.0784169 0.324992 0.18373 0.21729 0.203378 0.191892 0.21799 0.206086
3400000 0.194564 0.202234 0.208157 0.0 0.0 0.0 0.196037 0.205128 0.207836 0.192406 0.198319 0.208634
3400000 0.194176 0.201263 0.204602 0.0 0.0 0.0 0.195358 0.203444 0.201919 0.192406 0.198319 0.208634
3400000 0.190141 0.202016 0.207436 0.0 0.0 0.0 0.186898 0.207634 0.205723 0.192406 0.198319 0.208634
3400000 0.196631 0.198962 0.218786 0.0 0.0 0.0 0.195773 0.200958 0.223025 0.197333 0.197575 0.215331
3400000 0.199976 0.20002 0.216089 0.0 0.0 0.0 0.202728 0.202829 0.21688 0.197333 0.197575 0.215331
3400000 0.189227 0.205903 0.186396 0.0 0.0 0.0 0.191643 0.204529 0.19002 0.187385 0.207187 0.18363
3400000 0.190662 0.208705 0.189207 0.0 0.0 0.0 0.191643 0.204529 0.19002 0.189645 0.213308 0.188362
3400000 0.195439 0.203213 0.192279 0.0 0.0 0.0 0.191643 0.204529 0.19002 0.199945 0.201942 0.194959
3400000 0.19663 0.209838 0.189037 0.0 0.0 0.0 0.196826 0.210646 0.193104 0.196454 0.209338 0.185246
3400000 0.189268 0.207489 0.195707 0.0 0.0 0.0 0.186362 0.208689 0.193922 0.192137 0.206559 0.197472
3400000 0.194209 0.208238 0.195541 0.0 0.0 0.0 0.192137 0.206559 0.197472 0.196826 0.210646 0.193104
3400000 0.191138 0.209879 0.197479 0.0 0.0 0.0 0.192137 0.206559 0.197472 0.189718 0.214896 0.19749
3400000 0.195102 0.204679 0.196517 0.0 0.0 0.0 0.192137 0.206559 0.197472 0.199945 0.201942 0.194959
3400000 0.193453 0.211764 0.190879 0.0 0.0 0.0 0.196826 0.210646 0.193104 0.189645 0.213308 0.188362
3400000 0.193478 0.212517 0.195169 0.0 0.0 0.0 0.196826 0.210646 0.193104 0.189718 0.214896 0.19749
3400000 0.194125 0.208267 0.199296 0.0 0.0 0.0 0.192137 0.206559 0.197472 0.197037 0.211086 0.20197
3400000 0.188555 0.21177 0.200886 0.0 0.0 0.0 0.186898 0.207634 0.205723 0.189718 0.214896 0.19749
3400000 0.19703 0.202764 0.199377 0.0 0.0 0.0 0.195358 0.203444 0.201919 0.199945 0.201942 0.194959
3400000 0.195545 0.213135 0.183723 0.0 0.0 0.0 0.194401 0.21823 0.181793 0.196454 0.209338 0.185246
3400000 0.19373 0.216087 0.189669 0.0 0.0 0.0 0.197928 0.219203 0.19101 0.189645 0.213308 0.188362
3400000 0.188065 0.2182 0.193695 0.0 0.0 0.0 0.186497 0.221587 0.190097 0.189718 0.214896 0.19749
3400000 0.20084 0.200517 0.200223 0.0 0.0 0.0 0.199945 0.201942 0.194959 0.201738 0.199357 0.205486
3400000 0.19869 0.210901 0.18208 0.0 0.0 0.0 0.201306 0.21301 0.178378 0.196454 0.209338 0.185246
3400000 0.200426 0.211841 0.195385 0.0 0.0 0.0 0.196826 0.210646 0.193104 0.203313 0.213033 0.197207
3400000 0.205047 0.203207 0.193924 0.0 0.0 0.0 0.208252 0.204213 0.193273 0.199945 0.201942 0.194959
3400000 0.190601 0.205885 0.211202 0.0 0.0 0.0 0.193214 0.204877 0.215067 0.186898 0.207634 0.205723
3400000 0.196433 0.207358 0.20551 0.0 0.0 0.0 0.196037 0.205128 0.207836 0.197037 0.211086 0.20197
3400000 0.192671 0.204641 0.203125 0.0 0.0 0.0 0.186898 0.207634 0.205723 0.195358 0.203444 0.201919
3400000 0.196811 0.206433 0.21855 0.0 0.0 0.0 0.193214 0.204877 0.215067 0.199459 0.207806 0.221119
3400000 0.188223 0.211163 0.211033 0.0 0.0 0.0 0.186898 0.207634 0.205723 0.189376 0.214483 0.215662
3400000 0.194463 0.212894 0.213432 0.0 0.0 0.0 0.198863 0.211763 0.211503 0.189376 0.214483 0.215662
3400000 0.189793 0.213504 0.205932 0.0 0.0 0.0 0.191892 0.21799 0.206086 0.186898 0.207634 0.205723
3400000 0.195313 0.214805 0.208742 0.0 0.0 0.0 0.198863 0.211763 0.211503 0.191892 0.21799 0.206086
3400000 0.197686 0.201819 0.20322 0.0 0.0 0.0 0.195358 0.203444 0.201919 0.201738 0.199357 0.205486
3400000 0.20075 0.212107 0.199151 0.0 0.0 0.0 0.197037 0.211086 0.20197 0.203313 0.213033 0.197207
3400000 0.202087 0.213328 0.208051 0.0 0.0 0.0 0.198863 0.211763 0.211503 0.205127 0.215058 0.204799
3400000 0.19838 0.203634 0.216048 0.0 0.0 0.0 0.193214 0.204877 0.215067 0.202728 0.202829 0.21688
3400000 0.195183 0.215044 0.218144 0.0 0.0 0.0 0.199822 0.215726 0.220129 0.189376 0.214483 0.215662
3400000 0.199539 0.201839 0.219695 0.0 0.0 0.0 0.202728 0.202829 0.21688 0.195773 0.200958 0.223025
3400000 0.203253 0.215979 0.217074 0.0 0.0 0.0 0.199822 0.215726 0.220129 0.206593 0.216479 0.214102
3400000 0.20133 0.215912 0.189735 0.0 0.0 0.0 0.197928 0.219203 0.19101 0.205803 0.211892 0.188057
3400000 0.202174 0.216982 0.201806 0.0 0.0 0.0 0.205127 0.215058 0.204799 0.199775 0.218783 0.199371
3400000 0.202516 0.218415 0.213617 0.0 0.0 0.0 0.206593 0.216479 0.214102 0.199122 0.220265 0.213216
3400000 0.205946 0.19803 0.185718 0.0 0.0 0.0 0.20523 0.200352 0.188363 0.207427 0.193641 0.180244
3400000 0.210397 0.202358 0.191383 0.0 0.0 0.0 0.208252 0.204213 0.193273 0.213765 0.199783 0.188411
3400000 0.208516 0.199999 0.188383 0.0 0.0 0.0 0.20523 0.200352 0.188363 0.213765 0.199783 0.188411
3400000 0.207071 0.200844 0.212054 0.0 0.0 0.0 0.208095 0.206856 0.210188 0.20635 0.196821 0.213379
3400000 0.204839 0.202884 0.207777 0.0 0.0 0.0 0.208095 0.206856 0.210188 0.201738 0.199357 0.205486
3400000 0.205976 0.201442 0.218732 0.0 0.0 0.0 0.202728 0.202829 0.21688 0.210597 0.199788 0.221374
3400000 0.207227 0.206224 0.184849 0.0 0.0 0.0 0.207997 0.203372 0.183116 0.205803 0.211892 0.188057
3400000 0.211217 0.20925 0.184784 0.0 0.0 0.0 0.205803 0.211892 0.188057 0.215208 0.207529 0.182369
3400000 0.207215 0.209767 0.182196 0.0 0.0 0.0 0.205803 0.211892 0.188057 0.208 0.208795 0.178949
3400000 0.202582 0.216803 0.181047 0.0 0.0 0.0 0.201306 0.21301 0.178378 0.203578 0.219988 0.18312
3400000 0.209553 0.206817 0.194922 0.0 0.0 0.0 0.208252 0.204213 0.193273 0.211243 0.210496 0.197057
3400000 0.206727 0.202132 0.190798 0.0 0.0 0.0 0.208252 0.204213 0.193273 0.20523 0.200352 0.188363
3400000 0.209018 0.210938 0.193379 0.0 0.0 0.0 0.205803 0.211892 0.188057 0.211243 0.210496 0.197057
3400000 0.206731 0.211809 0.197145 0.0 0.0 0.0 0.203313 0.213033 0.197207 0.211243 0.210496 0.197057
3400000 0.212745 0.203964 0.198259 0.0 0.0 0.0 0.21419 0.20393 0.195543 0.211301 0.204264 0.200975
3400000 0.211277 0.206826 0.199364 0.00470899 -0.356948 0.312935 0.211243 0.210496 0.197057 0.211301 0.204264 0.200975
3400000 0.20406 0.213738 0.200341 0.0 0.0 0.0 0.205127 0.215058 0.204799 0.203313 0.213033 0.197207
3400000 0.214207 0.213798 0.191817 0.0 0.0 0.0 0.215394 0.210302 0.190193 0.21294 0.217808 0.193552
3400000 0.210177 0.215391 0.191429 0.0 0.0 0.0 0.205803 0.211892 0.188057 0.21294 0.217808 0.193552
3400000 0.206091 0.217727 0.190286 0.0 0.0 0.0 0.205803 0.211892 0.188057 0.206277 0.221611 0.191682
3400000 0.215333 0.211902 0.196562 0.0 0.0 0.0 0.219036 0.213422 0.196108 0.211243 0.210496 0.197057
3400000 0.214272 0.209427 0.200107 0.0 0.0 0.0 0.218065 0.208381 0.203916 0.211243 0.210496 0.197057
3400000 0.210173 0.205042 0.204213 0.0 0.0 0.0 0.208095 0.206856 0.210188 0.211301 0.204264 0.200975
3400000 0.206186 0.206825 0.204925 0.0 0.0 0.0 0.208095 0.206856 0.210188 0.204806 0.207031 0.201123
3400000 0.204954 0.210617 0.202824 0.0 0.0 0.0 0.205127 0.215058 0.204799 0.204806 0.207031 0.201123
3400000 0.207259 0.212073 0.212359 0.0 0.0 0.0 0.208095 0.206856 0.210188 0.206593 0.216479 0.214102
3400000 0.205876 0.215656 0.209558 0.0 0.0 0.0 0.206593 0.216479 0.214102 0.205127 0.215058 0.204799
3400000 0.209949 0.21598 0.203097 0.0 0.0 0.0 0.214262 0.217047 0.201576 0.205127 0.215058 0.204799
3400000 0.213148 0.207498 0.207006 0.0 0.0 0.0 0.208095 0.206856 0.210188 0.218065 0.208381 0.203916
3400000 0.215862 0.215252 0.210819 0.0 0.0 0.0 0.214316 0.212831 0.21007 0.218027 0.21894 0.211862
3400000 0.204829 0.205707 0.218352 0.0 0.0 0.0 0.202728 0.202829 0.21688 0.207396 0.209516 0.22016
3400000 0.20698 0.212983 0.217027 0.0 0.0 0.0 0.206593 0.216479 0.214102 0.207396 0.209516 0.22016
3400000 0.213581 0.217311 0.197455 0.0 0.0 0.0 0.214262 0.217047 0.201576 0.21294 0.217808 0.193552
3400000 0.215998 0.215478 0.194838 0.0 0.0 0.0 0.219036 0.213422 0.196108 0.21294 0.217808 0.193552
3400000 0.209424 0.21732 0.21076 0.0 0.0 0.0 0.206593 0.216479 0.214102 0.211474 0.218149 0.208345
3400000 0.216723 0.215049 0.198757 0.0 0.0 0.0 0.214262 0.217047 0.201576 0.219036 0.213422 0.196108
3400000 0.215914 0.213146 0.202596 0.0 0.0 0.0 0.214262 0.217047 0.201576 0.218065 0.208381 0.203916
