# ts x y z Fx Fy Fz x1 y1 z1 x2 y2 z2
2475000 0.182096 0.180712 0.198323 -25.259 27.7448 2.90702 0.186009 0.177349 0.197387 0.177543 0.184625 0.199413
2475000 0.185787 0.199213 0.187831 7.20817 2.76398 5.51775 0.182434 0.198222 0.186025 0.189366 0.200272 0.189759
2475000 0.18339 0.196464 0.197108 -29.6987 17.6713 4.96108 0.187161 0.19439 0.195788 0.180626 0.197984 0.198076
2475000 0.183501 0.195333 0.208176 16.8444 15.0496 16.0788 0.180427 0.19341 0.2051 0.186104 0.196962 0.210781
2475000 0.19442 0.185261 0.181328 17.4159 11.5701 -2.34087 0.191294 0.182594 0.181358 0.196959 0.187428 0.181303
2475000 0.198118 0.189916 0.183203 -3.7365 -14.9366 -10.2873 0.199494 0.19287 0.185461 0.196959 0.187428 0.181303
2475000 0.199879 0.186814 0.182803 -3.45921 0.29228 -2.29182 0.202951 0.186168 0.184381 0.196959 0.187428 0.181303
2475000 0.200151 0.179439 0.187558 0.307285 1.97151 6.53808 0.199406 0.178587 0.182656 0.200659 0.18002 0.190905
2475000 0.194042 0.181826 0.190144 -3.89498 -6.46017 3.07167 0.19572 0.184827 0.188071 0.192583 0.179218 0.191946
2475000 0.185802 0.182555 0.190942 0.202605 33.814 17.121 0.185705 0.179825 0.188971 0.185926 0.18602 0.193446
2475000 0.192953 0.187596 0.187181 -9.19152 7.97042 -0.992485 0.19572 0.184827 0.188071 0.18918 0.191372 0.185967
2475000 0.198053 0.185982 0.191128 6.97057 1.86017 7.16725 0.19572 0.184827 0.188071 0.200954 0.18742 0.194929
2475000 0.186683 0.178739 0.208608 9.09679 -10.0785 -24.2561 0.185321 0.180944 0.212122 0.187747 0.177016 0.205862
2475000 0.190152 0.179409 0.206231 -19.1813 -19.5775 -7.47685 0.193554 0.182794 0.206752 0.187747 0.177016 0.205862
2475000 0.188252 0.183417 0.214212 17.5361 17.1767 9.10563 0.185321 0.180944 0.212122 0.191826 0.186433 0.216759
2475000 0.197001 0.179821 0.216747 3.78206 2.26033 5.885 0.195557 0.179196 0.213869 0.19915 0.18075 0.22103
2475000 0.197178 0.179669 0.20741 -12.9375 11.4643 0.37023 0.201024 0.176351 0.208109 0.193554 0.182794 0.206752
2475000 0.197682 0.193849 0.18885 -5.44578 3.93772 15.947 0.199494 0.19287 0.185461 0.195619 0.194963 0.192708
2475000 0.19238 0.197713 0.19118 -12.1373 9.342 -8.32034 0.195619 0.194963 0.192708 0.189366 0.200272 0.189759
2475000 0.198152 0.191381 0.193763 -27.8701 41.8941 -4.0253 0.200954 0.18742 0.194929 0.195619 0.194963 0.192708
2475000 0.202427 0.194656 0.183475 12.4585 7.2997 -5.53972 0.199494 0.19287 0.185461 0.207443 0.19771 0.18008
2475000 0.203006 0.192046 0.187112 4.05016 -0.982005 2.77751 0.199494 0.19287 0.185461 0.206704 0.191177 0.188852
2475000 0.189081 0.199486 0.209798 44.6159 28.0617 -9.03811 0.186104 0.196962 0.210781 0.192472 0.202362 0.208678
2475000 0.199703 0.192394 0.21648 -0.966037 -4.91428 7.93285 0.20076 0.194421 0.212273 0.198925 0.190903 0.219575
2475000 0.219155 0.180423 0.196296 -23.8731 -32.7852 4.64055 0.222602 0.185823 0.196504 0.215532 0.174746 0.196078
2475000 0.204666 0.188456 0.186423 2.83154 4.40416 5.0681 0.202951 0.186168 0.184381 0.206704 0.191177 0.188852
2475000 0.209356 0.179965 0.188087 -11.7122 31.8323 18.8588 0.211285 0.176452 0.18533 0.207687 0.183005 0.190473
2475000 0.200779 0.183036 0.192545 -0.615478 -8.86058 -3.15663 0.200954 0.18742 0.194929 0.200659 0.18002 0.190905
2475000 0.210236 0.185812 0.192306 5.92781 7.74442 6.54898 0.207687 0.183005 0.190473 0.212712 0.188537 0.194086
2475000 0.213041 0.186401 0.197557 -4.41127 8.98521 -17.0218 0.213357 0.18435 0.200891 0.212712 0.188537 0.194086
2475000 0.202156 0.18469 0.198933 4.4329 -7.17393 15.4303 0.200954 0.18742 0.194929 0.203079 0.182592 0.20201
2475000 0.204352 0.188484 0.198428 11.7109 4.11777 16.769 0.200954 0.18742 0.194929 0.207124 0.189352 0.201281
2475000 0.211256 0.192354 0.193908 2.00915 -9.6158 0.321269 0.210162 0.195223 0.193773 0.212712 0.188537 0.194086
2475000 0.214294 0.191038 0.191264 -4.01771 -10.3667 12.5475 0.216174 0.194011 0.18791 0.212712 0.188537 0.194086
2475000 0.202199 0.17992 0.20462 3.87121 9.29284 -6.90497 0.201024 0.176351 0.208109 0.203079 0.182592 0.20201
2475000 0.205953 0.182345 0.20454 -11.3344 3.05732 -8.7745 0.209015 0.182082 0.207236 0.203079 0.182592 0.20201
2475000 0.214716 0.181545 0.203281 3.62395 -13.8149 12.0786 0.213357 0.18435 0.200891 0.215947 0.179003 0.205448
2475000 0.206753 0.18909 0.205328 0.758762 -0.939245 -9.98043 0.206451 0.188878 0.20861 0.207124 0.189352 0.201281
2475000 0.200918 0.180885 0.210497 -3.5379 -24.2518 -14.8947 0.200821 0.184997 0.212664 0.201024 0.176351 0.208109
2475000 0.208093 0.187325 0.211019 2.77891 -3.25961 3.45972 0.206451 0.188878 0.20861 0.209588 0.185912 0.213212
2475000 0.204113 0.187266 0.210293 -14.0614 -13.085 9.09793 0.206451 0.188878 0.20861 0.200821 0.184997 0.212664
2475000 0.209142 0.180098 0.210808 1.23441 9.16527 -23.6503 0.209349 0.176862 0.216635 0.209015 0.182082 0.207236
2475000 0.210722 0.191256 0.201382 -18.6081 -11.7092 -3.65468 0.215478 0.193773 0.201514 0.207124 0.189352 0.201281
2475000 0.207063 0.192037 0.207871 3.29811 17.7455 -7.29632 0.206451 0.188878 0.20861 0.20785 0.196109 0.206919
2475000 0.21678 0.179443 0.208881 5.08633 1.58009 12.0977 0.215947 0.179003 0.205448 0.217532 0.179839 0.211975
2475000 0.212348 0.185808 0.214402 1.9467 0.127791 1.16003 0.209588 0.185912 0.213212 0.216042 0.18567 0.215995
2475000 0.208696 0.193508 0.191687 -10.1363 -8.88465 -9.88592 0.210162 0.195223 0.193773 0.206704 0.191177 0.188852
2475000 0.212664 0.196955 0.1942 10.9943 6.17936 0.137572 0.210162 0.195223 0.193773 0.215182 0.198697 0.19463
2475000 0.209605 0.197761 0.195414 -5.46788 13.1969 8.10328 0.210162 0.195223 0.193773 0.208746 0.20167 0.197942
2475000 0.218078 0.197633 0.194782 -32.7945 7.59205 -5.02996 0.221935 0.196216 0.194985 0.215182 0.198697 0.19463
2475000 0.204513 0.195315 0.209439 10.8694 0.660016 -9.49216 0.20076 0.194421 0.212273 0.20785 0.196109 0.206919
2475000 0.211218 0.195078 0.204532 -37.2693 7.8386 18.7308 0.215478 0.193773 0.201514 0.20785 0.196109 0.206919
2475000 0.217337 0.18992 0.204778 -22.1678 49.0446 -29.0157 0.219 0.186471 0.2077 0.215478 0.193773 0.201514
2475000 0.207055 0.195106 0.218634 29.8883 -20.7613 -20.6076 0.2039 0.197233 0.220054 0.210752 0.192613 0.216971
2475000 0.211441 0.181095 0.183874 0.0457031 3.12472 -1.55329 0.211285 0.176452 0.18533 0.211615 0.18625 0.182258
2475000 0.206365 0.1862 0.183545 -3.9614 0.614123 1.01089 0.211615 0.18625 0.182258 0.202951 0.186168 0.184381
2475000 0.203816 0.181361 0.190711 -2.50521 -1.01829 0.588955 0.207687 0.183005 0.190473 0.200659 0.18002 0.190905
2475000 0.194942 0.180792 0.181942 -16.497 9.59521 0.0197529 0.199406 0.178587 0.182656 0.191294 0.182594 0.181358
2475000 0.205214 0.199097 0.216689 0.375676 0.872765 -1.83959 0.2039 0.197233 0.220054 0.206487 0.200905 0.213426
2475000 0.20379 0.185668 0.216177 6.68666 2.23894 11.0756 0.200821 0.184997 0.212664 0.205995 0.186167 0.218786
2475000 0.202459 0.195942 0.216482 7.36953 3.19223 17.6815 0.20076 0.194421 0.212273 0.2039 0.197233 0.220054
2475000 0.194523 0.194184 0.206887 9.10533 12.8618 -6.20236 0.191851 0.191461 0.208659 0.196682 0.196384 0.205455
2475000 0.188915 0.194271 0.209743 -11.2715 11.6092 1.72301 0.191851 0.191461 0.208659 0.186104 0.196962 0.210781
2475000 0.208845 0.189029 0.185977 -1.77814 2.76689 2.94649 0.211615 0.18625 0.182258 0.206704 0.191177 0.188852
2475000 0.19184 0.189242 0.212234 -1.28173 -5.28607 7.22848 0.191851 0.191461 0.208659 0.191826 0.186433 0.216759
2475000 0.199241 0.183015 0.196537 -7.90841 -18.3269 10.4702 0.200954 0.18742 0.194929 0.198133 0.180165 0.197578
2475000 0.195648 0.183468 0.218988 -10.2729 8.29331 -8.82924 0.19915 0.18075 0.22103 0.191826 0.186433 0.216759
2475000 0.21529 0.196901 0.197141 -3.64739 21.1622 -41.8893 0.215478 0.193773 0.201514 0.215182 0.198697 0.19463
2475000 0.207936 0.181961 0.194545 -0.810936 -1.89842 7.97625 0.207687 0.183005 0.190473 0.208117 0.181202 0.197505
2475000 0.21123 0.183239 0.204 -11.5665 -6.21378 12.3522 0.213357 0.18435 0.200891 0.209015 0.182082 0.207236
2475000 0.198656 0.195392 0.196022 8.31292 0.453724 6.70745 0.195619 0.194963 0.192708 0.201701 0.195823 0.199345
2475000 0.219137 0.195157 0.197814 -2.87993 -1.70335 3.91064 0.221935 0.196216 0.194985 0.215478 0.193773 0.201514
2475000 0.21687 0.18491 0.199224 -15.7026 -1.30089 10.3837 0.222602 0.185823 0.196504 0.213357 0.18435 0.200891
2475000 0.205212 0.194823 0.190244 0.687822 -2.8772 -0.846259 0.203819 0.198229 0.191545 0.206704 0.191177 0.188852
2475000 0.213266 0.195881 0.214588 7.00654 7.66831 -4.20523 0.210752 0.192613 0.216971 0.216693 0.200338 0.21134
2475000 0.206599 0.178648 0.19824 -3.41709 -7.76657 1.18057 0.208117 0.181202 0.197505 0.204471 0.175068 0.19927
2475000 0.210412 0.182581 0.198988 6.35974 2.47315 3.34825 0.208117 0.181202 0.197505 0.213357 0.18435 0.200891
2475000 0.188302 0.197433 0.192668 0.803536 4.3873 -5.25481 0.187161 0.19439 0.195788 0.189366 0.200272 0.189759
2475000 0.201494 0.18305 0.183671 2.04254 7.12248 1.28124 0.199406 0.178587 0.182656 0.202951 0.186168 0.184381
2475000 0.196768 0.186262 0.205759 -10.8236 -10.6765 5.71777 0.199604 0.189323 0.204883 0.193554 0.182794 0.206752
2475000 0.200149 0.191724 0.208365 -0.89614 -7.90654 -8.40145 0.20076 0.194421 0.212273 0.199604 0.189323 0.204883
2475000 0.200622 0.192476 0.202196 3.12735 6.10455 -4.59149 0.199604 0.189323 0.204883 0.201701 0.195823 0.199345
2475000 0.211837 0.191596 0.212447 -4.84852 2.70039 11.5396 0.212564 0.190915 0.209416 0.210752 0.192613 0.216971
2475000 0.186527 0.190098 0.194587 -7.83197 -44.0528 -20.3177 0.187161 0.19439 0.195788 0.185926 0.18602 0.193446
2475000 0.196938 0.199353 0.218483 3.83318 11.1734 -11.2731 0.196435 0.197258 0.221241 0.197479 0.201599 0.215526
2475000 0.198921 0.198445 0.214097 -8.12934 23.2125 14.2968 0.20076 0.194421 0.212273 0.197479 0.201599 0.215526
2475000 0.207194 0.187108 0.189659 -3.30134 12.0056 -1.67716 0.207687 0.183005 0.190473 0.206704 0.191177 0.188852
2475000 0.215128 0.189145 0.208733 -15.7657 12.5748 7.59862 0.219 0.186471 0.2077 0.212564 0.190915 0.209416
2475000 0.191064 0.178907 0.183164 0.372136 10.7466 -3.3033 0.190795 0.174584 0.185281 0.191294 0.182594 0.181358
2475000 0.189286 0.196407 0.188112 -0.715482 9.82383 2.73498 0.18918 0.191372 0.185967 0.189366 0.200272 0.189759
2475000 0.209514 0.183099 0.214276 -0.771976 -4.55291 2.24549 0.209588 0.185912 0.213212 0.209349 0.176862 0.216635
2475000 0.215045 0.198736 0.18806 -1.80248 12.8085 2.06512 0.216174 0.194011 0.18791 0.213828 0.203827 0.188221
2475000 0.189975 0.197379 0.197637 25.7956 31.1592 11.4683 0.187161 0.19439 0.195788 0.19292 0.200507 0.199572
2475000 0.182301 0.200757 0.197445 19.5129 27.8701 -1.65059 0.180626 0.197984 0.198076 0.184845 0.204966 0.196487
2475000 0.197356 0.182057 0.185667 2.99489 -5.86981 -3.52983 0.19572 0.184827 0.188071 0.199406 0.178587 0.182656
2475000 0.197978 0.193252 0.205201 -5.52932 9.83792 2.05505 0.199604 0.189323 0.204883 0.196682 0.196384 0.205455
2475000 0.204606 0.185025 0.192512 -20.3679 9.39725 9.96803 0.207687 0.183005 0.190473 0.200954 0.18742 0.194929
2475000 0.210297 0.186806 0.201083 -5.73591 3.35343 -0.0698638 0.213357 0.18435 0.200891 0.207124 0.189352 0.201281
2475000 0.183272 0.193381 0.193749 -6.44233 -0.958094 -4.44938 0.187161 0.19439 0.195788 0.179121 0.192305 0.191574
2475000 0.203451 0.189338 0.20304 8.44158 -1.03934 -3.00025 0.199604 0.189323 0.204883 0.207124 0.189352 0.201281
2475000 0.217244 0.182176 0.206405 -19.9796 -33.8666 -7.92958 0.219 0.186471 0.2077 0.215947 0.179003 0.205448
2475000 0.205042 0.185871 0.201656 -1.98101 -3.33967 0.994804 0.207124 0.189352 0.201281 0.203079 0.182592 0.20201
2475000 0.21873 0.190144 0.199227 -17.3232 19.7258 17.8536 0.222602 0.185823 0.196504 0.215478 0.193773 0.201514
2475000 0.196099 0.189124 0.218454 8.23859 4.31586 4.661 0.191826 0.186433 0.216759 0.198925 0.190903 0.219575
2475000 0.205882 0.181819 0.199503 -1.39389 0.456214 1.7266 0.208117 0.181202 0.197505 0.203079 0.182592 0.20201
2475000 0.192644 0.187427 0.207771 2.04185 -17.9136 -1.36319 0.191851 0.191461 0.208659 0.193554 0.182794 0.206752
2475000 0.210038 0.188505 0.214667 0.212059 2.23076 0.849826 0.209588 0.185912 0.213212 0.210752 0.192613 0.216971
2475000 0.207597 0.185842 0.207996 1.69121 -6.24691 -2.11057 0.206451 0.188878 0.20861 0.209015 0.182082 0.207236
2475000 0.207139 0.182994 0.218052 3.44338 -6.67608 -2.41461 0.205995 0.186167 0.218786 0.209349 0.176862 0.216635
2475000 0.197735 0.181595 0.21337 20.5019 19.3897 -8.50529 0.195557 0.179196 0.213869 0.200821 0.184997 0.212664
2475000 0.185963 0.182124 0.195217 1.27992 -15.9101 10.2908 0.185926 0.18602 0.193446 0.186009 0.177349 0.197387
2475000 0.201346 0.191827 0.197245 0.950221 5.2951 3.85443 0.200954 0.18742 0.194929 0.201701 0.195823 0.199345
2475000 0.211046 0.201162 0.184674 13.2362 14.7645 23.4191 0.207443 0.19771 0.18008 0.213828 0.203827 0.188221
2475000 0.210545 0.193141 0.208346 -10.533 9.40603 -7.14063 0.212564 0.190915 0.209416 0.20785 0.196109 0.206919
2475000 0.200006 0.182925 0.216745 4.33093 5.05395 -13.5607 0.19915 0.18075 0.22103 0.200821 0.184997 0.212664
2475000 0.200791 0.18964 0.212471 6.16813 -39.3259 3.85784 0.20076 0.194421 0.212273 0.200821 0.184997 0.212664
2475000 0.201433 0.18578 0.20337 7.66795 -12.013 -3.33938 0.199604 0.189323 0.204883 0.203079 0.182592 0.20201
2475000 0.198376 0.195569 0.208287 -18.8673 6.4992 -22.3913 0.20076 0.194421 0.212273 0.196682 0.196384 0.205455
2475000 0.206986 0.193667 0.185508 -1.82704 -6.27834 11.0122 0.207443 0.19771 0.18008 0.206704 0.191177 0.188852
2475000 0.207994 0.188876 0.218023 4.01231 4.88387 -2.4774 0.205995 0.186167 0.218786 0.210752 0.192613 0.216971
2475000 0.20224 0.201472 0.193035 -1.4385 1.99587 1.06208 0.203819 0.198229 0.191545 0.200088 0.205892 0.195066
2475000 0.203736 0.17904 0.200716 -2.72286 12.0736 6.73638 0.204471 0.175068 0.19927 0.203079 0.182592 0.20201
2475000 0.196396 0.186247 0.184376 0.99185 0.85592 -3.45242 0.19572 0.184827 0.188071 0.196959 0.187428 0.181303
2475000 0.198835 0.196144 0.202835 -4.47671 0.466651 3.95973 0.201701 0.195823 0.199345 0.196682 0.196384 0.205455
2475000 0.203901 0.197977 0.212905 11.6207 10.7097 4.11957 0.20076 0.194421 0.212273 0.206487 0.200905 0.213426
2475000 0.200394 0.181274 0.199604 -2.29054 -1.01249 -1.44115 0.203079 0.182592 0.20201 0.198133 0.180165 0.197578
2475000 0.192708 0.19334 0.189661 7.9699 5.44235 11.8367 0.18918 0.191372 0.185967 0.195619 0.194963 0.192708
2475000 0.20956 0.189914 0.20902 4.98572 0.816509 0.705628 0.206451 0.188878 0.20861 0.212564 0.190915 0.209416
2475000 0.202839 0.197115 0.195156 -0.0669087 -0.139154 0.284131 0.203819 0.198229 0.191545 0.201701 0.195823 0.199345
2475000 0.18247 0.185445 0.195906 -8.41384 -2.11205 8.21184 0.185926 0.18602 0.193446 0.177543 0.184625 0.199413
2475000 0.191384 0.194676 0.19425 16.3677 3.62668 -4.81497 0.187161 0.19439 0.195788 0.195619 0.194963 0.192708
2475000 0.198382 0.182236 0.189598 0.894075 -1.02847 0.79882 0.19572 0.184827 0.188071 0.200659 0.18002 0.190905
2475000 0.202719 0.187789 0.181271 0.0806959 0.440344 -1.03662 0.202951 0.186168 0.184381 0.202512 0.189241 0.178488
2475000 0.204085 0.189465 0.19162 4.96772 4.11843 -4.35189 0.200954 0.18742 0.194929 0.206704 0.191177 0.188852
2475000 0.190316 0.185438 0.204328 -1.29055 1.52412 -1.16473 0.193554 0.182794 0.206752 0.18729 0.187908 0.202062
2475000 0.183145 0.186512 0.200936 1.40583 0.63711 0.614165 0.177543 0.184625 0.199413 0.18729 0.187908 0.202062
2475000 0.187354 0.188369 0.190164 3.40636 4.61946 -5.10982 0.185926 0.18602 0.193446 0.18918 0.191372 0.185967
2475000 0.187225 0.191153 0.198921 -0.158199 -1.31378 1.65752 0.187161 0.19439 0.195788 0.18729 0.187908 0.202062
2475000 0.182777 0.190955 0.208431 0.00355606 -0.00278834 0.00572602 0.180427 0.19341 0.2051 0.184644 0.189005 0.211077
2475000 0.182364 0.184738 0.191219 0.0 0.0 0.0 0.185926 0.18602 0.193446 0.178523 0.183309 0.188818
2475000 0.182804 0.17874 0.208192 0.0 0.0 0.0 0.180611 0.176785 0.204767 0.185321 0.180944 0.212122
2475000 0.180544 0.196131 0.200954 0.0 0.0 0.0 0.180427 0.19341 0.2051 0.180626 0.197984 0.198076
2475000 0.182721 0.189002 0.192564 0.0 0.0 0.0 0.185926 0.18602 0.193446 0.179121 0.192305 0.191574
2475000 0.183825 0.19189 0.188952 0.0 0.0 0.0 0.18918 0.191372 0.185967 0.179121 0.192305 0.191574
2475000 0.184958 0.185286 0.21156 0.0 0.0 0.0 0.185321 0.180944 0.212122 0.184644 0.189005 0.211077
2475000 0.18585 0.188525 0.206967 0.0 0.0 0.0 0.18729 0.187908 0.202062 0.184644 0.189005 0.211077
2475000 0.188054 0.190167 0.209933 -0.0 0.0 0.0 0.191851 0.191461 0.208659 0.184644 0.189005 0.211077
2475000 0.185351 0.192876 0.210931 0.0 0.0 0.0 0.186104 0.196962 0.210781 0.184644 0.189005 0.211077
2475000 0.183948 0.190609 0.20354 0.0 0.0 0.0 0.180427 0.19341 0.2051 0.18729 0.187908 0.202062
2475000 0.184934 0.194683 0.204225 0.0 0.0 0.0 0.180427 0.19341 0.2051 0.188056 0.195538 0.20362
2475000 0.187625 0.187957 0.213433 0.0 0.0 0.0 0.191826 0.186433 0.216759 0.184644 0.189005 0.211077
2475000 0.197935 0.183923 0.181842 0.0 0.0 0.0 0.199406 0.178587 0.182656 0.196959 0.187428 0.181303
2475000 0.193533 0.183745 0.184754 0.0 0.0 0.0 0.19572 0.184827 0.188071 0.191294 0.182594 0.181358
2475000 0.190387 0.186381 0.183335 0.0 0.0 0.0 0.18918 0.191372 0.185967 0.191294 0.182594 0.181358
2475000 0.185824 0.178879 0.192263 0.0 0.0 0.0 0.185705 0.179825 0.188971 0.186009 0.177349 0.197387
2475000 0.189916 0.180777 0.198226 0.0 0.0 0.0 0.186009 0.177349 0.197387 0.192344 0.182881 0.198748
2475000 0.189085 0.179549 0.190432 0.0 0.0 0.0 0.185705 0.179825 0.188971 0.192583 0.179218 0.191946
2475000 0.195465 0.179732 0.19487 0.0 0.0 0.0 0.192583 0.179218 0.191946 0.198133 0.180165 0.197578
2475000 0.19246 0.181129 0.195462 0.0 0.0 0.0 0.192583 0.179218 0.191946 0.192344 0.182881 0.198748
2475000 0.195252 0.181534 0.19816 0.0 0.0 0.0 0.192344 0.182881 0.198748 0.198133 0.180165 0.197578
2475000 0.193257 0.179281 0.199714 0.0 0.0 0.0 0.194527 0.17423 0.201059 0.192344 0.182881 0.198748
2475000 0.192832 0.182863 0.201973 0.0 0.0 0.0 0.192344 0.182881 0.198748 0.193554 0.182794 0.206752
2475000 0.192616 0.185533 0.196808 0.0 0.0 0.0 0.192875 0.188032 0.194962 0.192344 0.182881 0.198748
2475000 0.189568 0.184255 0.196455 0.0 0.0 0.0 0.185926 0.18602 0.193446 0.192344 0.182881 0.198748
2475000 0.190225 0.185005 0.200137 0.0 0.0 0.0 0.192344 0.182881 0.198748 0.18729 0.187908 0.202062
2475000 0.196653 0.179644 0.191421 0.0 0.0 0.0 0.192583 0.179218 0.191946 0.200659 0.18002 0.190905
2475000 0.199358 0.180117 0.194343 0.0 0.0 0.0 0.200659 0.18002 0.190905 0.198133 0.180165 0.197578
2475000 0.189231 0.181845 0.209571 0.0 0.0 0.0 0.185321 0.180944 0.212122 0.193554 0.182794 0.206752
2475000 0.194747 0.180674 0.21099 0.0 0.0 0.0 0.195557 0.179196 0.213869 0.193554 0.182794 0.206752
2475000 0.194135 0.181976 0.21497 0.0 0.0 0.0 0.195557 0.179196 0.213869 0.191826 0.186433 0.216759
2475000 0.192732 0.184547 0.211511 0.0 0.0 0.0 0.191826 0.186433 0.216759 0.193554 0.182794 0.206752
2475000 0.197258 0.183938 0.209764 0.0 0.0 0.0 0.200821 0.184997 0.212664 0.193554 0.182794 0.206752
2475000 0.20346 0.179129 0.219172 0.0 0.0 0.0 0.19915 0.18075 0.22103 0.209349 0.176862 0.216635
2475000 0.203159 0.183945 0.219716 0.0 0.0 0.0 0.19915 0.18075 0.22103 0.205995 0.186167 0.218786
2475000 0.194011 0.188944 0.18307 0.0 0.0 0.0 0.18918 0.191372 0.185967 0.196959 0.187428 0.181303
2475000 0.19828 0.193158 0.181414 0.0 0.0 0.0 0.199494 0.19287 0.185461 0.197187 0.193386 0.17776
2475000 0.19778 0.200698 0.181464 0.0 0.0 0.0 0.197881 0.20017 0.17824 0.197629 0.201443 0.186265
2475000 0.194116 0.186651 0.191956 0.0 0.0 0.0 0.192875 0.188032 0.194962 0.19572 0.184827 0.188071
2475000 0.197619 0.188895 0.186757 0.0 0.0 0.0 0.19572 0.184827 0.188071 0.199494 0.19287 0.185461
2475000 0.189953 0.187203 0.194323 0.0 0.0 0.0 0.192875 0.188032 0.194962 0.185926 0.18602 0.193446
2475000 0.190543 0.190643 0.195298 0.0 0.0 0.0 0.192875 0.188032 0.194962 0.187161 0.19439 0.195788
2475000 0.193993 0.190873 0.194042 0.0 0.0 0.0 0.192875 0.188032 0.194962 0.195619 0.194963 0.192708
2475000 0.195161 0.192263 0.185673 0.0 0.0 0.0 0.199494 0.19287 0.185461 0.18918 0.191372 0.185967
2475000 0.188072 0.19305 0.191354 0.0 0.0 0.0 0.187161 0.19439 0.195788 0.18918 0.191372 0.185967
2475000 0.190599 0.187998 0.197853 0.0 0.0 0.0 0.192875 0.188032 0.194962 0.18729 0.187908 0.202062
2475000 0.193412 0.189793 0.197471 0.0 0.0 0.0 0.192875 0.188032 0.194962 0.193999 0.191693 0.200218
2475000 0.18659 0.186961 0.197638 0.0 0.0 0.0 0.185926 0.18602 0.193446 0.18729 0.187908 0.202062
2475000 0.19106 0.192869 0.198313 0.0 0.0 0.0 0.187161 0.19439 0.195788 0.193999 0.191693 0.200218
2475000 0.187678 0.195069 0.200312 0.0 0.0 0.0 0.187161 0.19439 0.195788 0.188056 0.195538 0.20362
2475000 0.194694 0.193113 0.196994 0.0 0.0 0.0 0.195619 0.194963 0.192708 0.193999 0.191693 0.200218
2475000 0.186065 0.199417 0.196118 0.0 0.0 0.0 0.187161 0.19439 0.195788 0.184845 0.204966 0.196487
2475000 0.199577 0.185564 0.186102 0.0 0.0 0.0 0.19572 0.184827 0.188071 0.202951 0.186168 0.184381
2475000 0.201177 0.190868 0.181571 0.0 0.0 0.0 0.199494 0.19287 0.185461 0.202512 0.189241 0.178488
2475000 0.201328 0.189338 0.184887 0.0 0.0 0.0 0.199494 0.19287 0.185461 0.202951 0.186168 0.184381
2475000 0.195972 0.187814 0.194948 0.0 0.0 0.0 0.192875 0.188032 0.194962 0.200954 0.18742 0.194929
2475000 0.201674 0.195593 0.188528 0.0 0.0 0.0 0.203819 0.198229 0.191545 0.199494 0.19287 0.185461
2475000 0.200018 0.196737 0.192084 0.0 0.0 0.0 0.203819 0.198229 0.191545 0.195619 0.194963 0.192708
2475000 0.191119 0.190084 0.201008 0.0 0.0 0.0 0.18729 0.187908 0.202062 0.193999 0.191693 0.200218
2475000 0.187733 0.192335 0.202962 0.0 0.0 0.0 0.18729 0.187908 0.202062 0.188056 0.195538 0.20362
2475000 0.189651 0.189769 0.205476 0.0 0.0 0.0 0.191851 0.191461 0.208659 0.18729 0.187908 0.202062
2475000 0.196484 0.190659 0.202285 0.0 0.0 0.0 0.199604 0.189323 0.204883 0.193999 0.191693 0.200218
2475000 0.195702 0.190421 0.206784 0.0 0.0 0.0 0.191851 0.191461 0.208659 0.199604 0.189323 0.204883
2475000 0.190982 0.193657 0.201944 0.0 0.0 0.0 0.188056 0.195538 0.20362 0.193999 0.191693 0.200218
2475000 0.19304 0.191606 0.203988 0.0 0.0 0.0 0.191851 0.191461 0.208659 0.193999 0.191693 0.200218
2475000 0.19534 0.194054 0.202834 0.0 0.0 0.0 0.196682 0.196384 0.205455 0.193999 0.191693 0.200218
2475000 0.189723 0.193764 0.205833 0.0 0.0 0.0 0.191851 0.191461 0.208659 0.188056 0.195538 0.20362
2475000 0.187178 0.196195 0.206841 0.0 0.0 0.0 0.186104 0.196962 0.210781 0.188056 0.195538 0.20362
2475000 0.192491 0.193479 0.21231 0.0 0.0 0.0 0.191851 0.191461 0.208659 0.193036 0.195158 0.215402
2475000 0.189778 0.196023 0.213233 0.0 0.0 0.0 0.186104 0.196962 0.210781 0.193036 0.195158 0.215402
2475000 0.192549 0.191675 0.215949 0.0 0.0 0.0 0.191826 0.186433 0.216759 0.193036 0.195158 0.215402
2475000 0.194751 0.196232 0.218352 0.0 0.0 0.0 0.196435 0.197258 0.221241 0.193036 0.195158 0.215402
2475000 0.195999 0.193035 0.217505 0.0 0.0 0.0 0.193036 0.195158 0.215402 0.198925 0.190903 0.219575
2475000 0.1952 0.198316 0.215465 0.0 0.0 0.0 0.193036 0.195158 0.215402 0.197479 0.201599 0.215526
2475000 0.186156 0.19921 0.21434 0.0 0.0 0.0 0.186104 0.196962 0.210781 0.186231 0.202418 0.219505
2475000 0.190454 0.197928 0.216961 0.0 0.0 0.0 0.193036 0.195158 0.215402 0.186231 0.202418 0.219505
2475000 0.200226 0.188468 0.200297 0.0 0.0 0.0 0.200954 0.18742 0.194929 0.199604 0.189323 0.204883
2475000 0.196814 0.189979 0.198077 0.0 0.0 0.0 0.200954 0.18742 0.194929 0.193999 0.191693 0.200218
2475000 0.1973 0.193479 0.199843 0.0 0.0 0.0 0.201701 0.195823 0.199345 0.193999 0.191693 0.200218
2475000 0.203463 0.189094 0.206983 0.0 0.0 0.0 0.206451 0.188878 0.20861 0.199604 0.189323 0.204883
2475000 0.200187 0.187275 0.208605 0.0 0.0 0.0 0.200821 0.184997 0.212664 0.199604 0.189323 0.204883
2475000 0.196018 0.192867 0.21035 0.0 0.0 0.0 0.191851 0.191461 0.208659 0.20076 0.194421 0.212273
2475000 0.196334 0.194861 0.214068 0.0 0.0 0.0 0.20076 0.194421 0.212273 0.193036 0.195158 0.215402
2475000 0.196629 0.185688 0.214573 0.0 0.0 0.0 0.200821 0.184997 0.212664 0.191826 0.186433 0.216759
2475000 0.199742 0.188379 0.216596 0.0 0.0 0.0 0.200821 0.184997 0.212664 0.198925 0.190903 0.219575
2475000 0.201235 0.193864 0.219797 0.0 0.0 0.0 0.2039 0.197233 0.220054 0.198925 0.190903 0.219575
2475000 0.200561 0.199524 0.2177 0.0 0.0 0.0 0.2039 0.197233 0.220054 0.197479 0.201599 0.215526
2475000 0.210432 0.179207 0.197058 0.0 0.0 0.0 0.208117 0.181202 0.197505 0.215532 0.174746 0.196078
2475000 0.214158 0.180835 0.199118 0.0 0.0 0.0 0.213357 0.18435 0.200891 0.215532 0.174746 0.196078
2475000 0.209407 0.184449 0.186874 0.0 0.0 0.0 0.207687 0.183005 0.190473 0.211615 0.18625 0.182258
2475000 0.205106 0.184751 0.187151 0.0 0.0 0.0 0.207687 0.183005 0.190473 0.202951 0.186168 0.184381
2475000 0.216553 0.179378 0.191262 0.0 0.0 0.0 0.215532 0.174746 0.196078 0.217124 0.181942 0.188571
2475000 0.214577 0.179564 0.187157 0.0 0.0 0.0 0.211285 0.176452 0.18533 0.217124 0.181942 0.188571
2475000 0.20547 0.179561 0.207623 0.0 0.0 0.0 0.201024 0.176351 0.208109 0.209015 0.182082 0.207236
2475000 0.214252 0.188347 0.201153 0.0 0.0 0.0 0.213357 0.18435 0.200891 0.215478 0.193773 0.201514
2475000 0.208068 0.185746 0.204252 0.0 0.0 0.0 0.209015 0.182082 0.207236 0.207124 0.189352 0.201281
2475000 0.209345 0.184311 0.210679 0.0 0.0 0.0 0.209588 0.185912 0.213212 0.209015 0.182082 0.207236
2475000 0.212721 0.180458 0.20628 0.0 0.0 0.0 0.209015 0.182082 0.207236 0.215947 0.179003 0.205448
2475000 0.215891 0.185324 0.203948 0.0 0.0 0.0 0.219 0.186471 0.2077 0.213357 0.18435 0.200891
2475000 0.204325 0.181677 0.214295 0.0 0.0 0.0 0.200821 0.184997 0.212664 0.209349 0.176862 0.216635
2475000 0.205142 0.198061 0.187358 0.0 0.0 0.0 0.203819 0.198229 0.191545 0.207443 0.19771 0.18008
2475000 0.21253 0.195576 0.184641 0.0 0.0 0.0 0.216174 0.194011 0.18791 0.207443 0.19771 0.18008
2475000 0.20974 0.189865 0.191496 0.0 0.0 0.0 0.212712 0.188537 0.194086 0.206704 0.191177 0.188852
2475000 0.207367 0.196569 0.192791 0.0 0.0 0.0 0.210162 0.195223 0.193773 0.203819 0.198229 0.191545
2475000 0.209912 0.188967 0.197691 0.0 0.0 0.0 0.212712 0.188537 0.194086 0.207124 0.189352 0.201281
2475000 0.213906 0.190819 0.197293 0.0 0.0 0.0 0.212712 0.188537 0.194086 0.215478 0.193773 0.201514
2475000 0.204556 0.192438 0.200364 0.0 0.0 0.0 0.201701 0.195823 0.199345 0.207124 0.189352 0.201281
2475000 0.204871 0.195992 0.203248 0.0 0.0 0.0 0.201701 0.195823 0.199345 0.20785 0.196109 0.206919
2475000 0.212094 0.194718 0.196586 0.0 0.0 0.0 0.210162 0.195223 0.193773 0.215478 0.193773 0.201514
2475000 0.204642 0.201655 0.18982 0.0 0.0 0.0 0.203819 0.198229 0.191545 0.205333 0.204503 0.188373
2475000 0.206045 0.199805 0.194435 0.0 0.0 0.0 0.203819 0.198229 0.191545 0.208746 0.20167 0.197942
2475000 0.216564 0.187502 0.195028 0.0 0.0 0.0 0.222602 0.185823 0.196504 0.212712 0.188537 0.194086
2475000 0.211082 0.192508 0.188416 0.0 0.0 0.0 0.216174 0.194011 0.18791 0.206704 0.191177 0.188852
2475000 0.212491 0.194775 0.191501 0.0 0.0 0.0 0.210162 0.195223 0.193773 0.216174 0.194011 0.18791
2475000 0.215568 0.196897 0.192017 0.0 0.0 0.0 0.216174 0.194011 0.18791 0.215182 0.198697 0.19463
2475000 0.207479 0.192678 0.204037 0.0 0.0 0.0 0.207124 0.189352 0.201281 0.20785 0.196109 0.206919
2475000 0.204128 0.191162 0.210105 0.0 0.0 0.0 0.206451 0.188878 0.20861 0.20076 0.194421 0.212273
2475000 0.206145 0.185574 0.212996 0.0 0.0 0.0 0.209588 0.185912 0.213212 0.200821 0.184997 0.212664
2475000 0.211032 0.188361 0.21137 0.0 0.0 0.0 0.209588 0.185912 0.213212 0.212564 0.190915 0.209416
2475000 0.213648 0.192001 0.206476 0.0 0.0 0.0 0.212564 0.190915 0.209416 0.215478 0.193773 0.201514
2475000 0.207915 0.186052 0.215807 0.0 0.0 0.0 0.209588 0.185912 0.213212 0.205995 0.186167 0.218786
2475000 0.201264 0.198707 0.209111 0.0 0.0 0.0 0.20076 0.194421 0.212273 0.201823 0.203418 0.205603
2475000 0.213925 0.194042 0.21005 0.0 0.0 0.0 0.212564 0.190915 0.209416 0.216693 0.200338 0.21134
2475000 0.189006 0.202668 0.198077 -23.5173 11.1978 -4.61085 0.19292 0.200507 0.199572 0.184845 0.204966 0.196487
2475000 0.183125 0.21213 0.193982 -18.2835 -5.91929 2.2089 0.186363 0.212668 0.193796 0.179364 0.211505 0.194199
2475000 0.196589 0.19809 0.189599 -4.90459 -15.1786 20.8605 0.197629 0.201443 0.186265 0.195619 0.194963 0.192708
2475000 0.194298 0.197676 0.196066 12.1868 -25.4046 -22.8012 0.19292 0.200507 0.199572 0.195619 0.194963 0.192708
2475000 0.195106 0.198112 0.20299 11.4412 -17.6168 28.2035 0.19292 0.200507 0.199572 0.196682 0.196384 0.205455
2475000 0.192693 0.201447 0.204186 0.0217283 0.518853 10.2767 0.19292 0.200507 0.199572 0.192472 0.202362 0.208678
2475000 0.190525 0.204309 0.189849 -6.77619 -17.7015 -2.95872 0.19176 0.208614 0.189945 0.189366 0.200272 0.189759
2475000 0.196288 0.203038 0.197455 6.53353 4.30809 -2.57167 0.19292 0.200507 0.199572 0.200088 0.205892 0.195066
2475000 0.199081 0.204736 0.183026 9.83895 22.0731 -15.6401 0.197629 0.201443 0.186265 0.200512 0.207982 0.179832
2475000 0.192877 0.20559 0.211914 -0.572423 -12.6803 -9.37431 0.193286 0.208848 0.215182 0.192472 0.202362 0.208678
2475000 0.194607 0.206395 0.208216 -10.1059 -22.5041 6.19728 0.196064 0.209148 0.207901 0.192472 0.202362 0.208678
2475000 0.196806 0.202852 0.207253 -21.4822 -5.61182 9.41132 0.201823 0.203418 0.205603 0.192472 0.202362 0.208678
2475000 0.188483 0.213938 0.185608 -5.31945 -10.2516 -11.4766 0.189786 0.217397 0.188423 0.187526 0.211397 0.18354
2475000 0.188648 0.210952 0.192165 3.98586 -2.90201 -1.85792 0.186363 0.212668 0.193796 0.19176 0.208614 0.189945
2475000 0.19448 0.211735 0.191657 6.57351 10.8162 5.56839 0.19176 0.208614 0.189945 0.196975 0.214597 0.193227
2475000 0.187764 0.215189 0.195376 10.4243 12.7741 9.88419 0.186363 0.212668 0.193796 0.189729 0.218728 0.197593
2475000 0.197039 0.21482 0.197329 1.47024 1.2969 9.50851 0.196975 0.214597 0.193227 0.197113 0.215078 0.202091
2475000 0.193361 0.216933 0.199806 -17.4709 8.55307 -6.90749 0.197113 0.215078 0.202091 0.189729 0.218728 0.197593
2475000 0.196051 0.212149 0.21347 4.26544 4.66218 -1.44802 0.193286 0.208848 0.215182 0.199011 0.215682 0.211638
2475000 0.195746 0.208285 0.204909 -1.84592 -7.72911 -16.4044 0.196064 0.209148 0.207901 0.195435 0.207442 0.201988
2475000 0.197205 0.211677 0.209348 -16.3196 -31.9735 -26.3883 0.199011 0.215682 0.211638 0.196064 0.209148 0.207901
2475000 0.191473 0.213102 0.215449 -22.5624 37.2468 5.69602 0.193286 0.208848 0.215182 0.189232 0.218362 0.215779
2475000 0.194456 0.218458 0.204149 18.6561 -24.8434 -21.4343 0.191796 0.221841 0.206209 0.197113 0.215078 0.202091
2475000 0.203059 0.218207 0.212986 17.4581 11.2678 2.44945 0.199011 0.215682 0.211638 0.2067 0.220477 0.214198
2475000 0.201336 0.212912 0.201628 17.4455 -11.387 0.46515 0.197113 0.215078 0.202091 0.204908 0.211081 0.201237
2475000 0.201206 0.217081 0.203493 25.2267 12.1828 13.7784 0.197113 0.215078 0.202091 0.205218 0.219045 0.204868
2475000 0.201045 0.209484 0.219205 -11.3401 20.9128 23.1567 0.202824 0.206902 0.216893 0.19949 0.211742 0.221227
2475000 0.205145 0.198681 0.198659 -10.8592 -12.2435 1.7079 0.208746 0.20167 0.197942 0.201701 0.195823 0.199345
2475000 0.214679 0.200602 0.192251 7.46089 -45.1388 41.3173 0.213828 0.203827 0.188221 0.215182 0.198697 0.19463
2475000 0.209635 0.203082 0.202371 -4.10828 -5.37287 -32.7469 0.210219 0.20401 0.205278 0.208746 0.20167 0.197942
2475000 0.210278 0.206015 0.185055 18.2371 -7.81674 18.9327 0.207991 0.207424 0.183014 0.213828 0.203827 0.188221
2475000 0.208512 0.205486 0.195151 -1.24542 -14.2446 13.0619 0.208347 0.208176 0.193183 0.208746 0.20167 0.197942
2475000 0.214137 0.206422 0.192756 3.30627 -16.5631 -33.2797 0.214315 0.207919 0.195375 0.213828 0.203827 0.188221
2475000 0.205169 0.199361 0.206334 23.3971 -35.9169 1.0906 0.201823 0.203418 0.205603 0.20785 0.196109 0.206919
2475000 0.203576 0.207774 0.203121 5.55337 25.4214 -15.9277 0.201823 0.203418 0.205603 0.204908 0.211081 0.201237
2475000 0.209524 0.206465 0.207053 -3.04981 21.4757 11.7979 0.210219 0.20401 0.205278 0.208277 0.210867 0.210236
2475000 0.204646 0.20392 0.215169 13.9375 -22.9156 -8.28907 0.202824 0.206902 0.216893 0.206487 0.200905 0.213426
2475000 0.212316 0.20282 0.207242 19.5446 -7.06915 14.2309 0.210219 0.20401 0.205278 0.216693 0.200338 0.21134
2475000 0.204893 0.207655 0.181696 -21.2787 3.09554 -5.65318 0.207991 0.207424 0.183014 0.200512 0.207982 0.179832
2475000 0.203253 0.216553 0.182332 7.18318 -2.39536 24.9732 0.20137 0.217055 0.178314 0.205892 0.21585 0.187966
2475000 0.211925 0.214838 0.189305 -19.6392 3.20678 -1.13363 0.215479 0.214242 0.190094 0.205892 0.21585 0.187966
2475000 0.213068 0.210591 0.196033 -11.6452 41.3725 10.1039 0.214315 0.207919 0.195375 0.211281 0.21442 0.196976
2475000 0.207494 0.210844 0.191369 -7.84134 16.3461 -9.20935 0.208347 0.208176 0.193183 0.205892 0.21585 0.187966
2475000 0.20798 0.21269 0.199183 -30.3343 -13.2489 13.5738 0.211281 0.21442 0.196976 0.204908 0.211081 0.201237
2475000 0.212849 0.217735 0.19928 -6.96608 -26.7635 -17.213 0.214361 0.220932 0.201502 0.211281 0.21442 0.196976
2475000 0.212206 0.218211 0.195097 1.89941 26.7983 -14.6925 0.211281 0.21442 0.196976 0.213051 0.221669 0.193384
2475000 0.206613 0.215315 0.207316 -6.03259 12.2997 -6.09031 0.208277 0.210867 0.210236 0.205218 0.219045 0.204868
2475000 0.215888 0.215313 0.207882 4.06231 -3.89367 -4.40626 0.214479 0.216856 0.210101 0.218394 0.21257 0.203938
2475000 0.207143 0.198599 0.210297 0.438537 -6.85427 -11.2002 0.206487 0.200905 0.213426 0.20785 0.196109 0.206919
2475000 0.200072 0.214355 0.18621 19.3048 4.0655 9.22902 0.196515 0.213441 0.185136 0.205892 0.21585 0.187966
2475000 0.205068 0.208533 0.214154 5.21765 2.34654 -5.09618 0.202824 0.206902 0.216893 0.208277 0.210867 0.210236
2475000 0.194808 0.213594 0.181715 3.73727 -0.232863 5.21934 0.193011 0.213754 0.178113 0.196515 0.213441 0.185136
2475000 0.207119 0.203791 0.205398 -6.09804 0.491018 -0.0693246 0.210219 0.20401 0.205278 0.201823 0.203418 0.205603
2475000 0.217187 0.208464 0.194597 3.72771 1.0854 -0.516281 0.214315 0.207919 0.195375 0.22197 0.209372 0.193301
2475000 0.212287 0.214739 0.210149 -6.48017 -8.61435 -0.0017337 0.214479 0.216856 0.210101 0.208277 0.210867 0.210236
2475000 0.193476 0.215227 0.186621 -27.1156 14.5178 18.9946 0.196515 0.213441 0.185136 0.189786 0.217397 0.188423
2475000 0.198293 0.211012 0.182777 15.4486 -20.5889 -14.2804 0.196515 0.213441 0.185136 0.200512 0.207982 0.179832
2475000 0.181774 0.202037 0.193818 3.71675 2.76128 3.78235 0.179911 0.200261 0.1922 0.184845 0.204966 0.196487
2475000 0.207809 0.204197 0.182039 -0.0680231 -0.841021 -0.115519 0.207991 0.207424 0.183014 0.207443 0.19771 0.18008
2475000 0.21563 0.215095 0.212306 3.88781 -4.73676 4.86918 0.214479 0.216856 0.210101 0.217908 0.211612 0.216666
2475000 0.198688 0.199129 0.205513 -5.09874 -5.32653 0.521134 0.201823 0.203418 0.205603 0.196682 0.196384 0.205455
2475000 0.190166 0.206005 0.217094 -4.81131 -6.23204 3.5645 0.193286 0.208848 0.215182 0.186231 0.202418 0.219505
2475000 0.186574 0.203186 0.188593 -8.54294 11.2532 -2.4042 0.189366 0.200272 0.189759 0.183808 0.206073 0.187439
2475000 0.194446 0.204715 0.201038 17.4368 45.1248 24.8195 0.19292 0.200507 0.199572 0.195435 0.207442 0.201988
2475000 0.184853 0.217673 0.204312 3.53263 -8.79223 3.69347 0.18364 0.221231 0.203466 0.186923 0.211602 0.205756
2475000 0.216879 0.198915 0.200769 -10.1316 -37.3515 11.8715 0.218075 0.203308 0.200132 0.215478 0.193773 0.201514
2475000 0.211479 0.208041 0.194333 3.99354 -0.617347 2.0726 0.208347 0.208176 0.193183 0.214315 0.207919 0.195375
2475000 0.215807 0.20609 0.197262 -22.4613 19.0936 -20.6777 0.218075 0.203308 0.200132 0.214315 0.207919 0.195375
2475000 0.185744 0.207837 0.200497 -4.57517 -13.0418 -13.4049 0.186923 0.211602 0.205756 0.184845 0.204966 0.196487
2475000 0.218222 0.20756 0.201879 -0.936585 12.5903 7.14039 0.218075 0.203308 0.200132 0.218394 0.21257 0.203938
2475000 0.184278 0.205571 0.191543 -0.526285 4.33307 -16.4375 0.184845 0.204966 0.196487 0.183808 0.206073 0.187439
2475000 0.194324 0.211218 0.187351 2.29979 3.0606 -3.47577 0.19176 0.208614 0.189945 0.196515 0.213441 0.185136
2475000 0.196091 0.210424 0.202028 -9.71033 -46.9728 7.00564 0.197113 0.215078 0.202091 0.195435 0.207442 0.201988
2475000 0.209077 0.215005 0.193291 9.13621 -1.5756 10.9173 0.205892 0.21585 0.187966 0.211281 0.21442 0.196976
2475000 0.198331 0.210803 0.194028 6.99007 -13.1277 1.93656 0.196975 0.214597 0.193227 0.200088 0.205892 0.195066
2475000 0.20704 0.217106 0.217098 -0.306541 -3.0431 2.92146 0.2067 0.220477 0.214198 0.207404 0.213502 0.220197
2475000 0.193974 0.203765 0.184096 -6.60507 4.68157 -2.61832 0.197629 0.201443 0.186265 0.191234 0.205505 0.182471
2475000 0.197768 0.205973 0.203308 5.85162 -3.19623 2.05405 0.195435 0.207442 0.201988 0.201823 0.203418 0.205603
2475000 0.184543 0.215391 0.193477 -0.780056 1.3896 0.0656928 0.186363 0.212668 0.193796 0.182274 0.218783 0.193079
2475000 0.2001 0.2042 0.216197 -3.75459 -4.34807 -0.233475 0.202824 0.206902 0.216893 0.197479 0.201599 0.215526
2475000 0.1982 0.207023 0.207049 14.6071 -14.6892 -2.43707 0.196064 0.209148 0.207901 0.201823 0.203418 0.205603
2475000 0.198655 0.19673 0.185823 0.329136 -5.50777 -0.729274 0.197629 0.201443 0.186265 0.199494 0.19287 0.185461
2475000 0.207806 0.212288 0.215606 -3.9375 3.43156 16.0034 0.208277 0.210867 0.210236 0.207404 0.213502 0.220197
2475000 0.193114 0.20994 0.207209 -19.3803 4.25847 -1.40781 0.196064 0.209148 0.207901 0.186923 0.211602 0.205756
2475000 0.185762 0.209617 0.194862 -0.853609 -23.7694 9.66333 0.186363 0.212668 0.193796 0.184845 0.204966 0.196487
2475000 0.212639 0.199871 0.195939 13.0632 -8.74747 -8.83557 0.208746 0.20167 0.197942 0.215182 0.198697 0.19463
2475000 0.195602 0.204843 0.215372 17.6323 -25.2556 5.4556 0.193286 0.208848 0.215182 0.197479 0.201599 0.215526
2475000 0.188157 0.215214 0.211112 0.13962 1.32702 2.35572 0.186923 0.211602 0.205756 0.189232 0.218362 0.215779
2475000 0.208262 0.202119 0.21673 -1.92374 -1.87267 -3.19748 0.210759 0.203826 0.221378 0.206487 0.200905 0.213426
2475000 0.190791 0.212925 0.189198 -1.19725 4.81038 -0.0517023 0.19176 0.208614 0.189945 0.189786 0.217397 0.188423
2475000 0.187782 0.214628 0.191569 14.4657 13.8641 -15.6795 0.186363 0.212668 0.193796 0.189786 0.217397 0.188423
2475000 0.181251 0.210961 0.202491 3.40544 0.200657 1.3175 0.178619 0.210664 0.200976 0.186923 0.211602 0.205756
2475000 0.216117 0.217291 0.202562 3.80459 -5.47672 1.46194 0.214361 0.220932 0.201502 0.218394 0.21257 0.203938
2475000 0.211352 0.197784 0.20867 -0.201526 -0.122878 -0.146275 0.216693 0.200338 0.21134 0.20785 0.196109 0.206919
2475000 0.210343 0.200691 0.212638 20.6238 -0.298456 -7.64451 0.206487 0.200905 0.213426 0.216693 0.200338 0.21134
2475000 0.204668 0.203659 0.196588 -12.4694 3.78377 -4.57631 0.208746 0.20167 0.197942 0.200088 0.205892 0.195066
2475000 0.193205 0.200816 0.188136 -0.923286 -0.0333197 0.25804 0.197629 0.201443 0.186265 0.189366 0.200272 0.189759
2475000 0.201757 0.199317 0.202224 0.0850913 -3.13645 -1.857 0.201823 0.203418 0.205603 0.201701 0.195823 0.199345
2475000 0.210481 0.206483 0.191252 1.83665 -1.09574 -1.18204 0.208347 0.208176 0.193183 0.213828 0.203827 0.188221
2475000 0.198801 0.203564 0.19046 0.600168 2.53377 3.87683 0.197629 0.201443 0.186265 0.200088 0.205892 0.195066
2475000 0.19489 0.198929 0.206827 2.02612 -4.29873 -2.18497 0.192472 0.202362 0.208678 0.196682 0.196384 0.205455
2475000 0.183038 0.216137 0.208514 -1.17953 1.12936 0.511305 0.186923 0.211602 0.205756 0.180809 0.218738 0.210096
2475000 0.203373 0.213415 0.210978 3.49732 -1.51229 -1.07945 0.199011 0.215682 0.211638 0.208277 0.210867 0.210236
2475000 0.190191 0.20616 0.207477 0.680375 -1.14931 0.601657 0.186923 0.211602 0.205756 0.192472 0.202362 0.208678
2475000 0.189746 0.217535 0.206019 -4.54356 -9.00381 -2.01178 0.191796 0.221841 0.206209 0.186923 0.211602 0.205756
2475000 0.199433 0.217751 0.216125 0.0323652 4.39638 6.88247 0.199011 0.215682 0.211638 0.199823 0.219662 0.220271
2475000 0.204972 0.207053 0.207864 -3.6586 -4.49321 -1.68733 0.208277 0.210867 0.210236 0.201823 0.203418 0.205603
2475000 0.181527 0.217273 0.196818 0.189244 1.05015 -1.86691 0.180969 0.216143 0.199612 0.182274 0.218783 0.193079
2475000 0.182152 0.218397 0.201319 0.963127 1.81373 0.947139 0.180969 0.216143 0.199612 0.18364 0.221231 0.203466
2475000 0.181734 0.208677 0.195188 3.7657 -5.32709 2.7602 0.179364 0.211505 0.194199 0.184845 0.204966 0.196487
2475000 0.188571 0.215788 0.200961 2.78143 4.79696 -4.6863 0.186923 0.211602 0.205756 0.189729 0.218728 0.197593
2475000 0.212905 0.211225 0.213326 6.56489 0.00789093 3.11479 0.208277 0.210867 0.210236 0.217908 0.211612 0.216666
2475000 0.191469 0.206896 0.185816 -1.13083 -2.00381 -4.57927 0.19176 0.208614 0.189945 0.191234 0.205505 0.182471
2475000 0.201057 0.199663 0.189189 0.385889 -0.114714 0.342537 0.197629 0.201443 0.186265 0.203819 0.198229 0.191545
2475000 0.20428 0.214406 0.19901 0.0 0.0 0.0 0.20377 0.217083 0.197198 0.204908 0.211081 0.201237
2475000 0.189758 0.218065 0.193023 0.164073 1.18861 3.89879 0.189786 0.217397 0.188423 0.189729 0.218728 0.197593
2475000 0.2045 0.216658 0.19402 -0.000167272 0.000412428 0.00198268 0.205892 0.21585 0.187966 0.20377 0.217083 0.197198
2475000 0.216029 0.196749 0.205969 -0.361304 -1.51418 -1.66359 0.216693 0.200338 0.21134 0.215478 0.193773 0.201514
2475000 0.190376 0.210761 0.200222 -0.000319548 -1.78874e-05 0.000501385 0.192085 0.210344 0.197483 0.186923 0.211602 0.205756
2475000 0.206643 0.205942 0.185732 0.0 0.0 0.0 0.207991 0.207424 0.183014 0.205333 0.204503 0.188373
2475000 0.206322 0.210991 0.205014 -0.718359 0.00153567 -1.26793 0.208277 0.210867 0.210236 0.204908 0.211081 0.201237
2475000 0.214198 0.209703 0.20205 -0.0 0.0 -0.0 0.218394 0.21257 0.203938 0.211855 0.208102 0.200996
2475000 0.218851 0.215399 0.199336 -0.183384 -0.434857 0.631731 0.219182 0.217447 0.196005 0.218394 0.21257 0.203938
2475000 0.180255 0.2141 0.197202 0.0 0.0 0.0 0.180969 0.216143 0.199612 0.179364 0.211505 0.194199
2475000 0.187774 0.205791 0.184785 0.0 0.0 0.0 0.191234 0.205505 0.182471 0.183808 0.206073 0.187439
2475000 0.187637 0.207318 0.188645 0.0 0.0 0.0 0.19176 0.208614 0.189945 0.183808 0.206073 0.187439
2475000 0.180975 0.20853 0.199277 0.0 0.0 0.0 0.178619 0.210664 0.200976 0.184845 0.204966 0.196487
2475000 0.181849 0.204125 0.200426 0.0 0.0 0.0 0.178738 0.203208 0.204517 0.184845 0.204966 0.196487
2475000 0.182354 0.206939 0.205064 0.0 0.0 0.0 0.186923 0.211602 0.205756 0.178738 0.203208 0.204517
2475000 0.182862 0.214721 0.201565 0.0 0.0 0.0 0.180969 0.216143 0.199612 0.186923 0.211602 0.205756
2475000 0.185795 0.218155 0.190897 0.0 0.0 0.0 0.189786 0.217397 0.188423 0.182274 0.218783 0.193079
2475000 0.193547 0.195399 0.199947 0.0 0.0 0.0 0.19292 0.200507 0.199572 0.193999 0.191693 0.200218
2475000 0.190056 0.197598 0.201955 0.0 0.0 0.0 0.19292 0.200507 0.199572 0.188056 0.195538 0.20362
2475000 0.189357 0.210215 0.186309 0.0 0.0 0.0 0.19176 0.208614 0.189945 0.187526 0.211397 0.18354
2475000 0.190368 0.203101 0.185848 0.0 0.0 0.0 0.189366 0.200272 0.189759 0.191234 0.205505 0.182471
2475000 0.191948 0.209632 0.194311 0.0 0.0 0.0 0.19176 0.208614 0.189945 0.192085 0.210344 0.197483
2475000 0.195568 0.207391 0.192286 0.0 0.0 0.0 0.19176 0.208614 0.189945 0.200088 0.205892 0.195066
2475000 0.188497 0.206914 0.193032 0.0 0.0 0.0 0.19176 0.208614 0.189945 0.184845 0.204966 0.196487
2475000 0.194581 0.20519 0.188176 0.0 0.0 0.0 0.197629 0.201443 0.186265 0.19176 0.208614 0.189945
2475000 0.196736 0.21402 0.189037 0.0 0.0 0.0 0.196975 0.214597 0.193227 0.196515 0.213441 0.185136
2475000 0.189239 0.211516 0.195649 0.0 0.0 0.0 0.186363 0.212668 0.193796 0.192085 0.210344 0.197483
2475000 0.194246 0.21224 0.195602 0.0 0.0 0.0 0.192085 0.210344 0.197483 0.196975 0.214597 0.193227
2475000 0.195123 0.208669 0.196565 0.0 0.0 0.0 0.192085 0.210344 0.197483 0.200088 0.205892 0.195066
2475000 0.189235 0.208242 0.197091 0.0 0.0 0.0 0.192085 0.210344 0.197483 0.184845 0.204966 0.196487
2475000 0.187305 0.202434 0.192826 0.0 0.0 0.0 0.189366 0.200272 0.189759 0.184845 0.204966 0.196487
2475000 0.193812 0.208864 0.199806 0.0 0.0 0.0 0.192085 0.210344 0.197483 0.195435 0.207442 0.201988
2475000 0.194124 0.21228 0.199352 0.0 0.0 0.0 0.192085 0.210344 0.197483 0.197113 0.215078 0.202091
2475000 0.197133 0.206898 0.199462 0.0 0.0 0.0 0.195435 0.207442 0.201988 0.200088 0.205892 0.195066
2475000 0.195579 0.217336 0.183607 0.0 0.0 0.0 0.194397 0.222212 0.181676 0.196515 0.213441 0.185136
2475000 0.191111 0.213826 0.197528 0.0 0.0 0.0 0.192085 0.210344 0.197483 0.189729 0.218728 0.197593
2475000 0.193601 0.215933 0.190972 0.0 0.0 0.0 0.196975 0.214597 0.193227 0.189786 0.217397 0.188423
2475000 0.193563 0.216564 0.195282 0.0 0.0 0.0 0.196975 0.214597 0.193227 0.189729 0.218728 0.197593
2475000 0.201717 0.19991 0.183688 0.0 0.0 0.0 0.197629 0.201443 0.186265 0.207443 0.19771 0.18008
2475000 0.200959 0.200475 0.197377 0.0 0.0 0.0 0.200088 0.205892 0.195066 0.201701 0.195823 0.199345
2475000 0.1974 0.198139 0.199456 0.0 0.0 0.0 0.19292 0.200507 0.199572 0.201701 0.195823 0.199345
2475000 0.205162 0.207317 0.193909 0.0 0.0 0.0 0.208347 0.208176 0.193183 0.200088 0.205892 0.195066
2475000 0.203333 0.20505 0.190924 0.0 0.0 0.0 0.205333 0.204503 0.188373 0.200088 0.205892 0.195066
2475000 0.202224 0.203285 0.18752 0.0 0.0 0.0 0.197629 0.201443 0.186265 0.205333 0.204503 0.188373
2475000 0.202829 0.208864 0.198575 0.0 0.0 0.0 0.200088 0.205892 0.195066 0.204908 0.211081 0.201237
2475000 0.200956 0.204677 0.200337 0.0 0.0 0.0 0.200088 0.205892 0.195066 0.201823 0.203418 0.205603
2475000 0.197106 0.201898 0.202407 0.0 0.0 0.0 0.19292 0.200507 0.199572 0.201823 0.203418 0.205603
2475000 0.198755 0.21513 0.181988 0.0 0.0 0.0 0.20137 0.217055 0.178314 0.196515 0.213441 0.185136
2475000 0.200508 0.215115 0.191142 0.0 0.0 0.0 0.196975 0.214597 0.193227 0.205892 0.21585 0.187966
2475000 0.200749 0.215999 0.195432 0.0 0.0 0.0 0.196975 0.214597 0.193227 0.20377 0.217083 0.197198
2475000 0.194943 0.209049 0.210838 0.0 0.0 0.0 0.193286 0.208848 0.215182 0.196064 0.209148 0.207901
2475000 0.190655 0.210008 0.211285 0.0 0.0 0.0 0.193286 0.208848 0.215182 0.186923 0.211602 0.205756
2475000 0.19648 0.21152 0.205598 0.0 0.0 0.0 0.196064 0.209148 0.207901 0.197113 0.215078 0.202091
2475000 0.192734 0.208784 0.203184 0.0 0.0 0.0 0.186923 0.211602 0.205756 0.195435 0.207442 0.201988
2475000 0.19425 0.205433 0.204663 0.0 0.0 0.0 0.195435 0.207442 0.201988 0.192472 0.202362 0.208678
2475000 0.192829 0.213638 0.203632 0.0 0.0 0.0 0.186923 0.211602 0.205756 0.197113 0.215078 0.202091
2475000 0.195226 0.201964 0.212445 0.0 0.0 0.0 0.192472 0.202362 0.208678 0.197479 0.201599 0.215526
2475000 0.19686 0.210537 0.218665 0.0 0.0 0.0 0.193286 0.208848 0.215182 0.19949 0.211742 0.221227
2475000 0.196636 0.203172 0.219007 0.0 0.0 0.0 0.195604 0.205053 0.223274 0.197479 0.201599 0.215526
2475000 0.198044 0.215396 0.206772 0.0 0.0 0.0 0.199011 0.215682 0.211638 0.197113 0.215078 0.202091
2475000 0.198465 0.207813 0.21611 0.0 0.0 0.0 0.193286 0.208848 0.215182 0.202824 0.206902 0.216893
2475000 0.201053 0.216286 0.199193 0.0 0.0 0.0 0.197113 0.215078 0.202091 0.20377 0.217083 0.197198
2475000 0.199511 0.206075 0.21982 0.0 0.0 0.0 0.202824 0.206902 0.216893 0.195604 0.205053 0.223274
2475000 0.194474 0.216947 0.213559 0.0 0.0 0.0 0.199011 0.215682 0.211638 0.189232 0.218362 0.215779
2475000 0.202206 0.217435 0.208153 0.0 0.0 0.0 0.199011 0.215682 0.211638 0.205218 0.219045 0.204868
2475000 0.206022 0.202305 0.185668 0.0 0.0 0.0 0.205333 0.204503 0.188373 0.207443 0.19771 0.18008
2475000 0.216345 0.200573 0.196841 0.0 0.0 0.0 0.218075 0.203308 0.200132 0.215182 0.198697 0.19463
2475000 0.211896 0.197996 0.199614 0.0 0.0 0.0 0.208746 0.20167 0.197942 0.215478 0.193773 0.201514
2475000 0.209219 0.200696 0.205971 0.0 0.0 0.0 0.210219 0.20401 0.205278 0.20785 0.196109 0.206919
2475000 0.208418 0.197172 0.215031 0.0 0.0 0.0 0.206487 0.200905 0.213426 0.210752 0.192613 0.216971
2475000 0.20284 0.211407 0.18335 0.0 0.0 0.0 0.205892 0.21585 0.187966 0.200512 0.207982 0.179832
2475000 0.207256 0.210396 0.184748 0.0 0.0 0.0 0.207991 0.207424 0.183014 0.205892 0.21585 0.187966
2475000 0.211308 0.21337 0.184666 0.0 0.0 0.0 0.205892 0.21585 0.187966 0.215296 0.211506 0.182238
2475000 0.2073 0.213951 0.182114 0.0 0.0 0.0 0.205892 0.21585 0.187966 0.208079 0.212868 0.178878
2475000 0.213549 0.214346 0.193258 0.0 0.0 0.0 0.215479 0.214242 0.190094 0.211281 0.21442 0.196976
2475000 0.212145 0.205505 0.196375 0.0 0.0 0.0 0.208746 0.20167 0.197942 0.214315 0.207919 0.195375
2475000 0.209624 0.210914 0.194833 0.0 0.0 0.0 0.208347 0.208176 0.193183 0.211281 0.21442 0.196976
2475000 0.206828 0.206341 0.190755 0.0 0.0 0.0 0.208347 0.208176 0.193183 0.205333 0.204503 0.188373
2475000 0.208605 0.20426 0.188312 0.0 0.0 0.0 0.205333 0.204503 0.188373 0.213828 0.203827 0.188221
2475000 0.211159 0.202716 0.193326 0.0 0.0 0.0 0.208746 0.20167 0.197942 0.213828 0.203827 0.188221
2475000 0.213088 0.208029 0.198185 0.0 0.0 0.0 0.214315 0.207919 0.195375 0.211855 0.208102 0.200996
2475000 0.211621 0.210718 0.199343 0.0 0.0 0.0 0.211281 0.21442 0.196976 0.211855 0.208102 0.200996
2475000 0.210645 0.205612 0.199806 0.0 0.0 0.0 0.208746 0.20167 0.197942 0.211855 0.208102 0.200996
2475000 0.205483 0.202515 0.201552 0.0 0.0 0.0 0.208746 0.20167 0.197942 0.201823 0.203418 0.205603
2475000 0.214307 0.21785 0.191682 0.0 0.0 0.0 0.215479 0.214242 0.190094 0.213051 0.221669 0.193384
2475000 0.207009 0.215955 0.197101 0.0 0.0 0.0 0.20377 0.217083 0.197198 0.211281 0.21442 0.196976
2475000 0.213479 0.202523 0.199053 0.0 0.0 0.0 0.218075 0.203308 0.200132 0.208746 0.20167 0.197942
2475000 0.214442 0.213619 0.200069 0.0 0.0 0.0 0.218394 0.21257 0.203938 0.211281 0.21442 0.196976
2475000 0.217274 0.215817 0.192959 0.0 0.0 0.0 0.219182 0.217447 0.196005 0.215479 0.214242 0.190094
2475000 0.215428 0.21603 0.196466 0.0 0.0 0.0 0.219182 0.217447 0.196005 0.211281 0.21442 0.196976
2475000 0.208879 0.209397 0.2011 0.0 0.0 0.0 0.211855 0.208102 0.200996 0.204908 0.211081 0.201237
2475000 0.21105 0.206102 0.203109 0.0 0.0 0.0 0.210219 0.20401 0.205278 0.211855 0.208102 0.200996
2475000 0.207228 0.205052 0.212104 0.0 0.0 0.0 0.208277 0.210867 0.210236 0.206487 0.200905 0.213426
2475000 0.204501 0.201997 0.210094 0.0 0.0 0.0 0.206487 0.200905 0.213426 0.201823 0.203418 0.205603
2475000 0.207401 0.216228 0.212437 0.0 0.0 0.0 0.208277 0.210867 0.210236 0.2067 0.220477 0.214198
2475000 0.205052 0.214791 0.202918 0.0 0.0 0.0 0.205218 0.219045 0.204868 0.204908 0.211081 0.201237
2475000 0.214326 0.206218 0.200654 0.0 0.0 0.0 0.218075 0.203308 0.200132 0.211855 0.208102 0.200996
2475000 0.213408 0.211752 0.207042 0.0 0.0 0.0 0.208277 0.210867 0.210236 0.218394 0.21257 0.203938
2475000 0.212165 0.206024 0.210746 0.0 0.0 0.0 0.208277 0.210867 0.210236 0.216693 0.200338 0.21134
2475000 0.204884 0.209893 0.218379 0.0 0.0 0.0 0.202824 0.206902 0.216893 0.207404 0.213502 0.220197
2475000 0.206099 0.205654 0.218744 0.0 0.0 0.0 0.202824 0.206902 0.216893 0.210759 0.203826 0.221378
2475000 0.204367 0.217914 0.200363 0.0 0.0 0.0 0.205218 0.219045 0.204868 0.20377 0.217083 0.197198
2475000 0.217502 0.202098 0.20478 0.0 0.0 0.0 0.218075 0.203308 0.200132 0.216693 0.200338 0.21134
