# ts x y z Fx Fy Fz x1 y1 z1 x2 y2 z2
2768750 0.185823 0.196603 0.187859 5.27649 2.70323 3.28098 0.182499 0.195597 0.186008 0.189372 0.197676 0.189835
2768750 0.183416 0.193858 0.197118 -15.0952 8.56725 2.26387 0.18719 0.191759 0.195838 0.18065 0.195396 0.198056
2768750 0.188984 0.200117 0.198096 -17.8559 14.2194 -7.9626 0.192894 0.197954 0.199598 0.184826 0.202416 0.1965
2768750 0.183566 0.192703 0.208194 8.25382 7.61983 8.41433 0.180501 0.190784 0.205105 0.186162 0.194328 0.21081
2768750 0.194441 0.182623 0.181398 9.54793 5.93428 -0.187475 0.191336 0.179929 0.181453 0.196962 0.184811 0.181354
2768750 0.198114 0.1873 0.183257 -3.92722 -15.0532 -9.58845 0.199482 0.190256 0.185518 0.196962 0.184811 0.181354
2768750 0.199859 0.184184 0.182893 -1.39915 0.136692 -0.967661 0.202907 0.183523 0.184514 0.196962 0.184811 0.181354
2768750 0.194054 0.179165 0.190189 -3.7465 -10.617 8.20862 0.195705 0.182167 0.188098 0.192619 0.176556 0.192007
2768750 0.18587 0.179865 0.191079 0.438199 2.0725 1.25831 0.185745 0.177117 0.189129 0.186029 0.183353 0.193556
2768750 0.192947 0.184958 0.187242 -2.66997 3.33923 -0.406149 0.195705 0.182167 0.188098 0.189187 0.188763 0.186075
2768750 0.198027 0.183333 0.191159 6.26868 5.06967 11.4218 0.195705 0.182167 0.188098 0.200915 0.184782 0.194965
2768750 0.188231 0.180718 0.214188 14.332 16.8415 9.80183 0.185315 0.178208 0.212119 0.191785 0.183777 0.21671
2768750 0.19769 0.191252 0.188911 -8.6894 8.65194 25.1054 0.199482 0.190256 0.185518 0.195649 0.192387 0.192775
2768750 0.192397 0.195127 0.191252 -3.583 2.19644 -1.18773 0.195649 0.192387 0.192775 0.189372 0.197676 0.189835
2768750 0.196612 0.195506 0.189655 -0.935116 -11.6651 11.7679 0.197645 0.198851 0.18631 0.195649 0.192387 0.192775
2768750 0.194301 0.19511 0.196113 13.6776 -17.8623 -20.9821 0.192894 0.197954 0.199598 0.195649 0.192387 0.192775
2768750 0.1951 0.195543 0.202994 9.2306 -6.37299 12.7203 0.192894 0.197954 0.199598 0.196692 0.193804 0.205443
2768750 0.192683 0.198887 0.204214 1.76381 4.78271 17.3261 0.192894 0.197954 0.199598 0.192479 0.199794 0.208707
2768750 0.196265 0.200486 0.197484 1.30364 1.14729 -0.581429 0.192894 0.197954 0.199598 0.200067 0.203342 0.1951
2768750 0.19815 0.188775 0.193815 -13.6983 28.9049 -7.79486 0.200915 0.184782 0.194965 0.195649 0.192387 0.192775
2768750 0.202414 0.192058 0.183548 18.7498 10.6647 -8.22623 0.199482 0.190256 0.185518 0.207428 0.195141 0.180177
2768750 0.202991 0.189434 0.187177 1.41065 -0.594689 0.639763 0.199482 0.190256 0.185518 0.206687 0.188569 0.188924
2768750 0.199082 0.202166 0.183085 4.83866 11.6108 -8.06773 0.197645 0.198851 0.18631 0.200498 0.205435 0.179907
2768750 0.189115 0.196884 0.209827 19.1203 21.6862 -4.62518 0.186162 0.194328 0.21081 0.192479 0.199794 0.208707
2768750 0.199641 0.189776 0.216487 -6.99934 -6.61843 17.638 0.200711 0.19182 0.212294 0.198854 0.188272 0.219573
2768750 0.204634 0.185828 0.186528 0.816594 0.977586 0.628657 0.202907 0.183523 0.184514 0.206687 0.188569 0.188924
2768750 0.200767 0.180382 0.192608 0.559224 -4.79363 -2.08605 0.200915 0.184782 0.194965 0.200665 0.177355 0.190986
2768750 0.210215 0.183195 0.192356 5.47131 6.12885 5.74375 0.20767 0.180387 0.190518 0.212687 0.185921 0.194141
2768750 0.213009 0.183774 0.197607 0.264007 3.37256 -7.11578 0.213319 0.181711 0.200937 0.212687 0.185921 0.194141
2768750 0.202103 0.182052 0.198973 7.6967 -9.98966 15.3533 0.200915 0.184782 0.194965 0.203017 0.179954 0.202052
2768750 0.204312 0.185843 0.198466 16.5822 3.5698 12.4761 0.200915 0.184782 0.194965 0.207083 0.186709 0.201321
2768750 0.21122 0.189737 0.193991 0.27101 -0.801978 -0.0990676 0.210118 0.192605 0.193878 0.212687 0.185921 0.194141
2768750 0.214243 0.188447 0.191327 -3.80833 -7.26851 5.73085 0.216094 0.19145 0.187982 0.212687 0.185921 0.194141
2768750 0.205894 0.179711 0.204579 -9.47619 2.81672 -9.57146 0.20896 0.179452 0.207271 0.203017 0.179954 0.202052
2768750 0.214682 0.178895 0.203313 1.60255 -3.30631 1.96411 0.213319 0.181711 0.200937 0.215917 0.176342 0.205467
2768750 0.206741 0.186467 0.205372 0.333029 -0.755127 -8.05881 0.206463 0.186271 0.208657 0.207083 0.186709 0.201321
2768750 0.208052 0.184691 0.211084 0.345322 -0.546573 0.789499 0.206463 0.186271 0.208657 0.209499 0.183251 0.213294
2768750 0.204097 0.184651 0.210294 -11.3223 -8.95592 5.64566 0.206463 0.186271 0.208657 0.200767 0.18237 0.2126
2768750 0.210679 0.188616 0.201424 -19.5117 -12.8061 -3.61916 0.215433 0.191136 0.20156 0.207083 0.186709 0.201321
2768750 0.207046 0.189434 0.207905 0.661579 8.8831 -3.25112 0.206463 0.186271 0.208657 0.207797 0.19351 0.206936
2768750 0.212271 0.183129 0.214456 0.760857 -0.0726849 0.191595 0.209499 0.183251 0.213294 0.21598 0.182964 0.216011
2768750 0.205176 0.196091 0.198686 -3.75496 -3.98548 1.52664 0.208739 0.199124 0.197954 0.20177 0.193191 0.199385
2768750 0.208664 0.190894 0.191778 -1.0095 -1.67003 -2.2921 0.210118 0.192605 0.193878 0.206687 0.188569 0.188924
2768750 0.21263 0.194331 0.194275 2.63146 1.73793 -0.0877005 0.210118 0.192605 0.193878 0.215158 0.196067 0.194676
2768750 0.209575 0.195171 0.195482 -0.188428 1.38395 0.597503 0.210118 0.192605 0.193878 0.208739 0.199124 0.197954
2768750 0.218056 0.195004 0.194844 -7.19679 1.40613 -0.417217 0.221915 0.193587 0.195067 0.215158 0.196067 0.194676
2768750 0.204462 0.192715 0.209458 11.4753 3.29386 -12.025 0.200711 0.19182 0.212294 0.207797 0.19351 0.206936
2768750 0.211169 0.192462 0.204562 -34.6771 9.46248 16.7582 0.215433 0.191136 0.20156 0.207797 0.19351 0.206936
2768750 0.217293 0.187274 0.204814 -12.0635 34.5722 -21.0454 0.218958 0.183817 0.207727 0.215433 0.191136 0.20156
2768750 0.20708 0.192474 0.21864 16.8609 -12.6886 -11.755 0.203926 0.194608 0.220057 0.210775 0.189974 0.216979
2768750 0.206315 0.183554 0.183653 -1.13065 -0.0464357 0.48262 0.211556 0.183602 0.182329 0.202907 0.183523 0.184514
2768750 0.207102 0.19601 0.21031 0.126203 -7.95198 -9.92217 0.206459 0.198325 0.213434 0.207797 0.19351 0.206936
2768750 0.205212 0.196495 0.216695 1.15653 3.57234 -5.82017 0.203926 0.194608 0.220057 0.206459 0.198325 0.213434
2768750 0.203748 0.183032 0.216106 5.24625 1.56779 8.66268 0.200767 0.18237 0.2126 0.205961 0.183523 0.218709
2768750 0.20245 0.193328 0.216493 2.08066 1.23363 3.32868 0.200711 0.19182 0.212294 0.203926 0.194608 0.220057
2768750 0.194548 0.191582 0.206867 7.00166 10.0068 -4.69226 0.191897 0.188833 0.208629 0.196692 0.193804 0.205443
2768750 0.188967 0.191641 0.209743 -4.11502 4.98898 1.02948 0.191897 0.188833 0.208629 0.186162 0.194328 0.21081
2768750 0.20881 0.186403 0.186049 -0.895375 1.37951 1.8149 0.211556 0.183602 0.182329 0.206687 0.188569 0.188924
2768750 0.191848 0.186602 0.212195 -2.68549 -8.56626 13.1659 0.191897 0.188833 0.208629 0.191785 0.183777 0.21671
2768750 0.199211 0.180366 0.196559 -1.59319 -5.38492 1.05966 0.200915 0.184782 0.194965 0.198108 0.177509 0.19759
2768750 0.195611 0.180812 0.218933 -8.92279 4.97785 -3.77573 0.199117 0.178096 0.220971 0.191785 0.183777 0.21671
2768750 0.215258 0.194268 0.197187 -3.84604 13.002 -23.4088 0.215433 0.191136 0.20156 0.215158 0.196067 0.194676
2768750 0.207898 0.179341 0.194592 -0.0565992 -1.31635 3.17186 0.20767 0.180387 0.190518 0.208064 0.178581 0.197553
2768750 0.211183 0.180605 0.20404 -12.2777 -10.8166 19.3996 0.213319 0.181711 0.200937 0.20896 0.179452 0.207271
2768750 0.181806 0.199457 0.193805 2.87381 4.13291 3.19191 0.179974 0.197663 0.192172 0.184826 0.202416 0.1965
2768750 0.198706 0.192788 0.196076 3.75005 0.468471 5.61247 0.195649 0.192387 0.192775 0.20177 0.193191 0.199385
2768750 0.219106 0.192525 0.19788 -22.9015 -7.95435 31.2127 0.221915 0.193587 0.195067 0.215433 0.191136 0.20156
2768750 0.216832 0.182269 0.199272 -26.9068 -1.69527 8.50472 0.222565 0.183179 0.196557 0.213319 0.181711 0.200937
2768750 0.205216 0.192229 0.190303 0.254769 -0.605254 -0.118317 0.203841 0.195648 0.19159 0.206687 0.188569 0.188924
2768750 0.213268 0.193261 0.214599 1.50072 2.91134 -1.69333 0.210775 0.189974 0.216979 0.216668 0.197742 0.211355
2768750 0.186584 0.200581 0.188631 -1.90183 1.5376 -1.02316 0.189372 0.197676 0.189835 0.183822 0.203458 0.187438
2768750 0.19443 0.202168 0.201049 5.64315 10.2677 3.02564 0.192894 0.197954 0.199598 0.195426 0.2049 0.201989
2768750 0.210365 0.179952 0.199035 2.41655 2.08847 1.62673 0.208064 0.178581 0.197553 0.213319 0.181711 0.200937
2768750 0.188319 0.194821 0.192732 0.77708 5.7576 -5.53048 0.18719 0.191759 0.195838 0.189372 0.197676 0.189835
2768750 0.201484 0.180394 0.183781 0.339353 1.21654 0.209655 0.199447 0.175914 0.182733 0.202907 0.183523 0.184514
2768750 0.196751 0.183628 0.2058 -7.17629 -11.003 2.49473 0.199557 0.186713 0.204907 0.193573 0.180134 0.206812
2768750 0.2001 0.189119 0.208387 -0.637895 -1.49177 -3.04602 0.200711 0.19182 0.212294 0.199557 0.186713 0.204907
2768750 0.20063 0.189856 0.202228 0.763965 1.42766 -1.08069 0.199557 0.186713 0.204907 0.20177 0.193191 0.199385
2768750 0.21185 0.189002 0.212443 -1.07838 0.241397 4.9294 0.21257 0.188351 0.209403 0.210775 0.189974 0.216979
2768750 0.186594 0.187449 0.194668 -0.020489 -2.15054 -0.357297 0.18719 0.191759 0.195838 0.186029 0.183353 0.193556
2768750 0.196954 0.196798 0.218416 0.469515 2.57752 -2.41919 0.196447 0.19468 0.221159 0.197498 0.199067 0.215476
2768750 0.19891 0.195883 0.214078 -1.17742 3.35759 0.880254 0.200711 0.19182 0.212294 0.197498 0.199067 0.215476
2768750 0.207176 0.184495 0.189718 -0.00216004 0.0755009 -0.00457904 0.20767 0.180387 0.190518 0.206687 0.188569 0.188924
2768750 0.215114 0.186545 0.208735 -5.54376 5.47789 1.72629 0.218958 0.183817 0.207727 0.21257 0.188351 0.209403
2768750 0.189292 0.193806 0.188202 0.29599 8.48295 2.08703 0.189187 0.188763 0.186075 0.189372 0.197676 0.189835
2768750 0.193965 0.201165 0.184173 -2.94002 1.35237 -2.0643 0.197645 0.198851 0.18631 0.191206 0.202899 0.182572
2768750 0.209451 0.180428 0.214331 0.0544517 -0.526495 0.13075 0.209499 0.183251 0.213294 0.209346 0.174166 0.21663
2768750 0.214984 0.196181 0.188149 -0.149789 1.92269 -0.0178298 0.216094 0.19145 0.187982 0.213789 0.201279 0.188329
2768750 0.189977 0.194786 0.197675 0.733847 1.12667 0.537496 0.18719 0.191759 0.195838 0.192894 0.197954 0.199598
2768750 0.182308 0.198184 0.197438 4.29951 7.24727 -0.249481 0.18065 0.195396 0.198056 0.184826 0.202416 0.1965
2768750 0.197366 0.179392 0.185717 0.0604426 -0.0804913 -0.0553445 0.195705 0.182167 0.188098 0.199447 0.175914 0.182733
2768750 0.197962 0.190658 0.205205 -0.944537 3.90613 0.534216 0.199557 0.186713 0.204907 0.196692 0.193804 0.205443
2768750 0.204579 0.182398 0.192553 -11.5206 4.98002 8.02431 0.20767 0.180387 0.190518 0.200915 0.184782 0.194965
2768750 0.210257 0.184165 0.201125 -7.88481 6.01285 -1.08295 0.213319 0.181711 0.200937 0.207083 0.186709 0.201321
2768750 0.183316 0.190732 0.19378 -4.52925 -1.76157 -3.33027 0.18719 0.191759 0.195838 0.179181 0.189636 0.191584
2768750 0.203407 0.186711 0.203072 11.3223 -1.98039 -5.13072 0.199557 0.186713 0.204907 0.207083 0.186709 0.201321
2768750 0.217209 0.179518 0.206427 -3.91574 -14.1015 -2.38494 0.218958 0.183817 0.207727 0.215917 0.176342 0.205467
2768750 0.212622 0.197275 0.195971 3.21413 -2.28932 -1.89591 0.208739 0.199124 0.197954 0.215158 0.196067 0.194676
2768750 0.218689 0.187504 0.199276 -0.375892 0.599937 0.367127 0.222565 0.183179 0.196557 0.215433 0.191136 0.20156
2768750 0.19604 0.186483 0.218433 0.328924 0.294403 0.170512 0.191785 0.183777 0.21671 0.198854 0.188272 0.219573
2768750 0.205825 0.17919 0.199549 -1.12489 0.576703 1.06601 0.208064 0.178581 0.197553 0.203017 0.179954 0.202052
2768750 0.209993 0.185853 0.21472 0.00985045 0.0316837 0.0130066 0.209499 0.183251 0.213294 0.210775 0.189974 0.216979
2768750 0.207579 0.183225 0.208038 0.692599 -3.53062 -0.830315 0.206463 0.186271 0.208657 0.20896 0.179452 0.207271
2768750 0.197699 0.178949 0.213309 8.03727 8.17 -3.6138 0.195535 0.176537 0.21381 0.200767 0.18237 0.2126
2768750 0.186031 0.179438 0.19529 -0.00866458 -0.0678881 0.022072 0.186029 0.183353 0.193556 0.186033 0.17464 0.197415
2768750 0.211018 0.198605 0.184778 1.92406 2.38374 2.18131 0.207428 0.195141 0.180177 0.213789 0.201279 0.188329
2768750 0.210525 0.190561 0.208346 -2.67922 2.06579 -1.26033 0.21257 0.188351 0.209403 0.207797 0.19351 0.206936
2768750 0.198361 0.19298 0.208288 -6.17622 5.4678 -11.3461 0.200711 0.19182 0.212294 0.196692 0.193804 0.205443
2768750 0.210316 0.198105 0.212648 4.53519 -0.340162 -1.70333 0.206459 0.198325 0.213434 0.216668 0.197742 0.211355
2768750 0.204655 0.201111 0.19661 -0.396689 0.16347 -0.0608857 0.208739 0.199124 0.197954 0.200067 0.203342 0.1951
2768750 0.20697 0.191074 0.18559 -0.0168632 -0.120269 0.116757 0.207428 0.195141 0.180177 0.206687 0.188569 0.188924
2768750 0.1988 0.200991 0.190499 0.381338 1.02541 1.39646 0.197645 0.198851 0.18631 0.200067 0.203342 0.1951
2768750 0.196391 0.183611 0.184416 5.36781 5.21139 -15.0061 0.195705 0.182167 0.188098 0.196962 0.184811 0.181354
2768750 0.19887 0.193541 0.202845 -3.17153 1.08469 3.42548 0.20177 0.193191 0.199385 0.196692 0.193804 0.205443
2768750 0.200352 0.178627 0.19963 -1.56885 -1.23542 -1.69072 0.203017 0.179954 0.202052 0.198108 0.177509 0.19759
2768750 0.192728 0.190748 0.189746 11.2578 6.43113 8.43348 0.189187 0.188763 0.186075 0.195649 0.192387 0.192775
2768750 0.209569 0.187329 0.209036 3.30229 1.24962 -0.140996 0.206463 0.186271 0.208657 0.21257 0.188351 0.209403
2768750 0.202882 0.194511 0.195198 -0.181105 -0.236732 1.25603 0.203841 0.195648 0.19159 0.20177 0.193191 0.199385
2768750 0.182558 0.182779 0.195996 -1.21148 -0.20807 0.590476 0.186029 0.183353 0.193556 0.177609 0.181959 0.199476
2768750 0.191414 0.192072 0.194308 17.8042 4.39695 -6.42136 0.18719 0.191759 0.195838 0.195649 0.192387 0.192775
2768750 0.204057 0.186843 0.191676 0.959769 0.485807 -0.716188 0.200915 0.184782 0.194965 0.206687 0.188569 0.188924
2768750 0.190356 0.182788 0.204375 -10.5416 11.1323 -6.73525 0.193573 0.180134 0.206812 0.18735 0.185268 0.202097
2768750 0.183208 0.183861 0.200982 20.391 8.51576 2.34515 0.177609 0.181959 0.199476 0.18735 0.185268 0.202097
2768750 0.187415 0.185727 0.190273 0.0456349 0.158635 -0.206823 0.186029 0.183353 0.193556 0.189187 0.188763 0.186075
2768750 0.18727 0.188517 0.198964 0.553747 -11.5611 8.07936 0.18719 0.191759 0.195838 0.18735 0.185268 0.202097
2768750 0.215993 0.194131 0.206 -0.260345 -2.70364 -2.91517 0.216668 0.197742 0.211355 0.215433 0.191136 0.20156
2768750 0.196581 0.183026 0.214515 -5.91872 1.08008 3.95646 0.200767 0.18237 0.2126 0.191785 0.183777 0.21671
2768750 0.189703 0.187114 0.205479 -8.63232 -4.46867 -9.16 0.191897 0.188833 0.208629 0.18735 0.185268 0.202097
2768750 0.192467 0.190819 0.212296 -3.83861e-05 0.000807151 0.00149342 0.191897 0.188833 0.208629 0.192952 0.192503 0.215407
2768750 0.213872 0.188172 0.197344 2.71631 4.14495 4.65717 0.212687 0.185921 0.194141 0.215433 0.191136 0.20156
2768750 0.184994 0.182528 0.211541 3.77453e-05 0.000833855 -0.000203922 0.185315 0.178208 0.212119 0.184716 0.186265 0.21104
2768750 0.185002 0.192036 0.204206 0.205199 0.0940207 -0.0514856 0.180501 0.190784 0.205105 0.188119 0.192903 0.203583
2768750 0.195229 0.178847 0.198199 -0.0 -0.0 0.0 0.192324 0.180197 0.198815 0.198108 0.177509 0.19759
2768750 0.189988 0.184644 0.194555 -0.0309134 -0.0154247 -0.0109082 0.192859 0.18558 0.19528 0.186029 0.183353 0.193556
2768750 0.193363 0.187392 0.197752 0.000201401 0.00311836 0.00343221 0.192859 0.18558 0.19528 0.193913 0.189374 0.200456
2768750 0.195948 0.185274 0.195159 0.0666797 -0.0151984 -0.00941894 0.192859 0.18558 0.19528 0.200915 0.184782 0.194965
2768750 0.191096 0.187611 0.201161 -0.0 0.0 0.0 0.18735 0.185268 0.202097 0.193913 0.189374 0.200456
2768750 0.196415 0.188194 0.202429 -0.00423501 0.00262875 -0.00268733 0.199557 0.186713 0.204907 0.193913 0.189374 0.200456
2768750 0.189778 0.191116 0.205799 -0.0539792 0.0749922 -0.0648558 0.191897 0.188833 0.208629 0.188119 0.192903 0.203583
2768750 0.201077 0.197077 0.189234 0.132302 -0.0930395 0.0961162 0.197645 0.198851 0.18631 0.203841 0.195648 0.19159
2768750 0.204631 0.19906 0.189867 0.137281 1.17315 -0.412326 0.203841 0.195648 0.19159 0.205294 0.201928 0.188419
2768750 0.210452 0.20312 0.199835 0.00244598 0.0103542 0.00475449 0.208739 0.199124 0.197954 0.211546 0.205674 0.201037
2768750 0.209372 0.181795 0.186932 2.80015 1.40207 -4.14908 0.20767 0.180387 0.190518 0.211556 0.183602 0.182329
2768750 0.203811 0.178717 0.190776 -3.17859 -1.7568 0.690348 0.20767 0.180387 0.190518 0.200665 0.177355 0.190986
2768750 0.192827 0.180172 0.202038 0.00151935 -0.000450067 0.00502917 0.192324 0.180197 0.198815 0.193573 0.180134 0.206812
2768750 0.192484 0.189002 0.21593 -3.28286e-05 0.00387973 -0.000283853 0.191785 0.183777 0.21671 0.192952 0.192503 0.215407
2768750 0.190083 0.194981 0.201944 -0.149309 -0.23079 0.162056 0.192894 0.197954 0.199598 0.188119 0.192903 0.203583
2768750 0.204567 0.189779 0.200404 1.56629 -2.46463 0.356772 0.20177 0.193191 0.199385 0.207083 0.186709 0.201321
2768750 0.194716 0.193602 0.218311 -0.012847 -0.00769161 -0.0151465 0.196447 0.19468 0.221159 0.192952 0.192503 0.215407
2768750 0.200136 0.184635 0.208587 -0.394273 1.18084 -1.52005 0.200767 0.18237 0.2126 0.199557 0.186713 0.204907
2768750 0.202726 0.185156 0.181406 2.03718e-05 0.00039908 -0.000559247 0.202907 0.183523 0.184514 0.202563 0.186616 0.178624
2768750 0.182436 0.182115 0.191304 0.0 0.0 0.0 0.186029 0.183353 0.193556 0.178569 0.180623 0.188883
2768750 0.180587 0.193578 0.200945 0.0 0.0 0.0 0.180501 0.190784 0.205105 0.18065 0.195396 0.198056
2768750 0.182799 0.186387 0.192624 0.0 0.0 0.0 0.186029 0.183353 0.193556 0.179181 0.189636 0.191584
2768750 0.183858 0.189301 0.189006 0.0 0.0 0.0 0.189187 0.188763 0.186075 0.179181 0.189636 0.191584
2768750 0.182847 0.188342 0.208413 0.0 0.0 0.0 0.180501 0.190784 0.205105 0.184716 0.186265 0.21104
2768750 0.187649 0.18531 0.213395 0.0 0.0 0.0 0.191785 0.183777 0.21671 0.184716 0.186265 0.21104
2768750 0.185913 0.185888 0.206966 0.0 0.0 0.0 0.18735 0.185268 0.202097 0.184716 0.186265 0.21104
2768750 0.188111 0.187557 0.2099 0.0 0.0 0.0 0.191897 0.188833 0.208629 0.184716 0.186265 0.21104
2768750 0.185413 0.190244 0.210929 0.0 0.0 0.0 0.186162 0.194328 0.21081 0.184716 0.186265 0.21104
2768750 0.184012 0.188029 0.203563 0.0 0.0 0.0 0.180501 0.190784 0.205105 0.18735 0.185268 0.202097
2768750 0.193547 0.181137 0.184813 0.0 0.0 0.0 0.195705 0.182167 0.188098 0.191336 0.179929 0.181453
2768750 0.197953 0.181336 0.181901 0.0 0.0 0.0 0.199447 0.175914 0.182733 0.196962 0.184811 0.181354
2768750 0.190413 0.183793 0.183433 0.0 0.0 0.0 0.189187 0.188763 0.186075 0.191336 0.179929 0.181453
2768750 0.192467 0.178513 0.195525 0.0 0.0 0.0 0.192619 0.176556 0.192007 0.192324 0.180197 0.198815
2768750 0.189601 0.181636 0.196538 0.0 0.0 0.0 0.186029 0.183353 0.193556 0.192324 0.180197 0.198815
2768750 0.194101 0.184159 0.19214 0.0 0.0 0.0 0.192859 0.18558 0.19528 0.195705 0.182167 0.188098
2768750 0.197606 0.18631 0.186798 0.0 0.0 0.0 0.195705 0.182167 0.188098 0.199482 0.190256 0.185518
2768750 0.1926 0.183021 0.196997 0.0 0.0 0.0 0.192859 0.18558 0.19528 0.192324 0.180197 0.198815
2768750 0.186667 0.18436 0.19771 0.0 0.0 0.0 0.186029 0.183353 0.193556 0.18735 0.185268 0.202097
2768750 0.190239 0.182397 0.200192 0.0 0.0 0.0 0.192324 0.180197 0.198815 0.18735 0.185268 0.202097
2768750 0.199548 0.182965 0.186184 0.0 0.0 0.0 0.195705 0.182167 0.188098 0.202907 0.183523 0.184514
2768750 0.19838 0.179649 0.189652 0.0 0.0 0.0 0.195705 0.182167 0.188098 0.200665 0.177355 0.190986
2768750 0.189235 0.1792 0.2096 0.0 0.0 0.0 0.185315 0.178208 0.212119 0.193573 0.180134 0.206812
2768750 0.194106 0.179372 0.214917 0.0 0.0 0.0 0.195535 0.176537 0.21381 0.191785 0.183777 0.21671
2768750 0.192722 0.181942 0.211521 0.0 0.0 0.0 0.191785 0.183777 0.21671 0.193573 0.180134 0.206812
2768750 0.192675 0.184859 0.207785 0.0 0.0 0.0 0.191897 0.188833 0.208629 0.193573 0.180134 0.206812
2768750 0.197239 0.181349 0.209764 0.0 0.0 0.0 0.200767 0.18237 0.2126 0.193573 0.180134 0.206812
2768750 0.199963 0.180359 0.216686 0.0 0.0 0.0 0.199117 0.178096 0.220971 0.200767 0.18237 0.2126
2768750 0.203127 0.181349 0.219649 0.0 0.0 0.0 0.199117 0.178096 0.220971 0.205961 0.183523 0.218709
2768750 0.194017 0.186381 0.183139 0.0 0.0 0.0 0.189187 0.188763 0.186075 0.196962 0.184811 0.181354
2768750 0.198281 0.19058 0.181447 0.0 0.0 0.0 0.199482 0.190256 0.185518 0.197194 0.190733 0.177775
2768750 0.197772 0.198125 0.181515 0.0 0.0 0.0 0.197856 0.197517 0.178301 0.197645 0.198851 0.18631
2768750 0.190546 0.188167 0.195499 0.0 0.0 0.0 0.192859 0.18558 0.19528 0.18719 0.191759 0.195838
2768750 0.193996 0.188418 0.19425 0.0 0.0 0.0 0.192859 0.18558 0.19528 0.195649 0.192387 0.192775
2768750 0.195157 0.189701 0.185749 0.0 0.0 0.0 0.199482 0.190256 0.185518 0.189187 0.188763 0.186075
2768750 0.188091 0.190479 0.191427 0.0 0.0 0.0 0.18719 0.191759 0.195838 0.189187 0.188763 0.186075
2768750 0.198655 0.194197 0.185872 0.0 0.0 0.0 0.197645 0.198851 0.18631 0.199482 0.190256 0.185518
2768750 0.191032 0.197877 0.194434 0.0 0.0 0.0 0.192894 0.197954 0.199598 0.189372 0.197676 0.189835
2768750 0.193215 0.198293 0.188195 0.0 0.0 0.0 0.197645 0.198851 0.18631 0.189372 0.197676 0.189835
2768750 0.190613 0.185519 0.19805 0.0 0.0 0.0 0.192859 0.18558 0.19528 0.18735 0.185268 0.202097
2768750 0.191026 0.190462 0.198464 0.0 0.0 0.0 0.18719 0.191759 0.195838 0.193913 0.189374 0.200456
2768750 0.187725 0.192493 0.200311 0.0 0.0 0.0 0.18719 0.191759 0.195838 0.188119 0.192903 0.203583
2768750 0.194661 0.190729 0.197152 0.0 0.0 0.0 0.195649 0.192387 0.192775 0.193913 0.189374 0.200456
2768750 0.19349 0.193028 0.20009 0.0 0.0 0.0 0.192894 0.197954 0.199598 0.193913 0.189374 0.200456
2768750 0.190357 0.20055 0.185936 0.0 0.0 0.0 0.189372 0.197676 0.189835 0.191206 0.202899 0.182572
2768750 0.186071 0.196874 0.19615 0.0 0.0 0.0 0.18719 0.191759 0.195838 0.184826 0.202416 0.1965
2768750 0.1873 0.199908 0.192873 0.0 0.0 0.0 0.189372 0.197676 0.189835 0.184826 0.202416 0.1965
2768750 0.194575 0.202649 0.188242 0.0 0.0 0.0 0.197645 0.198851 0.18631 0.191733 0.206028 0.190034
2768750 0.201299 0.186759 0.184983 0.0 0.0 0.0 0.199482 0.190256 0.185518 0.202907 0.183523 0.184514
2768750 0.201201 0.188298 0.18167 0.0 0.0 0.0 0.199482 0.190256 0.185518 0.202563 0.186616 0.178624
2768750 0.201721 0.197376 0.183753 0.0 0.0 0.0 0.197645 0.198851 0.18631 0.207428 0.195141 0.180177
2768750 0.20168 0.193047 0.188578 0.0 0.0 0.0 0.203841 0.195648 0.19159 0.199482 0.190256 0.185518
2768750 0.200044 0.194208 0.192138 0.0 0.0 0.0 0.203841 0.195648 0.19159 0.195649 0.192387 0.192775
2768750 0.197421 0.195594 0.199488 0.0 0.0 0.0 0.192894 0.197954 0.199598 0.20177 0.193191 0.199385
2768750 0.202207 0.200756 0.187566 0.0 0.0 0.0 0.197645 0.198851 0.18631 0.205294 0.201928 0.188419
2768750 0.197089 0.199386 0.202411 0.0 0.0 0.0 0.192894 0.197954 0.199598 0.201813 0.200852 0.20558
2768750 0.187792 0.189757 0.202957 0.0 0.0 0.0 0.18735 0.185268 0.202097 0.188119 0.192903 0.203583
2768750 0.195701 0.187853 0.206782 0.0 0.0 0.0 0.191897 0.188833 0.208629 0.199557 0.186713 0.204907
2768750 0.190974 0.19123 0.202038 0.0 0.0 0.0 0.188119 0.192903 0.203583 0.193913 0.189374 0.200456
2768750 0.193015 0.189196 0.204101 0.0 0.0 0.0 0.191897 0.188833 0.208629 0.193913 0.189374 0.200456
2768750 0.195305 0.19165 0.202943 0.0 0.0 0.0 0.196692 0.193804 0.205443 0.193913 0.189374 0.200456
2768750 0.187236 0.193618 0.206834 0.0 0.0 0.0 0.186162 0.194328 0.21081 0.188119 0.192903 0.203583
2768750 0.189764 0.193435 0.213247 0.0 0.0 0.0 0.186162 0.194328 0.21081 0.192952 0.192503 0.215407
2768750 0.1949 0.196423 0.206833 0.0 0.0 0.0 0.192479 0.199794 0.208707 0.196692 0.193804 0.205443
2768750 0.195172 0.195774 0.215443 0.0 0.0 0.0 0.192952 0.192503 0.215407 0.197498 0.199067 0.215476
2768750 0.195241 0.199463 0.212433 0.0 0.0 0.0 0.192479 0.199794 0.208707 0.197498 0.199067 0.215476
2768750 0.186218 0.196636 0.214346 0.0 0.0 0.0 0.186162 0.194328 0.21081 0.186305 0.199804 0.219475
2768750 0.195927 0.190447 0.217504 0.0 0.0 0.0 0.192952 0.192503 0.215407 0.198854 0.188272 0.219573
2768750 0.190434 0.195345 0.21695 0.0 0.0 0.0 0.192952 0.192503 0.215407 0.186305 0.199804 0.219475
2768750 0.201382 0.183228 0.203404 0.0 0.0 0.0 0.199557 0.186713 0.204907 0.203017 0.179954 0.202052
2768750 0.200185 0.185895 0.200327 0.0 0.0 0.0 0.200915 0.184782 0.194965 0.199557 0.186713 0.204907
2768750 0.197283 0.191072 0.19999 0.0 0.0 0.0 0.20177 0.193191 0.199385 0.193913 0.189374 0.200456
2768750 0.20345 0.186536 0.207019 0.0 0.0 0.0 0.206463 0.186271 0.208657 0.199557 0.186713 0.204907
2768750 0.19602 0.190303 0.210344 0.0 0.0 0.0 0.191897 0.188833 0.208629 0.200711 0.19182 0.212294
2768750 0.196271 0.192285 0.214077 0.0 0.0 0.0 0.200711 0.19182 0.212294 0.192952 0.192503 0.215407
2768750 0.200585 0.196997 0.217678 0.0 0.0 0.0 0.203926 0.194608 0.220057 0.197498 0.199067 0.215476
2768750 0.199681 0.185801 0.216569 0.0 0.0 0.0 0.200767 0.18237 0.2126 0.198854 0.188272 0.219573
2768750 0.201211 0.191287 0.219798 0.0 0.0 0.0 0.203926 0.194608 0.220057 0.198854 0.188272 0.219573
2768750 0.202245 0.198975 0.193075 0.0 0.0 0.0 0.203841 0.195648 0.19159 0.200067 0.203342 0.1951
2768750 0.205075 0.182171 0.187242 0.0 0.0 0.0 0.20767 0.180387 0.190518 0.202907 0.183523 0.184514
2768750 0.209277 0.181715 0.210737 0.0 0.0 0.0 0.209499 0.183251 0.213294 0.20896 0.179452 0.207271
2768750 0.205129 0.180892 0.209766 0.0 0.0 0.0 0.200767 0.18237 0.2126 0.20896 0.179452 0.207271
2768750 0.206075 0.18298 0.213019 0.0 0.0 0.0 0.209499 0.183251 0.213294 0.200767 0.18237 0.2126
2768750 0.207857 0.183452 0.215813 0.0 0.0 0.0 0.209499 0.183251 0.213294 0.205961 0.183523 0.218709
2768750 0.204292 0.179076 0.214258 0.0 0.0 0.0 0.200767 0.18237 0.2126 0.209346 0.174166 0.21663
2768750 0.204992 0.183305 0.201696 0.0 0.0 0.0 0.207083 0.186709 0.201321 0.203017 0.179954 0.202052
2768750 0.214214 0.185762 0.201199 0.0 0.0 0.0 0.213319 0.181711 0.200937 0.215433 0.191136 0.20156
2768750 0.208023 0.183162 0.204289 0.0 0.0 0.0 0.20896 0.179452 0.207271 0.207083 0.186709 0.201321
2768750 0.210993 0.185798 0.211404 0.0 0.0 0.0 0.209499 0.183251 0.213294 0.21257 0.188351 0.209403
2768750 0.200742 0.187099 0.212451 0.0 0.0 0.0 0.200711 0.19182 0.212294 0.200767 0.18237 0.2126
2768750 0.215855 0.182732 0.203986 0.0 0.0 0.0 0.218958 0.183817 0.207727 0.213319 0.181711 0.200937
2768750 0.207116 0.180407 0.218003 0.0 0.0 0.0 0.205961 0.183523 0.218709 0.209346 0.174166 0.21663
2768750 0.207984 0.186308 0.217985 0.0 0.0 0.0 0.205961 0.183523 0.218709 0.210775 0.189974 0.216979
2768750 0.205152 0.195535 0.187421 0.0 0.0 0.0 0.203841 0.195648 0.19159 0.207428 0.195141 0.180177
2768750 0.212478 0.193061 0.18472 0.0 0.0 0.0 0.216094 0.19145 0.187982 0.207428 0.195141 0.180177
2768750 0.209721 0.187304 0.191558 0.0 0.0 0.0 0.212687 0.185921 0.194141 0.206687 0.188569 0.188924
2768750 0.201363 0.189264 0.197282 0.0 0.0 0.0 0.200915 0.184782 0.194965 0.20177 0.193191 0.199385
2768750 0.207355 0.194019 0.192867 0.0 0.0 0.0 0.210118 0.192605 0.193878 0.203841 0.195648 0.19159
2768750 0.206055 0.197289 0.194465 0.0 0.0 0.0 0.203841 0.195648 0.19159 0.208739 0.199124 0.197954
2768750 0.209881 0.186389 0.197737 0.0 0.0 0.0 0.212687 0.185921 0.194141 0.207083 0.186709 0.201321
2768750 0.204877 0.193427 0.203276 0.0 0.0 0.0 0.20177 0.193191 0.199385 0.207797 0.19351 0.206936
2768750 0.212053 0.192144 0.196666 0.0 0.0 0.0 0.210118 0.192605 0.193878 0.215433 0.191136 0.20156
2768750 0.211874 0.195456 0.199641 0.0 0.0 0.0 0.208739 0.199124 0.197954 0.215433 0.191136 0.20156
2768750 0.212099 0.203016 0.196442 0.0 0.0 0.0 0.208739 0.199124 0.197954 0.214242 0.205389 0.195479
2768750 0.211138 0.200216 0.193383 0.0 0.0 0.0 0.208739 0.199124 0.197954 0.213789 0.201279 0.188329
2768750 0.205477 0.200007 0.201549 0.0 0.0 0.0 0.208739 0.199124 0.197954 0.201813 0.200852 0.20558
2768750 0.216537 0.184926 0.19508 0.0 0.0 0.0 0.222565 0.183179 0.196557 0.212687 0.185921 0.194141
2768750 0.211037 0.189972 0.188485 0.0 0.0 0.0 0.216094 0.19145 0.187982 0.206687 0.188569 0.188924
2768750 0.212436 0.192229 0.191589 0.0 0.0 0.0 0.210118 0.192605 0.193878 0.216094 0.19145 0.187982
2768750 0.215524 0.194344 0.192071 0.0 0.0 0.0 0.216094 0.19145 0.187982 0.215158 0.196067 0.194676
2768750 0.207435 0.190107 0.204065 0.0 0.0 0.0 0.207083 0.186709 0.201321 0.207797 0.19351 0.206936
2768750 0.204116 0.188609 0.21014 0.0 0.0 0.0 0.206463 0.186271 0.208657 0.200711 0.19182 0.212294
2768750 0.203866 0.195458 0.21292 0.0 0.0 0.0 0.200711 0.19182 0.212294 0.206459 0.198325 0.213434
2768750 0.213637 0.189458 0.206485 0.0 0.0 0.0 0.21257 0.188351 0.209403 0.215433 0.191136 0.20156
2768750 0.208414 0.194613 0.215041 0.0 0.0 0.0 0.206459 0.198325 0.213434 0.210775 0.189974 0.216979
2768750 0.201236 0.196172 0.209113 0.0 0.0 0.0 0.200711 0.19182 0.212294 0.201813 0.200852 0.20558
2768750 0.204482 0.19947 0.21009 0.0 0.0 0.0 0.206459 0.198325 0.213434 0.201813 0.200852 0.20558
2768750 0.213921 0.191515 0.210048 0.0 0.0 0.0 0.21257 0.188351 0.209403 0.216668 0.197742 0.211355
2768750 0.211314 0.195257 0.208686 0.0 0.0 0.0 0.216668 0.197742 0.211355 0.207797 0.19351 0.206936
2768750 0.183138 0.209608 0.194048 -7.32467 -0.0344853 0.469441 0.18638 0.210141 0.193882 0.179374 0.208989 0.194241
2768750 0.190514 0.201718 0.189932 -1.77304 -14.9157 -0.686051 0.191733 0.206028 0.190034 0.189372 0.197676 0.189835
2768750 0.192885 0.203041 0.211923 -0.789282 -13.8865 -10.0716 0.193296 0.20632 0.215171 0.192479 0.199794 0.208707
2768750 0.194611 0.203831 0.208233 -2.12367 -5.10235 1.31722 0.196066 0.206585 0.20791 0.192479 0.199794 0.208707
2768750 0.196805 0.200284 0.207258 -17.8673 -1.10071 9.15648 0.201813 0.200852 0.20558 0.192479 0.199794 0.208707
2768750 0.188454 0.211368 0.185624 -3.10117 -8.28644 -4.72969 0.189733 0.214841 0.188435 0.187515 0.208817 0.18356
2768750 0.188646 0.2084 0.192253 5.84382 -6.49358 -5.09619 0.18638 0.210141 0.193882 0.191733 0.206028 0.190034
2768750 0.194465 0.209167 0.191691 16.4379 17.9648 5.49785 0.191733 0.206028 0.190034 0.196969 0.212046 0.193211
2768750 0.187776 0.21269 0.195423 1.91568 4.27002 1.69002 0.18638 0.210141 0.193882 0.189735 0.216268 0.197587
2768750 0.197026 0.212277 0.197311 0.0706143 5.93804 27.2478 0.196969 0.212046 0.193211 0.197092 0.212545 0.202071
2768750 0.193354 0.214437 0.199792 -12.5709 8.62455 -10.6449 0.197092 0.212545 0.202071 0.189735 0.216268 0.197587
2768750 0.192015 0.217228 0.185165 -5.53843 -4.9082 5.44989 0.19439 0.219714 0.181761 0.189733 0.214841 0.188435
2768750 0.197462 0.215994 0.192188 0.613826 14.6218 -1.69046 0.196969 0.212046 0.193211 0.198033 0.220577 0.191
2768750 0.19077 0.217788 0.201821 -8.24427 -6.2079 -19.6613 0.19184 0.21936 0.206198 0.189735 0.216268 0.197587
2768750 0.196036 0.209633 0.213442 5.1326 6.63397 -5.00779 0.193296 0.20632 0.215171 0.198968 0.213178 0.211593
2768750 0.195742 0.205733 0.204913 0.0491472 -0.920761 -2.32306 0.196066 0.206585 0.20791 0.195426 0.2049 0.201989
2768750 0.197189 0.209138 0.209335 -3.14421 -7.12632 -5.69412 0.198968 0.213178 0.211593 0.196066 0.206585 0.20791
2768750 0.191496 0.210581 0.215433 -3.73557 14.7907 0.181095 0.193296 0.20632 0.215171 0.18927 0.215851 0.215757
2768750 0.198645 0.216797 0.200563 0.646046 2.23324 -0.416605 0.197092 0.212545 0.202071 0.199882 0.220187 0.199362
2768750 0.194467 0.215951 0.204133 5.816 -10.4848 -7.10182 0.19184 0.21936 0.206198 0.197092 0.212545 0.202071
2768750 0.20302 0.215687 0.212964 9.03011 7.90862 3.38957 0.198968 0.213178 0.211593 0.206663 0.217943 0.214197
2768750 0.20131 0.210369 0.20161 14.9105 -10.9268 -2.41737 0.197092 0.212545 0.202071 0.204877 0.208529 0.201221
2768750 0.201177 0.214557 0.203488 17.4081 5.58738 7.28725 0.197092 0.212545 0.202071 0.205181 0.216528 0.204877
2768750 0.190672 0.217765 0.210542 -5.63768 -5.81223 12.5899 0.19184 0.21936 0.206198 0.18927 0.215851 0.215757
2768750 0.201054 0.206946 0.219211 -4.55793 8.74545 9.18485 0.202851 0.204339 0.216938 0.199483 0.209226 0.221199
2768750 0.21465 0.198002 0.19232 1.65876 -21.8443 21.1354 0.213789 0.201279 0.188329 0.215158 0.196067 0.194676
2768750 0.209628 0.200534 0.202386 -0.353339 -1.53534 -6.63911 0.210211 0.20146 0.205297 0.208739 0.199124 0.197954
2768750 0.210256 0.203458 0.185139 17.4655 -6.4349 14.1704 0.207979 0.204863 0.183083 0.213789 0.201279 0.188329
2768750 0.208476 0.20296 0.195189 0.552032 -4.58486 2.3505 0.208291 0.205664 0.193241 0.208739 0.199124 0.197954
2768750 0.214076 0.203885 0.192862 1.77435 -8.27041 -15.4663 0.214242 0.205389 0.195479 0.213789 0.201279 0.188329
2768750 0.205135 0.196776 0.206333 10.7275 -18.5284 2.6821 0.201813 0.200852 0.20558 0.207797 0.19351 0.206936
2768750 0.203555 0.205216 0.203102 3.85144 14.2056 -10.2883 0.201813 0.200852 0.20558 0.204877 0.208529 0.201221
2768750 0.209499 0.20392 0.207062 -1.19211 4.00102 1.99199 0.210211 0.20146 0.205297 0.208221 0.208329 0.210228
2768750 0.204645 0.201348 0.215196 6.33766 -8.74837 -3.65463 0.202851 0.204339 0.216938 0.206459 0.198325 0.213434
2768750 0.212302 0.200256 0.207259 4.09083 -1.75823 2.76311 0.210211 0.20146 0.205297 0.216668 0.197742 0.211355
2768750 0.204881 0.2051 0.181767 -15.2913 3.82091 -7.40145 0.207979 0.204863 0.183083 0.200498 0.205435 0.179907
2768750 0.20322 0.214038 0.182415 8.16248 0.577304 14.5476 0.201332 0.214514 0.178396 0.205867 0.213371 0.188051
2768750 0.211896 0.212356 0.189402 -18.7514 0.0940279 -4.48678 0.215449 0.211757 0.190199 0.205867 0.213371 0.188051
2768750 0.213023 0.208079 0.196125 -5.05131 18.574 3.6856 0.214242 0.205389 0.195479 0.211278 0.211934 0.19705
2768750 0.207448 0.208344 0.191436 -0.599035 4.9499 -3.01475 0.208291 0.205664 0.193241 0.205867 0.213371 0.188051
2768750 0.207963 0.21017 0.19921 -21.1911 -11.9421 9.29182 0.211278 0.211934 0.19705 0.204877 0.208529 0.201221
2768750 0.212844 0.215257 0.199348 -3.1105 -11.5666 -6.78902 0.214354 0.21846 0.201564 0.211278 0.211934 0.19705
2768750 0.212175 0.215736 0.195178 1.1686 17.1045 -7.1067 0.211278 0.211934 0.19705 0.212993 0.219204 0.193471
2768750 0.206568 0.212788 0.207317 -0.941248 5.49001 -3.3409 0.208221 0.208329 0.210228 0.205181 0.216528 0.204877
2768750 0.210107 0.217758 0.217025 -11.5323 2.01285 -7.35236 0.213272 0.217588 0.219623 0.206663 0.217943 0.214197
2768750 0.208965 0.218362 0.206917 15.0274 10.6476 7.80589 0.205181 0.216528 0.204877 0.211574 0.219626 0.208324
2768750 0.215792 0.21275 0.207883 0.0637284 -0.120922 -0.144437 0.21442 0.214326 0.210103 0.218232 0.209948 0.203936
2768750 0.200056 0.211831 0.186295 5.51717 2.13543 1.00017 0.196504 0.210891 0.185222 0.205867 0.213371 0.188051
2768750 0.205061 0.205981 0.214177 2.27076 2.45662 -2.84882 0.202851 0.204339 0.216938 0.208221 0.208329 0.210228
2768750 0.194744 0.211081 0.181828 1.00497 -0.285606 1.48398 0.192891 0.211281 0.178257 0.196504 0.210891 0.185222
2768750 0.207111 0.201236 0.205401 -1.29593 -0.0813271 -0.162784 0.210211 0.20146 0.205297 0.201813 0.200852 0.20558
2768750 0.217113 0.20592 0.194689 1.55925 0.503057 -0.62558 0.214242 0.205389 0.195479 0.221896 0.206805 0.193373
2768750 0.212229 0.212207 0.210147 -0.110002 -0.0770545 0.00414353 0.21442 0.214326 0.210103 0.208221 0.208329 0.210228
2768750 0.193447 0.212675 0.186673 -14.8691 7.40224 4.12349 0.196504 0.210891 0.185222 0.189733 0.214841 0.188435
2768750 0.198281 0.208463 0.182857 8.56095 -7.77046 -9.47742 0.196504 0.210891 0.185222 0.200498 0.205435 0.179907
2768750 0.207796 0.201633 0.182117 0.189661 -1.73284 -0.522702 0.207979 0.204863 0.183083 0.207428 0.195141 0.180177
2768750 0.215573 0.212558 0.212302 0.200223 -0.343341 0.303107 0.21442 0.214326 0.210103 0.217854 0.20906 0.216652
2768750 0.19869 0.196554 0.205497 -5.49661 -6.40008 1.02314 0.201813 0.200852 0.20558 0.196692 0.193804 0.205443
2768750 0.213037 0.216902 0.209239 -0.0832939 0.242239 -0.0673289 0.21442 0.214326 0.210103 0.211574 0.219626 0.208324
2768750 0.190205 0.203438 0.217074 -1.02923 -1.34309 0.680008 0.193296 0.20632 0.215171 0.186305 0.199804 0.219475
2768750 0.184886 0.215156 0.204294 0.320234 -1.91984 0.387425 0.183685 0.218717 0.203442 0.186935 0.209078 0.205747
2768750 0.216822 0.196281 0.200792 -2.1812 -8.95472 2.8494 0.218008 0.200677 0.200137 0.215433 0.191136 0.20156
2768750 0.211413 0.20552 0.194415 1.72235 -0.27188 0.912322 0.208291 0.205664 0.193241 0.214242 0.205389 0.195479
2768750 0.215735 0.20352 0.197326 -9.82565 10.1249 -8.08617 0.218008 0.200677 0.200137 0.214242 0.205389 0.195479
2768750 0.185739 0.205298 0.2005 -1.16142 -3.2444 -3.32131 0.186935 0.209078 0.205747 0.184826 0.202416 0.1965
2768750 0.199099 0.218039 0.21257 0.317184 1.96247 0.219567 0.198968 0.213178 0.211593 0.199197 0.22168 0.213302
2768750 0.218111 0.204933 0.201881 -0.0223639 0.154378 0.059062 0.218008 0.200677 0.200137 0.218232 0.209948 0.203936
2768750 0.184277 0.202985 0.191548 -0.866251 -0.303079 -6.8105 0.184826 0.202416 0.1965 0.183822 0.203458 0.187438
2768750 0.196077 0.207886 0.202021 -0.697354 -10.9599 0.420202 0.197092 0.212545 0.202071 0.195426 0.2049 0.201989
2768750 0.209065 0.212522 0.19337 1.92663 -0.371531 2.28358 0.205867 0.213371 0.188051 0.211278 0.211934 0.19705
2768750 0.19832 0.208252 0.194034 0.173474 -0.492822 0.196866 0.196969 0.212046 0.193211 0.200067 0.203342 0.1951
2768750 0.209432 0.218404 0.186961 3.21704 5.55238 -0.286422 0.205867 0.213371 0.188051 0.21151 0.22134 0.186325
2768750 0.197758 0.203422 0.2033 1.36979 -1.24345 0.966337 0.195426 0.2049 0.201989 0.201813 0.200852 0.20558
2768750 0.184567 0.212859 0.193502 -4.70843 6.26531 -2.12222 0.18638 0.210141 0.193882 0.182308 0.216247 0.193029
2768750 0.200123 0.201653 0.216193 -1.10442 -1.26096 -0.581661 0.202851 0.204339 0.216938 0.197498 0.199067 0.215476
2768750 0.198197 0.204459 0.207046 2.91537 -3.42272 -0.642683 0.196066 0.206585 0.20791 0.201813 0.200852 0.20558
2768750 0.207782 0.20975 0.215603 0.168302 0.640505 2.11767 0.208221 0.208329 0.210228 0.207407 0.210966 0.220197
2768750 0.19312 0.20739 0.207212 -4.62611 1.14271 -0.323652 0.196066 0.206585 0.20791 0.186935 0.209078 0.205747
2768750 0.185764 0.207081 0.194919 -2.69651 -8.34393 1.83654 0.18638 0.210141 0.193882 0.184826 0.202416 0.1965
2768750 0.195617 0.202313 0.21534 2.05038 -3.71721 -0.515582 0.193296 0.20632 0.215171 0.197498 0.199067 0.215476
2768750 0.188183 0.212697 0.211096 0.0527204 0.111985 0.129145 0.186935 0.209078 0.205747 0.18927 0.215851 0.215757
2768750 0.208229 0.19955 0.216737 -0.433205 -0.542789 -1.15403 0.210719 0.201272 0.221384 0.206459 0.198325 0.213434
2768750 0.185801 0.216257 0.195173 -15.8632 -3.0377 -10.1587 0.189735 0.216268 0.197587 0.182308 0.216247 0.193029
2768750 0.18777 0.212089 0.191624 1.4738 3.01696 -3.95746 0.18638 0.210141 0.193882 0.189733 0.214841 0.188435
2768750 0.181257 0.208376 0.202507 5.43937 1.69858 3.4944 0.178622 0.208051 0.201004 0.186935 0.209078 0.205747
2768750 0.216818 0.216628 0.198728 0.786065 -0.706094 -0.72946 0.214354 0.21846 0.201564 0.219131 0.214908 0.196066
2768750 0.210431 0.203957 0.191329 0.80254 -0.611403 -0.489995 0.208291 0.205664 0.193241 0.213789 0.201279 0.188329
2768750 0.183066 0.21363 0.208497 -0.00229501 0.00391929 0.00213517 0.186935 0.209078 0.205747 0.180845 0.216242 0.210075
2768750 0.203324 0.210895 0.21095 5.72207 -2.59416 -0.344406 0.198968 0.213178 0.211593 0.208221 0.208329 0.210228
2768750 0.199413 0.215241 0.216078 2.78703 14.5082 21.6822 0.198968 0.213178 0.211593 0.199824 0.217148 0.220222
2768750 0.20494 0.2045 0.207848 -4.85757 -8.22192 -4.73881 0.208221 0.208329 0.210228 0.201813 0.200852 0.20558
2768750 0.181732 0.206147 0.195218 7.748 -10.2558 1.37158 0.179374 0.208989 0.194241 0.184826 0.202416 0.1965
2768750 0.21285 0.20868 0.213315 19.2061 -1.83819 15.0955 0.208221 0.208329 0.210228 0.217854 0.20906 0.216652
2768750 0.191442 0.2043 0.185912 1.12609 -8.28619 -15.5457 0.191733 0.206028 0.190034 0.191206 0.202899 0.182572
2768750 0.194492 0.204391 0.21921 5.54874 -6.39137 11.2533 0.193296 0.20632 0.215171 0.19568 0.202476 0.223219
2768750 0.204226 0.211865 0.199046 0.0032208 -0.00833633 0.00509921 0.203695 0.214583 0.197274 0.204877 0.208529 0.201221
2768750 0.189734 0.215557 0.193026 1.7802 4.7021 16.6079 0.189733 0.214841 0.188435 0.189735 0.216268 0.197587
2768750 0.204442 0.214166 0.1941 -0.000589378 0.000122971 0.00146324 0.205867 0.213371 0.188051 0.203695 0.214583 0.197274
2768750 0.206281 0.208445 0.205002 -1.868 -0.796098 -6.71717 0.208221 0.208329 0.210228 0.204877 0.208529 0.201221
2768750 0.218754 0.212825 0.199371 -0.0564044 -0.150877 0.195538 0.219131 0.214908 0.196066 0.218232 0.209948 0.203936
2768750 0.182911 0.212074 0.201495 0.000345665 -0.000184067 0.000418445 0.181034 0.213471 0.199513 0.186935 0.209078 0.205747
2768750 0.198012 0.212856 0.206739 -4.28158 2.39312 -26.069 0.198968 0.213178 0.211593 0.197092 0.212545 0.202071
2768750 0.192822 0.211088 0.203616 13.4023 6.94633 -6.49521 0.186935 0.209078 0.205747 0.197092 0.212545 0.202071
2768750 0.191999 0.207149 0.194367 0.00552976 0.0137315 0.0339542 0.191733 0.206028 0.190034 0.192193 0.207962 0.197513
2768750 0.19386 0.206383 0.199821 -0.0 -0.0 -0.0 0.192193 0.207962 0.197513 0.195426 0.2049 0.201989
2768750 0.190452 0.208332 0.20024 -0.01274 -0.000632193 0.01723 0.192193 0.207962 0.197513 0.186935 0.209078 0.205747
2768750 0.206617 0.203374 0.185789 -0.797564 -0.979474 2.39747 0.207979 0.204863 0.183083 0.205294 0.201928 0.188419
2768750 0.21353 0.211838 0.19335 -3.56252 -0.832423 7.45501 0.215449 0.211757 0.190199 0.211278 0.211934 0.19705
2768750 0.217234 0.213285 0.193043 -8.90352 -4.57444 -14.0588 0.219131 0.214908 0.196066 0.215449 0.211757 0.190199
2768750 0.213942 0.207205 0.202076 -0.00579654 -0.00247572 -0.00209568 0.218232 0.209948 0.203936 0.211546 0.205674 0.201037
2768750 0.200494 0.212571 0.191167 14.2913 3.6788 -6.10836 0.196969 0.212046 0.193211 0.205867 0.213371 0.188051
2768750 0.203301 0.202467 0.190967 -0.969918 0.487872 1.12631 0.205294 0.201928 0.188419 0.200067 0.203342 0.1951
2768750 0.181856 0.201518 0.200439 2.36096 1.43782 -3.40631 0.178772 0.200586 0.204528 0.184826 0.202416 0.1965
2768750 0.201927 0.217181 0.198242 0.0 0.0 0.0 0.203695 0.214583 0.197274 0.199882 0.220187 0.199362
2768750 0.216304 0.197921 0.196871 -0.980857 -1.25761 -1.22018 0.218008 0.200677 0.200137 0.215158 0.196067 0.194676
2768750 0.208565 0.201678 0.188384 0.192532 0.0102821 0.0156822 0.205294 0.201928 0.188419 0.213789 0.201279 0.188329
2768750 0.210888 0.203596 0.203138 -0.0 0.0 0.0 0.210211 0.20146 0.205297 0.211546 0.205674 0.201037
2768750 0.181579 0.214658 0.196739 7.82492e-05 0.000204623 -0.000323196 0.181034 0.213471 0.199513 0.182308 0.216247 0.193029
2768750 0.180296 0.211547 0.197168 0.0 0.0 0.0 0.181034 0.213471 0.199513 0.179374 0.208989 0.194241
2768750 0.182209 0.215866 0.201256 0.0 0.0 0.0 0.181034 0.213471 0.199513 0.183685 0.218717 0.203442
2768750 0.187768 0.203233 0.184838 0.0 0.0 0.0 0.191206 0.202899 0.182572 0.183822 0.203458 0.187438
2768750 0.187633 0.204768 0.188687 0.0 0.0 0.0 0.191733 0.206028 0.190034 0.183822 0.203458 0.187438
2768750 0.18097 0.20599 0.1993 0.0 0.0 0.0 0.178622 0.208051 0.201004 0.184826 0.202416 0.1965
2768750 0.18238 0.204409 0.205067 0.0 0.0 0.0 0.186935 0.209078 0.205747 0.178772 0.200586 0.204528
2768750 0.185789 0.215657 0.190877 0.0 0.0 0.0 0.189733 0.214841 0.188435 0.182308 0.216247 0.193029
2768750 0.18225 0.217534 0.206793 0.0 0.0 0.0 0.183685 0.218717 0.203442 0.180845 0.216242 0.210075
2768750 0.186437 0.217669 0.200779 0.0 0.0 0.0 0.183685 0.218717 0.203442 0.189735 0.216268 0.197587
2768750 0.194249 0.202928 0.204675 0.0 0.0 0.0 0.195426 0.2049 0.201989 0.192479 0.199794 0.208707
2768750 0.190201 0.203679 0.207491 0.0 0.0 0.0 0.186935 0.209078 0.205747 0.192479 0.199794 0.208707
2768750 0.19668 0.200668 0.218959 0.0 0.0 0.0 0.19568 0.202476 0.223219 0.197498 0.199067 0.215476
2768750 0.189341 0.207682 0.186358 0.0 0.0 0.0 0.191733 0.206028 0.190034 0.187515 0.208817 0.18356
2768750 0.194308 0.20872 0.187436 0.0 0.0 0.0 0.191733 0.206028 0.190034 0.196504 0.210891 0.185222
2768750 0.190754 0.210424 0.189248 0.0 0.0 0.0 0.191733 0.206028 0.190034 0.189733 0.214841 0.188435
2768750 0.195546 0.204869 0.192349 0.0 0.0 0.0 0.191733 0.206028 0.190034 0.200067 0.203342 0.1951
2768750 0.188475 0.204393 0.193084 0.0 0.0 0.0 0.191733 0.206028 0.190034 0.184826 0.202416 0.1965
2768750 0.19673 0.211516 0.189074 0.0 0.0 0.0 0.196969 0.212046 0.193211 0.196504 0.210891 0.185222
2768750 0.189301 0.209112 0.195706 0.0 0.0 0.0 0.18638 0.210141 0.193882 0.192193 0.207962 0.197513
2768750 0.194305 0.209833 0.195612 0.0 0.0 0.0 0.192193 0.207962 0.197513 0.196969 0.212046 0.193211
2768750 0.195182 0.206273 0.196597 0.0 0.0 0.0 0.192193 0.207962 0.197513 0.200067 0.203342 0.1951
2768750 0.189293 0.205845 0.197114 0.0 0.0 0.0 0.192193 0.207962 0.197513 0.184826 0.202416 0.1965
2768750 0.193577 0.213426 0.190971 0.0 0.0 0.0 0.196969 0.212046 0.193211 0.189733 0.214841 0.188435
2768750 0.19418 0.209887 0.199362 0.0 0.0 0.0 0.192193 0.207962 0.197513 0.197092 0.212545 0.202071
2768750 0.197122 0.2044 0.199475 0.0 0.0 0.0 0.195426 0.2049 0.201989 0.200067 0.203342 0.1951
2768750 0.195571 0.214856 0.183691 0.0 0.0 0.0 0.19439 0.219714 0.181761 0.196504 0.210891 0.185222
2768750 0.191176 0.211461 0.197544 0.0 0.0 0.0 0.192193 0.207962 0.197513 0.189735 0.216268 0.197587
2768750 0.193564 0.214101 0.195273 0.0 0.0 0.0 0.196969 0.212046 0.193211 0.189735 0.216268 0.197587
2768750 0.193833 0.21774 0.1897 0.0 0.0 0.0 0.198033 0.220577 0.191 0.189733 0.214841 0.188435
2768750 0.200987 0.197928 0.197414 0.0 0.0 0.0 0.200067 0.203342 0.1951 0.20177 0.193191 0.199385
2768750 0.198733 0.212631 0.18207 0.0 0.0 0.0 0.201332 0.214514 0.178396 0.196504 0.210891 0.185222
2768750 0.200714 0.213525 0.19547 0.0 0.0 0.0 0.196969 0.212046 0.193211 0.203695 0.214583 0.197274
2768750 0.205121 0.204836 0.193957 0.0 0.0 0.0 0.208291 0.205664 0.193241 0.200067 0.203342 0.1951
2768750 0.202803 0.206292 0.198581 1.57809 1.65969 1.41971 0.200067 0.203342 0.1951 0.204877 0.208529 0.201221
2768750 0.200942 0.202165 0.200343 0.0 0.0 0.0 0.200067 0.203342 0.1951 0.201813 0.200852 0.20558
2768750 0.19495 0.206547 0.210839 0.0 0.0 0.0 0.193296 0.20632 0.215171 0.196066 0.206585 0.20791
2768750 0.190667 0.207528 0.211276 0.0 0.0 0.0 0.193296 0.20632 0.215171 0.186935 0.209078 0.205747
2768750 0.196473 0.209017 0.205596 0.0 0.0 0.0 0.196066 0.206585 0.20791 0.197092 0.212545 0.202071
2768750 0.192733 0.206294 0.203182 0.0 0.0 0.0 0.186935 0.209078 0.205747 0.195426 0.2049 0.201989
2768750 0.196861 0.208061 0.218645 0.0 0.0 0.0 0.193296 0.20632 0.215171 0.199483 0.209226 0.221199
2768750 0.188581 0.213368 0.200954 0.0 0.0 0.0 0.186935 0.209078 0.205747 0.189735 0.216268 0.197587
2768750 0.189776 0.215102 0.20601 0.0 0.0 0.0 0.19184 0.21936 0.206198 0.186935 0.209078 0.205747
2768750 0.195336 0.216394 0.208846 0.0 0.0 0.0 0.198968 0.213178 0.211593 0.19184 0.21936 0.206198
2768750 0.194469 0.214485 0.213527 0.0 0.0 0.0 0.198968 0.213178 0.211593 0.18927 0.215851 0.215757
2768750 0.201009 0.213822 0.199232 0.0 0.0 0.0 0.197092 0.212545 0.202071 0.203695 0.214583 0.197274
2768750 0.198486 0.205312 0.216131 0.0 0.0 0.0 0.193296 0.20632 0.215171 0.202851 0.204339 0.216938
2768750 0.202168 0.214969 0.208137 0.0 0.0 0.0 0.198968 0.213178 0.211593 0.205181 0.216528 0.204877
2768750 0.19956 0.203553 0.219821 0.0 0.0 0.0 0.202851 0.204339 0.216938 0.19568 0.202476 0.223219
2768750 0.201423 0.217528 0.189724 0.0 0.0 0.0 0.198033 0.220577 0.191 0.205867 0.213371 0.188051
2768750 0.195134 0.216638 0.218241 0.0 0.0 0.0 0.199824 0.217148 0.220222 0.18927 0.215851 0.215757
2768750 0.203292 0.217618 0.217171 0.0 0.0 0.0 0.199824 0.217148 0.220222 0.206663 0.217943 0.214197
2768750 0.205991 0.199787 0.185731 0.0 0.0 0.0 0.205294 0.201928 0.188419 0.207428 0.195141 0.180177
2768750 0.20179 0.196786 0.202235 0.0 0.0 0.0 0.201813 0.200852 0.20558 0.20177 0.193191 0.199385
2768750 0.213443 0.199982 0.199062 0.0 0.0 0.0 0.218008 0.200677 0.200137 0.208739 0.199124 0.197954
2768750 0.209195 0.198174 0.205989 0.0 0.0 0.0 0.210211 0.20146 0.205297 0.207797 0.19351 0.206936
2768750 0.207192 0.202537 0.212107 0.0 0.0 0.0 0.208221 0.208329 0.210228 0.206459 0.198325 0.213434
2768750 0.207241 0.207912 0.184821 0.0 0.0 0.0 0.207979 0.204863 0.183083 0.205867 0.213371 0.188051
2768750 0.211275 0.210919 0.18478 0.0 0.0 0.0 0.205867 0.213371 0.188051 0.215254 0.208996 0.182374
2768750 0.207272 0.21149 0.182217 0.0 0.0 0.0 0.205867 0.213371 0.188051 0.208046 0.210341 0.178991
2768750 0.202563 0.218438 0.180989 0.0 0.0 0.0 0.201332 0.214514 0.178396 0.203522 0.221374 0.183014
2768750 0.209592 0.208459 0.194897 0.0 0.0 0.0 0.208291 0.205664 0.193241 0.211278 0.211934 0.19705
2768750 0.206781 0.203849 0.190807 0.0 0.0 0.0 0.208291 0.205664 0.193241 0.205294 0.201928 0.188419
2768750 0.206973 0.21351 0.197177 0.0 0.0 0.0 0.203695 0.214583 0.197274 0.211278 0.211934 0.19705
2768750 0.212903 0.205597 0.198255 0.0 0.0 0.0 0.214242 0.205389 0.195479 0.211546 0.205674 0.201037
2768750 0.211444 0.208313 0.199397 0.0 0.0 0.0 0.211278 0.211934 0.19705 0.211546 0.205674 0.201037
2768750 0.214264 0.215419 0.191776 0.0 0.0 0.0 0.215449 0.211757 0.190199 0.212993 0.219204 0.193471
2768750 0.210237 0.217013 0.191371 0.0 0.0 0.0 0.205867 0.213371 0.188051 0.212993 0.219204 0.193471
2768750 0.204317 0.215455 0.200414 0.0 0.0 0.0 0.205181 0.216528 0.204877 0.203695 0.214583 0.197274
2768750 0.215401 0.213562 0.196532 0.0 0.0 0.0 0.219131 0.214908 0.196066 0.211278 0.211934 0.19705
2768750 0.214372 0.211121 0.20011 0.0 0.0 0.0 0.218232 0.209948 0.203936 0.211278 0.211934 0.19705
2768750 0.208696 0.206964 0.201117 0.0 0.0 0.0 0.211546 0.205674 0.201037 0.204877 0.208529 0.201221
2768750 0.207359 0.213738 0.212435 0.0 0.0 0.0 0.208221 0.208329 0.210228 0.206663 0.217943 0.214197
2768750 0.20502 0.212302 0.202916 0.0 0.0 0.0 0.205181 0.216528 0.204877 0.204877 0.208529 0.201221
2768750 0.21412 0.203758 0.20068 0.0 0.0 0.0 0.218008 0.200677 0.200137 0.211546 0.205674 0.201037
2768750 0.213304 0.20922 0.207039 0.0 0.0 0.0 0.208221 0.208329 0.210228 0.218232 0.209948 0.203936
2768750 0.215964 0.216928 0.210838 0.0 0.0 0.0 0.21442 0.214326 0.210103 0.218112 0.220398 0.211862
2768750 0.204902 0.207389 0.218405 0.0 0.0 0.0 0.202851 0.204339 0.216938 0.207407 0.210966 0.220197
2768750 0.206102 0.203141 0.218774 0.0 0.0 0.0 0.202851 0.204339 0.216938 0.210719 0.201272 0.221384
2768750 0.207024 0.214637 0.217099 0.0 0.0 0.0 0.206663 0.217943 0.214197 0.207407 0.210966 0.220197
2768750 0.216075 0.217115 0.194771 0.0 0.0 0.0 0.219131 0.214908 0.196066 0.212993 0.219204 0.193471
2768750 0.205942 0.217319 0.209648 0.0 0.0 0.0 0.206663 0.217943 0.214197 0.205181 0.216528 0.204877
2768750 0.210027 0.217614 0.203128 0.0 0.0 0.0 0.214354 0.21846 0.201564 0.205181 0.216528 0.204877
2768750 0.216047 0.214822 0.202597 0.0 0.0 0.0 0.214354 0.21846 0.201564 0.218232 0.209948 0.203936
2768750 0.217455 0.199531 0.204789 0.0 0.0 0.0 0.218008 0.200677 0.200137 0.216668 0.197742 0.211355
