# ts x y z Fx Fy Fz x1 y1 z1 x2 y2 z2
5562500 0.182172 0.180058 0.198316 -18.2637 17.55 8.77705 0.186038 0.176639 0.197377 0.177675 0.184035 0.199409
5562500 0.183401 0.195899 0.197033 -23.9539 13.275 12.9747 0.187176 0.193796 0.195773 0.180633 0.197441 0.197957
5562500 0.188994 0.202122 0.198034 -15.1895 10.4144 -9.27344 0.192886 0.199952 0.199573 0.184856 0.204428 0.196398
5562500 0.198242 0.189268 0.183274 -3.21036 -11.1962 -6.9894 0.199607 0.192176 0.185601 0.197093 0.186821 0.181316
5562500 0.200208 0.178843 0.187514 4.83526 1.0078 17.4182 0.19946 0.178037 0.182606 0.200718 0.179393 0.190865
5562500 0.194082 0.181235 0.190183 -1.8036 -4.87956 3.97876 0.195738 0.184217 0.188064 0.192644 0.178643 0.192024
5562500 0.185895 0.181901 0.191052 -0.70445 17.7874 16.8285 0.185695 0.179174 0.189083 0.186148 0.185362 0.193554
5562500 0.192973 0.187001 0.187212 -8.37708 7.35385 -0.784647 0.195738 0.184217 0.188064 0.189204 0.190797 0.186051
5562500 0.198083 0.185358 0.191117 5.76711 3.26424 10.7472 0.195738 0.184217 0.188064 0.200999 0.186777 0.194913
5562500 0.190199 0.17878 0.206235 -13.4515 -18.029 -1.53009 0.193622 0.182143 0.206771 0.187779 0.176403 0.205856
5562500 0.18822 0.182793 0.214171 11.6482 7.69631 10.1944 0.18527 0.180347 0.212073 0.191816 0.185774 0.216729
5562500 0.197082 0.179156 0.216748 8.47255 6.69283 15.4242 0.195668 0.178469 0.21387 0.199187 0.180177 0.22103
5562500 0.197238 0.179003 0.207403 -5.23312 5.97034 -1.74525 0.201077 0.175669 0.208074 0.193622 0.182143 0.206771
5562500 0.197766 0.193193 0.188962 -6.25443 6.33291 16.6576 0.199607 0.192176 0.185601 0.195669 0.194352 0.192789
5562500 0.19246 0.197127 0.191245 -18.313 11.5025 -6.30962 0.195669 0.194352 0.192789 0.189475 0.19971 0.189809
5562500 0.194307 0.197092 0.196108 14.1116 -16.8852 -24.9421 0.192886 0.199952 0.199573 0.195669 0.194352 0.192789
5562500 0.192682 0.200869 0.204193 -0.36133 6.31948 17.1624 0.192886 0.199952 0.199573 0.192484 0.201761 0.20869
5562500 0.1982 0.190755 0.193798 -24.4678 50.6026 -13.0774 0.200999 0.186777 0.194913 0.195669 0.194352 0.192789
5562500 0.202507 0.194008 0.18361 11.889 7.62453 -5.43146 0.199607 0.192176 0.185601 0.207468 0.197142 0.180206
5562500 0.203136 0.191391 0.187234 2.09482 -0.22845 1.29163 0.199607 0.192176 0.185601 0.206854 0.190566 0.188955
5562500 0.189133 0.198849 0.209843 21.0772 23.5568 -11.8294 0.186191 0.196294 0.210855 0.192484 0.201761 0.20869
5562500 0.199694 0.191749 0.216424 -2.56373 -3.71042 6.04604 0.200765 0.193751 0.212209 0.198905 0.190275 0.219525
5562500 0.209452 0.179347 0.188091 -10.986 22.6069 23.6881 0.211417 0.175859 0.185327 0.207752 0.182365 0.190483
5562500 0.200833 0.182402 0.192515 2.17462 -15.1737 -8.23601 0.200999 0.186777 0.194913 0.200718 0.179393 0.190865
5562500 0.210304 0.18516 0.19233 9.46331 13.4194 5.91174 0.207752 0.182365 0.190483 0.212782 0.187874 0.194123
5562500 0.202179 0.184052 0.198926 6.99261 -9.08392 14.0483 0.200999 0.186777 0.194913 0.203087 0.181958 0.20201
5562500 0.204384 0.18786 0.198417 27.1819 7.02394 20.2832 0.200999 0.186777 0.194913 0.207145 0.188743 0.201275
5562500 0.211269 0.191672 0.194091 2.40829 -10.2852 -0.492299 0.210132 0.194527 0.194066 0.212782 0.187874 0.194123
5562500 0.214335 0.190433 0.191337 -4.83683 -7.60733 6.05816 0.21618 0.193476 0.188025 0.212782 0.187874 0.194123
5562500 0.202226 0.179266 0.204606 4.07553 7.65406 -6.7731 0.201077 0.175669 0.208074 0.203087 0.181958 0.20201
5562500 0.205962 0.181708 0.204538 -9.77728 2.48745 -10.9829 0.209025 0.181442 0.207233 0.203087 0.181958 0.20201
5562500 0.206781 0.18847 0.205321 0.152462 -1.18996 -17.0981 0.206485 0.188249 0.208602 0.207145 0.188743 0.201275
5562500 0.208118 0.186681 0.211005 6.96938 -9.91671 10.9866 0.206485 0.188249 0.208602 0.209604 0.185254 0.213194
5562500 0.204146 0.18662 0.210267 -19.3218 -13.7878 9.2202 0.206485 0.188249 0.208602 0.200854 0.184326 0.212612
5562500 0.209165 0.179452 0.210802 -5.04648 14.5051 -22.9998 0.209393 0.176208 0.216622 0.209025 0.181442 0.207233
5562500 0.21075 0.190631 0.20138 -25.6368 -15.0797 -5.31441 0.215516 0.193128 0.20152 0.207145 0.188743 0.201275
5562500 0.207092 0.191407 0.207856 2.33633 21.5962 -8.32404 0.206485 0.188249 0.208602 0.207874 0.195478 0.206894
5562500 0.216855 0.178797 0.208845 1.59147 2.7118 9.73852 0.216063 0.178361 0.205401 0.217569 0.179189 0.211949
5562500 0.208742 0.192848 0.1919 -6.77288 -6.0605 -7.19629 0.210132 0.194527 0.194066 0.206854 0.190566 0.188955
5562500 0.212649 0.196269 0.19434 5.79334 3.96735 -0.487504 0.210132 0.194527 0.194066 0.215182 0.198022 0.194616
5562500 0.209626 0.197137 0.195607 -4.94593 12.8569 7.28331 0.210132 0.194527 0.194066 0.208847 0.201158 0.197981
5562500 0.218092 0.196994 0.194786 -13.2694 2.68984 -1.80168 0.221967 0.195627 0.195014 0.215182 0.198022 0.194616
5562500 0.211248 0.19444 0.204521 -50.0706 11.1259 24.7092 0.215516 0.193128 0.20152 0.207874 0.195478 0.206894
5562500 0.217388 0.189281 0.204783 -18.3098 52.9448 -32.6813 0.219064 0.185838 0.207704 0.215516 0.193128 0.20152
5562500 0.207071 0.194421 0.218587 37.1816 -26.5655 -9.50142 0.203896 0.196511 0.220015 0.210791 0.191972 0.216913
5562500 0.205228 0.1984 0.216673 4.36311 5.23871 -7.23769 0.203896 0.196511 0.220015 0.20652 0.200232 0.213431
5562500 0.203827 0.185013 0.216119 7.55946 0.417178 11.1449 0.200854 0.184326 0.212612 0.206035 0.185523 0.218722
5562500 0.194567 0.193571 0.206852 7.79055 6.69718 -6.64467 0.191934 0.190823 0.208643 0.196694 0.195792 0.205405
5562500 0.189 0.193618 0.209773 -6.92269 6.70346 4.42308 0.191934 0.190823 0.208643 0.186191 0.196294 0.210855
5562500 0.208932 0.188425 0.186029 -2.94605 2.31088 2.86985 0.21162 0.185656 0.182244 0.206854 0.190566 0.188955
5562500 0.191882 0.188595 0.212211 -1.72263 -8.67114 10.8958 0.191934 0.190823 0.208643 0.191816 0.185774 0.216729
5562500 0.199228 0.182409 0.196555 -3.70235 -16.3564 5.16135 0.200999 0.186777 0.194913 0.198082 0.179581 0.197618
5562500 0.195663 0.182853 0.218973 -14.8377 7.64304 -7.47685 0.199187 0.180177 0.22103 0.191816 0.185774 0.216729
5562500 0.211302 0.182683 0.204073 -13.5144 -9.22492 14.9595 0.213489 0.183875 0.201036 0.209025 0.181442 0.207233
5562500 0.181801 0.201499 0.193709 4.99438 4.31021 2.89988 0.179949 0.199723 0.19208 0.184856 0.204428 0.196398
5562500 0.219172 0.194544 0.197833 -18.6156 -6.70106 25.5846 0.221967 0.195627 0.195014 0.215516 0.193128 0.20152
5562500 0.205395 0.19424 0.190309 0.422015 -1.9716 -0.664817 0.204033 0.197672 0.191574 0.206854 0.190566 0.188955
5562500 0.215179 0.188512 0.208698 -6.69691 6.19162 2.66377 0.219064 0.185838 0.207704 0.212607 0.190282 0.209356
5562500 0.210374 0.186265 0.201154 -11.9522 7.49134 -1.38066 0.213489 0.183875 0.201036 0.207145 0.188743 0.201275
5562500 0.217338 0.181538 0.20638 -6.03005 -20.7089 -3.30728 0.219064 0.185838 0.207704 0.216063 0.178361 0.205401
5562500 0.211069 0.200617 0.184785 14.1677 18.1203 16.5949 0.207468 0.197142 0.180206 0.213849 0.2033 0.188321
5562500 0.203015 0.196556 0.195172 -0.81998 -0.94052 2.00858 0.204033 0.197672 0.191574 0.201833 0.195261 0.199347
5562500 0.204752 0.201099 0.189851 0.0526746 1.68417 -0.799243 0.204033 0.197672 0.191574 0.205357 0.20398 0.188403
5562500 0.203878 0.180728 0.190693 -8.65793 -4.84891 -0.633048 0.207752 0.182365 0.190483 0.200718 0.179393 0.190865
5562500 0.211513 0.180501 0.183866 0.401695 6.36636 -0.974452 0.211417 0.175859 0.185327 0.21162 0.185656 0.182244
5562500 0.213142 0.185834 0.197649 -1.58708 3.78312 -9.50262 0.213489 0.183875 0.201036 0.212782 0.187874 0.194123
5562500 0.194478 0.204137 0.201041 13.1047 34.8567 5.93651 0.192886 0.199952 0.199573 0.19551 0.206849 0.201992
5562500 0.194997 0.180262 0.181954 -22.4478 8.83007 -6.50252 0.19946 0.178037 0.182606 0.191349 0.182081 0.181422
5562500 0.196786 0.185636 0.205712 -9.37603 -13.6941 2.26078 0.199579 0.188719 0.204776 0.193622 0.182143 0.206771
5562500 0.203449 0.188731 0.202985 11.4755 -1.07838 -7.34752 0.199579 0.188719 0.204776 0.207145 0.188743 0.201275
5562500 0.200138 0.19109 0.208278 -1.74888 -3.114 -5.35667 0.200765 0.193751 0.212209 0.199579 0.188719 0.204776
5562500 0.204662 0.184384 0.19251 -15.8612 7.96724 7.10796 0.207752 0.182365 0.190483 0.200999 0.186777 0.194913
5562500 0.216976 0.184387 0.199304 -22.8136 -0.588959 14.8361 0.222667 0.185223 0.196477 0.213489 0.183875 0.201036
5562500 0.212363 0.185147 0.214384 7.65903 1.00727 3.08482 0.209604 0.185254 0.213194 0.216056 0.185005 0.215978
5562500 0.196291 0.202451 0.197476 3.67595 3.47724 -3.29459 0.192886 0.199952 0.199573 0.200132 0.205269 0.19511
5562500 0.202458 0.195244 0.216431 3.87928 4.27293 7.7793 0.200765 0.193751 0.212209 0.203896 0.196511 0.220015
5562500 0.219225 0.179819 0.196253 -9.95994 -22.288 0.612566 0.222667 0.185223 0.196477 0.215607 0.174138 0.196017
5562500 0.216632 0.186841 0.19504 -7.34664 3.16095 -1.24673 0.222667 0.185223 0.196477 0.212782 0.187874 0.194123
5562500 0.20096 0.180209 0.210454 0.487056 -12.4675 -4.19641 0.200854 0.184326 0.212612 0.201077 0.175669 0.208074
5562500 0.215304 0.196236 0.197134 -6.24396 21.4568 -40.1918 0.215516 0.193128 0.20152 0.215182 0.198022 0.194616
5562500 0.186717 0.202623 0.188562 -9.94237 11.3173 -7.39184 0.189475 0.19971 0.189809 0.183986 0.205509 0.187328
5562500 0.194519 0.184696 0.181363 14.2649 10.8602 2.51841 0.191349 0.182081 0.181422 0.197093 0.186821 0.181316
5562500 0.214839 0.180983 0.203326 3.33038 -8.79608 4.86069 0.213489 0.183875 0.201036 0.216063 0.178361 0.205401
5562500 0.200672 0.191892 0.202143 1.04905 2.01633 -2.24342 0.199579 0.188719 0.204776 0.201833 0.195261 0.199347
5562500 0.201546 0.18247 0.183753 0.658676 2.30953 0.527778 0.19946 0.178037 0.182606 0.203004 0.185567 0.184553
5562500 0.196978 0.198762 0.218318 1.63326 5.30247 -9.85379 0.196411 0.196662 0.221061 0.197585 0.201012 0.215377
5562500 0.198982 0.197822 0.213985 -12.3733 28.1393 6.92587 0.200765 0.193751 0.212209 0.197585 0.201012 0.215377
5562500 0.204763 0.18785 0.186564 1.10176 2.10294 1.44157 0.203004 0.185567 0.184553 0.206854 0.190566 0.188955
5562500 0.208038 0.181468 0.194588 -0.47962 -1.17009 5.14793 0.207752 0.182365 0.190483 0.208245 0.180816 0.197572
5562500 0.210541 0.182156 0.199089 2.99527 2.44517 2.68041 0.208245 0.180816 0.197572 0.213489 0.183875 0.201036
5562500 0.183588 0.194702 0.208224 9.04286 3.45038 9.89062 0.180515 0.192823 0.205119 0.186191 0.196294 0.210855
5562500 0.188365 0.196856 0.192687 1.06716 3.69448 -2.69746 0.187176 0.193796 0.195773 0.189475 0.19971 0.189809
5562500 0.213302 0.195253 0.214546 7.39822 13.8155 -10.7406 0.210791 0.191972 0.216913 0.216725 0.199727 0.21132
5562500 0.186649 0.189471 0.194635 -2.95446 -33.1528 -3.34152 0.187176 0.193796 0.195773 0.186148 0.185362 0.193554
5562500 0.18231 0.200216 0.197338 12.3787 22.7185 -9.19418 0.180633 0.197441 0.197957 0.184856 0.204428 0.196398
5562500 0.185926 0.198646 0.187828 7.12849 2.77971 5.62986 0.182602 0.19765 0.185972 0.189475 0.19971 0.189809
5562500 0.195099 0.197535 0.202961 11.5251 -10.8256 12.1122 0.192886 0.199952 0.199573 0.196694 0.195792 0.205405
5562500 0.189966 0.196804 0.19763 13.6633 15.4543 13.5834 0.187176 0.193796 0.195773 0.192886 0.199952 0.199573
5562500 0.207088 0.193072 0.18562 -2.51695 -8.02779 9.35964 0.207468 0.197142 0.180206 0.206854 0.190566 0.188955
5562500 0.209539 0.182442 0.214259 1.5266 -11.2399 5.11886 0.209604 0.185254 0.213194 0.209393 0.176208 0.216622
5562500 0.204187 0.18884 0.191669 4.49088 2.56728 -3.20489 0.200999 0.186777 0.194913 0.206854 0.190566 0.188955
5562500 0.215058 0.198204 0.188167 -0.174531 2.14149 0.164916 0.21618 0.193476 0.188025 0.213849 0.2033 0.188321
5562500 0.204528 0.194665 0.209395 14.7859 3.25721 -15.1628 0.200765 0.193751 0.212209 0.207874 0.195478 0.206894
5562500 0.197974 0.192655 0.205126 -3.3882 9.90006 -0.689584 0.199579 0.188719 0.204776 0.196694 0.195792 0.205405
5562500 0.210064 0.187854 0.214633 1.1964 3.61507 2.6 0.209604 0.185254 0.213194 0.210791 0.191972 0.216913
5562500 0.19272 0.186782 0.207772 0.963475 -9.46962 -0.742028 0.191934 0.190823 0.208643 0.193622 0.182143 0.206771
5562500 0.200041 0.182302 0.216719 0.246416 1.15448 -3.28355 0.199187 0.180177 0.22103 0.200854 0.184326 0.212612
5562500 0.189357 0.195839 0.188177 -0.546943 6.69632 3.86409 0.189204 0.190797 0.186051 0.189475 0.19971 0.189809
5562500 0.201425 0.18516 0.20332 2.25608 -3.07941 -1.69549 0.199579 0.188719 0.204776 0.203087 0.181958 0.20201
5562500 0.20762 0.185208 0.20799 0.57823 -2.56255 -0.740874 0.206485 0.188249 0.208602 0.209025 0.181442 0.207233
5562500 0.20081 0.18897 0.212413 -0.546842 -28.6684 -3.26394 0.200765 0.193751 0.212209 0.200854 0.184326 0.212612
5562500 0.207301 0.186482 0.189716 -2.02716 8.58652 -2.6113 0.207752 0.182365 0.190483 0.206854 0.190566 0.188955
5562500 0.21878 0.189519 0.199218 -15.8243 23.0085 17.0931 0.222667 0.185223 0.196477 0.215516 0.193128 0.20152
5562500 0.19739 0.181474 0.185641 5.04915 -8.52478 -5.2737 0.195738 0.184217 0.188064 0.19946 0.178037 0.182606
5562500 0.216064 0.196119 0.205963 0.725278 -9.18475 -12.1858 0.216725 0.199727 0.21132 0.215516 0.193128 0.20152
5562500 0.197813 0.180892 0.21335 23.3634 30.8648 -11.9524 0.195668 0.178469 0.21387 0.200854 0.184326 0.212612
5562500 0.186099 0.181443 0.195272 0.0273538 -16.7652 4.37042 0.186148 0.185362 0.193554 0.186038 0.176639 0.197377
5562500 0.196083 0.188483 0.218412 2.50973 2.10677 0.757475 0.191816 0.185774 0.216729 0.198905 0.190275 0.219525
5562500 0.208034 0.188233 0.217962 3.62431 4.5017 -0.399493 0.206035 0.185523 0.218722 0.210791 0.191972 0.216913
5562500 0.211879 0.19096 0.212388 -1.34532 0.298756 4.95528 0.212607 0.190282 0.209356 0.210791 0.191972 0.216913
5562500 0.210579 0.192508 0.208301 -4.62593 3.78361 -2.65949 0.212607 0.190282 0.209356 0.207874 0.195478 0.206894
5562500 0.20718 0.182346 0.218006 2.5035 -4.49748 -1.05242 0.206035 0.185523 0.218722 0.209393 0.176208 0.216622
5562500 0.182656 0.184815 0.195967 -7.87849 -1.08484 3.75583 0.186148 0.185362 0.193554 0.177675 0.184035 0.199409
5562500 0.199973 0.18621 0.182893 -1.90393 0.145569 -0.780702 0.203004 0.185567 0.184553 0.197093 0.186821 0.181316
5562500 0.187489 0.187747 0.190261 1.21838 3.9982 -6.07519 0.186148 0.185362 0.193554 0.189204 0.190797 0.186051
5562500 0.198385 0.194945 0.20823 -3.66318 1.78792 -8.86 0.200765 0.193751 0.212209 0.196694 0.195792 0.205405
5562500 0.183283 0.192787 0.193741 -5.14814 -1.85237 -1.89548 0.187176 0.193796 0.195773 0.179128 0.191711 0.191573
5562500 0.206399 0.185602 0.183643 -1.4317 -0.219607 0.269592 0.21162 0.185656 0.182244 0.203004 0.185567 0.184553
5562500 0.209599 0.189283 0.208985 2.95905 0.82013 -0.104644 0.206485 0.188249 0.208602 0.212607 0.190282 0.209356
5562500 0.19009 0.197033 0.202001 -3.45914 -4.25133 2.31388 0.192886 0.199952 0.199573 0.188137 0.194994 0.203697
5562500 0.185018 0.194106 0.204279 4.79753 1.1385 -1.68989 0.180515 0.192823 0.205119 0.188137 0.194994 0.203697
5562500 0.189804 0.193162 0.205869 -1.7008 1.55343 -2.70198 0.191934 0.190823 0.208643 0.188137 0.194994 0.203697
5562500 0.189758 0.189133 0.205463 -2.33162 -2.93087 -4.17132 0.191934 0.190823 0.208643 0.187423 0.18732 0.20205
5562500 0.183278 0.185923 0.200927 5.36464 1.68642 0.529977 0.177675 0.184035 0.199409 0.187423 0.18732 0.20205
5562500 0.195189 0.180933 0.198117 1.65682 -1.12552 -0.277624 0.19227 0.182298 0.19862 0.198082 0.179581 0.197618
5562500 0.190237 0.184404 0.200058 -1.13827 1.49013 1.22836 0.19227 0.182298 0.19862 0.187423 0.18732 0.20205
5562500 0.191417 0.194073 0.194283 18.5395 2.60765 -3.70991 0.187176 0.193796 0.195773 0.195669 0.194352 0.192789
5562500 0.189881 0.180129 0.198143 0.509029 0.544608 0.217214 0.186038 0.176639 0.197377 0.19227 0.182298 0.19862
5562500 0.190093 0.186699 0.194547 -0.102481 -0.0524432 -0.0192867 0.192955 0.187669 0.195267 0.186148 0.185362 0.193554
5562500 0.196039 0.187327 0.195131 0.21232 -0.0553249 -0.0242585 0.192955 0.187669 0.195267 0.200999 0.186777 0.194913
5562500 0.193421 0.189507 0.197727 0.00151718 0.0138172 0.0138729 0.192955 0.187669 0.195267 0.19393 0.191517 0.200418
5562500 0.187299 0.190562 0.198908 0.237727 -1.03914 1.24778 0.187176 0.193796 0.195773 0.187423 0.18732 0.20205
5562500 0.184975 0.184679 0.211572 0.00238567 0.0282475 -0.0019285 0.18527 0.180347 0.212073 0.184721 0.188425 0.211138
5562500 0.192621 0.185052 0.196902 0.0 0.0 0.0 0.192955 0.187669 0.195267 0.19227 0.182298 0.19862
5562500 0.192746 0.192745 0.189743 2.64984 1.47185 1.99233 0.189204 0.190797 0.186051 0.195669 0.194352 0.192789
5562500 0.198747 0.194806 0.196064 1.01764 -0.00888449 1.37827 0.195669 0.194352 0.192789 0.201833 0.195261 0.199347
5562500 0.191137 0.189716 0.201118 0.00654103 0.0056139 -0.00107203 0.187423 0.18732 0.20205 0.19393 0.191517 0.200418
5562500 0.196434 0.190277 0.20235 -0.00931661 0.00688079 -0.00705347 0.199579 0.188719 0.204776 0.19393 0.191517 0.200418
5562500 0.192315 0.191022 0.215958 0.0 0.0 0.0 0.191816 0.185774 0.216729 0.19265 0.19454 0.215441
5562500 0.214663 0.178987 0.187167 0.00293685 0.00244508 0.00225033 0.211417 0.175859 0.185327 0.217174 0.181408 0.188591
5562500 0.216612 0.178802 0.191253 -8.86151e-05 0.0100279 -0.00967092 0.215607 0.174138 0.196017 0.217174 0.181408 0.188591
5562500 0.182482 0.184316 0.191265 0.0 0.0 0.0 0.186148 0.185362 0.193554 0.178543 0.182717 0.188805
5562500 0.180584 0.195767 0.200895 0.0 0.0 0.0 0.180515 0.192823 0.205119 0.180633 0.197441 0.197957
5562500 0.182837 0.188578 0.192617 0.0 0.0 0.0 0.186148 0.185362 0.193554 0.179128 0.191711 0.191573
5562500 0.183839 0.191506 0.188987 0.0 0.0 0.0 0.189204 0.190797 0.186051 0.179128 0.191711 0.191573
5562500 0.182858 0.190595 0.208474 0.0 0.0 0.0 0.180515 0.192823 0.205119 0.184721 0.188425 0.211138
5562500 0.185947 0.188147 0.207 0.0 0.0 0.0 0.187423 0.18732 0.20205 0.184721 0.188425 0.211138
5562500 0.188136 0.189717 0.209957 0.0 0.0 0.0 0.191934 0.190823 0.208643 0.184721 0.188425 0.211138
5562500 0.18543 0.192456 0.211002 0.0 0.0 0.0 0.186191 0.196294 0.210855 0.184721 0.188425 0.211138
5562500 0.184053 0.190224 0.203546 0.0 0.0 0.0 0.180515 0.192823 0.205119 0.187423 0.18732 0.20205
5562500 0.187666 0.187548 0.213462 0.0 0.0 0.0 0.191816 0.185774 0.216729 0.184721 0.188425 0.211138
5562500 0.193567 0.183384 0.184779 0.0 0.0 0.0 0.195738 0.184217 0.188064 0.191349 0.182081 0.181422
5562500 0.198034 0.183539 0.181827 0.0 0.0 0.0 0.19946 0.178037 0.182606 0.197093 0.186821 0.181316
5562500 0.190426 0.186041 0.1834 0.0 0.0 0.0 0.189204 0.190797 0.186051 0.191349 0.182081 0.181422
5562500 0.189102 0.179138 0.19052 0.0 0.0 0.0 0.185695 0.179174 0.189083 0.192644 0.178643 0.192024
5562500 0.195459 0.179353 0.194925 0.0 0.0 0.0 0.192644 0.178643 0.192024 0.198082 0.179581 0.197618
5562500 0.192443 0.180756 0.195435 0.0 0.0 0.0 0.192644 0.178643 0.192024 0.19227 0.182298 0.19862
5562500 0.19281 0.182461 0.201905 0.0 0.0 0.0 0.19227 0.182298 0.19862 0.193622 0.182143 0.206771
5562500 0.196477 0.185858 0.184381 0.0 0.0 0.0 0.195738 0.184217 0.188064 0.197093 0.186821 0.181316
5562500 0.194169 0.186377 0.192115 0.0 0.0 0.0 0.192955 0.187669 0.195267 0.195738 0.184217 0.188064
5562500 0.197684 0.18844 0.186825 0.0 0.0 0.0 0.195738 0.184217 0.188064 0.199607 0.192176 0.185601
5562500 0.189616 0.183848 0.19643 0.0 0.0 0.0 0.186148 0.185362 0.193554 0.19227 0.182298 0.19862
5562500 0.196708 0.179243 0.191434 0.0 0.0 0.0 0.192644 0.178643 0.192024 0.200718 0.179393 0.190865
5562500 0.199355 0.179716 0.194338 0.0 0.0 0.0 0.200718 0.179393 0.190865 0.198082 0.179581 0.197618
5562500 0.198421 0.181839 0.18957 0.0 0.0 0.0 0.195738 0.184217 0.188064 0.200718 0.179393 0.190865
5562500 0.20037 0.180668 0.199626 -3.00702 -2.26416 -3.14497 0.203087 0.181958 0.20201 0.198082 0.179581 0.197618
5562500 0.199613 0.185156 0.186189 0.0 0.0 0.0 0.195738 0.184217 0.188064 0.203004 0.185567 0.184553
5562500 0.189236 0.181423 0.209555 0.0 0.0 0.0 0.18527 0.180347 0.212073 0.193622 0.182143 0.206771
5562500 0.194839 0.180176 0.210998 0.0 0.0 0.0 0.195668 0.178469 0.21387 0.193622 0.182143 0.206771
5562500 0.190412 0.185044 0.20433 0.0 0.0 0.0 0.193622 0.182143 0.206771 0.187423 0.18732 0.20205
5562500 0.1942 0.181475 0.214963 0.0 0.0 0.0 0.195668 0.178469 0.21387 0.191816 0.185774 0.216729
5562500 0.192763 0.184093 0.211506 0.0 0.0 0.0 0.191816 0.185774 0.216729 0.193622 0.182143 0.206771
5562500 0.197307 0.183477 0.209748 0.0 0.0 0.0 0.200854 0.184326 0.212612 0.193622 0.182143 0.206771
5562500 0.203499 0.17872 0.21917 0.0 0.0 0.0 0.199187 0.180177 0.22103 0.209393 0.176208 0.216622
5562500 0.203198 0.183529 0.219683 0.0 0.0 0.0 0.199187 0.180177 0.22103 0.206035 0.185523 0.218722
5562500 0.194103 0.188546 0.183107 0.0 0.0 0.0 0.189204 0.190797 0.186051 0.197093 0.186821 0.181316
5562500 0.198305 0.192727 0.181518 0.0 0.0 0.0 0.199607 0.192176 0.185601 0.197132 0.192801 0.177827
5562500 0.197837 0.200284 0.181432 0.0 0.0 0.0 0.197883 0.199588 0.178152 0.19777 0.200766 0.186309
5562500 0.190597 0.190383 0.195459 0.0 0.0 0.0 0.192955 0.187669 0.195267 0.187176 0.193796 0.195773
5562500 0.194061 0.190577 0.194252 0.0 0.0 0.0 0.192955 0.187669 0.195267 0.195669 0.194352 0.192789
5562500 0.195236 0.191815 0.185786 0.0 0.0 0.0 0.199607 0.192176 0.185601 0.189204 0.190797 0.186051
5562500 0.188091 0.192661 0.19138 0.0 0.0 0.0 0.187176 0.193796 0.195773 0.189204 0.190797 0.186051
5562500 0.191083 0.200041 0.194406 0.0 0.0 0.0 0.192886 0.199952 0.199573 0.189475 0.19971 0.189809
5562500 0.190698 0.187743 0.198019 0.0 0.0 0.0 0.192955 0.187669 0.195267 0.187423 0.18732 0.20205
5562500 0.18676 0.18654 0.197688 0.0 0.0 0.0 0.186148 0.185362 0.193554 0.187423 0.18732 0.20205
5562500 0.191028 0.192706 0.198411 0.0 0.0 0.0 0.187176 0.193796 0.195773 0.19393 0.191517 0.200418
5562500 0.18773 0.194708 0.20035 0.0 0.0 0.0 0.187176 0.193796 0.195773 0.188137 0.194994 0.203697
5562500 0.194678 0.192943 0.197133 0.0 0.0 0.0 0.195669 0.194352 0.192789 0.19393 0.191517 0.200418
5562500 0.193495 0.195257 0.200055 0.0 0.0 0.0 0.192886 0.199952 0.199573 0.19393 0.191517 0.200418
5562500 0.190526 0.202703 0.185866 0.0 0.0 0.0 0.189475 0.19971 0.189809 0.191433 0.204882 0.182473
5562500 0.186077 0.199046 0.196067 0.0 0.0 0.0 0.187176 0.193796 0.195773 0.184856 0.204428 0.196398
5562500 0.187368 0.202077 0.19281 0.0 0.0 0.0 0.189475 0.19971 0.189809 0.184856 0.204428 0.196398
5562500 0.201307 0.190413 0.181648 0.0 0.0 0.0 0.199607 0.192176 0.185601 0.202653 0.188626 0.178512
5562500 0.201409 0.188892 0.18504 0.0 0.0 0.0 0.199607 0.192176 0.185601 0.203004 0.185567 0.184553
5562500 0.201837 0.195165 0.188608 0.0 0.0 0.0 0.204033 0.197672 0.191574 0.199607 0.192176 0.185601
5562500 0.200155 0.196351 0.192133 0.0 0.0 0.0 0.204033 0.197672 0.191574 0.195669 0.194352 0.192789
5562500 0.197451 0.197777 0.199456 0.0 0.0 0.0 0.192886 0.199952 0.199573 0.201833 0.195261 0.199347
5562500 0.197103 0.201512 0.202438 0.0 0.0 0.0 0.192886 0.199952 0.199573 0.201853 0.202809 0.205666
5562500 0.187831 0.19198 0.203005 0.0 0.0 0.0 0.187423 0.18732 0.20205 0.188137 0.194994 0.203697
5562500 0.19573 0.189999 0.206724 0.0 0.0 0.0 0.191934 0.190823 0.208643 0.199579 0.188719 0.204776
5562500 0.19099 0.193493 0.202076 0.0 0.0 0.0 0.188137 0.194994 0.203697 0.19393 0.191517 0.200418
5562500 0.193039 0.191416 0.204084 0.0 0.0 0.0 0.191934 0.190823 0.208643 0.19393 0.191517 0.200418
5562500 0.195312 0.193863 0.202903 0.0 0.0 0.0 0.196694 0.195792 0.205405 0.19393 0.191517 0.200418
5562500 0.187259 0.195799 0.206918 0.0 0.0 0.0 0.186191 0.196294 0.210855 0.188137 0.194994 0.203697
5562500 0.192321 0.192846 0.21232 0.0 0.0 0.0 0.191934 0.190823 0.208643 0.19265 0.19454 0.215441
5562500 0.189611 0.195585 0.213287 0.0 0.0 0.0 0.186191 0.196294 0.210855 0.19265 0.19454 0.215441
5562500 0.194548 0.195832 0.21828 0.0 0.0 0.0 0.196411 0.196662 0.221061 0.19265 0.19454 0.215441
5562500 0.195053 0.197914 0.215411 0.0 0.0 0.0 0.19265 0.19454 0.215441 0.197585 0.201012 0.215377
5562500 0.186222 0.198773 0.214368 0.0 0.0 0.0 0.186191 0.196294 0.210855 0.186274 0.201831 0.219465
5562500 0.190229 0.197525 0.216968 0.0 0.0 0.0 0.19265 0.19454 0.215441 0.186274 0.201831 0.219465
5562500 0.20019 0.186838 0.208527 0.0 0.0 0.0 0.200854 0.184326 0.212612 0.199579 0.188719 0.204776
5562500 0.200236 0.188046 0.20023 0.0 0.0 0.0 0.200999 0.186777 0.194913 0.199579 0.188719 0.204776
5562500 0.197319 0.193331 0.199949 0.0 0.0 0.0 0.201833 0.195261 0.199347 0.19393 0.191517 0.200418
5562500 0.198898 0.195784 0.202806 0.0 0.0 0.0 0.201833 0.195261 0.199347 0.196694 0.195792 0.205405
5562500 0.20347 0.188672 0.20693 0.0 0.0 0.0 0.206485 0.188249 0.208602 0.199579 0.188719 0.204776
5562500 0.196064 0.192412 0.210313 0.0 0.0 0.0 0.191934 0.190823 0.208643 0.200765 0.193751 0.212209
5562500 0.196114 0.194424 0.214061 0.0 0.0 0.0 0.200765 0.193751 0.212209 0.19265 0.19454 0.215441
5562500 0.196643 0.185222 0.214537 0.0 0.0 0.0 0.200854 0.184326 0.212612 0.191816 0.185774 0.216729
5562500 0.199748 0.187931 0.216549 0.0 0.0 0.0 0.200854 0.184326 0.212612 0.198905 0.190275 0.219525
5562500 0.201226 0.193393 0.219752 0.0 0.0 0.0 0.203896 0.196511 0.220015 0.198905 0.190275 0.219525
5562500 0.202383 0.201102 0.193067 0.0 0.0 0.0 0.204033 0.197672 0.191574 0.200132 0.205269 0.19511
5562500 0.200616 0.199071 0.217603 0.0 0.0 0.0 0.203896 0.196511 0.220015 0.197585 0.201012 0.215377
5562500 0.205956 0.181323 0.199541 -0.739143 0.271114 0.851538 0.208245 0.180816 0.197572 0.203087 0.181958 0.20201
5562500 0.209447 0.184026 0.186868 0.0 0.0 0.0 0.207752 0.182365 0.190483 0.21162 0.185656 0.182244
5562500 0.205164 0.184331 0.187244 0.0 0.0 0.0 0.207752 0.182365 0.190483 0.203004 0.185567 0.184553
5562500 0.210547 0.178945 0.19708 0.0 0.0 0.0 0.208245 0.180816 0.197572 0.215607 0.174138 0.196017
5562500 0.2055 0.179102 0.207604 0.0 0.0 0.0 0.201077 0.175669 0.208074 0.209025 0.181442 0.207233
5562500 0.205203 0.183011 0.209752 0.0 0.0 0.0 0.200854 0.184326 0.212612 0.209025 0.181442 0.207233
5562500 0.204363 0.181213 0.214264 0.0 0.0 0.0 0.200854 0.184326 0.212612 0.209393 0.176208 0.216622
5562500 0.205058 0.18547 0.201651 0.0 0.0 0.0 0.207145 0.188743 0.201275 0.203087 0.181958 0.20201
5562500 0.214344 0.187995 0.201235 0.0 0.0 0.0 0.213489 0.183875 0.201036 0.215516 0.193128 0.20152
5562500 0.208086 0.185319 0.204246 0.0 0.0 0.0 0.209025 0.181442 0.207233 0.207145 0.188743 0.201275
5562500 0.209359 0.183638 0.210668 0.0263864 -0.186669 -0.322624 0.209604 0.185254 0.213194 0.209025 0.181442 0.207233
5562500 0.206172 0.185111 0.212965 0.0 0.0 0.0 0.209604 0.185254 0.213194 0.200854 0.184326 0.212612
5562500 0.214269 0.180507 0.199183 0.0 0.0 0.0 0.213489 0.183875 0.201036 0.215607 0.174138 0.196017
5562500 0.21279 0.180016 0.206252 0.0 0.0 0.0 0.209025 0.181442 0.207233 0.216063 0.178361 0.205401
5562500 0.215994 0.184974 0.204025 0.0 0.0 0.0 0.219064 0.185838 0.207704 0.213489 0.183875 0.201036
5562500 0.202821 0.187398 0.181364 0.0 0.0 0.0 0.203004 0.185567 0.184553 0.202653 0.188626 0.178512
5562500 0.205285 0.197696 0.187417 0.0 0.0 0.0 0.204033 0.197672 0.191574 0.207468 0.197142 0.180206
5562500 0.212546 0.195222 0.184753 0.0 0.0 0.0 0.21618 0.193476 0.188025 0.207468 0.197142 0.180206
5562500 0.209852 0.189424 0.19156 0.0 0.0 0.0 0.212782 0.187874 0.194123 0.206854 0.190566 0.188955
5562500 0.201438 0.191448 0.197235 0.0 0.0 0.0 0.200999 0.186777 0.194913 0.201833 0.195261 0.199347
5562500 0.207443 0.19613 0.192964 0.0 0.0 0.0 0.210132 0.194527 0.194066 0.204033 0.197672 0.191574
5562500 0.20996 0.188528 0.197703 0.0 0.0 0.0 0.212782 0.187874 0.194123 0.207145 0.188743 0.201275
5562500 0.213962 0.190142 0.197316 1.22329 1.35645 2.27422 0.212782 0.187874 0.194123 0.215516 0.193128 0.20152
5562500 0.204631 0.192049 0.20036 0.0 0.0 0.0 0.201833 0.195261 0.199347 0.207145 0.188743 0.201275
5562500 0.204947 0.19559 0.203235 0.0 0.0 0.0 0.201833 0.195261 0.199347 0.207874 0.195478 0.206894
5562500 0.212088 0.194236 0.196772 0.0 0.0 0.0 0.210132 0.194527 0.194066 0.215516 0.193128 0.20152
5562500 0.206209 0.199463 0.194465 0.0 0.0 0.0 0.204033 0.197672 0.191574 0.208847 0.201158 0.197981
5562500 0.211168 0.192128 0.188518 0.0 0.0 0.0 0.21618 0.193476 0.188025 0.206854 0.190566 0.188955
5562500 0.212476 0.194335 0.191721 0.0 0.0 0.0 0.210132 0.194527 0.194066 0.21618 0.193476 0.188025
5562500 0.215572 0.196468 0.192046 0.0 0.0 0.0 0.21618 0.193476 0.188025 0.215182 0.198022 0.194616
5562500 0.207503 0.192253 0.204022 0.0 0.0 0.0 0.207145 0.188743 0.201275 0.207874 0.195478 0.206894
5562500 0.204148 0.190712 0.210073 0.0 0.0 0.0 0.206485 0.188249 0.208602 0.200765 0.193751 0.212209
5562500 0.211063 0.187911 0.211329 0.0 0.0 0.0 0.209604 0.185254 0.213194 0.212607 0.190282 0.209356
5562500 0.213689 0.191556 0.206439 0.0 0.0 0.0 0.212607 0.190282 0.209356 0.215516 0.193128 0.20152
5562500 0.207947 0.185603 0.215768 0.0 0.0 0.0 0.209604 0.185254 0.213194 0.206035 0.185523 0.218722
5562500 0.201282 0.198261 0.209108 0.0 0.0 0.0 0.200765 0.193751 0.212209 0.201853 0.202809 0.205666
5562500 0.203923 0.197525 0.212876 0.0 0.0 0.0 0.200765 0.193751 0.212209 0.20652 0.200232 0.213431
5562500 0.213963 0.193609 0.210003 0.0 0.0 0.0 0.212607 0.190282 0.209356 0.216725 0.199727 0.21132
5562500 0.211381 0.197378 0.208646 0.0 0.0 0.0 0.216725 0.199727 0.21132 0.207874 0.195478 0.206894
5562500 0.183148 0.211611 0.193936 -12.4421 -3.15207 -0.79704 0.186388 0.212129 0.193708 0.179386 0.211008 0.194199
5562500 0.189542 0.20794 0.18298 -2.37567 5.21222 0.24856 0.191433 0.204882 0.182473 0.187763 0.210815 0.183458
5562500 0.196683 0.197447 0.189662 -2.80706 -17.2175 21.2778 0.19777 0.200766 0.186309 0.195669 0.194352 0.192789
5562500 0.190611 0.203754 0.189864 -6.38545 -14.3341 0.803859 0.191823 0.208066 0.189922 0.189475 0.19971 0.189809
5562500 0.19918 0.20407 0.183063 5.55421 20.5657 -15.1766 0.19777 0.200766 0.186309 0.200569 0.207328 0.179863
5562500 0.192921 0.20499 0.21192 -1.79457 -11.8657 -16.4092 0.193362 0.20825 0.215181 0.192484 0.201761 0.20869
5562500 0.188654 0.213372 0.185537 -1.0457 -7.54233 -5.62356 0.189866 0.216853 0.188367 0.187763 0.210815 0.183458
5562500 0.188689 0.210409 0.192106 2.36858 -2.32918 -2.36744 0.186388 0.212129 0.193708 0.191823 0.208066 0.189922
5562500 0.194583 0.211157 0.191623 14.254 22.576 9.83656 0.191823 0.208066 0.189922 0.197113 0.213991 0.193183
5562500 0.187789 0.214642 0.195302 8.32879 12.8303 5.74491 0.186388 0.212129 0.193708 0.189755 0.218169 0.197538
5562500 0.197119 0.214227 0.197284 2.4608 -1.65265 24.5334 0.197113 0.213991 0.193183 0.197126 0.214501 0.202044
5562500 0.193381 0.216365 0.199754 -9.97786 6.6014 -8.55442 0.197126 0.214501 0.202044 0.189755 0.218169 0.197538
5562500 0.197584 0.21793 0.192119 6.22112 21.6753 -5.32344 0.197113 0.213991 0.193183 0.19813 0.222503 0.190884
5562500 0.196059 0.211591 0.21344 7.82131 10.2211 -7.75293 0.193362 0.20825 0.215181 0.198945 0.215166 0.211577
5562500 0.19153 0.212495 0.215432 -16.1371 49.034 -3.9727 0.193362 0.20825 0.215181 0.189265 0.217746 0.215743
5562500 0.203047 0.217569 0.212982 18.1602 6.96298 5.34402 0.198945 0.215166 0.211577 0.206736 0.219731 0.214246
5562500 0.201341 0.212311 0.201617 13.0161 -6.37367 -3.64693 0.197126 0.214501 0.202044 0.204906 0.210459 0.201256
5562500 0.201239 0.21648 0.203423 21.5879 12.9397 4.11892 0.197126 0.214501 0.202044 0.205271 0.218419 0.204775
5562500 0.201127 0.208825 0.219275 -12.7483 16.5936 10.2577 0.202954 0.206202 0.217045 0.199531 0.211117 0.221225
5562500 0.205261 0.198144 0.19868 -1.03781 -1.19838 0.284843 0.208847 0.201158 0.197981 0.201833 0.195261 0.199347
5562500 0.214687 0.199981 0.192279 3.14808 -38.3758 35.7374 0.213849 0.2033 0.188321 0.215182 0.198022 0.194616
5562500 0.209689 0.202576 0.202418 -5.88919 -6.2653 -16.2142 0.210242 0.203507 0.205332 0.208847 0.201158 0.197981
5562500 0.210325 0.205476 0.185118 12.8028 -5.13185 12.7865 0.208054 0.206879 0.183054 0.213849 0.2033 0.188321
5562500 0.208557 0.204981 0.195202 -0.847132 -7.33656 5.03119 0.208352 0.207676 0.193243 0.208847 0.201158 0.197981
5562500 0.214138 0.205898 0.192856 2.78435 -13.3034 -26.4728 0.214305 0.207398 0.195475 0.213849 0.2033 0.188321
5562500 0.205196 0.198739 0.206348 20.9351 -32.6323 0.828091 0.201853 0.202809 0.205666 0.207874 0.195478 0.206894
5562500 0.203589 0.207158 0.203159 5.60584 22.9085 -15.9943 0.201853 0.202809 0.205666 0.204906 0.210459 0.201256
5562500 0.209516 0.205946 0.20712 -5.38175 10.2609 8.47318 0.210242 0.203507 0.205332 0.208216 0.210318 0.210324
5562500 0.204727 0.203233 0.215248 12.643 -15.5543 -13.0693 0.202954 0.206202 0.217045 0.20652 0.200232 0.213431
5562500 0.212342 0.202283 0.207272 7.70378 -6.6732 9.42844 0.210242 0.203507 0.205332 0.216725 0.199727 0.21132
5562500 0.204954 0.207065 0.181732 -12.4713 1.90777 -3.48399 0.208054 0.206879 0.183054 0.200569 0.207328 0.179863
5562500 0.203302 0.215943 0.182303 10.6884 -3.28676 36.8374 0.201406 0.216393 0.178286 0.20596 0.215311 0.187936
5562500 0.211974 0.214284 0.189337 -31.5812 4.04815 -2.31114 0.215518 0.213679 0.190162 0.20596 0.215311 0.187936
5562500 0.213045 0.21007 0.196107 -9.89302 34.5861 8.05252 0.214305 0.207398 0.195475 0.211238 0.2139 0.197013
5562500 0.20752 0.210331 0.191397 -3.62111 7.77086 -4.41339 0.208352 0.207676 0.193243 0.20596 0.215311 0.187936
5562500 0.207959 0.212118 0.199211 -25.0189 -10.9416 11.3224 0.211238 0.2139 0.197013 0.204906 0.210459 0.201256
5562500 0.212855 0.217148 0.199379 -8.04623 -27.9482 -17.4117 0.214415 0.220279 0.20166 0.211238 0.2139 0.197013
5562500 0.212154 0.217671 0.195087 1.12986 17.763 -9.6042 0.211238 0.2139 0.197013 0.212988 0.22111 0.19333
5562500 0.215991 0.214596 0.207911 3.70272 -6.13688 -9.34785 0.21459 0.216121 0.210147 0.218481 0.211885 0.203936
5562500 0.207171 0.197946 0.210288 0.177703 -11.9407 -17.111 0.20652 0.200232 0.213431 0.207874 0.195478 0.206894
5562500 0.200144 0.213796 0.186175 9.76587 2.59662 4.80162 0.196591 0.212869 0.185099 0.20596 0.215311 0.187936
5562500 0.194795 0.213052 0.181724 1.11766 -0.073075 1.47794 0.192905 0.213245 0.178172 0.196591 0.212869 0.185099
5562500 0.207145 0.203249 0.205456 -2.36489 -0.339843 0.451514 0.210242 0.203507 0.205332 0.201853 0.202809 0.205666
5562500 0.212337 0.21407 0.21021 -11.3774 -7.92639 -0.979895 0.21459 0.216121 0.210147 0.208216 0.210318 0.210324
5562500 0.207859 0.203644 0.182108 -0.231422 -3.08223 -0.391574 0.208054 0.206879 0.183054 0.207468 0.197142 0.180206
5562500 0.215697 0.214374 0.212386 2.2782 -6.58127 7.33712 0.21459 0.216121 0.210147 0.217886 0.210919 0.216813
5562500 0.216916 0.198265 0.200733 -5.64011 -30.1425 8.95709 0.218113 0.202653 0.200061 0.215516 0.193128 0.20152
5562500 0.215816 0.205516 0.197294 -18.1986 15.6382 -16.2317 0.218113 0.202653 0.200061 0.214305 0.207398 0.195475
5562500 0.185821 0.218217 0.195123 -11.5923 -1.08028 -5.22558 0.189755 0.218169 0.197538 0.182327 0.21826 0.192979
5562500 0.210375 0.200041 0.212633 10.1206 -1.38266 -3.6008 0.20652 0.200232 0.213431 0.216725 0.199727 0.21132
5562500 0.204478 0.216026 0.19398 -0.141868 0.274993 1.42155 0.20596 0.215311 0.187936 0.203699 0.216402 0.197152
5562500 0.201239 0.199052 0.189225 0.97617 -0.308932 0.960911 0.19777 0.200766 0.186309 0.204033 0.197672 0.191574
5562500 0.206686 0.205409 0.185766 -1.38957 -1.0461 3.10737 0.208054 0.206879 0.183054 0.205357 0.20398 0.188403
5562500 0.200618 0.214514 0.191105 13.4645 0.573327 -5.74367 0.197113 0.213991 0.193183 0.20596 0.215311 0.187936
5562500 0.195793 0.207688 0.204917 -0.457119 -0.896003 -7.24189 0.196082 0.208548 0.207913 0.19551 0.206849 0.201992
5562500 0.19719 0.21111 0.209332 -6.43913 -16.1637 -5.64438 0.198945 0.215166 0.211577 0.196082 0.208548 0.207913
5562500 0.187829 0.214087 0.191495 8.00712 10.2488 -16.2574 0.186388 0.212129 0.193708 0.189866 0.216853 0.188367
5562500 0.185781 0.209078 0.194774 -4.27951 -25.4178 4.52919 0.186388 0.212129 0.193708 0.184856 0.204428 0.196398
5562500 0.196826 0.202246 0.207288 -21.549 -1.10291 3.54693 0.201853 0.202809 0.205666 0.192484 0.201761 0.20869
5562500 0.203364 0.204471 0.190961 -1.81249 0.747259 1.90631 0.205357 0.20398 0.188403 0.200132 0.205269 0.19511
5562500 0.202847 0.208221 0.198605 0.401958 0.647527 0.5838 0.200132 0.205269 0.19511 0.204906 0.210459 0.201256
5562500 0.21887 0.214765 0.199362 -2.78195 -6.51779 9.96455 0.219151 0.21685 0.196051 0.218481 0.211885 0.203936
5562500 0.194148 0.203119 0.184117 -3.02861 1.9512 -1.15859 0.19777 0.200766 0.186309 0.191433 0.204882 0.182473
5562500 0.198223 0.206419 0.20708 11.08 -8.43894 -5.35496 0.196082 0.208548 0.207913 0.201853 0.202809 0.205666
5562500 0.204241 0.213734 0.198995 0.0868734 -1.29203 0.682166 0.203699 0.216402 0.197152 0.204906 0.210459 0.201256
5562500 0.198708 0.19853 0.205507 -6.69597 -10.3367 -2.20713 0.201853 0.202809 0.205666 0.196694 0.195792 0.205405
5562500 0.207816 0.21167 0.215718 1.2778 3.26588 14.7387 0.208216 0.210318 0.210324 0.207474 0.212826 0.220329
5562500 0.217181 0.207913 0.194691 2.64966 0.746692 -0.375256 0.214305 0.207398 0.195475 0.221971 0.208771 0.193385
5562500 0.19878 0.196103 0.185919 0.0 0.0 0.0 0.19777 0.200766 0.186309 0.199607 0.192176 0.185601
5562500 0.205119 0.207896 0.214279 2.0309 2.31484 -3.77437 0.202954 0.206202 0.217045 0.208216 0.210318 0.210324
5562500 0.18438 0.205019 0.191442 -1.08318 -0.388733 -9.69471 0.184856 0.204428 0.196398 0.183986 0.205509 0.187328
5562500 0.206614 0.214724 0.207306 -1.16001 7.20597 -4.79003 0.208216 0.210318 0.210324 0.205271 0.218419 0.204775
5562500 0.193136 0.209337 0.207204 -10.2457 4.10728 -3.87972 0.196082 0.208548 0.207913 0.18695 0.210993 0.205715
5562500 0.190228 0.205411 0.217075 -9.07991 -9.40382 3.69602 0.193362 0.20825 0.215181 0.186274 0.201831 0.219465
5562500 0.200218 0.203558 0.216195 -6.19338 -5.53351 -3.2582 0.202954 0.206202 0.217045 0.197585 0.201012 0.215377
5562500 0.194395 0.210657 0.187321 0.346948 0.492201 -0.364625 0.191823 0.208066 0.189922 0.196591 0.212869 0.185099
5562500 0.211476 0.20753 0.194414 2.29755 -0.406619 1.16991 0.208352 0.207676 0.193243 0.214305 0.207398 0.195475
5562500 0.193554 0.214668 0.186575 -18.7311 8.24284 5.99402 0.196591 0.212869 0.185099 0.189866 0.216853 0.188367
5562500 0.196141 0.209838 0.202012 -8.06458 -34.8691 -5.93021 0.197126 0.214501 0.202044 0.19551 0.206849 0.201992
5562500 0.18458 0.214858 0.193383 -3.5299 5.04465 -1.60877 0.186388 0.212129 0.193708 0.182327 0.21826 0.192979
5562500 0.185762 0.207269 0.200429 -1.38643 -7.63505 -11.012 0.18695 0.210993 0.205715 0.184856 0.204428 0.196398
5562500 0.19446 0.217872 0.204107 18.442 -24.6933 -9.23053 0.191792 0.221246 0.206172 0.197126 0.214501 0.202044
5562500 0.195695 0.204251 0.215289 16.3213 -27.4036 -4.33157 0.193362 0.20825 0.215181 0.197585 0.201012 0.215377
5562500 0.198361 0.210404 0.18277 5.78807 -12.733 -10.2114 0.196591 0.212869 0.185099 0.200569 0.207328 0.179863
5562500 0.198429 0.210189 0.194023 2.5944 -4.86185 0.937812 0.197113 0.213991 0.193183 0.200132 0.205269 0.19511
5562500 0.197827 0.205374 0.203333 3.84568 -2.61199 3.25656 0.19551 0.206849 0.201992 0.201853 0.202809 0.205666
5562500 0.204958 0.206473 0.207939 -5.06164 -8.43088 -3.99751 0.208216 0.210318 0.210324 0.201853 0.202809 0.205666
5562500 0.190864 0.212594 0.189157 0.0 0.0 0.0 0.191823 0.208066 0.189922 0.189866 0.216853 0.188367
5562500 0.188187 0.214601 0.211073 0.195964 0.350142 0.447463 0.18695 0.210993 0.205715 0.189265 0.217746 0.215743
5562500 0.181633 0.216666 0.196693 -0.0 0.0 0.0 0.181114 0.215475 0.19947 0.182327 0.21826 0.192979
5562500 0.181264 0.210376 0.20247 5.00513 0.603927 1.88528 0.178626 0.21009 0.200964 0.18695 0.210993 0.205715
5562500 0.218282 0.206891 0.20184 -1.25964 9.49088 4.18541 0.218113 0.202653 0.200061 0.218481 0.211885 0.203936
5562500 0.194623 0.205795 0.208228 -3.76924 -6.31961 -0.366595 0.196082 0.208548 0.207913 0.192484 0.201761 0.20869
5562500 0.205075 0.214146 0.202886 -0.647485 -3.00179 -1.5432 0.205271 0.218419 0.204775 0.204906 0.210459 0.201256
5562500 0.204988 0.209183 0.218523 4.39693 6.14578 1.78132 0.202954 0.206202 0.217045 0.207474 0.212826 0.220329
5562500 0.207092 0.216604 0.217188 0.0 0.0 0.0 0.206736 0.219731 0.214246 0.207474 0.212826 0.220329
5562500 0.183051 0.215538 0.208436 -0.277426 0.467479 0.261821 0.18695 0.210993 0.205715 0.180814 0.218146 0.209997
5562500 0.189755 0.216934 0.20598 -5.49827 -16.3846 1.1502 0.191792 0.221246 0.206172 0.18695 0.210993 0.205715
5562500 0.20908 0.214477 0.193301 11.1892 -2.64846 13.6626 0.20596 0.215311 0.187936 0.211238 0.2139 0.197013
5562500 0.210492 0.205972 0.191327 0.435791 -0.265345 -0.27454 0.208352 0.207676 0.193243 0.213849 0.2033 0.188321
5562500 0.203309 0.212884 0.210987 1.2635 -0.878704 -0.0339448 0.198945 0.215166 0.211577 0.208216 0.210318 0.210324
5562500 0.204742 0.203095 0.196629 -5.40965 3.7312 -2.185 0.208847 0.201158 0.197981 0.200132 0.205269 0.19511
5562500 0.212679 0.199261 0.195945 1.96975 -1.39892 -1.38178 0.208847 0.201158 0.197981 0.215182 0.198022 0.194616
5562500 0.207395 0.213399 0.182146 1.41869 -1.1009 -3.27363 0.20596 0.215311 0.187936 0.208189 0.212342 0.178943
5562500 0.217279 0.215216 0.193017 -4.08795 -3.21572 -8.87403 0.219151 0.21685 0.196051 0.215518 0.213679 0.190162
5562500 0.182237 0.217902 0.201198 0.0 0.0 0.0 0.181114 0.215475 0.19947 0.183659 0.220608 0.203362
5562500 0.198896 0.202912 0.190504 0.421504 1.47273 2.07079 0.19777 0.200766 0.186309 0.200132 0.205269 0.19511
5562500 0.201842 0.198733 0.202254 -0.269274 -1.31105 -1.04778 0.201853 0.202809 0.205666 0.201833 0.195261 0.199347
5562500 0.216186 0.216686 0.20265 0.0 0.0 0.0 0.214415 0.220279 0.20166 0.218481 0.211885 0.203936
5562500 0.18776 0.206741 0.188577 -8.77598 -2.40957 -4.47908 0.191823 0.208066 0.189922 0.183986 0.205509 0.187328
5562500 0.181751 0.208163 0.19515 4.47184 -3.87211 1.49044 0.179386 0.211008 0.194199 0.184856 0.204428 0.196398
5562500 0.191608 0.206307 0.185807 -2.27863 -3.88053 -10.9013 0.191823 0.208066 0.189922 0.191433 0.204882 0.182473
5562500 0.194985 0.208428 0.210845 2.24049 -0.780824 -6.06378 0.193362 0.20825 0.215181 0.196082 0.208548 0.207913
5562500 0.198018 0.214827 0.206718 -3.37232 -3.64379 -15.5466 0.198945 0.215166 0.211577 0.197126 0.214501 0.202044
5562500 0.18981 0.217513 0.192968 0.600539 0.976246 4.49553 0.189866 0.216853 0.188367 0.189755 0.218169 0.197538
5562500 0.208627 0.203718 0.188371 0.455674 0.0241707 0.0353131 0.205357 0.20398 0.188403 0.213849 0.2033 0.188321
5562500 0.190436 0.210142 0.200203 -0.0336578 0.0198716 0.0621516 0.192161 0.20972 0.197474 0.18695 0.210993 0.205715
5562500 0.192019 0.209024 0.194297 -0.00591275 0.00933152 0.0968643 0.191823 0.208066 0.189922 0.192161 0.20972 0.197474
5562500 0.19389 0.208253 0.199804 0.0 0.0 0.0 0.192161 0.20972 0.197474 0.19551 0.206849 0.201992
5562500 0.190209 0.205556 0.207467 0.147005 -0.273867 0.0368116 0.18695 0.210993 0.205715 0.192484 0.201761 0.20869
5562500 0.199424 0.217178 0.216084 1.56062 2.27002 7.43858 0.198945 0.215166 0.211577 0.199867 0.219036 0.220249
5562500 0.210612 0.205137 0.199868 0.0 0.0 0.0 0.208847 0.201158 0.197981 0.211742 0.207666 0.201074
5562500 0.211001 0.205621 0.203174 0.0 0.0 0.0 0.210242 0.203507 0.205332 0.211742 0.207666 0.201074
5562500 0.180339 0.213705 0.197128 0.0 0.0 0.0 0.181114 0.215475 0.19947 0.179386 0.211008 0.194199
5562500 0.187962 0.205393 0.184732 0.0 0.0 0.0 0.191433 0.204882 0.182473 0.183986 0.205509 0.187328
5562500 0.181862 0.203752 0.20035 0.0 0.0 0.0 0.178759 0.202607 0.20445 0.184856 0.204428 0.196398
5562500 0.182375 0.206529 0.205011 0.0 0.0 0.0 0.18695 0.210993 0.205715 0.178759 0.202607 0.20445
5562500 0.182963 0.21427 0.201463 0.0 0.0 0.0 0.181114 0.215475 0.19947 0.18695 0.210993 0.205715
5562500 0.18586 0.217814 0.19082 0.0 0.0 0.0 0.189866 0.216853 0.188367 0.182327 0.21826 0.192979
5562500 0.184875 0.217056 0.204232 0.0526229 -0.110703 0.043716 0.183659 0.220608 0.203362 0.18695 0.210993 0.205715
5562500 0.193327 0.200418 0.188178 0.0 0.0 0.0 0.19777 0.200766 0.186309 0.189475 0.19971 0.189809
5562500 0.194903 0.198549 0.206804 0.0 0.0 0.0 0.192484 0.201761 0.20869 0.196694 0.195792 0.205405
5562500 0.189518 0.209842 0.186252 0.0 0.0 0.0 0.191823 0.208066 0.189922 0.187763 0.210815 0.183458
5562500 0.19538 0.206156 0.181339 0.0 0.0 0.0 0.191433 0.204882 0.182473 0.200569 0.207328 0.179863
5562500 0.195624 0.207001 0.192291 0.0 0.0 0.0 0.191823 0.208066 0.189922 0.200132 0.205269 0.19511
5562500 0.188534 0.206565 0.192976 0.0 0.0 0.0 0.191823 0.208066 0.189922 0.184856 0.204428 0.196398
5562500 0.19468 0.204776 0.188181 0.0 0.0 0.0 0.19777 0.200766 0.186309 0.191823 0.208066 0.189922
5562500 0.196846 0.213622 0.188994 0.0 0.0 0.0 0.197113 0.213991 0.193183 0.196591 0.212869 0.185099
5562500 0.189282 0.211123 0.195598 0.0 0.0 0.0 0.186388 0.212129 0.193708 0.192161 0.20972 0.197474
5562500 0.194345 0.21181 0.195576 0.0 0.0 0.0 0.192161 0.20972 0.197474 0.197113 0.213991 0.193183
5562500 0.195181 0.208232 0.196576 0.0 0.0 0.0 0.192161 0.20972 0.197474 0.200132 0.205269 0.19511
5562500 0.189277 0.207841 0.197051 0.0 0.0 0.0 0.192161 0.20972 0.197474 0.184856 0.204428 0.196398
5562500 0.194169 0.211863 0.199327 0.0 0.0 0.0 0.192161 0.20972 0.197474 0.197126 0.214501 0.202044
5562500 0.1972 0.206486 0.199479 0.0 0.0 0.0 0.19551 0.206849 0.201992 0.200132 0.205269 0.19511
5562500 0.195685 0.216972 0.18358 0.0 0.0 0.0 0.194538 0.221678 0.18167 0.196591 0.212869 0.185099
5562500 0.191158 0.213414 0.197501 0.0 0.0 0.0 0.192161 0.20972 0.197474 0.189755 0.218169 0.197538
5562500 0.193717 0.215546 0.190923 0.0 0.0 0.0 0.197113 0.213991 0.193183 0.189866 0.216853 0.188367
5562500 0.19365 0.216167 0.195234 0.0 0.0 0.0 0.197113 0.213991 0.193183 0.189755 0.218169 0.197538
5562500 0.201808 0.199475 0.183762 0.0 0.0 0.0 0.19777 0.200766 0.186309 0.207468 0.197142 0.180206
5562500 0.201053 0.200079 0.197396 0.0 0.0 0.0 0.200132 0.205269 0.19511 0.201833 0.195261 0.199347
5562500 0.205186 0.206959 0.19396 0.0 0.0 0.0 0.208352 0.207676 0.193243 0.200132 0.205269 0.19511
5562500 0.202294 0.2029 0.187554 0.0 0.0 0.0 0.19777 0.200766 0.186309 0.205357 0.20398 0.188403
5562500 0.200996 0.204252 0.20039 0.0 0.0 0.0 0.200132 0.205269 0.19511 0.201853 0.202809 0.205666
5562500 0.198815 0.21471 0.18195 0.0 0.0 0.0 0.201406 0.216393 0.178286 0.196591 0.212869 0.185099
5562500 0.200772 0.215538 0.195382 0.0 0.0 0.0 0.197113 0.213991 0.193183 0.203699 0.216402 0.197152
5562500 0.19071 0.209597 0.211269 0.0 0.0 0.0 0.193362 0.20825 0.215181 0.18695 0.210993 0.205715
5562500 0.196498 0.211122 0.205586 0.0 0.0 0.0 0.196082 0.208548 0.207913 0.197126 0.214501 0.202044
5562500 0.192795 0.208379 0.203174 0.0 0.0 0.0 0.18695 0.210993 0.205715 0.19551 0.206849 0.201992
5562500 0.194303 0.20503 0.204669 0.0 0.0 0.0 0.19551 0.206849 0.201992 0.192484 0.201761 0.20869
5562500 0.192849 0.21324 0.203588 0.0 0.0 0.0 0.18695 0.210993 0.205715 0.197126 0.214501 0.202044
5562500 0.195292 0.201564 0.21237 0.0 0.0 0.0 0.192484 0.201761 0.20869 0.197585 0.201012 0.215377
5562500 0.196916 0.210116 0.218663 0.0 0.0 0.0 0.193362 0.20825 0.215181 0.199531 0.211117 0.221225
5562500 0.196715 0.20276 0.218922 0.0 0.0 0.0 0.195652 0.204419 0.223261 0.197585 0.201012 0.215377
5562500 0.188596 0.215418 0.200914 0.0 0.0 0.0 0.18695 0.210993 0.205715 0.189755 0.218169 0.197538
5562500 0.195301 0.218476 0.208823 0.0 0.0 0.0 0.198945 0.215166 0.211577 0.191792 0.221246 0.206172
5562500 0.194454 0.216576 0.213511 0.0 0.0 0.0 0.198945 0.215166 0.211577 0.189265 0.217746 0.215743
5562500 0.201944 0.20085 0.214426 0.0 0.0 0.0 0.20652 0.200232 0.213431 0.197585 0.201012 0.215377
5562500 0.19857 0.207354 0.216192 0.0 0.0 0.0 0.193362 0.20825 0.215181 0.202954 0.206202 0.217045
5562500 0.201017 0.215836 0.199142 0.0 0.0 0.0 0.197126 0.214501 0.202044 0.203699 0.216402 0.197152
5562500 0.202205 0.217054 0.208074 0.0 0.0 0.0 0.198945 0.215166 0.211577 0.205271 0.218419 0.204775
5562500 0.199602 0.205602 0.219897 0.0 0.0 0.0 0.202954 0.206202 0.217045 0.195652 0.204419 0.223261
5562500 0.206045 0.201969 0.185726 0.0 0.0 0.0 0.205357 0.20398 0.188403 0.207468 0.197142 0.180206
5562500 0.216362 0.200099 0.196797 0.0 0.0 0.0 0.218113 0.202653 0.200061 0.215182 0.198022 0.194616
5562500 0.211971 0.197618 0.199636 0.0 0.0 0.0 0.208847 0.201158 0.197981 0.215516 0.193128 0.20152
5562500 0.209244 0.200334 0.205991 0.0 0.0 0.0 0.210242 0.203507 0.205332 0.207874 0.195478 0.206894
5562500 0.208456 0.196713 0.215004 0.0 0.0 0.0 0.20652 0.200232 0.213431 0.210791 0.191972 0.216913
5562500 0.207322 0.210046 0.184758 0.0 0.0 0.0 0.208054 0.206879 0.183054 0.20596 0.215311 0.187936
5562500 0.211395 0.213013 0.184696 0.0 0.0 0.0 0.20596 0.215311 0.187936 0.215394 0.210953 0.182321
5562500 0.213551 0.213992 0.193308 0.0 0.0 0.0 0.215518 0.213679 0.190162 0.211238 0.2139 0.197013
5562500 0.212184 0.205183 0.196445 0.0 0.0 0.0 0.208847 0.201158 0.197981 0.214305 0.207398 0.195475
5562500 0.20961 0.210597 0.194879 0.0 0.0 0.0 0.208352 0.207676 0.193243 0.211238 0.2139 0.197013
5562500 0.206844 0.206026 0.190797 0.0 0.0 0.0 0.208352 0.207676 0.193243 0.205357 0.20398 0.188403
5562500 0.211225 0.202389 0.193391 0.0 0.0 0.0 0.208847 0.201158 0.197981 0.213849 0.2033 0.188321
5562500 0.213035 0.207746 0.198267 0.0 0.0 0.0 0.214305 0.207398 0.195475 0.211742 0.207666 0.201074
5562500 0.211544 0.210441 0.199401 0.0 0.0 0.0 0.211238 0.2139 0.197013 0.211742 0.207666 0.201074
5562500 0.205555 0.202152 0.201603 0.0 0.0 0.0 0.208847 0.201158 0.197981 0.201853 0.202809 0.205666
5562500 0.214299 0.217478 0.191686 0.0 0.0 0.0 0.215518 0.213679 0.190162 0.212988 0.22111 0.19333
5562500 0.206949 0.215532 0.197085 0.0 0.0 0.0 0.203699 0.216402 0.197152 0.211238 0.2139 0.197013
5562500 0.213552 0.202134 0.199032 0.0 0.0 0.0 0.218113 0.202653 0.200061 0.208847 0.201158 0.197981
5562500 0.214462 0.213219 0.200085 0.0 0.0 0.0 0.218481 0.211885 0.203936 0.211238 0.2139 0.197013
5562500 0.215394 0.215661 0.196503 0.0 0.0 0.0 0.219151 0.21685 0.196051 0.211238 0.2139 0.197013
5562500 0.208822 0.209075 0.20115 0.0 0.0 0.0 0.211742 0.207666 0.201074 0.204906 0.210459 0.201256
5562500 0.206298 0.210614 0.205062 0.0 0.0 0.0 0.208216 0.210318 0.210324 0.204906 0.210459 0.201256
5562500 0.207225 0.204628 0.212141 0.0 0.0 0.0 0.208216 0.210318 0.210324 0.20652 0.200232 0.213431
5562500 0.204534 0.201548 0.210121 0.0 0.0 0.0 0.20652 0.200232 0.213431 0.201853 0.202809 0.205666
5562500 0.208271 0.201647 0.216767 0.0 0.0 0.0 0.210726 0.203108 0.221467 0.20652 0.200232 0.213431
5562500 0.207394 0.215764 0.212505 0.0 0.0 0.0 0.208216 0.210318 0.210324 0.206736 0.219731 0.214246
5562500 0.214281 0.205891 0.200668 0.0 0.0 0.0 0.218113 0.202653 0.200061 0.211742 0.207666 0.201074
5562500 0.214162 0.209331 0.202098 0.0 0.0 0.0 0.218481 0.211885 0.203936 0.211742 0.207666 0.201074
5562500 0.213429 0.211328 0.207084 0.0 0.0 0.0 0.208216 0.210318 0.210324 0.218481 0.211885 0.203936
5562500 0.212868 0.210823 0.213443 0.0 0.0 0.0 0.208216 0.210318 0.210324 0.217886 0.210919 0.216813
5562500 0.206165 0.205143 0.21887 0.0 0.0 0.0 0.202954 0.206202 0.217045 0.210726 0.203108 0.221467
5562500 0.204348 0.217444 0.200292 0.0 0.0 0.0 0.205271 0.218419 0.204775 0.203699 0.216402 0.197152
5562500 0.217541 0.201659 0.204725 0.0 0.0 0.0 0.218113 0.202653 0.200061 0.216725 0.199727 0.21132
