# ts x y z Fx Fy Fz x1 y1 z1 x2 y2 z2
5068750 0.183423 0.194309 0.197065 -12.774 6.30889 6.46482 0.187201 0.192186 0.19584 0.180653 0.195865 0.197963
5068750 0.188971 0.200602 0.198043 -9.5533 6.18802 -5.72399 0.192885 0.198433 0.199529 0.184809 0.202908 0.196463
5068750 0.198171 0.187619 0.183265 -4.09716 -10.5928 -10.9297 0.199521 0.190564 0.185552 0.197034 0.18514 0.18134
5068750 0.19409 0.179511 0.190227 -1.24186 -1.56096 1.33886 0.19567 0.18251 0.188073 0.192717 0.176904 0.192099
5068750 0.185944 0.18028 0.191133 -1.1202 31.0996 16.7377 0.18574 0.177549 0.189172 0.186204 0.183748 0.193623
5068750 0.192935 0.185329 0.187233 -1.07476 0.802168 -0.249246 0.19567 0.18251 0.188073 0.189207 0.189172 0.186087
5068750 0.197994 0.183682 0.191132 0.545662 0.328999 1.03273 0.19567 0.18251 0.188073 0.200885 0.185141 0.194935
5068750 0.188239 0.181012 0.214177 12.4541 8.02438 10.143 0.185327 0.178502 0.212102 0.191789 0.184072 0.216706
5068750 0.197726 0.191608 0.188931 -4.01443 4.41545 9.98173 0.199521 0.190564 0.185552 0.195683 0.192796 0.192779
5068750 0.192437 0.195538 0.191256 -26.4869 15.9246 -9.51623 0.195683 0.192796 0.192779 0.189418 0.19809 0.189839
5068750 0.196668 0.195868 0.189619 -1.29763 -9.04707 11.2077 0.197724 0.199163 0.18623 0.195683 0.192796 0.192779
5068750 0.194314 0.195554 0.196081 9.31097 -11.4716 -18.0233 0.192885 0.198433 0.199529 0.195683 0.192796 0.192779
5068750 0.192667 0.199344 0.20415 1.21484 2.71374 11.1164 0.192885 0.198433 0.199529 0.192454 0.20023 0.208647
5068750 0.198153 0.18916 0.193803 -30.8517 36.8891 -9.31249 0.200885 0.185141 0.194935 0.195683 0.192796 0.192779
5068750 0.202441 0.192404 0.183597 7.35381 4.93358 -7.0451 0.199521 0.190564 0.185552 0.207436 0.195552 0.180255
5068750 0.203033 0.18978 0.187223 1.81039 -0.197562 0.592045 0.199521 0.190564 0.185552 0.206731 0.188954 0.188983
5068750 0.19915 0.202509 0.183034 3.4687 9.76759 -12.3761 0.197724 0.199163 0.18623 0.200556 0.205809 0.179883
5068750 0.18917 0.19724 0.2098 13.0993 8.51448 -3.72965 0.186288 0.194615 0.210813 0.192454 0.20023 0.208647
5068750 0.199594 0.190153 0.216477 -1.84508 -2.33731 4.25264 0.200618 0.192155 0.212249 0.19884 0.188681 0.219587
5068750 0.20073 0.180739 0.192583 -0.381341 -6.12768 -4.64385 0.200885 0.185141 0.194935 0.200624 0.177711 0.190964
5068750 0.210166 0.183542 0.192338 6.8706 9.50905 7.7569 0.207629 0.180743 0.190476 0.212629 0.18626 0.194145
5068750 0.202014 0.182413 0.198963 2.31504 -3.04797 6.0053 0.200885 0.185141 0.194935 0.202882 0.180317 0.202058
5068750 0.204275 0.186185 0.198448 11.1445 6.4222 13.2825 0.200885 0.185141 0.194935 0.20704 0.187037 0.201313
5068750 0.211145 0.190069 0.194102 3.10635 -13.5871 0.988477 0.210029 0.192932 0.194069 0.212629 0.18626 0.194145
5068750 0.21419 0.18883 0.191373 -5.5636 -5.82838 7.68211 0.216045 0.191885 0.188079 0.212629 0.18626 0.194145
5068750 0.205776 0.180057 0.204565 -2.45777 0.692805 -1.92198 0.208861 0.17978 0.207237 0.202882 0.180317 0.202058
5068750 0.206732 0.186815 0.205368 0.831849 2.23231 -10.2821 0.206482 0.186635 0.208656 0.20704 0.187037 0.201313
5068750 0.208075 0.185012 0.211049 6.45788 -6.17196 12.9887 0.206482 0.186635 0.208656 0.209525 0.183534 0.213229
5068750 0.204108 0.185011 0.210278 -7.59937 -3.90178 6.25774 0.206482 0.186635 0.208656 0.200765 0.182725 0.212562
5068750 0.210624 0.188967 0.201413 -15.0444 -6.49051 1.78522 0.215362 0.191519 0.201544 0.20704 0.187037 0.201313
5068750 0.207024 0.189803 0.2079 3.72881 16.2226 -1.37799 0.206482 0.186635 0.208656 0.207723 0.193886 0.206925
5068750 0.205223 0.196541 0.198665 -7.38771 -5.10396 0.323831 0.208769 0.199595 0.197938 0.201833 0.193622 0.199361
5068750 0.208631 0.191246 0.191914 -6.08237 -5.97506 -6.33577 0.210029 0.192932 0.194069 0.206731 0.188954 0.188983
5068750 0.212564 0.194649 0.194335 3.55708 3.12943 0.883078 0.210029 0.192932 0.194069 0.215115 0.196377 0.194603
5068750 0.209533 0.195555 0.195592 -4.95157 13.8216 10.1559 0.210029 0.192932 0.194069 0.208769 0.199595 0.197938
5068750 0.218024 0.195352 0.194819 -5.24692 1.05404 0.0207072 0.221898 0.193987 0.195108 0.215115 0.196377 0.194603
5068750 0.211096 0.192841 0.204549 -15.1306 4.02935 14.5208 0.215362 0.191519 0.201544 0.207723 0.193886 0.206925
5068750 0.217288 0.187636 0.204735 -9.49546 22.5462 -24.5061 0.219011 0.184159 0.207592 0.215362 0.191519 0.201544
5068750 0.207077 0.192784 0.218536 21.7814 -11.0553 -6.43811 0.203929 0.194901 0.219988 0.210767 0.190303 0.216834
5068750 0.207047 0.1964 0.210293 1.33435 -3.67689 -7.05363 0.206422 0.198728 0.213412 0.207723 0.193886 0.206925
5068750 0.205194 0.196843 0.21665 1.50333 1.39679 -2.58911 0.203929 0.194901 0.219988 0.206422 0.198728 0.213412
5068750 0.20377 0.183364 0.216054 1.40579 0.572405 1.41239 0.200765 0.182725 0.212562 0.206 0.183838 0.218646
5068750 0.194608 0.191971 0.20683 11.8306 10.4665 -5.34318 0.192064 0.189157 0.208647 0.196664 0.194245 0.205361
5068750 0.189113 0.191945 0.209753 -2.97534 3.7014 1.77103 0.192064 0.189157 0.208647 0.186288 0.194615 0.210813
5068750 0.208825 0.186817 0.186065 -1.37385 1.15611 2.35085 0.211533 0.184054 0.18229 0.206731 0.188954 0.188983
5068750 0.191943 0.186913 0.212203 1.17706 -5.72259 11.5898 0.192064 0.189157 0.208647 0.191789 0.184072 0.216706
5068750 0.199138 0.180728 0.19648 -7.74755 -21.3014 11.5479 0.200885 0.185141 0.194935 0.198008 0.177872 0.19748
5068750 0.195642 0.181119 0.2189 -3.40415 1.8487 -1.45441 0.199172 0.178413 0.220911 0.191789 0.184072 0.216706
5068750 0.211107 0.180926 0.204017 -1.27559 -0.598318 2.53699 0.213266 0.182027 0.200924 0.208861 0.17978 0.207237
5068750 0.181834 0.199939 0.193731 6.17318 4.53611 4.03767 0.18003 0.198139 0.192074 0.184809 0.202908 0.196463
5068750 0.198754 0.193209 0.196066 1.66225 0.308617 2.46927 0.195683 0.192796 0.192779 0.201833 0.193622 0.199361
5068750 0.219066 0.192918 0.197897 -11.122 -7.16673 13.3582 0.221898 0.193987 0.195108 0.215362 0.191519 0.201544
5068750 0.205281 0.192638 0.190321 0.210431 -0.903266 -0.399793 0.203927 0.196078 0.191571 0.206731 0.188954 0.188983
5068750 0.215163 0.186885 0.208599 -0.00120921 0.00059813 0.000350183 0.219011 0.184159 0.207592 0.212615 0.188689 0.209266
5068750 0.210209 0.184487 0.201115 -6.90135 5.90132 1.88329 0.213266 0.182027 0.200924 0.20704 0.187037 0.201313
5068750 0.217234 0.179854 0.206352 -4.58374 -12.0438 -1.34436 0.219011 0.184159 0.207592 0.21592 0.176674 0.205436
5068750 0.211035 0.19904 0.184828 5.60563 4.55517 4.90451 0.207436 0.195552 0.180255 0.213814 0.201733 0.188359
5068750 0.210278 0.198515 0.212618 2.21102 -0.00125511 -0.813277 0.206422 0.198728 0.213412 0.216629 0.198165 0.211311
5068750 0.202957 0.194941 0.195177 -0.659892 -0.397292 1.49288 0.203927 0.196078 0.191571 0.201833 0.193622 0.199361
5068750 0.201159 0.197454 0.189188 0.813821 -0.259367 0.535006 0.197724 0.199163 0.18623 0.203927 0.196078 0.191571
5068750 0.204666 0.199483 0.189814 0.100383 1.17241 -0.443613 0.203927 0.196078 0.191571 0.205288 0.202346 0.188337
5068750 0.203771 0.179073 0.190745 -1.77041 -0.552726 -0.10081 0.207629 0.180743 0.190476 0.200624 0.177711 0.190964
5068750 0.21142 0.178892 0.183888 -0.59793 4.64565 -1.82683 0.211318 0.174243 0.185328 0.211533 0.184054 0.18229
5068750 0.212954 0.184101 0.197603 -3.02672 7.1892 -10.537 0.213266 0.182027 0.200924 0.212629 0.18626 0.194145
5068750 0.194451 0.202635 0.200975 15.9461 29.7041 7.63035 0.192885 0.198433 0.199529 0.195466 0.205359 0.201912
5068750 0.195014 0.178515 0.182015 -11.0088 6.89036 -0.165973 0.199485 0.176312 0.182692 0.191359 0.180316 0.181461
5068750 0.196724 0.184002 0.20572 -15.3843 -13.4064 6.49035 0.199469 0.187134 0.204804 0.193614 0.180455 0.206758
5068750 0.203342 0.187084 0.203019 10.0124 1.16523 -3.42561 0.199469 0.187134 0.204804 0.20704 0.187037 0.201313
5068750 0.20001 0.1895 0.208312 -2.09304 -3.77399 -6.52291 0.200618 0.192155 0.212249 0.199469 0.187134 0.204804
5068750 0.204543 0.182755 0.192516 -13.6969 8.73772 12.7189 0.207629 0.180743 0.190476 0.200885 0.185141 0.194935
5068750 0.211873 0.189336 0.212302 0.0 0.0 -0.0 0.212615 0.188689 0.209266 0.210767 0.190303 0.216834
5068750 0.216774 0.182615 0.199254 -4.81354 -1.54782 1.86755 0.222497 0.183574 0.196529 0.213266 0.182027 0.200924
5068750 0.212309 0.18345 0.214363 5.91753 0.014826 1.39305 0.209525 0.183534 0.213229 0.216034 0.183338 0.215881
5068750 0.187521 0.186078 0.190316 0.0 0.0 0.0 0.186204 0.183748 0.193623 0.189207 0.189172 0.186087
5068750 0.182704 0.183175 0.196022 -3.29293 0.0948771 2.34767 0.186204 0.183748 0.193623 0.177715 0.182359 0.199443
5068750 0.183302 0.184281 0.200976 4.40694 1.13307 1.88813 0.177715 0.182359 0.199443 0.187435 0.185704 0.20211
5068750 0.19042 0.183168 0.204355 -9.134 5.264 -6.46433 0.193614 0.180455 0.206758 0.187435 0.185704 0.20211
5068750 0.192756 0.191158 0.189754 1.04402 0.864721 1.04683 0.189207 0.189172 0.186087 0.195683 0.192796 0.192779
5068750 0.209602 0.187679 0.208966 0.00611793 0.00269132 0.00152701 0.206482 0.186635 0.208656 0.212615 0.188689 0.209266
5068750 0.189909 0.178505 0.19819 0.00271352 0.00221559 0.00102517 0.186099 0.17497 0.197465 0.192278 0.180702 0.19864
5068750 0.196415 0.183945 0.184397 0.208751 0.877748 -1.54512 0.19567 0.18251 0.188073 0.197034 0.18514 0.18134
5068750 0.187318 0.188948 0.198971 -0.497068 -3.86935 4.73755 0.187201 0.192186 0.19584 0.187435 0.185704 0.20211
5068750 0.189831 0.187492 0.205494 -2.19949 -2.67067 -4.07158 0.192064 0.189157 0.208647 0.187435 0.185704 0.20211
5068750 0.210349 0.203642 0.199822 2.24386 4.08591 2.653 0.208769 0.199595 0.197938 0.211359 0.206228 0.201027
5068750 0.196581 0.183353 0.214493 -5.79097 1.85007 3.28993 0.200765 0.182725 0.212562 0.191789 0.184072 0.216706
5068750 0.186803 0.1847 0.197753 2.26779 1.84188 7.17086 0.186204 0.183748 0.193623 0.187435 0.185704 0.20211
5068750 0.196243 0.200964 0.197392 0.408323 0.210148 -0.210609 0.192885 0.198433 0.199529 0.200031 0.203819 0.194982
5068750 0.202409 0.19364 0.216435 0.53395 0.873462 2.01625 0.200618 0.192155 0.212249 0.203929 0.194901 0.219988
5068750 0.184094 0.188371 0.203561 5.88006 -3.42358 -1.76048 0.180573 0.191182 0.205091 0.187435 0.185704 0.20211
5068750 0.216473 0.185214 0.195073 -10.2261 1.05934 -2.55024 0.222497 0.183574 0.196529 0.212629 0.18626 0.194145
5068750 0.194041 0.201496 0.184119 -3.22386 2.2461 -2.7171 0.197724 0.199163 0.18623 0.19128 0.203244 0.182537
5068750 0.200909 0.178577 0.210469 0.369356 -15.3802 -11.1113 0.200765 0.182725 0.212562 0.201068 0.174002 0.20816
5068750 0.215205 0.194605 0.197135 -1.94084 6.38341 -8.36369 0.215362 0.191519 0.201544 0.215115 0.196377 0.194603
5068750 0.186595 0.200947 0.188606 -8.11019 11.5198 -4.39286 0.189418 0.19809 0.189839 0.183799 0.203776 0.187385
5068750 0.194491 0.182978 0.181394 11.0557 6.71553 -0.244275 0.191359 0.180316 0.181461 0.197034 0.18514 0.18134
5068750 0.214658 0.179219 0.203291 5.49359 -10.7979 12.6046 0.213266 0.182027 0.200924 0.21592 0.176674 0.205436
5068750 0.200616 0.190281 0.202164 1.21057 7.93526 -6.02459 0.199469 0.187134 0.204804 0.201833 0.193622 0.199361
5068750 0.201509 0.180776 0.183826 4.06503 6.32718 2.33849 0.199485 0.176312 0.182692 0.202923 0.183894 0.184617
5068750 0.193318 0.188125 0.197991 0.000292996 0.00194468 0.00183197 0.192883 0.186243 0.195559 0.193794 0.190183 0.200652
5068750 0.18504 0.182828 0.211548 0.000192615 0.00443464 -0.00110311 0.185327 0.178502 0.212102 0.184792 0.186569 0.211069
5068750 0.191065 0.18826 0.201278 0.00252299 0.00125547 -0.000693732 0.187435 0.185704 0.20211 0.193794 0.190183 0.200652
5068750 0.187903 0.190101 0.203028 -0.000135811 0.00330656 0.000467642 0.187435 0.185704 0.20211 0.188245 0.193309 0.203699
5068750 0.189922 0.191486 0.205872 -0.0011768 0.00199965 -0.00209925 0.192064 0.189157 0.208647 0.188245 0.193309 0.203699
5068750 0.192337 0.191247 0.21229 4.78652e-05 0.000371355 0.000977648 0.192064 0.189157 0.208647 0.192569 0.19302 0.215381
5068750 0.194517 0.194092 0.218175 -0.0 0.0 -0.0 0.196428 0.195144 0.220916 0.192569 0.19302 0.215381
5068750 0.196958 0.197261 0.218177 1.5956 3.17831 -5.43305 0.196428 0.195144 0.220916 0.197526 0.199529 0.215242
5068750 0.198885 0.196289 0.213927 -9.60127 17.3909 10.4172 0.200618 0.192155 0.212249 0.197526 0.199529 0.215242
5068750 0.202793 0.185512 0.181499 0.0 0.0 0.0 0.202923 0.183894 0.184617 0.202677 0.18696 0.178708
5068750 0.204663 0.186206 0.186612 4.34584 4.4692 5.5512 0.202923 0.183894 0.184617 0.206731 0.188954 0.188983
5068750 0.207898 0.179634 0.194532 0.120933 -0.121014 1.03414 0.207629 0.180743 0.190476 0.208093 0.178827 0.197479
5068750 0.210358 0.180229 0.198988 1.2139 0.490039 0.655629 0.208093 0.178827 0.197479 0.213266 0.182027 0.200924
5068750 0.183667 0.19304 0.208189 5.55657 3.44817 4.01917 0.180573 0.191182 0.205091 0.186288 0.194615 0.210813
5068750 0.198712 0.194436 0.185857 0.297623 -5.07399 -0.0918351 0.197724 0.199163 0.18623 0.199521 0.190564 0.185552
5068750 0.188348 0.195241 0.192735 1.13283 7.91028 -7.39554 0.187201 0.192186 0.19584 0.189418 0.19809 0.189839
5068750 0.199904 0.184533 0.182937 -3.38145 1.28526 -2.4001 0.202923 0.183894 0.184617 0.197034 0.18514 0.18134
5068750 0.213247 0.19363 0.214497 5.86803 5.5546 -5.1979 0.210767 0.190303 0.216834 0.216629 0.198165 0.211311
5068750 0.18669 0.187859 0.194703 -7.72706 -29.2526 -5.37545 0.187201 0.192186 0.19584 0.186204 0.183748 0.193623
5068750 0.183341 0.191135 0.193765 -0.0 0.0 0.0 0.187201 0.192186 0.19584 0.179222 0.190014 0.19155
5068750 0.182304 0.198662 0.197367 9.11734 13.9291 -5.76846 0.180653 0.195865 0.197963 0.184809 0.202908 0.196463
5068750 0.185895 0.196957 0.187851 15.3227 3.61632 11.6386 0.182596 0.195895 0.18599 0.189418 0.19809 0.189839
5068750 0.195081 0.196 0.202917 6.1734 -4.30045 8.20228 0.192885 0.198433 0.199529 0.196664 0.194245 0.205361
5068750 0.189978 0.195238 0.197642 14.0965 16.0219 13.6684 0.187201 0.192186 0.19584 0.192885 0.198433 0.199529
5068750 0.207 0.191469 0.185657 0.203744 -2.01854 3.37454 0.207436 0.195552 0.180255 0.206731 0.188954 0.188983
5068750 0.209489 0.180712 0.214268 2.16631 -15.2693 4.60315 0.209525 0.183534 0.213229 0.20941 0.174455 0.216572
5068750 0.204068 0.187217 0.191695 1.42619 1.19807 -2.07481 0.200885 0.185141 0.194935 0.206731 0.188954 0.188983
5068750 0.214971 0.196625 0.188214 -0.792315 2.21907 -0.179518 0.216045 0.191885 0.188079 0.213814 0.201733 0.188359
5068750 0.204379 0.193071 0.209431 4.90559 1.07729 -2.56327 0.200618 0.192155 0.212249 0.207723 0.193886 0.206925
5068750 0.190075 0.185194 0.194745 -0.0 0.0 -0.0 0.192883 0.186243 0.195559 0.186204 0.183748 0.193623
5068750 0.195951 0.18582 0.19532 0.00576953 0.000101769 -0.000672976 0.192883 0.186243 0.195559 0.200885 0.185141 0.194935
5068750 0.19631 0.188831 0.202492 -0.00549584 0.0017251 -0.00371759 0.199469 0.187134 0.204804 0.193794 0.190183 0.200652
5068750 0.206316 0.183957 0.1837 -1.81889 -0.131401 0.802097 0.211533 0.184054 0.18229 0.202923 0.183894 0.184617
5068750 0.197908 0.191091 0.205114 -4.343 11.1121 2.81075 0.199469 0.187134 0.204804 0.196664 0.194245 0.205361
5068750 0.210006 0.186154 0.214624 2.46052 6.6392 3.40743 0.209525 0.183534 0.213229 0.210767 0.190303 0.216834
5068750 0.192786 0.185107 0.207768 1.9813 -5.81422 -0.975342 0.192064 0.189157 0.208647 0.193614 0.180455 0.206758
5068750 0.199988 0.180621 0.216636 0.819245 2.0255 -6.07658 0.199172 0.178413 0.220911 0.200765 0.182725 0.212562
5068750 0.189326 0.194217 0.188209 -0.510342 3.86895 1.99315 0.189207 0.189172 0.186087 0.189418 0.19809 0.189839
5068750 0.201265 0.183546 0.203359 2.90111 -4.14803 -1.39931 0.199469 0.187134 0.204804 0.202882 0.180317 0.202058
5068750 0.207545 0.183572 0.208022 1.15639 -2.35401 -0.239172 0.206482 0.186635 0.208656 0.208861 0.17978 0.207237
5068750 0.200692 0.187371 0.212408 -2.15532 -16.6553 1.68366 0.200618 0.192155 0.212249 0.200765 0.182725 0.212562
5068750 0.182522 0.182341 0.191321 0.0 0.0 0.0 0.186204 0.183748 0.193623 0.178548 0.181009 0.188838
5068750 0.180622 0.193859 0.200883 0.0 0.0 0.0 0.180573 0.191182 0.205091 0.180653 0.195865 0.197963
5068750 0.182916 0.18661 0.192646 0.0 0.0 0.0 0.186204 0.183748 0.193623 0.179222 0.190014 0.19155
5068750 0.183892 0.189532 0.188995 0.0 0.0 0.0 0.189207 0.189172 0.186087 0.179222 0.190014 0.19155
5068750 0.182925 0.18852 0.208422 0.0 0.0 0.0 0.180573 0.191182 0.205091 0.184792 0.186569 0.211069
5068750 0.187696 0.185441 0.213408 0.0 0.0 0.0 0.191789 0.184072 0.216706 0.184792 0.186569 0.211069
5068750 0.185997 0.186084 0.206987 0.0 0.0 0.0 0.187435 0.185704 0.20211 0.184792 0.186569 0.211069
5068750 0.188234 0.187703 0.209923 0.0 0.0 0.0 0.192064 0.189157 0.208647 0.184792 0.186569 0.211069
5068750 0.185517 0.190373 0.210945 0.0 0.0 0.0 0.186288 0.194615 0.210813 0.184792 0.186569 0.211069
5068750 0.185108 0.19235 0.204268 0.0 0.0 0.0 0.180573 0.191182 0.205091 0.188245 0.193309 0.203699
5068750 0.193538 0.181336 0.184808 0.0 0.0 0.0 0.19567 0.18251 0.188073 0.191359 0.180316 0.181461
5068750 0.197361 0.17967 0.185687 0.0 0.0 0.0 0.19567 0.18251 0.188073 0.199485 0.176312 0.182692
5068750 0.198012 0.181529 0.181882 0.0 0.0 0.0 0.199485 0.176312 0.182692 0.197034 0.18514 0.18134
5068750 0.190436 0.184026 0.183447 0.0 0.0 0.0 0.189207 0.189172 0.186087 0.191359 0.180316 0.181461
5068750 0.186157 0.179715 0.19535 0.0 0.0 0.0 0.186204 0.183748 0.193623 0.186099 0.17497 0.197465
5068750 0.19249 0.178779 0.195477 0.0 0.0 0.0 0.192717 0.176904 0.192099 0.192278 0.180702 0.19864
5068750 0.195156 0.17928 0.198057 0.0 0.0 0.0 0.192278 0.180702 0.19864 0.198008 0.177872 0.19748
5068750 0.189651 0.181932 0.196467 0.0 0.0 0.0 0.186204 0.183748 0.193623 0.192278 0.180702 0.19864
5068750 0.192816 0.180515 0.201907 0.0 0.0 0.0 0.192278 0.180702 0.19864 0.193614 0.180455 0.206758
5068750 0.197604 0.186474 0.186805 0.0 0.0 0.0 0.19567 0.18251 0.188073 0.199521 0.190564 0.185552
5068750 0.192587 0.183456 0.197058 0.0 0.0 0.0 0.192883 0.186243 0.195559 0.192278 0.180702 0.19864
5068750 0.190247 0.182712 0.200091 0.0 0.0 0.0 0.192278 0.180702 0.19864 0.187435 0.185704 0.20211
5068750 0.199535 0.18316 0.186232 0.0 0.0 0.0 0.19567 0.18251 0.188073 0.202923 0.183894 0.184617
5068750 0.198338 0.179834 0.189634 0.0 0.0 0.0 0.19567 0.18251 0.188073 0.200624 0.177711 0.190964
5068750 0.200233 0.1789 0.199572 0.0 0.0 0.0 0.202882 0.180317 0.202058 0.198008 0.177872 0.19748
5068750 0.189263 0.179338 0.209564 0.0 0.0 0.0 0.185327 0.178502 0.212102 0.193614 0.180455 0.206758
5068750 0.194091 0.179525 0.214895 0.0 0.0 0.0 0.195511 0.176872 0.213783 0.191789 0.184072 0.216706
5068750 0.192746 0.182085 0.211487 0.0 0.0 0.0 0.191789 0.184072 0.216706 0.193614 0.180455 0.206758
5068750 0.197683 0.179203 0.213276 0.0 0.0 0.0 0.195511 0.176872 0.213783 0.200765 0.182725 0.212562
5068750 0.197258 0.181523 0.209714 0.0 0.0 0.0 0.200765 0.182725 0.212562 0.193614 0.180455 0.206758
5068750 0.192257 0.18934 0.215911 0.0 0.0 0.0 0.191789 0.184072 0.216706 0.192569 0.19302 0.215381
5068750 0.196032 0.186757 0.21844 0.0 0.0 0.0 0.191789 0.184072 0.216706 0.19884 0.188681 0.219587
5068750 0.203171 0.1815 0.219583 0.0 0.0 0.0 0.199172 0.178413 0.220911 0.206 0.183838 0.218646
5068750 0.194067 0.18658 0.18314 0.0 0.0 0.0 0.189207 0.189172 0.186087 0.197034 0.18514 0.18134
5068750 0.198272 0.190762 0.181495 0.0 0.0 0.0 0.199521 0.190564 0.185552 0.197149 0.191107 0.177831
5068750 0.197817 0.198316 0.181423 0.0 0.0 0.0 0.197883 0.197894 0.178193 0.197724 0.199163 0.18623
5068750 0.190564 0.188583 0.195674 0.0 0.0 0.0 0.192883 0.186243 0.195559 0.187201 0.192186 0.19584
5068750 0.194023 0.188828 0.194426 0.0 0.0 0.0 0.192883 0.186243 0.195559 0.195683 0.192796 0.192779
5068750 0.195186 0.189893 0.185777 0.0 0.0 0.0 0.199521 0.190564 0.185552 0.189207 0.189172 0.186087
5068750 0.188106 0.190739 0.191438 0.0 0.0 0.0 0.187201 0.192186 0.19584 0.189207 0.189172 0.186087
5068750 0.191437 0.192404 0.194312 0.0 0.0 0.0 0.187201 0.192186 0.19584 0.195683 0.192796 0.192779
5068750 0.191052 0.198166 0.194405 0.0 0.0 0.0 0.192885 0.198433 0.199529 0.189418 0.19809 0.189839
5068750 0.193276 0.198502 0.188163 0.0 0.0 0.0 0.197724 0.199163 0.18623 0.189418 0.19809 0.189839
5068750 0.190663 0.185938 0.198228 0.0 0.0 0.0 0.192883 0.186243 0.195559 0.187435 0.185704 0.20211
5068750 0.19096 0.190958 0.198584 0.0 0.0 0.0 0.187201 0.192186 0.19584 0.193794 0.190183 0.200652
5068750 0.187805 0.192747 0.20038 0.0 0.0 0.0 0.187201 0.192186 0.19584 0.188245 0.193309 0.203699
5068750 0.194604 0.191219 0.197273 0.0 0.0 0.0 0.195683 0.192796 0.192779 0.193794 0.190183 0.200652
5068750 0.193413 0.193553 0.200182 0.0 0.0 0.0 0.192885 0.198433 0.199529 0.193794 0.190183 0.200652
5068750 0.190154 0.19533 0.201983 0.0 0.0 0.0 0.192885 0.198433 0.199529 0.188245 0.193309 0.203699
5068750 0.190416 0.200769 0.185923 0.0 0.0 0.0 0.189418 0.19809 0.189839 0.19128 0.203244 0.182537
5068750 0.186069 0.197174 0.196135 0.0 0.0 0.0 0.187201 0.192186 0.19584 0.184809 0.202908 0.196463
5068750 0.187316 0.200201 0.19286 0.0 0.0 0.0 0.189418 0.19809 0.189839 0.184809 0.202908 0.196463
5068750 0.194574 0.202874 0.188174 0.0 0.0 0.0 0.197724 0.199163 0.18623 0.191662 0.206472 0.189971
5068750 0.198821 0.201297 0.1904 0.0 0.0 0.0 0.197724 0.199163 0.18623 0.200031 0.203819 0.194982
5068750 0.201324 0.18694 0.185057 0.0 0.0 0.0 0.199521 0.190564 0.185552 0.202923 0.183894 0.184617
5068750 0.20128 0.188466 0.181735 0.0 0.0 0.0 0.199521 0.190564 0.185552 0.202677 0.18696 0.178708
5068750 0.201769 0.197572 0.183742 0.0 0.0 0.0 0.197724 0.199163 0.18623 0.207436 0.195552 0.180255
5068750 0.20174 0.193257 0.188586 0.0 0.0 0.0 0.203927 0.196078 0.191571 0.199521 0.190564 0.185552
5068750 0.200104 0.19447 0.192131 0.0 0.0 0.0 0.203927 0.196078 0.191571 0.195683 0.192796 0.192779
5068750 0.197449 0.195892 0.199443 0.0 0.0 0.0 0.192885 0.198433 0.199529 0.201833 0.193622 0.199361
5068750 0.202232 0.200973 0.187486 0.0 0.0 0.0 0.197724 0.199163 0.18623 0.205288 0.202346 0.188337
5068750 0.197077 0.199684 0.202359 0.0 0.0 0.0 0.192885 0.198433 0.199529 0.201802 0.201275 0.205552
5068750 0.195741 0.188064 0.206738 0.0 0.0 0.0 0.192064 0.189157 0.208647 0.199469 0.187134 0.204804
5068750 0.190978 0.191684 0.202199 0.0 0.0 0.0 0.188245 0.193309 0.203699 0.193794 0.190183 0.200652
5068750 0.193022 0.189639 0.204223 0.0 0.0 0.0 0.192064 0.189157 0.208647 0.193794 0.190183 0.200652
5068750 0.195227 0.192127 0.203004 0.0 0.0 0.0 0.196664 0.194245 0.205361 0.193794 0.190183 0.200652
5068750 0.187366 0.193808 0.206898 0.0 0.0 0.0 0.186288 0.194615 0.210813 0.188245 0.193309 0.203699
5068750 0.18962 0.193681 0.213234 0.0 0.0 0.0 0.186288 0.194615 0.210813 0.192569 0.19302 0.215381
5068750 0.194985 0.196105 0.215312 0.0 0.0 0.0 0.192569 0.19302 0.215381 0.197526 0.199529 0.215242
5068750 0.186342 0.196774 0.214281 0.0 0.0 0.0 0.186288 0.194615 0.210813 0.186414 0.200124 0.219317
5068750 0.190238 0.195625 0.216872 0.0 0.0 0.0 0.192569 0.19302 0.215381 0.186414 0.200124 0.219317
5068750 0.200088 0.184937 0.208515 0.0 0.0 0.0 0.200765 0.182725 0.212562 0.199469 0.187134 0.204804
5068750 0.200119 0.186128 0.200258 0.0 0.0 0.0 0.200885 0.185141 0.194935 0.199469 0.187134 0.204804
5068750 0.197239 0.191571 0.200099 0.0 0.0 0.0 0.201833 0.193622 0.199361 0.193794 0.190183 0.200652
5068750 0.19888 0.19389 0.202787 0.0 0.0 0.0 0.201833 0.193622 0.199361 0.196664 0.194245 0.205361
5068750 0.203421 0.186765 0.206975 0.0 0.0 0.0 0.206482 0.186635 0.208656 0.199469 0.187134 0.204804
5068750 0.196064 0.190471 0.210331 0.0 0.0 0.0 0.192064 0.189157 0.208647 0.200618 0.192155 0.212249
5068750 0.198304 0.19329 0.20822 0.0 0.0 0.0 0.200618 0.192155 0.212249 0.196664 0.194245 0.205361
5068750 0.196007 0.192562 0.214043 0.0 0.0 0.0 0.200618 0.192155 0.212249 0.192569 0.19302 0.215381
5068750 0.201861 0.199052 0.214348 0.0 0.0 0.0 0.206422 0.198728 0.213412 0.197526 0.199529 0.215242
5068750 0.200599 0.197219 0.217519 0.0 0.0 0.0 0.203929 0.194901 0.219988 0.197526 0.199529 0.215242
5068750 0.199669 0.186025 0.216559 0.0 0.0 0.0 0.200765 0.182725 0.212562 0.19884 0.188681 0.219587
5068750 0.201203 0.191481 0.219773 0.0 0.0 0.0 0.203929 0.194901 0.219988 0.19884 0.188681 0.219587
5068750 0.202275 0.199268 0.193014 0.0 0.0 0.0 0.203927 0.196078 0.191571 0.200031 0.203819 0.194982
5068750 0.204651 0.201499 0.196544 0.0 0.0 0.0 0.208769 0.199595 0.197938 0.200031 0.203819 0.194982
5068750 0.209337 0.182105 0.186893 0.0 0.0 0.0 0.207629 0.180743 0.190476 0.211533 0.184054 0.18229
5068750 0.205062 0.182372 0.187284 0.0 0.0 0.0 0.207629 0.180743 0.190476 0.202923 0.183894 0.184617
5068750 0.205778 0.179398 0.199511 0.0 0.0 0.0 0.208093 0.178827 0.197479 0.202882 0.180317 0.202058
5068750 0.207176 0.184777 0.189728 0.0 0.0 0.0 0.207629 0.180743 0.190476 0.206731 0.188954 0.188983
5068750 0.209241 0.181853 0.210689 0.0 0.0 0.0 0.209525 0.183534 0.213229 0.208861 0.17978 0.207237
5068750 0.20507 0.181069 0.209728 0.0 0.0 0.0 0.200765 0.182725 0.212562 0.208861 0.17978 0.207237
5068750 0.206083 0.183126 0.212966 0.0 0.0 0.0 0.209525 0.183534 0.213229 0.200765 0.182725 0.212562
5068750 0.207883 0.183585 0.21575 0.0 0.0 0.0 0.209525 0.183534 0.213229 0.206 0.183838 0.218646
5068750 0.204315 0.179238 0.214208 0.0 0.0 0.0 0.200765 0.182725 0.212562 0.20941 0.174455 0.216572
5068750 0.204896 0.183488 0.201697 0.0 0.0 0.0 0.20704 0.187037 0.201313 0.202882 0.180317 0.202058
5068750 0.214148 0.185942 0.201187 0.0 0.0 0.0 0.213266 0.182027 0.200924 0.215362 0.191519 0.201544
5068750 0.207945 0.183326 0.204269 0.0 0.0 0.0 0.208861 0.17978 0.207237 0.20704 0.187037 0.201313
5068750 0.211024 0.185946 0.211305 0.0 0.0 0.0 0.209525 0.183534 0.213229 0.212615 0.188689 0.209266
5068750 0.215844 0.182895 0.203918 0.0 0.0 0.0 0.219011 0.184159 0.207592 0.213266 0.182027 0.200924
5068750 0.207162 0.180547 0.217938 0.0 0.0 0.0 0.206 0.183838 0.218646 0.20941 0.174455 0.216572
5068750 0.208003 0.186465 0.217883 0.0 0.0 0.0 0.206 0.183838 0.218646 0.210767 0.190303 0.216834
5068750 0.205206 0.195799 0.18744 0.0 0.0 0.0 0.203927 0.196078 0.191571 0.207436 0.195552 0.180255
5068750 0.212449 0.193329 0.184815 0.0 0.0 0.0 0.216045 0.191885 0.188079 0.207436 0.195552 0.180255
5068750 0.20971 0.187504 0.191593 0.0 0.0 0.0 0.212629 0.18626 0.194145 0.206731 0.188954 0.188983
5068750 0.20138 0.189501 0.197257 0.0 0.0 0.0 0.200885 0.185141 0.194935 0.201833 0.193622 0.199361
5068750 0.207338 0.19423 0.19297 0.0 0.0 0.0 0.210029 0.192932 0.194069 0.203927 0.196078 0.191571
5068750 0.206112 0.19758 0.194447 0.0 0.0 0.0 0.203927 0.196078 0.191571 0.208769 0.199595 0.197938
5068750 0.212606 0.19756 0.195921 0.0 0.0 0.0 0.208769 0.199595 0.197938 0.215115 0.196377 0.194603
5068750 0.209826 0.18656 0.197738 0.0 0.0 0.0 0.212629 0.18626 0.194145 0.20704 0.187037 0.201313
5068750 0.213807 0.188442 0.19734 0.0 0.0 0.0 0.212629 0.18626 0.194145 0.215362 0.191519 0.201544
5068750 0.204572 0.190067 0.200389 0.0 0.0 0.0 0.201833 0.193622 0.199361 0.20704 0.187037 0.201313
5068750 0.204866 0.193671 0.203259 0.0 0.0 0.0 0.201833 0.193622 0.199361 0.207723 0.193886 0.206925
5068750 0.211964 0.19233 0.196788 0.0 0.0 0.0 0.210029 0.192932 0.194069 0.215362 0.191519 0.201544
5068750 0.211852 0.195728 0.199626 0.0 0.0 0.0 0.208769 0.199595 0.197938 0.215362 0.191519 0.201544
5068750 0.212097 0.203334 0.196452 0.0 0.0 0.0 0.208769 0.199595 0.197938 0.214225 0.205863 0.1955
5068750 0.211163 0.200523 0.193391 0.0 0.0 0.0 0.208769 0.199595 0.197938 0.213814 0.201733 0.188359
5068750 0.205484 0.200301 0.201524 0.0 0.0 0.0 0.208769 0.199595 0.197938 0.201802 0.201275 0.205552
5068750 0.211034 0.190221 0.188566 0.0 0.0 0.0 0.216045 0.191885 0.188079 0.206731 0.188954 0.188983
5068750 0.212357 0.192439 0.191751 0.0 0.0 0.0 0.210029 0.192932 0.194069 0.216045 0.191885 0.188079
5068750 0.215474 0.194542 0.192068 0.0 0.0 0.0 0.216045 0.191885 0.188079 0.215115 0.196377 0.194603
5068750 0.207371 0.190297 0.204057 0.0 0.0 0.0 0.20704 0.187037 0.201313 0.207723 0.193886 0.206925
5068750 0.204087 0.188801 0.210123 0.0 0.0 0.0 0.206482 0.186635 0.208656 0.200618 0.192155 0.212249
5068750 0.203798 0.195673 0.212886 0.0 0.0 0.0 0.200618 0.192155 0.212249 0.206422 0.198728 0.213412
5068750 0.210518 0.190828 0.208261 0.0 0.0 0.0 0.212615 0.188689 0.209266 0.207723 0.193886 0.206925
5068750 0.213637 0.189654 0.206392 0.0 0.0 0.0 0.212615 0.188689 0.209266 0.215362 0.191519 0.201544
5068750 0.208387 0.194824 0.21496 0.0 0.0 0.0 0.206422 0.198728 0.213412 0.210767 0.190303 0.216834
5068750 0.201177 0.196391 0.209074 0.0 0.0 0.0 0.200618 0.192155 0.212249 0.201802 0.201275 0.205552
5068750 0.204451 0.199727 0.210062 0.0 0.0 0.0 0.206422 0.198728 0.213412 0.201802 0.201275 0.205552
5068750 0.218619 0.187892 0.199255 -1.082 0.858314 0.58412 0.222497 0.183574 0.196529 0.215362 0.191519 0.201544
5068750 0.213937 0.191724 0.209939 0.0 0.0 0.0 0.212615 0.188689 0.209266 0.216629 0.198165 0.211311
5068750 0.211246 0.195494 0.208661 0.0 0.0 0.0 0.216629 0.198165 0.211311 0.207723 0.193886 0.206925
5068750 0.215933 0.194444 0.205973 0.0 0.0 0.0 0.216629 0.198165 0.211311 0.215362 0.191519 0.201544
5068750 0.183128 0.210105 0.194021 -4.05513 -0.954566 0.812662 0.186372 0.210631 0.193856 0.179362 0.209494 0.194213
5068750 0.182777 0.207014 0.210122 -4.743 -1.65838 4.41402 0.186941 0.209556 0.205713 0.179932 0.205276 0.213135
5068750 0.189364 0.206281 0.183074 -3.43693 4.75661 0.0152026 0.19128 0.203244 0.182537 0.187563 0.209137 0.183578
5068750 0.190504 0.202146 0.189902 -11.7039 -27.5898 1.81072 0.191662 0.206472 0.189971 0.189418 0.19809 0.189839
5068750 0.192882 0.203487 0.21185 -0.0774643 -10.3333 -13.2558 0.193314 0.206776 0.215084 0.192454 0.20023 0.208647
5068750 0.188489 0.211726 0.185602 -3.78679 -7.80046 -8.40569 0.189749 0.21525 0.188356 0.187563 0.209137 0.183578
5068750 0.188611 0.208871 0.192211 3.68398 -2.03346 -2.05626 0.186372 0.210631 0.193856 0.191662 0.206472 0.189971
5068750 0.194402 0.209624 0.191594 9.26927 9.20272 7.39057 0.191662 0.206472 0.189971 0.196914 0.212514 0.193082
5068750 0.187767 0.213195 0.195371 9.42285 12.1409 9.46812 0.186372 0.210631 0.193856 0.189725 0.216794 0.197496
5068750 0.196989 0.212745 0.197184 -0.948348 0.825195 7.22117 0.196914 0.212514 0.193082 0.197075 0.213013 0.201945
5068750 0.193341 0.214934 0.199685 -7.37115 2.52184 -5.24156 0.197075 0.213013 0.201945 0.189725 0.216794 0.197496
5068750 0.192073 0.217645 0.185121 -3.70364 -3.87459 7.16205 0.194492 0.220138 0.181754 0.189749 0.21525 0.188356
5068750 0.197433 0.216464 0.192082 1.5264 11.7238 -5.06189 0.196914 0.212514 0.193082 0.198035 0.221051 0.190921
5068750 0.190785 0.218294 0.201733 -0.345974 -1.60343 -3.81619 0.19188 0.219844 0.206113 0.189725 0.216794 0.197496
5068750 0.196005 0.210122 0.213344 8.86497 9.53531 -7.63173 0.193314 0.206776 0.215084 0.198884 0.213703 0.211481
5068750 0.191552 0.21105 0.215356 -23.6256 39.0733 0.722558 0.193314 0.206776 0.215084 0.189374 0.216336 0.215691
5068750 0.202967 0.216134 0.212898 12.346 7.02412 6.81437 0.198884 0.213703 0.211481 0.206639 0.21832 0.214172
5068750 0.201282 0.210807 0.201519 11.7201 -3.95354 -0.831419 0.197075 0.213013 0.201945 0.20484 0.208942 0.201159
5068750 0.201188 0.214982 0.203344 10.1918 3.81406 1.80452 0.197075 0.213013 0.201945 0.205219 0.216912 0.204716
5068750 0.190741 0.21825 0.210466 -2.22414 -1.77547 9.32046 0.19188 0.219844 0.206113 0.189374 0.216336 0.215691
5068750 0.201072 0.207381 0.219213 -6.49304 7.38518 5.27787 0.202862 0.204731 0.216984 0.199507 0.209698 0.221162
5068750 0.214632 0.198365 0.192285 0.669508 -7.70177 11.4416 0.213814 0.201733 0.188359 0.215115 0.196377 0.194603
5068750 0.209629 0.201022 0.202369 -3.97596 -4.11507 -10.7504 0.210194 0.201959 0.205279 0.208769 0.199595 0.197938
5068750 0.210308 0.203903 0.185131 10.5627 -3.89028 8.78904 0.208049 0.205302 0.183051 0.213814 0.201733 0.188359
5068750 0.208484 0.203436 0.195185 -1.07657 -11.3782 9.78014 0.208282 0.206144 0.193244 0.208769 0.199595 0.197938
5068750 0.214075 0.204351 0.192886 1.2957 -6.75475 -14.5821 0.214225 0.205863 0.1955 0.213814 0.201733 0.188359
5068750 0.205089 0.197173 0.206314 16.9048 -15.2855 3.19298 0.201802 0.201275 0.205552 0.207723 0.193886 0.206925
5068750 0.203529 0.205633 0.203054 12.2327 20.1554 -14.5193 0.201802 0.201275 0.205552 0.20484 0.208942 0.201159
5068750 0.20946 0.204404 0.207056 -3.12558 6.43885 6.07378 0.210194 0.201959 0.205279 0.208142 0.208786 0.210241
5068750 0.204632 0.201745 0.215208 3.92812 -5.84564 -5.0732 0.202862 0.204731 0.216984 0.206422 0.198728 0.213412
5068750 0.212278 0.200731 0.207233 8.1943 -6.54646 6.71363 0.210194 0.201959 0.205279 0.216629 0.198165 0.211311
5068750 0.204946 0.205512 0.181739 -6.90857 0.462922 -1.6985 0.208049 0.205302 0.183051 0.200556 0.205809 0.179883
5068750 0.203228 0.214431 0.182341 4.34399 -0.105608 13.7009 0.201352 0.214879 0.178312 0.205858 0.213803 0.18799
5068750 0.211879 0.21278 0.189373 -17.0141 5.12177 -2.17132 0.215426 0.212178 0.190188 0.205858 0.213803 0.18799
5068750 0.212996 0.208552 0.196128 -6.25485 22.5479 5.90143 0.214225 0.205863 0.1955 0.211235 0.212405 0.197027
5068750 0.207439 0.208807 0.191417 -6.556 12.3642 -8.36186 0.208282 0.206144 0.193244 0.205858 0.213803 0.18799
5068750 0.207923 0.210611 0.199167 -17.195 -8.49971 15.269 0.211235 0.212405 0.197027 0.20484 0.208942 0.201159
5068750 0.212794 0.215712 0.199352 -5.01167 -9.91566 -9.81419 0.214297 0.218901 0.201593 0.211235 0.212405 0.197027
5068750 0.21213 0.216212 0.195164 4.26818 21.7969 -15.1866 0.211235 0.212405 0.197027 0.212947 0.219684 0.193466
5068750 0.210101 0.218163 0.216977 -13.32 -1.50636 -8.88879 0.213283 0.218019 0.219555 0.206639 0.21832 0.214172
5068750 0.215776 0.213105 0.207891 1.40445 -1.1081 -1.65091 0.214429 0.214688 0.21012 0.218173 0.21029 0.203927
5068750 0.200056 0.212209 0.186253 9.78972 1.0121 2.95408 0.19651 0.211236 0.185192 0.205858 0.213803 0.18799
5068750 0.19475 0.211437 0.1818 2.36436 -1.15876 5.79503 0.192899 0.211649 0.17823 0.19651 0.211236 0.185192
5068750 0.207096 0.201707 0.20538 -3.41505 -0.820425 0.244548 0.210194 0.201959 0.205279 0.201802 0.201275 0.205552
5068750 0.212207 0.212602 0.210163 -5.59958 -4.61957 1.16563 0.214429 0.214688 0.21012 0.208142 0.208786 0.210241
5068750 0.207845 0.202063 0.182122 -0.386361 -3.39539 -0.439717 0.208049 0.205302 0.183051 0.207436 0.195552 0.180255
5068750 0.215555 0.212915 0.212329 1.90259 -3.05013 5.23599 0.214429 0.214688 0.21012 0.217782 0.209409 0.216698
5068750 0.184911 0.215636 0.204244 3.6958 -7.2345 1.36108 0.183722 0.219198 0.203383 0.186941 0.209556 0.205713
5068750 0.216777 0.19665 0.200733 -6.65067 -17.3145 0.481963 0.217985 0.201032 0.200039 0.215362 0.191519 0.201544
5068750 0.215717 0.203947 0.197301 -12.1617 10.5043 -12.5563 0.217985 0.201032 0.200039 0.214225 0.205863 0.1955
5068750 0.185798 0.216761 0.195068 -2.88789 0.45839 -1.54768 0.189725 0.216794 0.197496 0.18231 0.216732 0.192911
5068750 0.204263 0.214526 0.194002 -1.88157 -0.311021 8.98204 0.205858 0.213803 0.18799 0.203426 0.214906 0.197158
5068750 0.206648 0.203803 0.185732 -0.55592 -0.515213 1.38939 0.208049 0.205302 0.183051 0.205288 0.202346 0.188337
5068750 0.200457 0.213024 0.191065 4.49381 1.30929 -3.33403 0.196914 0.212514 0.193082 0.205858 0.213803 0.18799
5068750 0.195768 0.206194 0.204837 0.367709 -1.62033 -7.07579 0.196078 0.20705 0.207833 0.195466 0.205359 0.201912
5068750 0.197164 0.209625 0.209245 -3.653 -7.3923 -2.724 0.198884 0.213703 0.211481 0.196078 0.20705 0.207833
5068750 0.187772 0.212546 0.191576 4.10704 4.10794 -4.48744 0.186372 0.210631 0.193856 0.189749 0.21525 0.188356
5068750 0.185753 0.207571 0.194889 -0.83508 -20.9356 8.13655 0.186372 0.210631 0.193856 0.184809 0.202908 0.196463
5068750 0.196786 0.200714 0.207213 -7.71031 -0.824761 1.24604 0.201802 0.201275 0.205552 0.192454 0.20023 0.208647
5068750 0.191451 0.204689 0.185864 -0.486869 -0.87778 -2.19515 0.191662 0.206472 0.189971 0.19128 0.203244 0.182537
5068750 0.194531 0.204836 0.219113 0.941986 -3.19889 7.55601 0.193314 0.206776 0.215084 0.195738 0.20291 0.223111
5068750 0.194963 0.206939 0.210758 2.40869 -0.897275 -7.86004 0.193314 0.206776 0.215084 0.196078 0.20705 0.207833
5068750 0.2138 0.207684 0.202066 -3.24849 -1.54293 -0.804235 0.218173 0.21029 0.203927 0.211359 0.206228 0.201027
5068750 0.197962 0.213351 0.206621 -1.25736 -0.193053 -3.49564 0.198884 0.213703 0.211481 0.197075 0.213013 0.201945
5068750 0.181873 0.201957 0.200415 3.80522 0.447841 -4.05066 0.178824 0.20097 0.204518 0.184809 0.202908 0.196463
5068750 0.191945 0.207568 0.194308 -0.0 -0.0 0.0 0.191662 0.206472 0.189971 0.19215 0.208363 0.197459
5068750 0.190425 0.208758 0.200192 -0.00114999 0.000649002 0.00198117 0.19215 0.208363 0.197459 0.186941 0.209556 0.205713
5068750 0.203283 0.202907 0.190872 -0.423104 0.0221309 0.619246 0.205288 0.202346 0.188337 0.200031 0.203819 0.194982
5068750 0.202766 0.206732 0.198495 0.105973 0.153787 0.131902 0.200031 0.203819 0.194982 0.20484 0.208942 0.201159
5068750 0.208564 0.207391 0.201083 -0.712614 0.413429 -0.0583629 0.211359 0.206228 0.201027 0.20484 0.208942 0.201159
5068750 0.218686 0.213208 0.199388 0.14799 -1.42727 2.04591 0.219058 0.215321 0.196103 0.218173 0.21029 0.203927
5068750 0.213016 0.217251 0.209271 -3.60673 6.37203 -0.913637 0.214429 0.214688 0.21012 0.211521 0.219962 0.208373
5068750 0.213499 0.212282 0.193333 -1.43065 0.318236 3.36416 0.215426 0.212178 0.190188 0.211235 0.212405 0.197027
5068750 0.198636 0.21727 0.200464 3.84898 7.44525 -3.7704 0.197075 0.213013 0.201945 0.19988 0.220663 0.199284
5068750 0.198201 0.204908 0.206987 5.96799 -4.51212 -2.78554 0.196078 0.20705 0.207833 0.201802 0.201275 0.205552
5068750 0.204061 0.212228 0.198954 1.99611 -6.56003 6.12405 0.203426 0.214906 0.197158 0.20484 0.208942 0.201159
5068750 0.198669 0.196988 0.205436 -13.1144 -16.4278 2.76985 0.201802 0.201275 0.205552 0.196664 0.194245 0.205361
5068750 0.201819 0.197143 0.202209 -0.00967705 -0.316976 -0.351531 0.201802 0.201275 0.205552 0.201833 0.193622 0.199361
5068750 0.20777 0.210183 0.215626 -1.80622 1.76326 7.78783 0.208142 0.208786 0.210241 0.207452 0.211377 0.22023
5068750 0.217097 0.206387 0.19471 2.47176 0.676383 -0.33575 0.214225 0.205863 0.1955 0.221882 0.20726 0.193394
5068750 0.216752 0.217055 0.198762 4.43758 -2.31781 -5.76321 0.214297 0.218901 0.201593 0.219058 0.215321 0.196103
5068750 0.205035 0.2064 0.214209 1.87856 1.73702 -3.49642 0.202862 0.204731 0.216984 0.208142 0.208786 0.210241
5068750 0.184257 0.203382 0.191503 -1.18407 3.07406 -11.827 0.184809 0.202908 0.196463 0.183799 0.203776 0.187385
5068750 0.206553 0.213206 0.207236 -2.16244 5.08126 -4.85501 0.208142 0.208786 0.210241 0.205219 0.216912 0.204716
5068750 0.19313 0.207858 0.207149 -3.83864 1.39978 -1.52876 0.196078 0.20705 0.207833 0.186941 0.209556 0.205713
5068750 0.201782 0.217575 0.198143 -4.506 10.6797 2.8951 0.203426 0.214906 0.197158 0.19988 0.220663 0.199284
5068750 0.190263 0.203835 0.216956 -16.1313 -10.9015 9.07605 0.193314 0.206776 0.215084 0.186414 0.200124 0.219317
5068750 0.200143 0.20208 0.216096 -2.2983 -1.84528 -1.10588 0.202862 0.204731 0.216984 0.197526 0.199529 0.215242
5068750 0.194277 0.209041 0.187393 3.37661 4.67092 -3.45444 0.191662 0.206472 0.189971 0.19651 0.211236 0.185192
5068750 0.211401 0.205996 0.194428 3.7173 -0.717916 1.833 0.208282 0.206144 0.193244 0.214225 0.205863 0.1955
5068750 0.193457 0.213048 0.186621 -3.0083 1.61441 2.02983 0.19651 0.211236 0.185192 0.189749 0.21525 0.188356
5068750 0.182304 0.21798 0.206753 -1.09989 -1.23423 2.18477 0.183722 0.219198 0.203383 0.180916 0.216787 0.210053
5068750 0.196095 0.208348 0.201925 -2.43647 -32.5238 -3.00678 0.197075 0.213013 0.201945 0.195466 0.205359 0.201912
5068750 0.184564 0.213347 0.193435 -3.47229 6.65748 -0.0791255 0.186372 0.210631 0.193856 0.18231 0.216732 0.192911
5068750 0.215954 0.217224 0.210849 2.66456 5.30711 2.3885 0.214429 0.214688 0.21012 0.218084 0.220764 0.211866
5068750 0.19386 0.206814 0.199755 0.00147902 -0.000943925 0.00143254 0.19215 0.208363 0.197459 0.195466 0.205359 0.201912
5068750 0.185732 0.205784 0.200465 -1.52351 -6.00322 -11.5731 0.186941 0.209556 0.205713 0.184809 0.202908 0.196463
5068750 0.194479 0.216427 0.204029 14.7873 -13.8057 -8.87268 0.19188 0.219844 0.206113 0.197075 0.213013 0.201945
5068750 0.195641 0.202772 0.215172 14.9086 -18.532 -0.712744 0.193314 0.206776 0.215084 0.197526 0.199529 0.215242
5068750 0.19831 0.208821 0.18283 1.10012 -2.3458 -2.07226 0.19651 0.211236 0.185192 0.200556 0.205809 0.179883
5068750 0.198272 0.208724 0.19391 0.151645 -0.514335 0.196717 0.196914 0.212514 0.193082 0.200031 0.203819 0.194982
5068750 0.19778 0.203868 0.203241 3.50217 -2.62143 2.97001 0.195466 0.205359 0.201912 0.201802 0.201275 0.205552
5068750 0.182945 0.212443 0.201359 0.00188796 -0.00172719 0.00172631 0.181082 0.213789 0.19933 0.186941 0.209556 0.205713
5068750 0.204896 0.20494 0.20784 -4.73292 -3.94955 -2.82116 0.208142 0.208786 0.210241 0.201802 0.201275 0.205552
5068750 0.190723 0.210781 0.189178 -3.26998 12.3417 -0.325209 0.191662 0.206472 0.189971 0.189749 0.21525 0.188356
5068750 0.211308 0.208768 0.199382 -0.0275316 -3.55308 3.19069 0.211235 0.212405 0.197027 0.211359 0.206228 0.201027
5068750 0.188241 0.213179 0.211045 0.61321 4.18432 7.6086 0.186941 0.209556 0.205713 0.189374 0.216336 0.215691
5068750 0.210784 0.204123 0.203124 0.126551 1.86427 -2.10601 0.210194 0.201959 0.205279 0.211359 0.206228 0.201027
5068750 0.181607 0.215047 0.196584 0.000700854 0.00111192 -0.00403249 0.181082 0.213789 0.19933 0.18231 0.216732 0.192911
5068750 0.181273 0.208781 0.202468 0.089357 -0.00338235 0.0458337 0.178643 0.208421 0.200962 0.186941 0.209556 0.205713
5068750 0.180316 0.21179 0.197049 0.0 0.0 0.0 0.181082 0.213789 0.19933 0.179362 0.209494 0.194213
5068750 0.182252 0.216098 0.201123 0.0 0.0 0.0 0.181082 0.213789 0.19933 0.183722 0.219198 0.203383
5068750 0.187793 0.203405 0.184797 0.0 0.0 0.0 0.19128 0.203244 0.182537 0.183799 0.203776 0.187385
5068750 0.181717 0.206562 0.195185 0.0 0.0 0.0 0.179362 0.209494 0.194213 0.184809 0.202908 0.196463
5068750 0.187583 0.204988 0.188631 0.0 0.0 0.0 0.191662 0.206472 0.189971 0.183799 0.203776 0.187385
5068750 0.180976 0.206248 0.19926 0.0 0.0 0.0 0.178643 0.208421 0.200962 0.184809 0.202908 0.196463
5068750 0.182412 0.204678 0.205047 0.0 0.0 0.0 0.186941 0.209556 0.205713 0.178824 0.20097 0.204518
5068750 0.185796 0.215952 0.190775 0.0 0.0 0.0 0.189749 0.21525 0.188356 0.18231 0.216732 0.192911
5068750 0.183114 0.214068 0.20847 0.0 0.0 0.0 0.186941 0.209556 0.205713 0.180916 0.216787 0.210053
5068750 0.186453 0.218022 0.200705 0.0 0.0 0.0 0.183722 0.219198 0.203383 0.189725 0.216794 0.197496
5068750 0.184275 0.216526 0.212291 0.0 0.0 0.0 0.180916 0.216787 0.210053 0.189374 0.216336 0.215691
5068750 0.194871 0.196706 0.206758 0.0 0.0 0.0 0.192454 0.20023 0.208647 0.196664 0.194245 0.205361
5068750 0.195242 0.199758 0.212274 0.0 0.0 0.0 0.192454 0.20023 0.208647 0.197526 0.199529 0.215242
5068750 0.194607 0.204199 0.208162 0.0 0.0 0.0 0.196078 0.20705 0.207833 0.192454 0.20023 0.208647
5068750 0.194261 0.203224 0.204604 0.0 0.0 0.0 0.195466 0.205359 0.201912 0.192454 0.20023 0.208647
5068750 0.190187 0.203979 0.20744 0.0 0.0 0.0 0.186941 0.209556 0.205713 0.192454 0.20023 0.208647
5068750 0.196722 0.200962 0.218776 0.0 0.0 0.0 0.195738 0.20291 0.223111 0.197526 0.199529 0.215242
5068750 0.189333 0.207899 0.186345 0.0 0.0 0.0 0.191662 0.206472 0.189971 0.187563 0.209137 0.183578
5068750 0.195486 0.205175 0.192262 0.0 0.0 0.0 0.191662 0.206472 0.189971 0.200031 0.203819 0.194982
5068750 0.188426 0.204705 0.193036 0.0 0.0 0.0 0.191662 0.206472 0.189971 0.184809 0.202908 0.196463
5068750 0.196702 0.211768 0.188997 0.0 0.0 0.0 0.196914 0.212514 0.193082 0.19651 0.211236 0.185192
5068750 0.189277 0.209409 0.195669 0.0 0.0 0.0 0.186372 0.210631 0.193856 0.19215 0.208363 0.197459
5068750 0.194254 0.210117 0.195524 0.0 0.0 0.0 0.19215 0.208363 0.197459 0.196914 0.212514 0.193082
5068750 0.195141 0.206557 0.196518 0.0 0.0 0.0 0.19215 0.208363 0.197459 0.200031 0.203819 0.194982
5068750 0.18926 0.206134 0.197067 0.0 0.0 0.0 0.19215 0.208363 0.197459 0.184809 0.202908 0.196463
5068750 0.193549 0.213714 0.190864 0.0 0.0 0.0 0.196914 0.212514 0.193082 0.189749 0.21525 0.188356
5068750 0.194147 0.210167 0.199278 0.0 0.0 0.0 0.19215 0.208363 0.197459 0.197075 0.213013 0.201945
5068750 0.19713 0.204713 0.199381 0.0 0.0 0.0 0.195466 0.205359 0.201912 0.200031 0.203819 0.194982
5068750 0.195618 0.215083 0.183676 0.0 0.0 0.0 0.194492 0.220138 0.181754 0.19651 0.211236 0.185192
5068750 0.191148 0.211769 0.197474 0.0 0.0 0.0 0.19215 0.208363 0.197459 0.189725 0.216794 0.197496
5068750 0.193527 0.214447 0.19516 0.0 0.0 0.0 0.196914 0.212514 0.193082 0.189725 0.216794 0.197496
5068750 0.189736 0.215941 0.192941 0.0 0.0 0.0 0.189749 0.21525 0.188356 0.189725 0.216794 0.197496
5068750 0.193835 0.218029 0.189623 0.0 0.0 0.0 0.198035 0.221051 0.190921 0.189749 0.21525 0.188356
5068750 0.201002 0.198225 0.197347 0.0 0.0 0.0 0.200031 0.203819 0.194982 0.201833 0.193622 0.199361
5068750 0.198743 0.212832 0.182019 0.0 0.0 0.0 0.201352 0.214879 0.178312 0.19651 0.211236 0.185192
5068750 0.200528 0.21376 0.195347 0.0 0.0 0.0 0.196914 0.212514 0.193082 0.203426 0.214906 0.197158
5068750 0.205098 0.205163 0.193915 0.0 0.0 0.0 0.208282 0.206144 0.193244 0.200031 0.203819 0.194982
5068750 0.200915 0.202462 0.200267 0.0 0.0 0.0 0.200031 0.203819 0.194982 0.201802 0.201275 0.205552
5068750 0.190679 0.207841 0.211209 0.0 0.0 0.0 0.193314 0.206776 0.215084 0.186941 0.209556 0.205713
5068750 0.196472 0.209329 0.205498 0.0 0.0 0.0 0.196078 0.20705 0.207833 0.197075 0.213013 0.201945
5068750 0.192759 0.206607 0.203118 0.0 0.0 0.0 0.186941 0.209556 0.205713 0.195466 0.205359 0.201912
5068750 0.192813 0.211475 0.203529 0.0 0.0 0.0 0.186941 0.209556 0.205713 0.197075 0.213013 0.201945
5068750 0.196881 0.208375 0.218584 0.0 0.0 0.0 0.193314 0.206776 0.215084 0.199507 0.209698 0.221162
5068750 0.188576 0.213726 0.200885 0.0 0.0 0.0 0.186941 0.209556 0.205713 0.189725 0.216794 0.197496
5068750 0.189803 0.215434 0.205944 0.0 0.0 0.0 0.19188 0.219844 0.206113 0.186941 0.209556 0.205713
5068750 0.195316 0.216749 0.208745 0.0 0.0 0.0 0.198884 0.213703 0.211481 0.19188 0.219844 0.206113
5068750 0.199386 0.215651 0.215983 0.0 0.0 0.0 0.198884 0.213703 0.211481 0.199849 0.217613 0.220146
5068750 0.194472 0.214841 0.213433 0.0 0.0 0.0 0.198884 0.213703 0.211481 0.189374 0.216336 0.215691
5068750 0.200832 0.21405 0.199111 0.0 0.0 0.0 0.197075 0.213013 0.201945 0.203426 0.214906 0.197158
5068750 0.203241 0.211304 0.210896 0.0 0.0 0.0 0.198884 0.213703 0.211481 0.208142 0.208786 0.210241
5068750 0.198497 0.20558 0.216113 0.0 0.0 0.0 0.193314 0.206776 0.215084 0.202862 0.204731 0.216984
5068750 0.202144 0.215271 0.207998 0.0 0.0 0.0 0.198884 0.213703 0.211481 0.205219 0.216912 0.204716
5068750 0.199593 0.20381 0.219792 0.0 0.0 0.0 0.202862 0.204731 0.216984 0.195738 0.20291 0.223111
5068750 0.201414 0.217834 0.189655 0.0 0.0 0.0 0.198035 0.221051 0.190921 0.205858 0.213803 0.18799
5068750 0.195196 0.216962 0.218165 0.0 0.0 0.0 0.199849 0.217613 0.220146 0.189374 0.216336 0.215691
5068750 0.20329 0.217888 0.217116 0.0 0.0 0.0 0.199849 0.217613 0.220146 0.206639 0.21832 0.214172
5068750 0.205987 0.200044 0.185704 0.0 0.0 0.0 0.205288 0.202346 0.188337 0.207436 0.195552 0.180255
5068750 0.216266 0.198159 0.196789 0.0 0.0 0.0 0.217985 0.201032 0.200039 0.215115 0.196377 0.194603
5068750 0.213441 0.200236 0.199003 0.0 0.0 0.0 0.217985 0.201032 0.200039 0.208769 0.199595 0.197938
5068750 0.209148 0.198465 0.205973 0.0 0.0 0.0 0.210194 0.201959 0.205279 0.207723 0.193886 0.206925
5068750 0.207131 0.202808 0.212097 0.0 0.0 0.0 0.208142 0.208786 0.210241 0.206422 0.198728 0.213412
5068750 0.208164 0.199852 0.216741 0.0 0.0 0.0 0.210624 0.20164 0.221429 0.206422 0.198728 0.213412
5068750 0.207281 0.208193 0.184782 0.0 0.0 0.0 0.208049 0.205302 0.183051 0.205858 0.213803 0.18799
5068750 0.211285 0.211193 0.184748 0.0 0.0 0.0 0.205858 0.213803 0.18799 0.215286 0.209416 0.182359
5068750 0.207296 0.211752 0.182151 0.0 0.0 0.0 0.205858 0.213803 0.18799 0.208096 0.210751 0.178919
5068750 0.209566 0.208784 0.194892 0.0 0.0 0.0 0.208282 0.206144 0.193244 0.211235 0.212405 0.197027
5068750 0.20677 0.204141 0.19077 0.0 0.0 0.0 0.208282 0.206144 0.193244 0.205288 0.202346 0.188337
5068750 0.210434 0.204341 0.191345 0.0 0.0 0.0 0.208282 0.206144 0.193244 0.213814 0.201733 0.188359
5068750 0.209035 0.212892 0.193332 0.0 0.0 0.0 0.205858 0.213803 0.18799 0.211235 0.212405 0.197027
5068750 0.206791 0.213744 0.197102 0.0 0.0 0.0 0.203426 0.214906 0.197158 0.211235 0.212405 0.197027
5068750 0.208569 0.202022 0.188347 0.0 0.0 0.0 0.205288 0.202346 0.188337 0.213814 0.201733 0.188359
5068750 0.21279 0.20596 0.198263 0.0 0.0 0.0 0.214225 0.205863 0.1955 0.211359 0.206228 0.201027
5068750 0.214227 0.215718 0.191772 0.0 0.0 0.0 0.215426 0.212178 0.190188 0.212947 0.219684 0.193466
5068750 0.210202 0.217325 0.191349 0.0 0.0 0.0 0.205858 0.213803 0.18799 0.212947 0.219684 0.193466
5068750 0.204163 0.21565 0.200278 0.0 0.0 0.0 0.205219 0.216912 0.204716 0.203426 0.214906 0.197158
5068750 0.217185 0.213616 0.193056 0.0 0.0 0.0 0.219058 0.215321 0.196103 0.215426 0.212178 0.190188
5068750 0.21534 0.213851 0.196543 0.0 0.0 0.0 0.219058 0.215321 0.196103 0.211235 0.212405 0.197027
5068750 0.214315 0.211381 0.200094 0.0 0.0 0.0 0.218173 0.21029 0.203927 0.211235 0.212405 0.197027
5068750 0.210225 0.207042 0.204267 0.0 0.0 0.0 0.208142 0.208786 0.210241 0.211359 0.206228 0.201027
5068750 0.206224 0.208792 0.204969 0.0 0.0 0.0 0.208142 0.208786 0.210241 0.20484 0.208942 0.201159
5068750 0.207306 0.213999 0.212423 0.0 0.0 0.0 0.208142 0.208786 0.210241 0.206639 0.21832 0.214172
5068750 0.205014 0.212549 0.202805 0.0 0.0 0.0 0.205219 0.216912 0.204716 0.20484 0.208942 0.201159
5068750 0.213985 0.204079 0.200634 0.0 0.0 0.0 0.217985 0.201032 0.200039 0.211359 0.206228 0.201027
5068750 0.213225 0.209464 0.207039 0.0 0.0 0.0 0.208142 0.208786 0.210241 0.218173 0.21029 0.203927
5068750 0.212773 0.209 0.213341 0.0 0.0 0.0 0.208142 0.208786 0.210241 0.217782 0.209409 0.216698
5068750 0.204926 0.207636 0.218442 0.0 0.0 0.0 0.202862 0.204731 0.216984 0.207452 0.211377 0.22023
5068750 0.206064 0.203369 0.218816 0.0 0.0 0.0 0.202862 0.204731 0.216984 0.210624 0.20164 0.221429
5068750 0.207032 0.21488 0.217098 0.0 0.0 0.0 0.206639 0.21832 0.214172 0.207452 0.211377 0.22023
5068750 0.216012 0.21741 0.194791 0.0 0.0 0.0 0.219058 0.215321 0.196103 0.212947 0.219684 0.193466
5068750 0.205945 0.217549 0.209554 0.0 0.0 0.0 0.206639 0.21832 0.214172 0.205219 0.216912 0.204716
5068750 0.210011 0.21788 0.203066 0.0 0.0 0.0 0.214297 0.218901 0.201593 0.205219 0.216912 0.204716
5068750 0.215981 0.21507 0.202609 0.0 0.0 0.0 0.214297 0.218901 0.201593 0.218173 0.21029 0.203927
5068750 0.217419 0.199755 0.204714 0.0 0.0 0.0 0.217985 0.201032 0.200039 0.216629 0.198165 0.211311
5068750 0.218067 0.205196 0.201825 0.0 0.0 0.0 0.217985 0.201032 0.200039 0.218173 0.21029 0.203927
