# ts x y z Fx Fy Fz x1 y1 z1 x2 y2 z2
1181250 0.182105 0.179013 0.198384 -19.1965 19.0287 8.81787 0.186037 0.175664 0.197473 0.17753 0.182909 0.199444
1181250 0.182309 0.199063 0.197517 12.9897 20.6841 -0.87046 0.180638 0.196287 0.198151 0.184845 0.203276 0.196555
1181250 0.185733 0.197512 0.187855 3.97276 1.74254 2.91754 0.182379 0.19653 0.186044 0.189313 0.19856 0.189788
1181250 0.183402 0.194767 0.19718 -22.0124 12.7295 3.6161 0.187173 0.192693 0.195856 0.180638 0.196287 0.198151
1181250 0.189027 0.200987 0.198104 -16.0251 6.90879 -3.24885 0.19296 0.198834 0.199561 0.184845 0.203276 0.196555
1181250 0.186519 0.201481 0.188645 -13.4267 10.074 -4.47426 0.189313 0.19856 0.189788 0.183751 0.204374 0.187512
1181250 0.183486 0.193627 0.208186 14.7997 14.0403 16.1439 0.180378 0.191692 0.205152 0.186118 0.195266 0.210756
1181250 0.1944 0.183514 0.181387 13.4505 10.2666 -2.7673 0.191279 0.180839 0.181443 0.196934 0.185686 0.18134
1181250 0.19731 0.180317 0.185739 6.29643 -7.48821 -5.98205 0.195655 0.183105 0.188108 0.199383 0.176825 0.18277
1181250 0.198086 0.188201 0.183209 -2.97897 -12.289 -8.75249 0.199455 0.191188 0.185429 0.196934 0.185686 0.18134
1181250 0.199867 0.185071 0.182813 -4.97436 0.910519 -3.56282 0.202954 0.184424 0.184362 0.196934 0.185686 0.18134
1181250 0.201486 0.181299 0.183708 1.221 3.7926 1.1722 0.199383 0.176825 0.18277 0.202954 0.184424 0.184362
1181250 0.19401 0.180081 0.190175 -2.60098 -7.89589 5.52087 0.195655 0.183105 0.188108 0.192581 0.177453 0.191971
1181250 0.185831 0.180875 0.190977 4.93462 24.9965 22.4947 0.185754 0.178158 0.188987 0.185928 0.184325 0.193504
1181250 0.192918 0.185893 0.187181 -8.8825 11.171 -1.60521 0.195655 0.183105 0.188108 0.189187 0.189693 0.185918
1181250 0.186535 0.188402 0.19465 0.495241 -33.2968 -8.45208 0.187173 0.192693 0.195856 0.185928 0.184325 0.193504
1181250 0.197967 0.184255 0.191181 11.2821 5.91802 11.0358 0.195655 0.183105 0.188108 0.200844 0.185686 0.195003
1181250 0.196743 0.184564 0.205809 -6.68205 -10.0408 1.94687 0.199559 0.187643 0.204925 0.193554 0.181077 0.206811
1181250 0.18825 0.181662 0.214236 12.7467 15.6961 11.3373 0.185328 0.179154 0.212177 0.191814 0.18472 0.216748
1181250 0.197958 0.191585 0.205236 -2.18789 4.06626 0.889498 0.199559 0.187643 0.204925 0.196682 0.194727 0.205483
1181250 0.203401 0.187617 0.203074 12.419 0.265626 -3.73988 0.199559 0.187643 0.204925 0.20707 0.187591 0.201307
1181250 0.200092 0.190037 0.208415 -0.958341 -1.77835 -2.83909 0.20069 0.192725 0.212333 0.199559 0.187643 0.204925
1181250 0.196049 0.18744 0.218493 2.62406 2.12089 1.65784 0.191814 0.18472 0.216748 0.19885 0.189239 0.219648
1181250 0.196613 0.183958 0.214564 -6.64618 -0.0883107 3.28618 0.200802 0.183294 0.212657 0.191814 0.18472 0.216748
1181250 0.189259 0.19471 0.188108 0.423674 8.8258 2.31363 0.189187 0.189693 0.185918 0.189313 0.19856 0.189788
1181250 0.197652 0.192161 0.188825 -8.22486 1.74789 16.8749 0.199455 0.191188 0.185429 0.1956 0.193268 0.192691
1181250 0.18828 0.195729 0.192716 0.928128 2.36115 -3.39277 0.187173 0.192693 0.195856 0.189313 0.19856 0.189788
1181250 0.19 0.195693 0.197666 17.7578 21.6976 7.73935 0.187173 0.192693 0.195856 0.19296 0.198834 0.199561
1181250 0.192343 0.19601 0.191187 -12.167 13.7237 -8.24482 0.1956 0.193268 0.192691 0.189313 0.19856 0.189788
1181250 0.196539 0.196398 0.189574 -6.69665 -12.6924 11.9974 0.197546 0.199753 0.186232 0.1956 0.193268 0.192691
1181250 0.194309 0.195991 0.196052 7.99046 -24.227 -21.8473 0.19296 0.198834 0.199561 0.1956 0.193268 0.192691
1181250 0.195123 0.196448 0.203002 7.36194 -11.8846 18.6059 0.19296 0.198834 0.199561 0.196682 0.194727 0.205483
1181250 0.1927 0.199787 0.20417 -0.597003 0.789102 17.0286 0.19296 0.198834 0.199561 0.192447 0.200714 0.208657
1181250 0.196296 0.201382 0.197413 6.57883 4.83687 -2.66248 0.19296 0.198834 0.199561 0.200059 0.204257 0.19499
1181250 0.194428 0.20306 0.201038 10.4719 30.5733 16.7217 0.19296 0.198834 0.199561 0.19538 0.2058 0.201995
1181250 0.19809 0.189668 0.193789 -29.6262 35.7818 -5.21497 0.200844 0.185686 0.195003 0.1956 0.193268 0.192691
1181250 0.20239 0.192996 0.183468 13.8966 6.31512 -6.54806 0.199455 0.191188 0.185429 0.20741 0.196089 0.180113
1181250 0.202962 0.190355 0.187084 4.28793 -1.80096 1.86578 0.199455 0.191188 0.185429 0.206657 0.189477 0.188827
1181250 0.199024 0.203088 0.183047 2.97918 14.2028 -12.5707 0.197546 0.199753 0.186232 0.200481 0.206375 0.179907
1181250 0.189077 0.197813 0.209775 40.3719 25.7571 -8.2828 0.186118 0.195266 0.210756 0.192447 0.200714 0.208657
1181250 0.196877 0.197692 0.218516 0.341835 2.9495 -2.91682 0.19643 0.195623 0.221306 0.197356 0.19991 0.215526
1181250 0.198821 0.196753 0.214123 -3.50639 5.17862 2.16208 0.20069 0.192725 0.212333 0.197356 0.19991 0.215526
1181250 0.19963 0.190717 0.216547 -5.57198 -5.80964 12.6166 0.20069 0.192725 0.212333 0.19885 0.189239 0.219648
1181250 0.219073 0.178764 0.196369 -9.645 -19.5271 -3.11333 0.222536 0.184155 0.196557 0.215431 0.173096 0.196171
1181250 0.204645 0.186732 0.186402 2.56105 3.36049 2.10096 0.202954 0.184424 0.184362 0.206657 0.189477 0.188827
1181250 0.200711 0.181287 0.192644 -0.857793 -6.01915 -2.35693 0.200844 0.185686 0.195003 0.20062 0.178261 0.191021
1181250 0.210153 0.184152 0.192357 10.758 11.5315 4.63259 0.207612 0.181322 0.19055 0.21262 0.186901 0.194111
1181250 0.204515 0.183319 0.192588 -17.0092 14.8837 9.96385 0.207612 0.181322 0.19055 0.200844 0.185686 0.195003
1181250 0.212942 0.184674 0.197525 1.13619 13.8644 -17.5187 0.213251 0.182536 0.200804 0.21262 0.186901 0.194111
1181250 0.202053 0.182959 0.199005 2.25609 -13.2175 16.4219 0.200844 0.185686 0.195003 0.202982 0.180863 0.202081
1181250 0.204273 0.186736 0.198475 15.3254 5.90495 21.6045 0.200844 0.185686 0.195003 0.20707 0.187591 0.201307
1181250 0.207132 0.185416 0.189685 0.190834 7.63934 -2.25072 0.207612 0.181322 0.19055 0.206657 0.189477 0.188827
1181250 0.211181 0.190722 0.193878 3.3146 -5.97581 -0.0317496 0.2101 0.193594 0.193702 0.21262 0.186901 0.194111
1181250 0.213811 0.189143 0.197318 1.06977 3.55786 5.95933 0.21262 0.186901 0.194111 0.215377 0.192096 0.20154
1181250 0.214214 0.189395 0.19129 -5.72399 -15.7182 15.9033 0.216107 0.192359 0.187937 0.21262 0.186901 0.194111
1181250 0.205887 0.180629 0.204576 -9.53852 -1.24064 -8.39309 0.208983 0.180381 0.207235 0.202982 0.180863 0.202081
1181250 0.210216 0.185018 0.201051 -4.57719 4.65709 1.18436 0.213251 0.182536 0.200804 0.20707 0.187591 0.201307
1181250 0.214592 0.179809 0.203293 5.7924 -7.62062 7.13452 0.213251 0.182536 0.200804 0.215807 0.177337 0.205549
1181250 0.20673 0.187366 0.205358 0.337766 2.71163 -13.1508 0.206455 0.187183 0.208644 0.20707 0.187591 0.201307
1181250 0.200894 0.179161 0.210529 1.1785 -9.04748 -3.33821 0.200802 0.183294 0.212657 0.200996 0.174603 0.208181
1181250 0.208086 0.185654 0.211074 4.0968 -3.47407 8.05414 0.206455 0.187183 0.208644 0.209571 0.184261 0.213286
1181250 0.204107 0.185568 0.210311 -14.1207 -6.31359 9.67986 0.206455 0.187183 0.208644 0.200802 0.183294 0.212657
1181250 0.209486 0.181443 0.214332 0.0088258 -7.67131 1.55044 0.209571 0.184261 0.213286 0.209297 0.175192 0.216652
1181250 0.210648 0.189531 0.201407 -29.982 -13.2841 3.70666 0.215377 0.192096 0.20154 0.20707 0.187591 0.201307
1181250 0.207023 0.190351 0.207905 2.95222 16.9928 -1.15847 0.206455 0.187183 0.208644 0.207756 0.194433 0.206953
1181250 0.210027 0.186843 0.214761 0.921378 3.49731 1.4139 0.209571 0.184261 0.213286 0.210748 0.19093 0.217097
1181250 0.212331 0.184141 0.214475 6.21248 -0.764971 1.7082 0.209571 0.184261 0.213286 0.216024 0.183981 0.216066
1181250 0.205094 0.196995 0.198655 -5.14883 -5.71548 1.82858 0.20868 0.200002 0.197931 0.201665 0.19412 0.199348
1181250 0.20864 0.191849 0.191636 -4.90394 -5.67243 -9.36532 0.2101 0.193594 0.193702 0.206657 0.189477 0.188827
1181250 0.212609 0.195304 0.194175 3.34063 3.1145 0.481133 0.2101 0.193594 0.193702 0.215133 0.197025 0.194652
1181250 0.209541 0.196116 0.195367 -1.6256 10.6708 4.8837 0.2101 0.193594 0.193702 0.20868 0.200002 0.197931
1181250 0.212584 0.198201 0.195947 10.3564 -2.8887 -4.21173 0.20868 0.200002 0.197931 0.215133 0.197025 0.194652
1181250 0.218031 0.195967 0.194835 -17.2564 9.61622 -1.46435 0.22189 0.194558 0.195079 0.215133 0.197025 0.194652
1181250 0.215004 0.197091 0.18809 -3.1539 7.75377 0.0834932 0.216107 0.192359 0.187937 0.213815 0.20219 0.188256
1181250 0.20443 0.193629 0.209485 13.3005 4.26405 -7.46639 0.20069 0.192725 0.212333 0.207756 0.194433 0.206953
1181250 0.210496 0.191524 0.208418 -7.81677 10.2706 -3.00139 0.212549 0.189344 0.209515 0.207756 0.194433 0.206953
1181250 0.211121 0.193401 0.204563 -27.7359 13.1022 26.1959 0.215377 0.192096 0.20154 0.207756 0.194433 0.206953
1181250 0.211827 0.18998 0.212557 -0.667321 2.1521 7.85475 0.212549 0.189344 0.209515 0.210748 0.19093 0.217097
1181250 0.215082 0.187537 0.20881 -13.99 8.16831 1.50132 0.218908 0.184807 0.207744 0.212549 0.189344 0.209515
1181250 0.21724 0.18825 0.204813 -7.80284 14.4955 -17.2632 0.218908 0.184807 0.207744 0.215377 0.192096 0.20154
1181250 0.207047 0.193461 0.218696 18.5908 -10.9041 -11.4378 0.203889 0.195622 0.22006 0.210748 0.19093 0.217097
1181250 0.182466 0.183741 0.195952 -9.88474 -1.61698 4.84353 0.185928 0.184325 0.193504 0.17753 0.182909 0.199444
1181250 0.211407 0.179372 0.183957 -0.0891594 4.19889 -0.695412 0.211204 0.174739 0.18544 0.211633 0.184515 0.18231
1181250 0.206374 0.18446 0.183554 -4.88517 0.268443 1.94319 0.211633 0.184515 0.18231 0.202954 0.184424 0.184362
1181250 0.211244 0.196125 0.208714 -4.67311 -1.81334 -1.47997 0.216564 0.198704 0.211398 0.207756 0.194433 0.206953
1181250 0.193859 0.202087 0.18413 -4.78731 2.29649 -1.83455 0.197546 0.199753 0.186232 0.191095 0.203836 0.182555
1181250 0.203761 0.179636 0.19081 -6.09028 -2.3872 -0.604643 0.207612 0.181322 0.19055 0.20062 0.178261 0.191021
1181250 0.211024 0.199532 0.184708 4.02052 5.41633 7.65488 0.20741 0.196089 0.180113 0.213815 0.20219 0.188256
1181250 0.194924 0.179034 0.18204 -17.8467 8.52597 0.244157 0.199383 0.176825 0.18277 0.191279 0.180839 0.181443
1181250 0.210201 0.19908 0.212637 4.93972 -0.861736 -0.402549 0.206338 0.199309 0.213389 0.216564 0.198704 0.211398
1181250 0.20702 0.196965 0.210295 3.49166 -7.02912 -8.01611 0.206338 0.199309 0.213389 0.207756 0.194433 0.206953
1181250 0.205132 0.197493 0.216674 0.794883 2.50775 -3.76605 0.203889 0.195622 0.22006 0.206338 0.199309 0.213389
1181250 0.203747 0.183983 0.216187 9.31753 0.0463357 9.82418 0.200802 0.183294 0.212657 0.205934 0.184495 0.218807
1181250 0.202421 0.194292 0.216513 4.40455 2.2888 11.8651 0.20069 0.192725 0.212333 0.203889 0.195622 0.22006
1181250 0.194532 0.192508 0.206902 7.35872 10.0614 -4.36203 0.191872 0.189762 0.208657 0.196682 0.194727 0.205483
1181250 0.207585 0.184144 0.208014 2.13169 -4.90338 -0.227093 0.206455 0.187183 0.208644 0.208983 0.180381 0.207235
1181250 0.192655 0.18572 0.207797 2.61363 -12.5754 -0.612369 0.191872 0.189762 0.208657 0.193554 0.181077 0.206811
1181250 0.188933 0.192574 0.209729 -7.67266 10.2285 3.37164 0.191872 0.189762 0.208657 0.186118 0.195266 0.210756
1181250 0.208827 0.187314 0.185986 -1.55692 2.07039 1.89996 0.211633 0.184515 0.18231 0.206657 0.189477 0.188827
1181250 0.198595 0.195045 0.185791 0.105185 -1.50703 -0.223996 0.197546 0.199753 0.186232 0.199455 0.191188 0.185429
1181250 0.191846 0.187537 0.212227 -1.49208 -4.59603 8.35487 0.191872 0.189762 0.208657 0.191814 0.18472 0.216748
1181250 0.199989 0.181217 0.216739 0.175256 0.873901 -1.22582 0.199137 0.179036 0.221023 0.200802 0.183294 0.212657
1181250 0.218645 0.188471 0.199265 -9.79336 9.25914 4.10957 0.222536 0.184155 0.196557 0.215377 0.192096 0.20154
1181250 0.199164 0.181263 0.196595 -6.09536 -10.5902 4.84475 0.200844 0.185686 0.195003 0.198077 0.1784 0.197625
1181250 0.200319 0.179526 0.199662 -3.82591 -1.04153 -3.04797 0.202982 0.180863 0.202081 0.198077 0.1784 0.197625
1181250 0.217125 0.180511 0.206481 -3.20414 -13.4239 -4.39708 0.218908 0.184807 0.207744 0.215807 0.177337 0.205549
1181250 0.213209 0.19422 0.214686 0.363976 0.658218 -0.343843 0.210748 0.19093 0.217097 0.216564 0.198704 0.211398
1181250 0.200747 0.18794 0.212498 -1.43659 -10.8073 -0.353766 0.20069 0.192725 0.212333 0.200802 0.183294 0.212657
1181250 0.207081 0.181322 0.218072 0.186902 -0.61335 -0.0412116 0.205934 0.184495 0.218807 0.209297 0.175192 0.216652
1181250 0.195635 0.181754 0.218979 -5.85137 4.54326 -2.07804 0.199137 0.179036 0.221023 0.191814 0.18472 0.216748
1181250 0.201274 0.19011 0.197282 0.22729 2.97983 2.18569 0.200844 0.185686 0.195003 0.201665 0.19412 0.199348
1181250 0.198347 0.193895 0.208328 -12.9373 6.42223 -15.8836 0.20069 0.192725 0.212333 0.196682 0.194727 0.205483
1181250 0.207957 0.1872 0.218089 0.730611 1.18733 -0.110132 0.205934 0.184495 0.218807 0.210748 0.19093 0.217097
1181250 0.204619 0.202006 0.196546 -7.59818 5.39385 -2.42189 0.20868 0.200002 0.197931 0.200059 0.204257 0.19499
1181250 0.185977 0.180433 0.195287 -0.443922 -4.11852 1.35841 0.185928 0.184325 0.193504 0.186037 0.175664 0.197473
1181250 0.215222 0.195227 0.197164 0.97569 14.2463 -14.975 0.215377 0.192096 0.20154 0.215133 0.197025 0.194652
1181250 0.204965 0.184127 0.201705 -2.08902 -3.87424 -0.229371 0.20707 0.187591 0.201307 0.202982 0.180863 0.202081
1181250 0.198819 0.194467 0.202852 -5.37645 1.30445 5.13237 0.201665 0.19412 0.199348 0.196682 0.194727 0.205483
1181250 0.198744 0.2019 0.190406 0.594392 2.27892 3.35233 0.197546 0.199753 0.186232 0.200059 0.204257 0.19499
1181250 0.206944 0.191997 0.185506 -0.147083 -2.70612 2.60107 0.20741 0.196089 0.180113 0.206657 0.189477 0.188827
1181250 0.197706 0.179899 0.213367 10.2874 15.7341 -3.12779 0.195523 0.177505 0.213868 0.200802 0.183294 0.212657
1181250 0.20781 0.180179 0.1946 0.889441 -1.00677 4.28094 0.207612 0.181322 0.19055 0.207954 0.179349 0.197543
1181250 0.205748 0.18002 0.199556 -1.22437 0.153345 0.903131 0.207954 0.179349 0.197543 0.202982 0.180863 0.202081
1181250 0.21116 0.18148 0.203955 -11.2429 -5.12944 23.6217 0.213251 0.182536 0.200804 0.208983 0.180381 0.207235
1181250 0.196353 0.184514 0.184413 1.28598 1.14452 -3.69815 0.195655 0.183105 0.188108 0.196934 0.185686 0.18134
1181250 0.181794 0.200329 0.193883 2.73909 3.869 3.15485 0.179944 0.198542 0.192263 0.184845 0.203276 0.196555
1181250 0.210274 0.180744 0.198971 3.26445 2.64995 2.80745 0.207954 0.179349 0.197543 0.213251 0.182536 0.200804
1181250 0.198629 0.193694 0.196015 2.84035 0.382485 2.26331 0.1956 0.193268 0.192691 0.201665 0.19412 0.199348
1181250 0.219068 0.193491 0.197879 -18.424 -9.44764 14.6358 0.22189 0.194558 0.195079 0.215377 0.192096 0.20154
1181250 0.200959 0.197953 0.189162 0.517064 -0.379893 0.611383 0.197546 0.199753 0.186232 0.203708 0.196502 0.191522
1181250 0.216779 0.183151 0.19919 -19.8345 -4.43795 5.64803 0.222536 0.184155 0.196557 0.213251 0.182536 0.200804
1181250 0.202762 0.1954 0.195145 -0.2741 -0.808681 1.84948 0.203708 0.196502 0.191522 0.201665 0.19412 0.199348
1181250 0.205132 0.19311 0.190221 0.697232 -1.88169 -1.08011 0.203708 0.196502 0.191522 0.206657 0.189477 0.188827
1181250 0.20458 0.199894 0.1898 0.560298 1.64719 -1.19396 0.203708 0.196502 0.191522 0.205314 0.202745 0.188353
1181250 0.192701 0.191652 0.189629 8.5349 4.82503 12.4493 0.189187 0.189693 0.185918 0.1956 0.193268 0.192691
1181250 0.193138 0.199115 0.188136 -1.32165 -0.0999095 0.351311 0.197546 0.199753 0.186232 0.189313 0.19856 0.189788
1181250 0.183143 0.184774 0.200954 0.462263 0.236307 0.167789 0.17753 0.182909 0.199444 0.187296 0.186154 0.202072
1181250 0.191063 0.188465 0.20114 0.00408686 0.00346289 -0.000844487 0.187296 0.186154 0.202072 0.193897 0.190204 0.200439
1181250 0.187708 0.190561 0.202972 -3.59475e-05 0.00677382 0.000513116 0.187296 0.186154 0.202072 0.188009 0.193776 0.203629
1181250 0.189927 0.179089 0.198296 0.00944215 0.0114616 0.00214817 0.186037 0.175664 0.197473 0.192345 0.181217 0.198808
1181250 0.195224 0.179802 0.198214 0.0144807 -0.00792187 -0.000502728 0.192345 0.181217 0.198808 0.198077 0.1784 0.197625
1181250 0.192833 0.181161 0.202033 0.00218478 -0.000887144 0.00764813 0.192345 0.181217 0.198808 0.193554 0.181077 0.206811
1181250 0.190319 0.183701 0.204361 -0.560098 0.53768 -0.320569 0.193554 0.181077 0.206811 0.187296 0.186154 0.202072
1181250 0.192498 0.189945 0.215956 -0.000124143 0.00603706 -0.000583742 0.191814 0.18472 0.216748 0.192957 0.193446 0.215425
1181250 0.183303 0.191656 0.193794 -1.92942 -0.632029 -1.47053 0.187173 0.192693 0.195856 0.179172 0.190549 0.191594
1181250 0.191381 0.19298 0.194275 9.78972 0.121887 -5.4614 0.187173 0.192693 0.195856 0.1956 0.193268 0.192691
1181250 0.189902 0.185568 0.194506 -0.11286 -0.0546784 -0.0395899 0.192784 0.186469 0.195233 0.185928 0.184325 0.193504
1181250 0.19257 0.183908 0.196976 0.0 0.0 0.0 0.192784 0.186469 0.195233 0.192345 0.181217 0.198808
1181250 0.194109 0.180255 0.214965 -0.474262 0.776546 0.18358 0.195523 0.177505 0.213868 0.191814 0.18472 0.216748
1181250 0.193315 0.188253 0.197719 0.000791133 0.00654227 0.0069607 0.192784 0.186469 0.195233 0.193897 0.190204 0.200439
1181250 0.195874 0.186169 0.195145 -0.0 -0.0 -0.0 0.192784 0.186469 0.195233 0.200844 0.185686 0.195003
1181250 0.196407 0.189069 0.202427 -0.00886319 0.00539356 -0.00572823 0.199559 0.187643 0.204925 0.193897 0.190204 0.200439
1181250 0.184982 0.183465 0.211552 9.28514e-05 0.0200017 -0.000181753 0.185328 0.179154 0.212177 0.184683 0.187195 0.211011
1181250 0.189705 0.192013 0.205837 -0.0 0.0 0.0 0.191872 0.189762 0.208657 0.188009 0.193776 0.203629
1181250 0.188085 0.18841 0.209897 -0.000295948 -0.000164195 0.000116249 0.191872 0.189762 0.208657 0.184683 0.187195 0.211011
1181250 0.19626 0.193138 0.214105 -0.0 -0.0 -0.0 0.20069 0.192725 0.212333 0.192957 0.193446 0.215425
1181250 0.19772 0.198983 0.181452 0.0980959 0.0706251 1.04849 0.197837 0.198466 0.178243 0.197546 0.199753 0.186232
1181250 0.187234 0.189427 0.19896 0.107573 -0.505474 0.426908 0.187173 0.192693 0.195856 0.187296 0.186154 0.202072
1181250 0.182366 0.183 0.191268 0.0 0.0 0.0 0.185928 0.184325 0.193504 0.178524 0.18155 0.188858
1181250 0.180531 0.194414 0.20102 0.0 0.0 0.0 0.180378 0.191692 0.205152 0.180638 0.196287 0.198151
1181250 0.182746 0.187266 0.192604 0.0 0.0 0.0 0.185928 0.184325 0.193504 0.179172 0.190549 0.191594
1181250 0.183855 0.190158 0.18894 0.0 0.0 0.0 0.189187 0.189693 0.185918 0.179172 0.190549 0.191594
1181250 0.182777 0.189196 0.208418 0.0 0.0 0.0 0.180378 0.191692 0.205152 0.184683 0.187195 0.211011
1181250 0.187642 0.186177 0.213393 0.0 0.0 0.0 0.191814 0.18472 0.216748 0.184683 0.187195 0.211011
1181250 0.185873 0.18673 0.206938 0.0 0.0 0.0 0.187296 0.186154 0.202072 0.184683 0.187195 0.211011
1181250 0.185377 0.191111 0.210888 0.0 0.0 0.0 0.186118 0.195266 0.210756 0.184683 0.187195 0.211011
1181250 0.183927 0.18886 0.203572 0.0 0.0 0.0 0.180378 0.191692 0.205152 0.187296 0.186154 0.202072
1181250 0.184887 0.192932 0.204252 0.0 0.0 0.0 0.180378 0.191692 0.205152 0.188009 0.193776 0.203629
1181250 0.193493 0.181995 0.184815 0.0 0.0 0.0 0.195655 0.183105 0.188108 0.191279 0.180839 0.181443
1181250 0.197911 0.18216 0.181911 0.0 0.0 0.0 0.199383 0.176825 0.18277 0.196934 0.185686 0.18134
1181250 0.190382 0.184646 0.183362 0.0 0.0 0.0 0.189187 0.189693 0.185918 0.191279 0.180839 0.181443
1181250 0.192459 0.179408 0.195505 0.0 0.0 0.0 0.192581 0.177453 0.191971 0.192345 0.181217 0.198808
1181250 0.18957 0.18257 0.196514 0.0 0.0 0.0 0.185928 0.184325 0.193504 0.192345 0.181217 0.198808
1181250 0.194036 0.185011 0.192125 0.0 0.0 0.0 0.192784 0.186469 0.195233 0.195655 0.183105 0.188108
1181250 0.197566 0.18718 0.18676 0.0 0.0 0.0 0.195655 0.183105 0.188108 0.199455 0.191188 0.185429
1181250 0.187358 0.18669 0.190174 0.0 0.0 0.0 0.185928 0.184325 0.193504 0.189187 0.189693 0.185918
1181250 0.186594 0.185224 0.197673 0.0 0.0 0.0 0.185928 0.184325 0.193504 0.187296 0.186154 0.202072
1181250 0.190228 0.183297 0.200176 0.0 0.0 0.0 0.192345 0.181217 0.198808 0.187296 0.186154 0.202072
1181250 0.199548 0.183818 0.18611 0.0 0.0 0.0 0.195655 0.183105 0.188108 0.202954 0.184424 0.184362
1181250 0.198331 0.180504 0.189678 0.0 0.0 0.0 0.195655 0.183105 0.188108 0.20062 0.178261 0.191021
1181250 0.189234 0.180077 0.209629 0.0 0.0 0.0 0.185328 0.179154 0.212177 0.193554 0.181077 0.206811
1181250 0.194727 0.178959 0.211014 0.0 0.0 0.0 0.195523 0.177505 0.213868 0.193554 0.181077 0.206811
1181250 0.192727 0.182819 0.211537 0.0 0.0 0.0 0.191814 0.18472 0.216748 0.193554 0.181077 0.206811
1181250 0.197247 0.182216 0.20979 0.0 0.0 0.0 0.200802 0.183294 0.212657 0.193554 0.181077 0.206811
1181250 0.203119 0.182243 0.219726 0.0 0.0 0.0 0.199137 0.179036 0.221023 0.205934 0.184495 0.218807
1181250 0.193999 0.187214 0.183075 0.0 0.0 0.0 0.189187 0.189693 0.185918 0.196934 0.185686 0.18134
1181250 0.19821 0.191455 0.181459 0.0 0.0 0.0 0.199455 0.191188 0.185429 0.197086 0.191678 0.177874
1181250 0.190494 0.189017 0.195486 0.0 0.0 0.0 0.192784 0.186469 0.195233 0.187173 0.192693 0.195856
1181250 0.193931 0.189248 0.194197 0.0 0.0 0.0 0.192784 0.186469 0.195233 0.1956 0.193268 0.192691
1181250 0.195141 0.190569 0.185634 0.0 0.0 0.0 0.199455 0.191188 0.185429 0.189187 0.189693 0.185918
1181250 0.188082 0.191348 0.191369 0.0 0.0 0.0 0.187173 0.192693 0.195856 0.189187 0.189693 0.185918
1181250 0.190548 0.186349 0.198019 0.0 0.0 0.0 0.192784 0.186469 0.195233 0.187296 0.186154 0.202072
1181250 0.191007 0.191282 0.198469 0.0 0.0 0.0 0.187173 0.192693 0.195856 0.193897 0.190204 0.200439
1181250 0.187656 0.193327 0.200346 0.0 0.0 0.0 0.187173 0.192693 0.195856 0.188009 0.193776 0.203629
1181250 0.194628 0.191527 0.197113 0.0 0.0 0.0 0.1956 0.193268 0.192691 0.193897 0.190204 0.200439
1181250 0.193505 0.193825 0.200071 0.0 0.0 0.0 0.19296 0.198834 0.199561 0.193897 0.190204 0.200439
1181250 0.190046 0.195865 0.201956 0.0 0.0 0.0 0.19296 0.198834 0.199561 0.188009 0.193776 0.203629
1181250 0.190269 0.2014 0.185908 0.0 0.0 0.0 0.189313 0.19856 0.189788 0.191095 0.203836 0.182555
1181250 0.186071 0.197711 0.196187 0.0 0.0 0.0 0.187173 0.192693 0.195856 0.184845 0.203276 0.196555
1181250 0.187276 0.20072 0.192873 0.0 0.0 0.0 0.189313 0.19856 0.189788 0.184845 0.203276 0.196555
1181250 0.194488 0.203483 0.188208 0.0 0.0 0.0 0.197546 0.199753 0.186232 0.191659 0.206916 0.190037
1181250 0.20131 0.187611 0.184863 0.0 0.0 0.0 0.199455 0.191188 0.185429 0.202954 0.184424 0.184362
1181250 0.201116 0.18922 0.181573 0.0 0.0 0.0 0.199455 0.191188 0.185429 0.202434 0.187644 0.178515
1181250 0.201655 0.198236 0.183683 0.0 0.0 0.0 0.197546 0.199753 0.186232 0.20741 0.196089 0.180113
1181250 0.201599 0.193876 0.188501 0.0 0.0 0.0 0.203708 0.196502 0.191522 0.199455 0.191188 0.185429
1181250 0.19995 0.195012 0.192064 0.0 0.0 0.0 0.203708 0.196502 0.191522 0.1956 0.193268 0.192691
1181250 0.197401 0.196439 0.199452 0.0 0.0 0.0 0.19296 0.198834 0.199561 0.201665 0.19412 0.199348
1181250 0.202178 0.201546 0.187496 0.0 0.0 0.0 0.197546 0.199753 0.186232 0.205314 0.202745 0.188353
1181250 0.197114 0.20023 0.202388 0.0 0.0 0.0 0.19296 0.198834 0.199561 0.201793 0.201784 0.205574
1181250 0.189665 0.188031 0.20548 0.0 0.0 0.0 0.191872 0.189762 0.208657 0.187296 0.186154 0.202072
1181250 0.195689 0.188719 0.206804 0.0 0.0 0.0 0.191872 0.189762 0.208657 0.199559 0.187643 0.204925
1181250 0.190908 0.192025 0.202058 0.0 0.0 0.0 0.188009 0.193776 0.203629 0.193897 0.190204 0.200439
1181250 0.192993 0.190015 0.204109 0.0 0.0 0.0 0.191872 0.189762 0.208657 0.193897 0.190204 0.200439
1181250 0.195289 0.192472 0.202959 0.0 0.0 0.0 0.196682 0.194727 0.205483 0.193897 0.190204 0.200439
1181250 0.187159 0.194455 0.206835 0.0 0.0 0.0 0.186118 0.195266 0.210756 0.188009 0.193776 0.203629
1181250 0.192459 0.191765 0.212319 0.0 0.0 0.0 0.191872 0.189762 0.208657 0.192957 0.193446 0.215425
1181250 0.189744 0.19431 0.213232 0.0 0.0 0.0 0.186118 0.195266 0.210756 0.192957 0.193446 0.215425
1181250 0.195101 0.196606 0.215475 0.0 0.0 0.0 0.192957 0.193446 0.215425 0.197356 0.19991 0.215526
1181250 0.19471 0.194554 0.218394 0.0 0.0 0.0 0.19643 0.195623 0.221306 0.192957 0.193446 0.215425
1181250 0.195923 0.191338 0.217551 0.0 0.0 0.0 0.192957 0.193446 0.215425 0.19885 0.189239 0.219648
1181250 0.186164 0.1975 0.21433 0.0 0.0 0.0 0.186118 0.195266 0.210756 0.186231 0.200719 0.219515
1181250 0.190407 0.196213 0.216976 0.0 0.0 0.0 0.192957 0.193446 0.215425 0.186231 0.200719 0.219515
1181250 0.201361 0.184083 0.203428 0.0 0.0 0.0 0.199559 0.187643 0.204925 0.202982 0.180863 0.202081
1181250 0.200154 0.185571 0.208624 0.0 0.0 0.0 0.200802 0.183294 0.212657 0.199559 0.187643 0.204925
1181250 0.200151 0.186751 0.200354 0.0 0.0 0.0 0.200844 0.185686 0.195003 0.199559 0.187643 0.204925
1181250 0.200581 0.190794 0.202219 0.0 0.0 0.0 0.199559 0.187643 0.204925 0.201665 0.19412 0.199348
1181250 0.197226 0.191891 0.199971 0.0 0.0 0.0 0.201665 0.19412 0.199348 0.193897 0.190204 0.200439
1181250 0.203446 0.187393 0.207021 0.0 0.0 0.0 0.206455 0.187183 0.208644 0.199559 0.187643 0.204925
1181250 0.195997 0.191157 0.210376 0.0 0.0 0.0 0.191872 0.189762 0.208657 0.20069 0.192725 0.212333
1181250 0.200493 0.19786 0.217703 0.0 0.0 0.0 0.203889 0.195622 0.22006 0.197356 0.19991 0.215526
1181250 0.199692 0.186685 0.216635 0.0 0.0 0.0 0.200802 0.183294 0.212657 0.19885 0.189239 0.219648
1181250 0.20119 0.192212 0.219839 0.0 0.0 0.0 0.203889 0.195622 0.22006 0.19885 0.189239 0.219648
1181250 0.202164 0.199793 0.19299 0.0 0.0 0.0 0.203708 0.196502 0.191522 0.200059 0.204257 0.19499
1181250 0.209374 0.18273 0.186941 0.0 0.0 0.0 0.207612 0.181322 0.19055 0.211633 0.184515 0.18231
1181250 0.205073 0.183022 0.187177 0.0 0.0 0.0 0.207612 0.181322 0.19055 0.202954 0.184424 0.184362
1181250 0.202679 0.186133 0.181277 0.0 0.0 0.0 0.202954 0.184424 0.184362 0.202434 0.187644 0.178515
1181250 0.214055 0.179069 0.199098 0.0 0.0 0.0 0.213251 0.182536 0.200804 0.215431 0.173096 0.196171
1181250 0.209323 0.182626 0.210722 0.0 0.0 0.0 0.209571 0.184261 0.213286 0.208983 0.180381 0.207235
1181250 0.205155 0.181753 0.209773 0.0 0.0 0.0 0.200802 0.183294 0.212657 0.208983 0.180381 0.207235
1181250 0.206127 0.183891 0.213039 0.0 0.0 0.0 0.209571 0.184261 0.213286 0.200802 0.183294 0.212657
1181250 0.207878 0.18438 0.215857 0.0 0.0 0.0 0.209571 0.184261 0.213286 0.205934 0.184495 0.218807
1181250 0.204292 0.179975 0.214298 0.0 0.0 0.0 0.200802 0.183294 0.212657 0.209297 0.175192 0.216652
1181250 0.214149 0.186578 0.201114 0.0 0.0 0.0 0.213251 0.182536 0.200804 0.215377 0.192096 0.20154
1181250 0.208025 0.184003 0.204265 0.0 0.0 0.0 0.208983 0.180381 0.207235 0.20707 0.187591 0.201307
1181250 0.211017 0.186737 0.211457 0.0 0.0 0.0 0.209571 0.184261 0.213286 0.212549 0.189344 0.209515
1181250 0.212631 0.178763 0.206334 0.0 0.0 0.0 0.208983 0.180381 0.207235 0.215807 0.177337 0.205549
1181250 0.215792 0.183565 0.20392 0.0 0.0 0.0 0.218908 0.184807 0.207744 0.213251 0.182536 0.200804
1181250 0.20506 0.19636 0.187356 0.0 0.0 0.0 0.203708 0.196502 0.191522 0.20741 0.196089 0.180113
1181250 0.212477 0.193925 0.184671 0.0 0.0 0.0 0.216107 0.192359 0.187937 0.20741 0.196089 0.180113
1181250 0.209671 0.188184 0.191497 0.0 0.0 0.0 0.21262 0.186901 0.194111 0.206657 0.189477 0.188827
1181250 0.204009 0.187759 0.19164 0.0 0.0 0.0 0.200844 0.185686 0.195003 0.206657 0.189477 0.188827
1181250 0.207283 0.194884 0.192741 0.0 0.0 0.0 0.2101 0.193594 0.193702 0.203708 0.196502 0.191522
1181250 0.205954 0.198092 0.194417 0.0 0.0 0.0 0.203708 0.196502 0.191522 0.20868 0.200002 0.197931
1181250 0.20984 0.187256 0.197716 0.0 0.0 0.0 0.21262 0.186901 0.194111 0.20707 0.187591 0.201307
1181250 0.204511 0.190693 0.200379 0.0 0.0 0.0 0.201665 0.19412 0.199348 0.20707 0.187591 0.201307
1181250 0.204804 0.194291 0.203267 0.0 0.0 0.0 0.201665 0.19412 0.199348 0.207756 0.194433 0.206953
1181250 0.212018 0.193058 0.19655 0.0 0.0 0.0 0.2101 0.193594 0.193702 0.215377 0.192096 0.20154
1181250 0.211814 0.196311 0.199619 0.0 0.0 0.0 0.20868 0.200002 0.197931 0.215377 0.192096 0.20154
1181250 0.212059 0.203808 0.196418 0.0 0.0 0.0 0.20868 0.200002 0.197931 0.214216 0.206224 0.195452
1181250 0.211119 0.20105 0.193337 0.0 0.0 0.0 0.20868 0.200002 0.197931 0.213815 0.20219 0.188256
1181250 0.210502 0.203982 0.199762 0.0 0.0 0.0 0.20868 0.200002 0.197931 0.211664 0.206511 0.200933
1181250 0.205435 0.200851 0.201533 0.0 0.0 0.0 0.20868 0.200002 0.197931 0.201793 0.201784 0.205574
1181250 0.216483 0.185841 0.195064 0.0 0.0 0.0 0.222536 0.184155 0.196557 0.21262 0.186901 0.194111
1181250 0.211025 0.190818 0.188416 0.0 0.0 0.0 0.216107 0.192359 0.187937 0.206657 0.189477 0.188827
1181250 0.212427 0.193124 0.191469 0.0 0.0 0.0 0.2101 0.193594 0.193702 0.216107 0.192359 0.187937
1181250 0.215512 0.19522 0.192041 0.0 0.0 0.0 0.216107 0.192359 0.187937 0.215133 0.197025 0.194652
1181250 0.207406 0.190946 0.204067 0.0 0.0 0.0 0.20707 0.187591 0.201307 0.207756 0.194433 0.206953
1181250 0.204102 0.189455 0.21015 0.0 0.0 0.0 0.206455 0.187183 0.208644 0.20069 0.192725 0.212333
1181250 0.209555 0.188292 0.209087 0.0 0.0 0.0 0.206455 0.187183 0.208644 0.212549 0.189344 0.209515
1181250 0.203788 0.196345 0.212912 0.0 0.0 0.0 0.20069 0.192725 0.212333 0.206338 0.199309 0.213389
1181250 0.213602 0.190377 0.206548 0.0 0.0 0.0 0.212549 0.189344 0.209515 0.215377 0.192096 0.20154
1181250 0.208335 0.195524 0.215068 0.0 0.0 0.0 0.206338 0.199309 0.213389 0.210748 0.19093 0.217097
1181250 0.201213 0.197028 0.209129 0.0 0.0 0.0 0.20069 0.192725 0.212333 0.201793 0.201784 0.205574
1181250 0.204403 0.200372 0.210061 0.0 0.0 0.0 0.206338 0.199309 0.213389 0.201793 0.201784 0.205574
1181250 0.213873 0.192438 0.210136 0.0 0.0 0.0 0.212549 0.189344 0.209515 0.216564 0.198704 0.211398
1181250 0.215915 0.195101 0.206009 0.0 0.0 0.0 0.216564 0.198704 0.211398 0.215377 0.192096 0.20154
1181250 0.184247 0.203876 0.191614 -3.24795 0.0773133 -13.8357 0.184845 0.203276 0.196555 0.183751 0.204374 0.187512
1181250 0.185738 0.207946 0.194969 -0.493067 -19.3844 5.83451 0.186324 0.21101 0.193929 0.184845 0.203276 0.196555
1181250 0.185732 0.206175 0.200549 -4.15433 -10.9955 -11.3684 0.186895 0.209976 0.205786 0.184845 0.203276 0.196555
1181250 0.183083 0.210479 0.194096 -16.2405 -5.40526 0.86014 0.186324 0.21101 0.193929 0.17932 0.209862 0.19429
1181250 0.185758 0.217123 0.195238 -19.1135 -2.91208 -14.4679 0.189704 0.217121 0.197632 0.182255 0.217125 0.193112
1181250 0.181211 0.209279 0.202556 7.27179 1.29516 2.80249 0.178573 0.208955 0.201057 0.186895 0.209976 0.205786
1181250 0.184834 0.216049 0.204338 1.64762 -9.8652 2.10616 0.183626 0.219608 0.20349 0.186895 0.209976 0.205786
1181250 0.190448 0.202604 0.189909 -3.15803 -11.7491 -2.30074 0.191659 0.206916 0.190037 0.189313 0.19856 0.189788
1181250 0.192837 0.203943 0.211893 -1.83199 -17.0233 -12.3401 0.193231 0.207203 0.21516 0.192447 0.200714 0.208657
1181250 0.194581 0.20475 0.208211 -7.36336 -15.7872 4.41445 0.196038 0.207505 0.207906 0.192447 0.200714 0.208657
1181250 0.19551 0.203174 0.215362 2.48407 -6.58299 0.590432 0.193231 0.207203 0.21516 0.197356 0.19991 0.215526
1181250 0.196778 0.20121 0.207228 -21.5645 -3.59345 11.0533 0.201793 0.201784 0.205574 0.192447 0.200714 0.208657
1181250 0.199938 0.202565 0.216138 -2.06445 -1.71156 -0.780323 0.20262 0.205324 0.216774 0.197356 0.19991 0.215526
1181250 0.18834 0.212269 0.185652 -1.50982 -8.90911 -7.63214 0.189648 0.21572 0.188476 0.18738 0.209734 0.183577
1181250 0.198243 0.209161 0.194023 2.70404 -8.15607 3.02093 0.196841 0.212951 0.193275 0.200059 0.204257 0.19499
1181250 0.188583 0.209277 0.192281 6.41684 -5.56152 -3.34521 0.186324 0.21101 0.193929 0.191659 0.206916 0.190037
1181250 0.194362 0.210064 0.191726 8.86237 11.2431 3.39821 0.191659 0.206916 0.190037 0.196841 0.212951 0.193275
1181250 0.187731 0.213553 0.19547 9.07254 11.12 7.48201 0.186324 0.21101 0.193929 0.189704 0.217121 0.197632
1181250 0.196945 0.213175 0.197376 0.566635 3.26573 15.095 0.196841 0.212951 0.193275 0.197065 0.213436 0.202136
1181250 0.193325 0.215309 0.199848 -26.2372 12.4998 -10.3788 0.197065 0.213436 0.202136 0.189704 0.217121 0.197632
1181250 0.191926 0.218081 0.185186 -7.99685 -10.4393 10.0583 0.194299 0.220539 0.181762 0.189648 0.21572 0.188476
1181250 0.19738 0.216886 0.19223 1.51776 18.5169 -2.01128 0.196841 0.212951 0.193275 0.198005 0.221456 0.191016
1181250 0.196009 0.210504 0.213467 3.47269 5.45554 -1.83921 0.193231 0.207203 0.21516 0.198981 0.214036 0.211655
1181250 0.195705 0.206642 0.204915 -1.77758 -4.92237 -10.6092 0.196038 0.207505 0.207906 0.19538 0.2058 0.201995
1181250 0.197177 0.210033 0.209357 -10.9422 -24.6531 -20.1101 0.198981 0.214036 0.211655 0.196038 0.207505 0.207906
1181250 0.196038 0.208782 0.20205 -6.77945 -30.4681 4.41799 0.197065 0.213436 0.202136 0.19538 0.2058 0.201995
1181250 0.191435 0.211464 0.215449 -7.25908 22.9648 0.455315 0.193231 0.207203 0.21516 0.189214 0.216733 0.215806
1181250 0.188134 0.213586 0.21114 3.59456 6.68646 8.29765 0.186895 0.209976 0.205786 0.189214 0.216733 0.215806
1181250 0.198623 0.217675 0.2006 2.56319 7.29926 -1.32764 0.197065 0.213436 0.202136 0.199864 0.221054 0.199375
1181250 0.194423 0.216834 0.204189 12.6941 -15.3162 -13.6478 0.191779 0.220234 0.206242 0.197065 0.213436 0.202136
1181250 0.197722 0.204334 0.203302 3.32589 -2.01787 1.13402 0.19538 0.2058 0.201995 0.201793 0.201784 0.205574
1181250 0.202974 0.216631 0.213034 15.8179 8.12342 2.83632 0.198981 0.214036 0.211655 0.206565 0.218964 0.214275
1181250 0.201293 0.211287 0.201651 21.447 -13.0044 0.953659 0.197065 0.213436 0.202136 0.204869 0.209469 0.20124
1181250 0.201134 0.215468 0.203568 26.9105 11.977 14.5299 0.197065 0.213436 0.202136 0.205122 0.217459 0.204971
1181250 0.200951 0.207898 0.21918 -6.42498 9.68604 6.45064 0.20262 0.205324 0.216774 0.199493 0.210148 0.221283
1181250 0.214644 0.198942 0.192277 7.7459 -15.1256 24.2104 0.213815 0.20219 0.188256 0.215133 0.197025 0.194652
1181250 0.209591 0.201448 0.202345 -6.51172 -8.37143 -18.4212 0.210189 0.202398 0.205244 0.20868 0.200002 0.197931
1181250 0.210259 0.204382 0.1851 15.8261 -14.7745 16.1689 0.207968 0.205796 0.183067 0.213815 0.20219 0.188256
1181250 0.208445 0.203822 0.195144 1.33797 -9.49066 5.05451 0.20828 0.206516 0.193179 0.20868 0.200002 0.197931
1181250 0.214069 0.204748 0.192818 -2.77265 -8.78602 -12.7267 0.214216 0.206224 0.195452 0.213815 0.20219 0.188256
1181250 0.205104 0.197703 0.20634 26.2822 -29.1564 11.9268 0.201793 0.201784 0.205574 0.207756 0.194433 0.206953
1181250 0.203542 0.206152 0.203111 13.2226 25.0071 -10.529 0.201793 0.201784 0.205574 0.204869 0.209469 0.20124
1181250 0.209495 0.204846 0.20703 -5.88447 11.5903 9.57199 0.210189 0.202398 0.205244 0.20825 0.209235 0.210233
1181250 0.204469 0.202333 0.215091 3.57069 -7.98523 -5.40936 0.20262 0.205324 0.216774 0.206338 0.199309 0.213389
1181250 0.212253 0.201202 0.207237 8.60445 -7.62797 10.6552 0.210189 0.202398 0.205244 0.216564 0.198704 0.211398
1181250 0.216785 0.197244 0.200835 -2.95699 -16.4965 0.00228345 0.217987 0.201642 0.200232 0.215377 0.192096 0.20154
1181250 0.204867 0.206036 0.181758 -17.0703 -1.36461 -6.00763 0.207968 0.205796 0.183067 0.200481 0.206375 0.179907
1181250 0.203154 0.214932 0.18237 1.69819 -1.25938 5.06021 0.20129 0.215447 0.178343 0.205768 0.21421 0.188017
1181250 0.211808 0.213201 0.189328 -9.63262 0.329957 -3.04706 0.215367 0.212607 0.1901 0.205768 0.21421 0.188017
1181250 0.213001 0.20892 0.196083 -10.2119 15.4538 4.46553 0.214216 0.206224 0.195452 0.21126 0.212782 0.196987
1181250 0.207406 0.209191 0.191384 -1.48881 10.8549 -6.3606 0.20828 0.206516 0.193179 0.205768 0.21421 0.188017
1181250 0.20795 0.211066 0.19919 -27.5474 -21.4819 20.4709 0.21126 0.212782 0.196987 0.204869 0.209469 0.20124
1181250 0.212778 0.216088 0.199339 -8.41151 -11.9203 -8.84961 0.214241 0.219277 0.201607 0.21126 0.212782 0.196987
1181250 0.212153 0.216595 0.195135 7.47336 17.5367 -8.49731 0.21126 0.212782 0.196987 0.212967 0.220073 0.193446
1181250 0.215712 0.204407 0.197348 -7.24212 13.7652 -12.7902 0.217987 0.201642 0.200232 0.214216 0.206224 0.195452
1181250 0.206549 0.213708 0.207371 -2.38205 7.22342 -3.08628 0.20825 0.209235 0.210233 0.205122 0.217459 0.204971
1181250 0.207789 0.210686 0.215597 0.471675 1.48453 6.40843 0.20825 0.209235 0.210233 0.207394 0.211926 0.220183
1181250 0.206966 0.215562 0.217131 0.507536 -4.76574 5.49259 0.206565 0.218964 0.214275 0.207394 0.211926 0.220183
1181250 0.216734 0.217511 0.198755 1.68401 -1.81179 -2.62057 0.214241 0.219277 0.201607 0.219074 0.215853 0.196078
1181250 0.215817 0.213713 0.207904 0.0327511 -0.0576762 -0.078701 0.214403 0.21528 0.210104 0.21833 0.210925 0.203992
1181250 0.216032 0.217955 0.194767 -2.93016 2.83905 -1.3196 0.219074 0.215853 0.196078 0.212967 0.220073 0.193446
1181250 0.194879 0.197275 0.206834 1.14998 -2.30976 -1.36219 0.192447 0.200714 0.208657 0.196682 0.194727 0.205483
1181250 0.184513 0.213732 0.193565 -2.27564 3.76436 -1.18702 0.186324 0.21101 0.193929 0.182255 0.217125 0.193112
1181250 0.210435 0.204832 0.191263 0.0412159 -0.0475956 -0.0439173 0.20828 0.206516 0.193179 0.213815 0.20219 0.188256
1181250 0.218144 0.205904 0.201958 -0.0846242 1.67624 0.427308 0.217987 0.201642 0.200232 0.21833 0.210925 0.203992
1181250 0.19421 0.209528 0.187438 0.863148 1.30559 -1.04585 0.191659 0.206916 0.190037 0.196389 0.211759 0.185219
1181250 0.182204 0.218358 0.206846 -0.419062 -0.338388 1.44921 0.183626 0.219608 0.20349 0.180812 0.217134 0.210133
1181250 0.198677 0.197481 0.205519 -2.74498 -3.06806 0.456399 0.201793 0.201784 0.205574 0.196682 0.194727 0.205483
1181250 0.187702 0.212962 0.191669 9.79239 8.95211 -13.6028 0.186324 0.21101 0.193929 0.189648 0.21572 0.188476
1181250 0.199947 0.212689 0.18628 10.5302 1.51625 4.48478 0.196389 0.211759 0.185219 0.205768 0.21421 0.188017
1181250 0.204937 0.206933 0.214082 2.01501 1.95668 -3.36215 0.20262 0.205324 0.216774 0.20825 0.209235 0.210233
1181250 0.194702 0.211962 0.181789 2.05532 0.049089 2.99578 0.192926 0.212176 0.17818 0.196389 0.211759 0.185219
1181250 0.198173 0.205383 0.207041 11.0288 -13.092 -2.52962 0.196038 0.207505 0.207906 0.201793 0.201784 0.205574
1181250 0.207089 0.202171 0.205366 -2.10391 -0.495029 0.0539958 0.210189 0.202398 0.205244 0.201793 0.201784 0.205574
1181250 0.18303 0.214524 0.208548 -0.313562 0.515118 0.33524 0.186895 0.209976 0.205786 0.180812 0.217134 0.210133
1181250 0.21708 0.206805 0.194673 4.48053 0.178031 -1.3808 0.214216 0.206224 0.195452 0.221852 0.207772 0.193375
1181250 0.216021 0.215641 0.202645 0.698343 -2.16229 0.403368 0.214241 0.219277 0.201607 0.21833 0.210925 0.203992
1181250 0.212229 0.213144 0.21015 -0.0369912 -0.0314559 -0.00618139 0.214403 0.21528 0.210104 0.20825 0.209235 0.210233
1181250 0.203344 0.211776 0.210985 5.63228 -3.16024 -1.93173 0.198981 0.214036 0.211655 0.20825 0.209235 0.210233
1181250 0.193345 0.213547 0.18669 -22.7859 8.80084 8.84851 0.196389 0.211759 0.185219 0.189648 0.21572 0.188476
1181250 0.189676 0.216423 0.193069 0.973349 4.86583 15.6486 0.189648 0.21572 0.188476 0.189704 0.217121 0.197632
1181250 0.211394 0.206363 0.194372 3.86233 0.179444 0.927072 0.20828 0.206516 0.193179 0.214216 0.206224 0.195452
1181250 0.19821 0.209364 0.182855 7.98928 -16.0962 -12.7836 0.196389 0.211759 0.185219 0.200481 0.206375 0.179907
1181250 0.213478 0.212687 0.193267 -15.7672 0.507748 18.8559 0.215367 0.212607 0.1901 0.21126 0.212782 0.196987
1181250 0.201361 0.218323 0.189719 2.57805 -3.02963 -0.654104 0.198005 0.221456 0.191016 0.205768 0.21421 0.188017
1181250 0.191347 0.205215 0.185904 -2.49973 -3.71499 -10.5689 0.191659 0.206916 0.190037 0.191095 0.203836 0.182555
1181250 0.193088 0.208302 0.207222 -16.1476 3.2662 -1.23634 0.196038 0.207505 0.207906 0.186895 0.209976 0.205786
1181250 0.212882 0.209619 0.213312 14.2082 -1.20443 8.07571 0.20825 0.209235 0.210233 0.217889 0.210034 0.216642
1181250 0.19943 0.216129 0.216127 3.56436 11.5744 17.739 0.198981 0.214036 0.211655 0.199844 0.218063 0.220259
1181250 0.204451 0.215067 0.194081 -0.05444 0.0934138 0.306532 0.205768 0.21421 0.188017 0.20376 0.215517 0.197264
1181250 0.204258 0.212802 0.199049 0.0360284 -0.12743 0.0620906 0.20376 0.215517 0.197264 0.204869 0.209469 0.20124
1181250 0.201954 0.218084 0.198242 -0.188027 0.251157 0.0461975 0.20376 0.215517 0.197264 0.199864 0.221054 0.199375
1181250 0.206288 0.209371 0.205015 -1.862 -0.650824 -7.4871 0.20825 0.209235 0.210233 0.204869 0.209469 0.20124
1181250 0.203309 0.203322 0.190885 -1.67889 0.929245 2.07456 0.205314 0.202745 0.188353 0.200059 0.204257 0.19499
1181250 0.206622 0.204248 0.185748 -1.61248 -2.10384 2.54231 0.207968 0.205796 0.183067 0.205314 0.202745 0.188353
1181250 0.198004 0.21373 0.206803 -1.16192 0.711447 -12.416 0.198981 0.214036 0.211655 0.197065 0.213436 0.202136
1181250 0.207782 0.202571 0.182086 -0.289606 -1.39381 -0.325884 0.207968 0.205796 0.183067 0.20741 0.196089 0.180113
1181250 0.191915 0.208019 0.194374 0.00638569 0.0227957 0.0539541 0.191659 0.206916 0.190037 0.192101 0.208821 0.197524
1181250 0.190377 0.209203 0.20026 -0.0136412 -0.000480612 0.018347 0.192101 0.208821 0.197524 0.186895 0.209976 0.205786
1181250 0.192789 0.211981 0.203671 8.46527 3.69068 -4.64969 0.186895 0.209976 0.205786 0.197065 0.213436 0.202136
1181250 0.18151 0.215567 0.196832 0.000688145 0.0020596 -0.00330232 0.180954 0.214402 0.199613 0.182255 0.217125 0.193112
1181250 0.182843 0.212995 0.201576 0.00017208 -9.82268e-05 0.000215258 0.180954 0.214402 0.199613 0.186895 0.209976 0.205786
1181250 0.193792 0.207263 0.19983 -0.0 -0.0 0.0 0.192101 0.208821 0.197524 0.19538 0.2058 0.201995
1181250 0.212941 0.206368 0.198191 -0.0 -0.0 -0.0 0.214216 0.206224 0.195452 0.211664 0.206511 0.200933
1181250 0.213006 0.217855 0.209261 -0.022373 0.052114 -0.0248811 0.214403 0.21528 0.210104 0.211528 0.220579 0.208369
1181250 0.210937 0.204483 0.203059 0.001652 0.0131993 -0.0142576 0.210189 0.202398 0.205244 0.211664 0.206511 0.200933
1181250 0.208587 0.202531 0.188316 0.314177 -0.0714543 -0.000801801 0.205314 0.202745 0.188353 0.213815 0.20219 0.188256
1181250 0.215574 0.213518 0.2123 0.0592059 -0.117996 0.10525 0.214403 0.21528 0.210104 0.217889 0.210034 0.216642
1181250 0.180227 0.21239 0.197244 0.0 0.0 0.0 0.180954 0.214402 0.199613 0.17932 0.209862 0.19429
1181250 0.182138 0.216718 0.201331 0.0 0.0 0.0 0.180954 0.214402 0.199613 0.183626 0.219608 0.20349
1181250 0.187674 0.204096 0.184864 0.0 0.0 0.0 0.191095 0.203836 0.182555 0.183751 0.204374 0.187512
1181250 0.181709 0.207023 0.195269 0.0 0.0 0.0 0.17932 0.209862 0.19429 0.184845 0.203276 0.196555
1181250 0.187559 0.205607 0.188728 0.0 0.0 0.0 0.191659 0.206916 0.190037 0.183751 0.204374 0.187512
1181250 0.181828 0.202411 0.200497 0.0 0.0 0.0 0.178695 0.201495 0.20459 0.184845 0.203276 0.196555
1181250 0.182318 0.205251 0.205118 0.0 0.0 0.0 0.186895 0.209976 0.205786 0.178695 0.201495 0.20459
1181250 0.18572 0.216475 0.190939 0.0 0.0 0.0 0.189648 0.21572 0.188476 0.182255 0.217125 0.193112
1181250 0.186391 0.218485 0.200826 0.0 0.0 0.0 0.183626 0.219608 0.20349 0.189704 0.217121 0.197632
1181250 0.195147 0.200281 0.212436 0.0 0.0 0.0 0.192447 0.200714 0.208657 0.197356 0.19991 0.215526
1181250 0.196563 0.201506 0.218998 0.0 0.0 0.0 0.195592 0.203441 0.223253 0.197356 0.19991 0.215526
1181250 0.189231 0.208524 0.18637 0.0 0.0 0.0 0.191659 0.206916 0.190037 0.18738 0.209734 0.183577
1181250 0.1955 0.205709 0.192302 0.0 0.0 0.0 0.191659 0.206916 0.190037 0.200059 0.204257 0.19499
1181250 0.188443 0.205207 0.193113 0.0 0.0 0.0 0.191659 0.206916 0.190037 0.184845 0.203276 0.196555
1181250 0.196607 0.212342 0.189104 0.0 0.0 0.0 0.196841 0.212951 0.193275 0.196389 0.211759 0.185219
1181250 0.189228 0.209918 0.195736 0.0 0.0 0.0 0.186324 0.21101 0.193929 0.192101 0.208821 0.197524
1181250 0.194196 0.210654 0.195646 0.0 0.0 0.0 0.192101 0.208821 0.197524 0.196841 0.212951 0.193275
1181250 0.195122 0.207096 0.196562 0.0 0.0 0.0 0.192101 0.208821 0.197524 0.200059 0.204257 0.19499
1181250 0.189245 0.206646 0.197143 0.0 0.0 0.0 0.192101 0.208821 0.197524 0.184845 0.203276 0.196555
1181250 0.194114 0.210701 0.199395 0.0 0.0 0.0 0.192101 0.208821 0.197524 0.197065 0.213436 0.202136
1181250 0.197087 0.205246 0.199439 0.0 0.0 0.0 0.19538 0.2058 0.201995 0.200059 0.204257 0.19499
1181250 0.195466 0.215645 0.183691 0.0 0.0 0.0 0.194299 0.220539 0.181762 0.196389 0.211759 0.185219
1181250 0.190672 0.211246 0.189271 0.0 0.0 0.0 0.191659 0.206916 0.190037 0.189648 0.21572 0.188476
1181250 0.19111 0.212261 0.197569 0.0 0.0 0.0 0.192101 0.208821 0.197524 0.189704 0.217121 0.197632
1181250 0.193466 0.214259 0.191023 0.0 0.0 0.0 0.196841 0.212951 0.193275 0.189648 0.21572 0.188476
1181250 0.193481 0.214923 0.195327 0.0 0.0 0.0 0.196841 0.212951 0.193275 0.189704 0.217121 0.197632
1181250 0.200926 0.198791 0.197344 0.0 0.0 0.0 0.200059 0.204257 0.19499 0.201665 0.19412 0.199348
1181250 0.198651 0.213469 0.182046 0.0 0.0 0.0 0.20129 0.215447 0.178343 0.196389 0.211759 0.185219
1181250 0.200378 0.213458 0.191192 0.0 0.0 0.0 0.196841 0.212951 0.193275 0.205768 0.21421 0.188017
1181250 0.200685 0.214385 0.195491 0.0 0.0 0.0 0.196841 0.212951 0.193275 0.20376 0.215517 0.197264
1181250 0.20511 0.205654 0.193878 0.0 0.0 0.0 0.20828 0.206516 0.193179 0.200059 0.204257 0.19499
1181250 0.202794 0.20723 0.198545 0.0 0.0 0.0 0.200059 0.204257 0.19499 0.204869 0.209469 0.20124
1181250 0.200927 0.203029 0.200285 0.0 0.0 0.0 0.200059 0.204257 0.19499 0.201793 0.201784 0.205574
1181250 0.194906 0.207392 0.210832 0.0 0.0 0.0 0.193231 0.207203 0.21516 0.196038 0.207505 0.207906
1181250 0.190612 0.208358 0.211285 0.0 0.0 0.0 0.193231 0.207203 0.21516 0.186895 0.209976 0.205786
1181250 0.196445 0.209864 0.205619 0.0 0.0 0.0 0.196038 0.207505 0.207906 0.197065 0.213436 0.202136
1181250 0.192687 0.207134 0.203198 0.0 0.0 0.0 0.186895 0.209976 0.205786 0.19538 0.2058 0.201995
1181250 0.194207 0.203776 0.204658 0.0 0.0 0.0 0.19538 0.2058 0.201995 0.192447 0.200714 0.208657
1181250 0.190165 0.20453 0.207477 0.0 0.0 0.0 0.186895 0.209976 0.205786 0.192447 0.200714 0.208657
1181250 0.196839 0.208909 0.218688 0.0 0.0 0.0 0.193231 0.207203 0.21516 0.199493 0.210148 0.221283
1181250 0.190136 0.204345 0.217086 0.0 0.0 0.0 0.193231 0.207203 0.21516 0.186231 0.200719 0.219515
1181250 0.188545 0.214182 0.200996 0.0 0.0 0.0 0.186895 0.209976 0.205786 0.189704 0.217121 0.197632
1181250 0.189725 0.215928 0.206051 0.0 0.0 0.0 0.191779 0.220234 0.206242 0.186895 0.209976 0.205786
1181250 0.195311 0.217203 0.208897 0.0 0.0 0.0 0.198981 0.214036 0.211655 0.191779 0.220234 0.206242
1181250 0.19445 0.215296 0.213581 0.0 0.0 0.0 0.198981 0.214036 0.211655 0.189214 0.216733 0.215806
1181250 0.201029 0.214677 0.199251 0.0 0.0 0.0 0.197065 0.213436 0.202136 0.20376 0.215517 0.197264
1181250 0.19833 0.206192 0.216037 0.0 0.0 0.0 0.193231 0.207203 0.21516 0.20262 0.205324 0.216774
1181250 0.202142 0.215807 0.208215 0.0 0.0 0.0 0.198981 0.214036 0.211655 0.205122 0.217459 0.204971
1181250 0.199395 0.204469 0.219747 0.0 0.0 0.0 0.20262 0.205324 0.216774 0.195592 0.203441 0.223253
1181250 0.195121 0.21748 0.218281 0.0 0.0 0.0 0.199844 0.218063 0.220259 0.189214 0.216733 0.215806
1181250 0.205997 0.200585 0.185668 0.0 0.0 0.0 0.205314 0.202745 0.188353 0.20741 0.196089 0.180113
1181250 0.201724 0.197656 0.202212 0.0 0.0 0.0 0.201793 0.201784 0.205574 0.201665 0.19412 0.199348
1181250 0.216281 0.198891 0.196895 0.0 0.0 0.0 0.217987 0.201642 0.200232 0.215133 0.197025 0.194652
1181250 0.213402 0.200843 0.199098 0.0 0.0 0.0 0.217987 0.201642 0.200232 0.20868 0.200002 0.197931
1181250 0.209162 0.199045 0.205965 0.0 0.0 0.0 0.210189 0.202398 0.205244 0.207756 0.194433 0.206953
1181250 0.20713 0.203429 0.212082 0.0 0.0 0.0 0.20825 0.209235 0.210233 0.206338 0.199309 0.213389
1181250 0.208165 0.200536 0.216692 0.0 0.0 0.0 0.210735 0.20224 0.221339 0.206338 0.199309 0.213389
1181250 0.202768 0.209773 0.183415 0.0 0.0 0.0 0.205768 0.21421 0.188017 0.200481 0.206375 0.179907
1181250 0.207198 0.208751 0.1848 0.0 0.0 0.0 0.207968 0.205796 0.183067 0.205768 0.21421 0.188017
1181250 0.211216 0.211724 0.184703 0.0 0.0 0.0 0.205768 0.21421 0.188017 0.215227 0.209878 0.182264
1181250 0.2072 0.212318 0.182183 0.0 0.0 0.0 0.205768 0.21421 0.188017 0.207991 0.211258 0.178956
1181250 0.209577 0.209251 0.194836 0.0 0.0 0.0 0.20828 0.206516 0.193179 0.21126 0.212782 0.196987
1181250 0.206784 0.204623 0.190745 0.0 0.0 0.0 0.20828 0.206516 0.193179 0.205314 0.202745 0.188353
1181250 0.209014 0.213375 0.193318 0.0 0.0 0.0 0.205768 0.21421 0.188017 0.21126 0.212782 0.196987
1181250 0.206995 0.214346 0.197144 0.0 0.0 0.0 0.20376 0.215517 0.197264 0.21126 0.212782 0.196987
1181250 0.211499 0.209098 0.19931 0.0 0.0 0.0 0.21126 0.212782 0.196987 0.211664 0.206511 0.200933
1181250 0.214208 0.21622 0.191715 0.0 0.0 0.0 0.215367 0.212607 0.1901 0.212967 0.220073 0.193446
1181250 0.210182 0.217813 0.191345 0.0 0.0 0.0 0.205768 0.21421 0.188017 0.212967 0.220073 0.193446
1181250 0.204322 0.216327 0.200445 0.0 0.0 0.0 0.205122 0.217459 0.204971 0.20376 0.215517 0.197264
1181250 0.214402 0.211966 0.200099 0.0 0.0 0.0 0.21833 0.210925 0.203992 0.21126 0.212782 0.196987
1181250 0.217164 0.214189 0.192997 0.0 0.0 0.0 0.219074 0.215853 0.196078 0.215367 0.212607 0.1901
1181250 0.215361 0.214402 0.196509 0.0 0.0 0.0 0.219074 0.215853 0.196078 0.21126 0.212782 0.196987
1181250 0.208752 0.207788 0.201065 0.0 0.0 0.0 0.211664 0.206511 0.200933 0.204869 0.209469 0.20124
1181250 0.204944 0.205429 0.207847 0.0 0.0 0.0 0.20825 0.209235 0.210233 0.201793 0.201784 0.205574
1181250 0.207314 0.21465 0.212479 0.0 0.0 0.0 0.20825 0.209235 0.210233 0.206565 0.218964 0.214275
1181250 0.204986 0.213179 0.202969 0.0 0.0 0.0 0.205122 0.217459 0.204971 0.204869 0.209469 0.20124
1181250 0.212092 0.204379 0.210771 0.0 0.0 0.0 0.20825 0.209235 0.210233 0.216564 0.198704 0.211398
1181250 0.214054 0.208102 0.202029 0.0 0.0 0.0 0.21833 0.210925 0.203992 0.211664 0.206511 0.200933
1181250 0.214174 0.204588 0.200655 0.0 0.0 0.0 0.217987 0.201642 0.200232 0.211664 0.206511 0.200933
1181250 0.213362 0.210101 0.207068 0.0 0.0 0.0 0.20825 0.209235 0.210233 0.21833 0.210925 0.203992
1181250 0.215935 0.217817 0.21085 0.0 0.0 0.0 0.214403 0.21528 0.210104 0.218073 0.221338 0.211892
1181250 0.204768 0.208303 0.218308 0.0 0.0 0.0 0.20262 0.205324 0.216774 0.207394 0.211926 0.220183
1181250 0.20597 0.20406 0.218659 0.0 0.0 0.0 0.20262 0.205324 0.216774 0.210735 0.20224 0.221339
1181250 0.205861 0.218238 0.209733 0.0 0.0 0.0 0.206565 0.218964 0.214275 0.205122 0.217459 0.204971
1181250 0.209937 0.218427 0.203195 0.0 0.0 0.0 0.214241 0.219277 0.201607 0.205122 0.217459 0.204971
1181250 0.217397 0.200433 0.204863 0.0 0.0 0.0 0.217987 0.201642 0.200232 0.216564 0.198704 0.211398
1181250 0.218762 0.213793 0.199401 0.0 0.0 0.0 0.219074 0.215853 0.196078 0.21833 0.210925 0.203992
