# ts x y z Fx Fy Fz x1 y1 z1 x2 y2 z2
3081250 0.185895 0.19303 0.18792 0.773356 0.116648 0.454654 0.182606 0.191916 0.186066 0.189406 0.194219 0.189899
3081250 0.18344 0.190333 0.197099 -1.5678 1.00255 0.258683 0.187201 0.188206 0.195821 0.180683 0.191892 0.198037
3081250 0.188957 0.196733 0.198045 -2.46209 1.30815 -0.449927 0.192865 0.19454 0.199516 0.184802 0.199065 0.196482
3081250 0.194437 0.178976 0.181479 0.70925 0.874364 -0.0624199 0.19139 0.176215 0.181532 0.196912 0.181219 0.181436
3081250 0.198087 0.183726 0.183303 -1.29099 -1.77581 -1.57578 0.199484 0.186704 0.185522 0.196912 0.181219 0.181436
3081250 0.192881 0.181321 0.187268 -1.73441 1.96461 -0.157902 0.195575 0.178469 0.188126 0.189208 0.18521 0.186098
3081250 0.197901 0.179672 0.191171 2.21708 1.93347 3.7578 0.195575 0.178469 0.188126 0.200793 0.181168 0.194957
3081250 0.189226 0.202419 0.183159 -0.651619 0.740964 0.140722 0.191137 0.199379 0.182623 0.187428 0.205279 0.183662
3081250 0.1977 0.187722 0.188916 -1.88779 1.2036 2.65711 0.199484 0.186704 0.185522 0.195669 0.18888 0.192781
3081250 0.192425 0.191646 0.191288 -1.60405 1.2147 -0.383378 0.195669 0.18888 0.192781 0.189406 0.194219 0.189899
3081250 0.196611 0.191976 0.189629 -0.373501 -0.916275 0.721211 0.197621 0.195296 0.186248 0.195669 0.18888 0.192781
3081250 0.194297 0.191649 0.196076 0.562391 -1.22465 -1.98804 0.192865 0.19454 0.199516 0.195669 0.18888 0.192781
3081250 0.195053 0.192121 0.202922 0.806372 -0.78264 1.60652 0.192865 0.19454 0.199516 0.196631 0.190377 0.205379
3081250 0.192626 0.195492 0.204128 -0.202237 0.101234 1.68865 0.192865 0.19454 0.199516 0.192393 0.19642 0.208618
3081250 0.196209 0.197088 0.197377 0.232989 0.254392 -0.175757 0.192865 0.19454 0.199516 0.19998 0.199962 0.194966
3081250 0.198103 0.185218 0.193814 -1.81212 2.60369 -1.29726 0.200793 0.181168 0.194957 0.195669 0.18888 0.192781
3081250 0.202418 0.188554 0.183596 1.90582 1.70918 -1.24798 0.199484 0.186704 0.185522 0.207436 0.191718 0.180301
3081250 0.20297 0.185877 0.187226 0.432279 -0.0402149 0.159454 0.199484 0.186704 0.185522 0.206642 0.185005 0.189022
3081250 0.199069 0.198675 0.183093 0.364523 0.87166 -0.580363 0.197621 0.195296 0.186248 0.200496 0.202007 0.179982
3081250 0.189147 0.193384 0.209765 1.46955 0.982652 -0.501691 0.186297 0.190719 0.210773 0.192393 0.19642 0.208618
3081250 0.196718 0.196896 0.207155 -0.957329 -0.206545 0.475008 0.201724 0.197448 0.20546 0.192393 0.19642 0.208618
3081250 0.199559 0.186211 0.216459 -0.128505 -0.733022 1.22354 0.20055 0.188295 0.212262 0.198829 0.184679 0.219547
3081250 0.210118 0.179582 0.192397 0.729143 0.584138 0.506727 0.207588 0.17674 0.190587 0.212575 0.182341 0.194155
3081250 0.204188 0.182224 0.198464 3.51864 0.304035 3.27165 0.200793 0.181168 0.194957 0.206958 0.183086 0.201324
3081250 0.211092 0.186153 0.194101 0.24772 -0.753467 0.13022 0.209977 0.189018 0.19406 0.212575 0.182341 0.194155
3081250 0.214119 0.184927 0.191386 -0.274487 -0.690406 0.556531 0.215955 0.188 0.188096 0.212575 0.182341 0.194155
3081250 0.206666 0.182923 0.205384 0.485908 -0.193039 -2.61359 0.206429 0.182792 0.208676 0.206958 0.183086 0.201324
3081250 0.208012 0.181105 0.211034 1.07619 -0.963063 1.09909 0.206429 0.182792 0.208676 0.209453 0.179569 0.213182
3081250 0.20409 0.18108 0.21026 -1.93857 -2.0379 1.65471 0.206429 0.182792 0.208676 0.200796 0.17867 0.212489
3081250 0.210541 0.185021 0.201432 -2.79322 -2.0999 0.0937879 0.215277 0.18758 0.201576 0.206958 0.183086 0.201324
3081250 0.206949 0.18596 0.207897 0.637274 1.92738 -0.596038 0.206429 0.182792 0.208676 0.207619 0.190043 0.206892
3081250 0.212228 0.17946 0.214337 2.14938 0.118372 0.579688 0.209453 0.179569 0.213182 0.215941 0.179314 0.215884
3081250 0.205154 0.192625 0.19866 -1.36912 -1.13378 0.588407 0.208674 0.195699 0.197891 0.201788 0.189686 0.199395
3081250 0.208563 0.187317 0.191924 -0.781982 -0.661445 -0.826042 0.209977 0.189018 0.19406 0.206642 0.185005 0.189022
3081250 0.212502 0.190746 0.194361 0.353714 0.288197 0.108594 0.209977 0.189018 0.19406 0.215043 0.192485 0.194664
3081250 0.209464 0.191648 0.195568 -0.484004 1.25327 0.844031 0.209977 0.189018 0.19406 0.208674 0.195699 0.197891
3081250 0.214562 0.194494 0.192362 0.376463 -0.891661 1.38577 0.213747 0.197896 0.188463 0.215043 0.192485 0.194664
3081250 0.209549 0.197137 0.202318 -0.660391 -1.06946 -2.18629 0.210123 0.19808 0.205226 0.208674 0.195699 0.197891
3081250 0.217954 0.191462 0.194882 -0.99364 0.508199 0.0146251 0.221829 0.190101 0.195172 0.215043 0.192485 0.194664
3081250 0.204292 0.18922 0.20942 0.845794 0.336716 -0.527319 0.20055 0.188295 0.212262 0.207619 0.190043 0.206892
3081250 0.204997 0.193337 0.206255 1.30217 -1.31924 0.512667 0.201724 0.197448 0.20546 0.207619 0.190043 0.206892
3081250 0.211 0.188955 0.204545 -2.51311 1.37691 1.88208 0.215277 0.18758 0.201576 0.207619 0.190043 0.206892
3081250 0.203473 0.201812 0.202982 0.79435 1.66669 -0.648146 0.201724 0.197448 0.20546 0.2048 0.205125 0.2011
3081250 0.209393 0.200541 0.206982 -0.601556 1.33842 1.28239 0.210123 0.19808 0.205226 0.208086 0.204954 0.210132
3081250 0.21719 0.183671 0.204749 -0.385558 0.619096 -0.395315 0.218904 0.180172 0.207591 0.215277 0.18758 0.201576
3081250 0.2122 0.196856 0.20719 1.30586 -1.1162 1.6805 0.210123 0.19808 0.205226 0.216538 0.1943 0.211291
3081250 0.207102 0.188881 0.218514 1.71579 -1.05546 -1.13984 0.20397 0.191032 0.219957 0.210772 0.186359 0.216823
3081250 0.206948 0.192572 0.210251 0.572997 -1.05543 -1.39317 0.206327 0.194914 0.213362 0.207619 0.190043 0.206892
3081250 0.205166 0.193003 0.216609 0.0639963 0.236389 -0.380719 0.20397 0.191032 0.219957 0.206327 0.194914 0.213362
3081250 0.203767 0.179318 0.216008 2.60171 -0.0759543 3.12757 0.200796 0.17867 0.212489 0.205972 0.1798 0.21862
3081250 0.2024 0.189775 0.216424 0.259745 0.113858 0.653666 0.20055 0.188295 0.212262 0.20397 0.191032 0.219957
3081250 0.19458 0.188077 0.206818 1.69885 2.60641 -1.17043 0.192043 0.185232 0.208598 0.196631 0.190377 0.205379
3081250 0.207022 0.197847 0.205312 -0.549338 -0.118783 0.0603968 0.210123 0.19808 0.205226 0.201724 0.197448 0.20546
3081250 0.189108 0.188035 0.209709 -1.09604 1.14993 0.184079 0.192043 0.185232 0.208598 0.186297 0.190719 0.210773
3081250 0.208761 0.182832 0.186149 -0.977372 0.770223 0.916373 0.211501 0.18002 0.182434 0.206642 0.185005 0.189022
3081250 0.191946 0.182959 0.212138 -0.508166 -1.51553 2.91079 0.192043 0.185232 0.208598 0.191823 0.180083 0.216621
3081250 0.181857 0.196029 0.193788 0.901527 1.36952 1.04204 0.180071 0.194189 0.192155 0.184802 0.199065 0.196482
3081250 0.198725 0.189283 0.196084 0.940277 -0.0502459 1.25232 0.195669 0.18888 0.192781 0.201788 0.189686 0.199395
3081250 0.21899 0.189008 0.197947 -3.67325 -0.991448 2.62031 0.221829 0.190101 0.195172 0.215277 0.18758 0.201576
3081250 0.216645 0.178583 0.199249 -2.3344 -0.824021 1.15856 0.222404 0.179541 0.196596 0.213117 0.177995 0.200874
3081250 0.205169 0.188687 0.190342 0.106971 -0.221699 -0.124084 0.203793 0.192125 0.191576 0.206642 0.185005 0.189022
3081250 0.198619 0.193136 0.20541 -1.4262 -1.68543 0.286216 0.201724 0.197448 0.20546 0.196631 0.190377 0.205379
3081250 0.211853 0.185432 0.212277 -0.423589 0.388911 1.15517 0.212578 0.184811 0.209232 0.210772 0.186359 0.216823
3081250 0.21665 0.19273 0.200802 -0.0715943 -0.345767 0.106552 0.217823 0.19713 0.20014 0.215277 0.18758 0.201576
3081250 0.215618 0.200095 0.1974 -0.242539 0.436054 -0.288146 0.217823 0.19713 0.20014 0.214168 0.202045 0.195598
3081250 0.215097 0.182963 0.208578 -0.350258 0.220882 0.151123 0.218904 0.180172 0.207591 0.212578 0.184811 0.209232
3081250 0.184212 0.199481 0.191519 -0.0638663 -0.0389817 -0.511408 0.184802 0.199065 0.196482 0.183723 0.199826 0.187399
3081250 0.193915 0.19763 0.184176 -0.18578 0.13283 -0.15362 0.197621 0.195296 0.186248 0.191137 0.199379 0.182623
3081250 0.210093 0.180495 0.201095 -1.17937 1.26048 0.262897 0.213117 0.177995 0.200874 0.206958 0.183086 0.201324
3081250 0.183356 0.187117 0.193738 -0.848912 -0.412513 -0.465314 0.187201 0.188206 0.195821 0.179253 0.185954 0.191516
3081250 0.212527 0.193755 0.195939 0.566679 -0.189861 -0.210991 0.208674 0.195699 0.197891 0.215043 0.192485 0.194664
3081250 0.210998 0.195204 0.184907 0.24191 0.155121 0.301189 0.207436 0.191718 0.180301 0.213747 0.197896 0.188463
3081250 0.198258 0.189512 0.208237 -0.742743 0.524822 -1.05344 0.20055 0.188295 0.212262 0.196631 0.190377 0.205379
3081250 0.210184 0.194682 0.212579 0.876922 0.0546336 -0.0854774 0.206327 0.194914 0.213362 0.216538 0.1943 0.211291
3081250 0.198746 0.19752 0.190403 0.0141181 0.086483 0.14293 0.197621 0.195296 0.186248 0.19998 0.199962 0.194966
3081250 0.196305 0.17997 0.184474 0.184788 1.2749 -2.32085 0.195575 0.178469 0.188126 0.196912 0.181219 0.181436
3081250 0.198843 0.19008 0.202812 -0.935047 0.368985 1.16593 0.201788 0.189686 0.199395 0.196631 0.190377 0.205379
3081250 0.209557 0.183818 0.208959 0.82388 0.133442 0.0487749 0.206429 0.182792 0.208676 0.212578 0.184811 0.209232
3081250 0.202865 0.190996 0.195195 -0.0615078 -0.107697 0.214379 0.203793 0.192125 0.191576 0.201788 0.189686 0.199395
3081250 0.182676 0.179169 0.196024 -0.723262 -0.1477 0.703913 0.186148 0.179757 0.193588 0.177725 0.178332 0.199497
3081250 0.19143 0.188543 0.194303 2.3963 0.119845 -1.31085 0.187201 0.188206 0.195821 0.195669 0.18888 0.192781
3081250 0.203978 0.183257 0.191726 0.541175 0.248099 -0.636817 0.200793 0.181168 0.194957 0.206642 0.185005 0.189022
3081250 0.190445 0.17915 0.204302 -1.98383 2.19845 -2.17768 0.193635 0.176421 0.206694 0.187464 0.1817 0.202066
3081250 0.183323 0.180268 0.200973 2.97763 1.0438 0.2713 0.177725 0.178332 0.199497 0.187464 0.1817 0.202066
3081250 0.187491 0.18215 0.190301 1.06092 1.11489 -1.90297 0.186148 0.179757 0.193588 0.189208 0.18521 0.186098
3081250 0.187332 0.184957 0.19894 0.257822 -1.05288 0.926307 0.187201 0.188206 0.195821 0.187464 0.1817 0.202066
3081250 0.196614 0.179329 0.214415 -2.84495 0.114464 0.914335 0.200796 0.17867 0.212489 0.191823 0.180083 0.216621
3081250 0.189834 0.183528 0.205447 -1.37373 -0.870174 -2.50375 0.192043 0.185232 0.208598 0.187464 0.1817 0.202066
3081250 0.213741 0.184602 0.197358 0.0379218 0.168497 0.215838 0.212575 0.182341 0.194155 0.215277 0.18758 0.201576
3081250 0.201039 0.19354 0.189199 0.0335203 -0.0262765 0.0369131 0.197621 0.195296 0.186248 0.203793 0.192125 0.191576
3081250 0.204579 0.195522 0.189822 0.0581882 0.258779 -0.191202 0.203793 0.192125 0.191576 0.20524 0.198377 0.188348
3081250 0.210268 0.199748 0.199762 0.211256 0.568818 0.154009 0.208674 0.195699 0.197891 0.211287 0.202336 0.200958
3081250 0.203234 0.198982 0.190872 -0.217898 0.119758 0.25743 0.20524 0.198377 0.188348 0.19998 0.199962 0.194966
3081250 0.181882 0.19808 0.200438 0.585102 0.382977 -0.993075 0.17885 0.197058 0.204545 0.184802 0.199065 0.196482
3081250 0.20451 0.186211 0.20041 0.915124 -0.848889 0.242763 0.201788 0.189686 0.199395 0.206958 0.183086 0.201324
3081250 0.202721 0.202898 0.198454 0.218241 0.157934 0.270705 0.19998 0.199962 0.194966 0.2048 0.205125 0.2011
3081250 0.207832 0.179676 0.215714 -1.03491 -0.196589 1.42254 0.209453 0.179569 0.213182 0.205972 0.1798 0.21862
3081250 0.186788 0.180703 0.197714 0.778151 0.603626 2.37735 0.186148 0.179757 0.193588 0.187464 0.1817 0.202066
3081250 0.190271 0.178763 0.200094 -0.14332 0.215303 0.121666 0.192298 0.176641 0.19867 0.187464 0.1817 0.202066
3081250 0.192749 0.187221 0.18976 0.0374152 0.0260233 0.0305722 0.189208 0.18521 0.186098 0.195669 0.18888 0.192781
3081250 0.184133 0.184384 0.203516 0.996897 -0.559532 -0.414132 0.180624 0.18721 0.205044 0.187464 0.1817 0.202066
3081250 0.210713 0.200237 0.203063 0.0144873 0.135328 -0.166231 0.210123 0.19808 0.205226 0.211287 0.202336 0.200958
3081250 0.212851 0.180124 0.197582 0.0936734 0.59339 -0.867198 0.213117 0.177995 0.200874 0.212575 0.182341 0.194155
3081250 0.215128 0.190695 0.197185 0.111568 0.82635 -0.933571 0.215277 0.18758 0.201576 0.215043 0.192485 0.194664
3081250 0.215849 0.190626 0.20598 -0.0236652 -0.203638 -0.213265 0.216538 0.1943 0.211291 0.215277 0.18758 0.201576
3081250 0.194352 0.19877 0.200978 0.0821688 0.435361 0.113788 0.192865 0.19454 0.199516 0.195315 0.201513 0.201925
3081250 0.213582 0.185841 0.206383 0.244306 0.544891 -1.16573 0.212578 0.184811 0.209232 0.215277 0.18758 0.201576
3081250 0.186551 0.197036 0.188643 -0.817222 0.719831 -0.187105 0.189406 0.194219 0.189899 0.183723 0.199826 0.187399
3081250 0.196698 0.180029 0.205716 -0.163496 -0.173807 0.0883301 0.199402 0.183215 0.204854 0.193635 0.176421 0.206694
3081250 0.203267 0.183149 0.203048 0.116522 -0.0216903 -0.0492935 0.199402 0.183215 0.204854 0.206958 0.183086 0.201324
3081250 0.199829 0.182099 0.180072 0.0 0.0 0.0 0.196912 0.181219 0.181436 0.202577 0.182943 0.178788
3081250 0.19 0.18122 0.194752 -0.00288639 -0.000583235 -0.000906639 0.192794 0.182282 0.195596 0.186148 0.179757 0.193588
3081250 0.19326 0.184184 0.198007 0.000386476 0.00180907 0.00165952 0.192794 0.182282 0.195596 0.193771 0.186264 0.200644
3081250 0.195861 0.181855 0.195351 0.008274 0.000125614 -0.000312723 0.192794 0.182282 0.195596 0.200793 0.181168 0.194957
3081250 0.185124 0.178727 0.211469 -0.000327949 0.00409618 -0.00123652 0.185425 0.174407 0.212053 0.184864 0.182465 0.210965
3081250 0.191063 0.184305 0.201254 0.00400511 0.00365773 -0.000375152 0.187464 0.1817 0.202066 0.193771 0.186264 0.200644
3081250 0.187933 0.186108 0.202931 0.000534166 0.00221936 0.000229092 0.187464 0.1817 0.202066 0.188275 0.189324 0.203562
3081250 0.196267 0.184912 0.20251 -0.00194934 0.00146729 -0.00199553 0.199402 0.183215 0.204854 0.193771 0.186264 0.200644
3081250 0.199943 0.185608 0.208344 -0.0314484 -0.0621735 -0.0875249 0.20055 0.188295 0.212262 0.199402 0.183215 0.204854
3081250 0.197794 0.194598 0.181457 -0.00276339 -0.000708396 0.0535373 0.197911 0.194129 0.17824 0.197621 0.195296 0.186248
3081250 0.192451 0.187241 0.212273 -0.000879312 0.0332405 0.047302 0.192043 0.185232 0.208598 0.192798 0.188946 0.215391
3081250 0.195106 0.195969 0.212294 0.0029545 0.000150284 0.00334236 0.192393 0.19642 0.208618 0.197325 0.1956 0.2153
3081250 0.196886 0.193318 0.218249 0.00257153 0.00686473 -0.00740434 0.196477 0.19119 0.221001 0.197325 0.1956 0.2153
3081250 0.198742 0.19239 0.213965 -0.000808896 0.00282695 0.000822619 0.20055 0.188295 0.212262 0.197325 0.1956 0.2153
3081250 0.204595 0.182221 0.186672 0.0138149 0.0166316 0.0200963 0.202873 0.179879 0.184696 0.206642 0.185005 0.189022
3081250 0.18066 0.189882 0.200907 0.0 0.0 0.0 0.180624 0.18721 0.205044 0.180683 0.191892 0.198037
3081250 0.182901 0.182584 0.192611 0.0 0.0 0.0 0.186148 0.179757 0.193588 0.179253 0.185954 0.191516
3081250 0.187684 0.199496 0.184847 0.0 0.0 0.0 0.191137 0.199379 0.182623 0.183723 0.199826 0.187399
3081250 0.183909 0.185515 0.188982 0.0 0.0 0.0 0.189208 0.18521 0.186098 0.179253 0.185954 0.191516
3081250 0.18232 0.194649 0.197418 0.0 0.0 0.0 0.180683 0.191892 0.198037 0.184802 0.199065 0.196482
3081250 0.182988 0.184474 0.208343 0.0 0.0 0.0 0.180624 0.18721 0.205044 0.184864 0.182465 0.210965
3081250 0.185139 0.188368 0.204168 0.0 0.0 0.0 0.180624 0.18721 0.205044 0.188275 0.189324 0.203562
3081250 0.183697 0.189018 0.208145 0.0 0.0 0.0 0.180624 0.18721 0.205044 0.186297 0.190719 0.210773
3081250 0.193994 0.18264 0.183202 0.0 0.0 0.0 0.189208 0.18521 0.186098 0.196912 0.181219 0.181436
3081250 0.190455 0.179982 0.18349 0.0 0.0 0.0 0.189208 0.18521 0.186098 0.19139 0.176215 0.181532
3081250 0.199817 0.180474 0.183024 0.0 0.0 0.0 0.202873 0.179879 0.184696 0.196912 0.181219 0.181436
3081250 0.192553 0.179439 0.197095 0.0 0.0 0.0 0.192794 0.182282 0.195596 0.192298 0.176641 0.19867
3081250 0.190623 0.181953 0.198232 0.0 0.0 0.0 0.192794 0.182282 0.195596 0.187464 0.1817 0.202066
3081250 0.197542 0.18252 0.186815 0.0 0.0 0.0 0.195575 0.178469 0.188126 0.199484 0.186704 0.185522
3081250 0.190513 0.184607 0.195687 0.0 0.0 0.0 0.192794 0.182282 0.195596 0.187201 0.188206 0.195821
3081250 0.193966 0.184879 0.194448 0.0 0.0 0.0 0.192794 0.182282 0.195596 0.195669 0.18888 0.192781
3081250 0.186662 0.183782 0.194675 0.0 0.0 0.0 0.187201 0.188206 0.195821 0.186148 0.179757 0.193588
3081250 0.199467 0.179129 0.186297 0.0 0.0 0.0 0.195575 0.178469 0.188126 0.202873 0.179879 0.184696
3081250 0.186049 0.182025 0.20691 0.0 0.0 0.0 0.187464 0.1817 0.202066 0.184864 0.182465 0.210965
3081250 0.187753 0.181385 0.213312 0.0 0.0 0.0 0.191823 0.180083 0.216621 0.184864 0.182465 0.210965
3081250 0.188262 0.183683 0.209844 0.0 0.0 0.0 0.192043 0.185232 0.208598 0.184864 0.182465 0.210965
3081250 0.185558 0.186368 0.210871 0.0 0.0 0.0 0.186297 0.190719 0.210773 0.184864 0.182465 0.210965
3081250 0.192785 0.181038 0.207711 0.0 0.0 0.0 0.192043 0.185232 0.208598 0.193635 0.176421 0.206694
3081250 0.195698 0.184138 0.206738 0.0 0.0 0.0 0.192043 0.185232 0.208598 0.199402 0.183215 0.204854
3081250 0.197861 0.187108 0.205145 0.0 0.0 0.0 0.199402 0.183215 0.204854 0.196631 0.190377 0.205379
3081250 0.200044 0.18218 0.200294 0.0 0.0 0.0 0.200793 0.181168 0.194957 0.199402 0.183215 0.204854
3081250 0.201213 0.17947 0.203361 0.0 0.0 0.0 0.199402 0.183215 0.204854 0.202841 0.176275 0.20202
3081250 0.203363 0.182885 0.207007 0.0 0.0 0.0 0.206429 0.182792 0.208676 0.199402 0.183215 0.204854
3081250 0.20007 0.180949 0.208506 0.0 0.0 0.0 0.200796 0.17867 0.212489 0.199402 0.183215 0.204854
3081250 0.200559 0.186354 0.202206 0.0315354 0.0849708 -0.098736 0.199402 0.183215 0.204854 0.201788 0.189686 0.199395
3081250 0.196041 0.182758 0.218381 0.0 0.0 0.0 0.191823 0.180083 0.216621 0.198829 0.184679 0.219547
3081250 0.192403 0.185302 0.215882 0.0 0.0 0.0 0.191823 0.180083 0.216621 0.192798 0.188946 0.215391
3081250 0.19583 0.18671 0.217481 0.0 0.0 0.0 0.192798 0.188946 0.215391 0.198829 0.184679 0.219547
3081250 0.199678 0.181997 0.216504 0.0 0.0 0.0 0.200796 0.17867 0.212489 0.198829 0.184679 0.219547
3081250 0.201217 0.187538 0.219736 0.0 0.0 0.0 0.20397 0.191032 0.219957 0.198829 0.184679 0.219547
3081250 0.198269 0.186838 0.181484 0.0 0.0 0.0 0.199484 0.186704 0.185522 0.197204 0.187132 0.177846
3081250 0.190336 0.196896 0.185995 0.0 0.0 0.0 0.189406 0.194219 0.189899 0.191137 0.199379 0.182623
3081250 0.195167 0.185985 0.185763 0.0 0.0 0.0 0.199484 0.186704 0.185522 0.189208 0.18521 0.186098
3081250 0.188108 0.186762 0.191431 0.0 0.0 0.0 0.187201 0.188206 0.195821 0.189208 0.18521 0.186098
3081250 0.189321 0.190215 0.188248 0.0 0.0 0.0 0.189208 0.18521 0.186098 0.189406 0.194219 0.189899
3081250 0.198646 0.190481 0.185848 0.0 0.0 0.0 0.197621 0.195296 0.186248 0.199484 0.186704 0.185522
3081250 0.189969 0.191209 0.197626 0.0 0.0 0.0 0.187201 0.188206 0.195821 0.192865 0.19454 0.199516
3081250 0.188343 0.191226 0.192756 0.0 0.0 0.0 0.187201 0.188206 0.195821 0.189406 0.194219 0.189899
3081250 0.191037 0.194279 0.19443 0.0 0.0 0.0 0.192865 0.19454 0.199516 0.189406 0.194219 0.189899
3081250 0.193223 0.194628 0.188202 0.0 0.0 0.0 0.197621 0.195296 0.186248 0.189406 0.194219 0.189899
3081250 0.187308 0.196337 0.192899 0.0 0.0 0.0 0.189406 0.194219 0.189899 0.184802 0.199065 0.196482
3081250 0.190948 0.187007 0.19857 0.0 0.0 0.0 0.187201 0.188206 0.195821 0.193771 0.186264 0.200644
3081250 0.187815 0.188761 0.200292 0.0 0.0 0.0 0.187201 0.188206 0.195821 0.188275 0.189324 0.203562
3081250 0.194586 0.187295 0.197268 0.0 0.0 0.0 0.195669 0.18888 0.192781 0.193771 0.186264 0.200644
3081250 0.193392 0.189637 0.200171 0.0 0.0 0.0 0.192865 0.19454 0.199516 0.193771 0.186264 0.200644
3081250 0.190157 0.191378 0.201897 0.0 0.0 0.0 0.192865 0.19454 0.199516 0.188275 0.189324 0.203562
3081250 0.194533 0.199 0.188221 0.0 0.0 0.0 0.197621 0.195296 0.186248 0.191674 0.202602 0.190048
3081250 0.201208 0.184516 0.181761 0.0 0.0 0.0 0.199484 0.186704 0.185522 0.202577 0.182943 0.178788
3081250 0.201281 0.182993 0.185084 0.0 0.0 0.0 0.199484 0.186704 0.185522 0.202873 0.179879 0.184696
3081250 0.20171 0.193714 0.183771 0.0 0.0 0.0 0.197621 0.195296 0.186248 0.207436 0.191718 0.180301
3081250 0.201657 0.189345 0.188573 0.0 0.0 0.0 0.203793 0.192125 0.191576 0.199484 0.186704 0.185522
3081250 0.200028 0.19053 0.192134 0.0 0.0 0.0 0.203793 0.192125 0.191576 0.195669 0.18888 0.192781
3081250 0.197418 0.191972 0.199453 0.0 0.0 0.0 0.192865 0.19454 0.199516 0.201788 0.189686 0.199395
3081250 0.202165 0.197042 0.1875 0.0 0.0 0.0 0.197621 0.195296 0.186248 0.20524 0.198377 0.188348
3081250 0.200958 0.19432 0.197357 0.0 0.0 0.0 0.19998 0.199962 0.194966 0.201788 0.189686 0.199395
3081250 0.20218 0.19535 0.19301 0.0 0.0 0.0 0.203793 0.192125 0.191576 0.19998 0.199962 0.194966
3081250 0.20458 0.197616 0.196513 0.0 0.0 0.0 0.208674 0.195699 0.197891 0.19998 0.199962 0.194966
3081250 0.197031 0.195816 0.20231 0.0 0.0 0.0 0.192865 0.19454 0.199516 0.201724 0.197448 0.20546
3081250 0.200854 0.198613 0.200215 0.0 0.0 0.0 0.19998 0.199962 0.194966 0.201724 0.197448 0.20546
3081250 0.190976 0.187726 0.202125 0.0 0.0 0.0 0.188275 0.189324 0.203562 0.193771 0.186264 0.200644
3081250 0.193 0.185711 0.204196 0.0 0.0 0.0 0.192043 0.185232 0.208598 0.193771 0.186264 0.200644
3081250 0.195201 0.188228 0.203009 0.0 0.0 0.0 0.196631 0.190377 0.205379 0.193771 0.186264 0.200644
3081250 0.18993 0.187525 0.205774 0.0 0.0 0.0 0.192043 0.185232 0.208598 0.188275 0.189324 0.203562
3081250 0.18738 0.189861 0.206805 0.0 0.0 0.0 0.186297 0.190719 0.210773 0.188275 0.189324 0.203562
3081250 0.18974 0.189691 0.213219 0.0 0.0 0.0 0.186297 0.190719 0.210773 0.192798 0.188946 0.215391
3081250 0.194828 0.192857 0.206757 0.0 0.0 0.0 0.192393 0.19642 0.208618 0.196631 0.190377 0.205379
3081250 0.195001 0.192101 0.215345 0.0 0.0 0.0 0.192798 0.188946 0.215391 0.197325 0.1956 0.2153
3081250 0.186373 0.192831 0.214229 0.0 0.0 0.0 0.186297 0.190719 0.210773 0.186481 0.196119 0.219246
3081250 0.194655 0.190079 0.218223 -0.0393846 -0.0155646 -0.0438539 0.196477 0.19119 0.221001 0.192798 0.188946 0.215391
3081250 0.190398 0.191578 0.216851 0.0 0.0 0.0 0.192798 0.188946 0.215391 0.186481 0.196119 0.219246
3081250 0.196642 0.197047 0.21874 0.0 0.0 0.0 0.195804 0.199024 0.222958 0.197325 0.1956 0.2153
3081250 0.197208 0.187639 0.200108 0.0 0.0 0.0 0.201788 0.189686 0.199395 0.193771 0.186264 0.200644
3081250 0.196023 0.186573 0.210311 0.0 0.0 0.0 0.192043 0.185232 0.208598 0.20055 0.188295 0.212262
3081250 0.196105 0.18858 0.214053 0.0 0.0 0.0 0.20055 0.188295 0.212262 0.192798 0.188946 0.215391
3081250 0.200516 0.193315 0.217535 0.0 0.0 0.0 0.20397 0.191032 0.219957 0.197325 0.1956 0.2153
3081250 0.202717 0.181496 0.181578 9.66905e-05 0.000679353 -0.00103717 0.202873 0.179879 0.184696 0.202577 0.182943 0.178788
3081250 0.206272 0.179933 0.183804 0.0 0.0 0.0 0.211501 0.18002 0.182434 0.202873 0.179879 0.184696
3081250 0.20448 0.178675 0.192586 0.0 0.0 0.0 0.207588 0.17674 0.190587 0.200793 0.181168 0.194957
3081250 0.209761 0.182623 0.197746 0.0 0.0 0.0 0.212575 0.182341 0.194155 0.206958 0.183086 0.201324
3081250 0.207114 0.180798 0.189801 0.0 0.0 0.0 0.207588 0.17674 0.190587 0.206642 0.185005 0.189022
3081250 0.20964 0.183568 0.191615 0.0 0.0 0.0 0.212575 0.182341 0.194155 0.206642 0.185005 0.189022
3081250 0.201316 0.185544 0.197284 0.0 0.0 0.0 0.200793 0.181168 0.194957 0.201788 0.189686 0.199395
3081250 0.216404 0.181159 0.195105 0.0 0.0 0.0 0.222404 0.179541 0.196596 0.212575 0.182341 0.194155
3081250 0.204839 0.179488 0.201681 0.0 0.0 0.0 0.206958 0.183086 0.201324 0.202841 0.176275 0.20202
3081250 0.207871 0.179332 0.204274 0.0 0.0 0.0 0.208787 0.175745 0.207239 0.206958 0.183086 0.201324
3081250 0.207483 0.179552 0.208033 0.0 0.0 0.0 0.206429 0.182792 0.208676 0.208787 0.175745 0.207239
3081250 0.206053 0.179124 0.212909 0.0 0.0 0.0 0.209453 0.179569 0.213182 0.200796 0.17867 0.212489
3081250 0.210969 0.182021 0.211265 0.0 0.0 0.0 0.209453 0.179569 0.213182 0.212578 0.184811 0.209232
3081250 0.214029 0.181947 0.20117 0.0 0.0 0.0 0.213117 0.177995 0.200874 0.215277 0.18758 0.201576
3081250 0.207282 0.186396 0.204046 0.0 0.0 0.0 0.206958 0.183086 0.201324 0.207619 0.190043 0.206892
3081250 0.20403 0.184947 0.210139 0.0 0.0 0.0 0.206429 0.182792 0.208676 0.20055 0.188295 0.212262
3081250 0.200676 0.183321 0.212377 0.0 0.0 0.0 0.20055 0.188295 0.212262 0.200796 0.17867 0.212489
3081250 0.210454 0.186961 0.208229 0.0 0.0 0.0 0.212578 0.184811 0.209232 0.207619 0.190043 0.206892
3081250 0.209964 0.182106 0.21459 0.0 0.0 0.0 0.209453 0.179569 0.213182 0.210772 0.186359 0.216823
3081250 0.215716 0.178881 0.20389 0.0 0.0 0.0 0.218904 0.180172 0.207591 0.213117 0.177995 0.200874
3081250 0.213883 0.187847 0.20991 0.0 0.0 0.0 0.212578 0.184811 0.209232 0.216538 0.1943 0.211291
3081250 0.20799 0.182465 0.217864 0.0 0.0 0.0 0.205972 0.1798 0.21862 0.210772 0.186359 0.216823
3081250 0.206946 0.187472 0.185698 0.0 0.0 0.0 0.207436 0.191718 0.180301 0.206642 0.185005 0.189022
3081250 0.205124 0.191885 0.187458 0.0 0.0 0.0 0.203793 0.192125 0.191576 0.207436 0.191718 0.180301
3081250 0.205957 0.196116 0.185725 0.0 0.0 0.0 0.20524 0.198377 0.188348 0.207436 0.191718 0.180301
3081250 0.2124 0.18946 0.184841 0.0 0.0 0.0 0.215955 0.188 0.188096 0.207436 0.191718 0.180301
3081250 0.207253 0.190296 0.192965 0.0 0.0 0.0 0.209977 0.189018 0.19406 0.203793 0.192125 0.191576
3081250 0.205999 0.193648 0.194428 0.0 0.0 0.0 0.203793 0.192125 0.191576 0.208674 0.195699 0.197891
3081250 0.211084 0.196651 0.193414 0.0 0.0 0.0 0.208674 0.195699 0.197891 0.213747 0.197896 0.188463
3081250 0.208516 0.198101 0.188391 0.0 0.0 0.0 0.20524 0.198377 0.188348 0.213747 0.197896 0.188463
3081250 0.204794 0.189778 0.203259 0.0 0.0 0.0 0.201788 0.189686 0.199395 0.207619 0.190043 0.206892
3081250 0.20176 0.193166 0.202185 0.0 0.0 0.0 0.201724 0.197448 0.20546 0.201788 0.189686 0.199395
3081250 0.211904 0.188404 0.196791 0.0 0.0 0.0 0.209977 0.189018 0.19406 0.215277 0.18758 0.201576
3081250 0.211765 0.191809 0.199615 0.0 0.0 0.0 0.208674 0.195699 0.197891 0.215277 0.18758 0.201576
3081250 0.2054 0.196432 0.201457 0.0 0.0 0.0 0.208674 0.195699 0.197891 0.201724 0.197448 0.20546
3081250 0.212028 0.199481 0.196491 0.0 0.0 0.0 0.208674 0.195699 0.197891 0.214168 0.202045 0.195598
3081250 0.210947 0.186298 0.188593 0.0 0.0 0.0 0.215955 0.188 0.188096 0.206642 0.185005 0.189022
3081250 0.212293 0.188533 0.191749 0.0 0.0 0.0 0.209977 0.189018 0.19406 0.215955 0.188 0.188096
3081250 0.215398 0.19065 0.19211 0.0 0.0 0.0 0.215955 0.188 0.188096 0.215043 0.192485 0.194664
3081250 0.216161 0.194261 0.196865 0.0 0.0 0.0 0.217823 0.19713 0.20014 0.215043 0.192485 0.194664
3081250 0.213316 0.196334 0.199032 0.0 0.0 0.0 0.217823 0.19713 0.20014 0.208674 0.195699 0.197891
3081250 0.214893 0.192672 0.188272 0.0 0.0 0.0 0.215955 0.188 0.188096 0.213747 0.197896 0.188463
3081250 0.217852 0.200647 0.190986 0.0 0.0 0.0 0.213747 0.197896 0.188463 0.2218 0.203472 0.193414
3081250 0.203719 0.191834 0.212864 0.0 0.0 0.0 0.20055 0.188295 0.212262 0.206327 0.194914 0.213362
3081250 0.201108 0.192542 0.209037 0.0 0.0 0.0 0.20055 0.188295 0.212262 0.201724 0.197448 0.20546
3081250 0.209067 0.194596 0.205929 0.0 0.0 0.0 0.210123 0.19808 0.205226 0.207619 0.190043 0.206892
3081250 0.204368 0.195902 0.209996 0.0 0.0 0.0 0.206327 0.194914 0.213362 0.201724 0.197448 0.20546
3081250 0.208092 0.196054 0.216678 0.0 0.0 0.0 0.210572 0.197878 0.221345 0.206327 0.194914 0.213362
3081250 0.218531 0.183819 0.199302 0.0 0.0 0.0 0.222404 0.179541 0.196596 0.215277 0.18758 0.201576
3081250 0.211152 0.191637 0.208634 0.0 0.0 0.0 0.216538 0.1943 0.211291 0.207619 0.190043 0.206892
3081250 0.213213 0.189628 0.214481 0.0 0.0 0.0 0.210772 0.186359 0.216823 0.216538 0.1943 0.211291
3081250 0.213882 0.200179 0.200633 0.0 0.0 0.0 0.217823 0.19713 0.20014 0.211287 0.202336 0.200958
3081250 0.217291 0.195865 0.204764 0.0 0.0 0.0 0.217823 0.19713 0.20014 0.216538 0.1943 0.211291
3081250 0.219722 0.200065 0.19693 0.0 0.0 0.0 0.217823 0.19713 0.20014 0.2218 0.203472 0.193414
3081250 0.217905 0.201348 0.201879 0.0 0.0 0.0 0.217823 0.19713 0.20014 0.218 0.206517 0.203929
3081250 0.183165 0.206278 0.194053 -1.95866 -0.455216 -0.21351 0.18641 0.206803 0.193929 0.179396 0.205669 0.194196
3081250 0.182796 0.203164 0.210134 -1.32306 -0.587617 1.67386 0.186906 0.205776 0.205713 0.179988 0.201379 0.213155
3081250 0.181231 0.217792 0.198007 0.955051 0.76026 -0.299575 0.178373 0.216143 0.198601 0.18406 0.219424 0.197419
3081250 0.18391 0.217577 0.200172 -0.0309278 0.149591 -0.227211 0.183736 0.215433 0.20337 0.18406 0.219424 0.197419
3081250 0.190504 0.198276 0.189971 -0.121685 -0.900323 0.0674513 0.191674 0.202602 0.190048 0.189406 0.194219 0.189899
3081250 0.192789 0.199691 0.211814 0.165986 -1.87359 -1.67488 0.193189 0.202993 0.215041 0.192393 0.19642 0.208618
3081250 0.188365 0.207892 0.185652 -0.66806 -1.23636 -0.817071 0.18964 0.211448 0.188361 0.187428 0.205279 0.183662
3081250 0.188639 0.205024 0.192286 0.628557 -0.568853 -0.675809 0.18641 0.206803 0.193929 0.191674 0.202602 0.190048
3081250 0.194341 0.205831 0.191644 1.49763 1.29846 0.843738 0.191674 0.202602 0.190048 0.196788 0.208792 0.193107
3081250 0.187794 0.209394 0.195411 1.08903 1.91183 0.705869 0.18641 0.206803 0.193929 0.189737 0.213031 0.19749
3081250 0.19691 0.208988 0.19721 -0.039526 0.370098 1.84224 0.196788 0.208792 0.193107 0.197052 0.209217 0.201973
3081250 0.193335 0.211155 0.199695 -1.207 0.764134 -1.0634 0.197052 0.209217 0.201973 0.189737 0.213031 0.19749
3081250 0.191965 0.213876 0.185151 -2.80761 -2.4616 2.6569 0.194386 0.216403 0.18181 0.18964 0.211448 0.188361
3081250 0.197298 0.212754 0.192144 0.306442 1.22638 -0.46002 0.196788 0.208792 0.193107 0.19789 0.217355 0.191027
3081250 0.19081 0.214563 0.201713 -0.933892 -0.874834 -4.55569 0.191919 0.216146 0.206077 0.189737 0.213031 0.19749
3081250 0.195933 0.206316 0.213335 0.54135 0.505418 -0.388813 0.193189 0.202993 0.215041 0.19887 0.209872 0.21151
3081250 0.191497 0.207299 0.215313 -0.849483 2.75784 0.581389 0.193189 0.202993 0.215041 0.189406 0.212625 0.215651
3081250 0.198557 0.21351 0.200534 0.333372 0.606835 -0.237609 0.197052 0.209217 0.201973 0.199757 0.216932 0.199386
3081250 0.202925 0.212387 0.212863 1.40767 0.938385 0.779918 0.19887 0.209872 0.21151 0.206573 0.214649 0.21408
3081250 0.20125 0.207 0.2015 1.63215 -0.67749 0.0525063 0.197052 0.209217 0.201973 0.2048 0.205125 0.2011
3081250 0.201136 0.211233 0.203396 1.28535 0.389185 0.391743 0.197052 0.209217 0.201973 0.205138 0.213209 0.204791
3081250 0.190777 0.214546 0.210428 -0.566003 -0.700616 3.29318 0.191919 0.216146 0.206077 0.189406 0.212625 0.215651
3081250 0.200992 0.203609 0.219107 -0.930875 1.26338 1.52236 0.202733 0.200949 0.21685 0.19947 0.205936 0.221081
3081250 0.198929 0.217119 0.195678 0.193661 -0.134248 0.657271 0.19789 0.217355 0.191027 0.199757 0.216932 0.199386
3081250 0.210249 0.200065 0.185221 1.06664 -0.914164 0.899691 0.207995 0.201462 0.183132 0.213747 0.197896 0.188463
3081250 0.208402 0.199584 0.195195 -0.0763111 -2.10461 1.08455 0.208209 0.202323 0.193294 0.208674 0.195699 0.197891
3081250 0.214014 0.200527 0.192986 0.0248149 -0.311053 -0.408734 0.214168 0.202045 0.195598 0.213747 0.197896 0.188463
3081250 0.20452 0.197948 0.215115 0.739225 -1.85395 -0.828081 0.202733 0.200949 0.21685 0.206327 0.194914 0.213362
3081250 0.204889 0.201687 0.181827 -0.553959 0.0116284 -0.33863 0.207995 0.201462 0.183132 0.200496 0.202007 0.179982
3081250 0.20315 0.210672 0.182451 0.368998 -0.159079 1.29286 0.20127 0.211133 0.178425 0.205787 0.210026 0.188097
3081250 0.211827 0.209038 0.189431 -3.8291 0.804882 -1.50558 0.215386 0.208456 0.190217 0.205787 0.210026 0.188097
3081250 0.212971 0.204754 0.196213 -0.157078 0.544069 0.0675087 0.214168 0.202045 0.195598 0.211256 0.208636 0.197096
3081250 0.207367 0.205001 0.191487 -0.939323 1.74706 -1.32676 0.208209 0.202323 0.193294 0.205787 0.210026 0.188097
3081250 0.207913 0.206818 0.19917 -1.55531 -1.25511 1.11703 0.211256 0.208636 0.197096 0.2048 0.205125 0.2011
3081250 0.212773 0.21199 0.199385 -0.302296 -0.754338 -0.700187 0.214236 0.215223 0.201593 0.211256 0.208636 0.197096
3081250 0.212124 0.212471 0.195269 0.151149 0.374454 -0.160262 0.211256 0.208636 0.197096 0.212915 0.215967 0.193603
3081250 0.218097 0.206349 0.191569 3.72455 -2.30496 1.13125 0.215386 0.208456 0.190217 0.2218 0.203472 0.193414
3081250 0.210034 0.214463 0.216888 -1.59122 -0.00740822 -0.931226 0.213216 0.214292 0.219468 0.206573 0.214649 0.21408
3081250 0.208879 0.21505 0.206908 1.04628 0.671443 0.453624 0.205138 0.213209 0.204791 0.211459 0.216319 0.208368
3081250 0.206861 0.218447 0.211758 0.0932455 -1.28606 0.977483 0.20711 0.221727 0.209752 0.206573 0.214649 0.21408
3081250 0.212668 0.215842 0.205417 -0.383956 0.371826 1.44823 0.214236 0.215223 0.201593 0.211459 0.216319 0.208368
3081250 0.215607 0.209371 0.207868 0.42352 -0.416187 -0.471894 0.214262 0.210976 0.210083 0.218 0.206517 0.203929
3081250 0.212138 0.217067 0.189886 0.243594 -0.146983 1.16197 0.211421 0.218083 0.18645 0.212915 0.215967 0.193603
3081250 0.21496 0.217276 0.186868 -0.10652 0.0430073 -0.01284 0.22065 0.215979 0.187539 0.211421 0.218083 0.18645
3081250 0.214286 0.216652 0.209883 -1.38197 -0.0265462 -0.995657 0.218017 0.217091 0.211882 0.211459 0.216319 0.208368
3081250 0.19999 0.208432 0.186339 1.17391 0.438153 0.191403 0.196447 0.207458 0.185265 0.205787 0.210026 0.188097
3081250 0.204936 0.202597 0.214085 0.0825928 0.0405337 -0.0785516 0.202733 0.200949 0.21685 0.208086 0.204954 0.210132
3081250 0.19472 0.207643 0.181854 0.0168826 -0.00667222 0.0290322 0.192903 0.207838 0.178263 0.196447 0.207458 0.185265
3081250 0.212079 0.208848 0.2101 -0.200008 -0.179602 0.0430843 0.214262 0.210976 0.210083 0.208086 0.204954 0.210132
3081250 0.193373 0.20926 0.186663 -2.07387 1.01651 0.545558 0.196447 0.207458 0.185265 0.18964 0.211448 0.188361
3081250 0.184339 0.216218 0.191554 -1.21632 -1.52046 0.934921 0.186499 0.219741 0.1901 0.182316 0.212921 0.192914
3081250 0.198248 0.205033 0.182915 1.04261 -0.970914 -1.29348 0.196447 0.207458 0.185265 0.200496 0.202007 0.179982
3081250 0.207809 0.198224 0.182191 -0.121661 -0.730437 -0.316821 0.207995 0.201462 0.183132 0.207436 0.191718 0.180301
3081250 0.215415 0.209195 0.212272 0.901419 -0.871749 1.37201 0.214262 0.210976 0.210083 0.217695 0.205672 0.216601
3081250 0.184907 0.211865 0.204236 0.227552 -0.965981 0.376238 0.183736 0.215433 0.20337 0.186906 0.205776 0.205713
3081250 0.183202 0.216129 0.210182 0.333225 0.342387 0.0389947 0.181 0.213066 0.210086 0.185293 0.219039 0.210274
3081250 0.188134 0.217798 0.208474 -0.13716 0.0740905 0.123205 0.191919 0.216146 0.206077 0.185293 0.219039 0.210274
3081250 0.197656 0.200028 0.203216 0.37749 -0.297627 0.153498 0.195315 0.201513 0.201925 0.201724 0.197448 0.20546
3081250 0.185806 0.212973 0.195067 -1.91707 -0.174409 -0.833874 0.189737 0.213031 0.19749 0.182316 0.212921 0.192914
3081250 0.181269 0.204889 0.202441 0.11043 0.0187652 0.0903864 0.178654 0.204477 0.200924 0.186906 0.205776 0.205713
3081250 0.216026 0.215972 0.191164 -0.162724 0.0329435 0.136761 0.22065 0.215979 0.187539 0.212915 0.215967 0.193603
3081250 0.210365 0.2006 0.191414 0.149335 -0.165698 -0.183683 0.208209 0.202323 0.193294 0.213747 0.197896 0.188463
3081250 0.183153 0.210408 0.208492 -0.0610912 0.104206 0.0453752 0.186906 0.205776 0.205713 0.181 0.213066 0.210086
3081250 0.203208 0.207557 0.210861 2.95969 -1.02387 -0.323085 0.19887 0.209872 0.21151 0.208086 0.204954 0.210132
3081250 0.199378 0.211946 0.215987 0.0486174 0.477091 1.583 0.19887 0.209872 0.21151 0.199847 0.213863 0.220123
3081250 0.204829 0.201111 0.20774 -0.778732 -0.704702 -0.64604 0.208086 0.204954 0.210132 0.201724 0.197448 0.20546
3081250 0.181734 0.202813 0.195185 0.632246 -0.665265 0.392507 0.179396 0.205669 0.194196 0.184802 0.199065 0.196482
3081250 0.212703 0.205299 0.21324 2.69565 -0.297889 1.68907 0.208086 0.204954 0.210132 0.217695 0.205672 0.216601
3081250 0.191377 0.200821 0.185946 0.380863 -1.75829 -3.8016 0.191674 0.202602 0.190048 0.191137 0.199379 0.182623
3081250 0.194501 0.201001 0.219014 1.08702 -0.879701 2.30661 0.193189 0.202993 0.215041 0.195804 0.199024 0.222958
3081250 0.189688 0.212242 0.19294 0.267639 0.737587 2.39807 0.18964 0.211448 0.188361 0.189737 0.213031 0.19749
3081250 0.204144 0.210771 0.194096 -0.0166335 0.0262533 0.126438 0.205787 0.210026 0.188097 0.203281 0.211163 0.197244
3081250 0.20618 0.205053 0.204891 -0.171996 0.0781901 -0.418504 0.208086 0.204954 0.210132 0.2048 0.205125 0.2011
3081250 0.197944 0.209538 0.206649 -0.902145 0.134178 -2.90304 0.19887 0.209872 0.21151 0.197052 0.209217 0.201973
3081250 0.204371 0.215234 0.184918 -0.481601 3.13094 -1.37492 0.205787 0.210026 0.188097 0.203585 0.218126 0.183152
3081250 0.192786 0.20777 0.203546 0.729685 0.37332 -0.364266 0.186906 0.205776 0.205713 0.197052 0.209217 0.201973
3081250 0.191961 0.203819 0.194352 0.544842 0.567709 2.41025 0.191674 0.202602 0.190048 0.192169 0.204703 0.197478
3081250 0.193792 0.203058 0.199771 0.40075 -0.295718 0.62947 0.192169 0.204703 0.197478 0.195315 0.201513 0.201925
3081250 0.190426 0.205058 0.200205 -0.640988 0.095956 1.44627 0.192169 0.204703 0.197478 0.186906 0.205776 0.205713
3081250 0.206598 0.199897 0.185777 -0.286322 -0.313493 0.389166 0.207995 0.201462 0.183132 0.20524 0.198377 0.188348
3081250 0.213487 0.208539 0.19338 -0.996568 0.335417 1.56389 0.215386 0.208456 0.190217 0.211256 0.208636 0.197096
3081250 0.217142 0.20997 0.193088 -0.694376 -0.599499 -0.825346 0.21901 0.21158 0.19614 0.215386 0.208456 0.190217
3081250 0.213692 0.203834 0.202023 -0.686805 -0.315758 -0.382315 0.218 0.206517 0.203929 0.211287 0.202336 0.200958
3081250 0.218321 0.215858 0.202207 1.29536 0.00602202 0.118631 0.214236 0.215223 0.201593 0.224745 0.216856 0.203172
3081250 0.200353 0.20928 0.191122 1.20585 0.333542 -0.884387 0.196788 0.208792 0.193107 0.205787 0.210026 0.188097
3081250 0.19415 0.206534 0.199301 0.609434 0.830592 0.697218 0.192169 0.204703 0.197478 0.197052 0.209217 0.201973
3081250 0.194896 0.203142 0.210734 0.105183 0.0345275 -0.46213 0.193189 0.202993 0.215041 0.19605 0.203243 0.207823
3081250 0.195678 0.202367 0.204838 -0.0500868 -0.0768557 -0.589081 0.19605 0.203243 0.207823 0.195315 0.201513 0.201925
3081250 0.197142 0.205809 0.20925 -0.282502 -0.44076 -0.236651 0.19887 0.209872 0.21151 0.19605 0.203243 0.207823
3081250 0.208506 0.203531 0.201019 -0.326966 0.167907 0.060616 0.211287 0.202336 0.200958 0.2048 0.205125 0.2011
3081250 0.218586 0.209454 0.199411 -0.12822 -0.719893 0.795115 0.21901 0.21158 0.19614 0.218 0.206517 0.203929
3081250 0.213557 0.215606 0.197487 -0.0068092 0.123995 -1.05098 0.214236 0.215223 0.201593 0.212915 0.215967 0.193603
3081250 0.185749 0.212231 0.19078 -2.08355 0.644663 1.77359 0.18964 0.211448 0.188361 0.182316 0.212921 0.192914
3081250 0.2129 0.213573 0.20925 -0.613174 1.8455 -0.500911 0.214262 0.210976 0.210083 0.211459 0.216319 0.208368
3081250 0.187749 0.208728 0.191621 0.570985 0.771176 -1.29993 0.18641 0.206803 0.193929 0.18964 0.211448 0.188361
3081250 0.185773 0.203737 0.194941 -0.393032 -1.94203 0.307212 0.18641 0.206803 0.193929 0.184802 0.199065 0.196482
3081250 0.217031 0.20258 0.194779 0.0344633 0.00401817 -0.0154571 0.214168 0.202045 0.195598 0.2218 0.203472 0.193414
3081250 0.198154 0.201094 0.206947 0.279471 -0.232444 -0.15795 0.19605 0.203243 0.207823 0.201724 0.197448 0.20546
3081250 0.194479 0.211149 0.213431 -3.06882 1.20589 1.94882 0.19887 0.209872 0.21151 0.189406 0.212625 0.215651
3081250 0.203963 0.208452 0.198975 0.042406 -0.10462 0.0885976 0.203281 0.211163 0.197244 0.2048 0.205125 0.2011
3081250 0.206112 0.21712 0.202419 -0.0498078 -0.111111 0.0801193 0.20706 0.220929 0.200111 0.205138 0.213209 0.204791
3081250 0.180274 0.208044 0.197058 -0.0 0.0 -0.0 0.180979 0.20995 0.199354 0.179396 0.205669 0.194196
3081250 0.182863 0.208623 0.201375 0.00117368 -0.000651747 0.00155949 0.180979 0.20995 0.199354 0.186906 0.205776 0.205713
3081250 0.199018 0.214737 0.212469 0.000127728 0.00208465 0.000763617 0.19887 0.209872 0.21151 0.199128 0.218381 0.213188
3081250 0.200741 0.210314 0.199173 0.0 0.0 0.0 0.197052 0.209217 0.201973 0.203281 0.211163 0.197244
3081250 0.187553 0.201072 0.188674 0.0 0.0 0.0 0.191674 0.202602 0.190048 0.183723 0.199826 0.187399
3081250 0.18241 0.200819 0.20506 0.0 0.0 0.0 0.186906 0.205776 0.205713 0.17885 0.197058 0.204545
3081250 0.181553 0.21113 0.196598 0.0 0.0 0.0 0.180979 0.20995 0.199354 0.182316 0.212921 0.192914
3081250 0.182202 0.212288 0.201132 0.0 0.0 0.0 0.180979 0.20995 0.199354 0.183736 0.215433 0.20337
3081250 0.183281 0.216424 0.195403 0.0 0.0 0.0 0.18406 0.219424 0.197419 0.182316 0.212921 0.192914
3081250 0.184589 0.209435 0.193477 0.0 0.0 0.0 0.18641 0.206803 0.193929 0.182316 0.212921 0.192914
3081250 0.182354 0.214146 0.206763 0.0 0.0 0.0 0.183736 0.215433 0.20337 0.181 0.213066 0.210086
3081250 0.180869 0.215722 0.200819 0.0 0.0 0.0 0.183736 0.215433 0.20337 0.178373 0.216143 0.198601
3081250 0.180981 0.202339 0.199243 0.0 0.0 0.0 0.178654 0.204477 0.200924 0.184802 0.199065 0.196482
3081250 0.186466 0.214249 0.200695 0.0 0.0 0.0 0.183736 0.215433 0.20337 0.189737 0.213031 0.19749
3081250 0.184338 0.212799 0.212295 0.0 0.0 0.0 0.181 0.213066 0.210086 0.189406 0.212625 0.215651
3081250 0.187391 0.21566 0.204579 0.0 0.0 0.0 0.183736 0.215433 0.20337 0.191919 0.216146 0.206077
3081250 0.184543 0.21721 0.206946 0.0 0.0 0.0 0.183736 0.215433 0.20337 0.185293 0.219039 0.210274
3081250 0.186435 0.216659 0.197448 0.0 0.0 0.0 0.189737 0.213031 0.19749 0.18406 0.219424 0.197419
3081250 0.188432 0.200841 0.193084 0.0 0.0 0.0 0.191674 0.202602 0.190048 0.184802 0.199065 0.196482
3081250 0.189271 0.202392 0.197085 0.0 0.0 0.0 0.192169 0.204703 0.197478 0.184802 0.199065 0.196482
3081250 0.195473 0.201303 0.192296 0.0 0.0 0.0 0.191674 0.202602 0.190048 0.19998 0.199962 0.194966
3081250 0.195136 0.202812 0.196524 0.0 0.0 0.0 0.192169 0.204703 0.197478 0.19998 0.199962 0.194966
3081250 0.19818 0.204852 0.193916 0.0 0.0 0.0 0.196788 0.208792 0.193107 0.19998 0.199962 0.194966
3081250 0.185713 0.201877 0.200475 0.0 0.0 0.0 0.186906 0.205776 0.205713 0.184802 0.199065 0.196482
3081250 0.197019 0.200855 0.199385 0.0 0.0 0.0 0.195315 0.201513 0.201925 0.19998 0.199962 0.194966
3081250 0.205037 0.201321 0.193938 0.0 0.0 0.0 0.208209 0.202323 0.193294 0.19998 0.199962 0.194966
3081250 0.195474 0.198817 0.215183 0.0 0.0 0.0 0.193189 0.202993 0.215041 0.197325 0.1956 0.2153
3081250 0.194567 0.200384 0.208145 0.0 0.0 0.0 0.19605 0.203243 0.207823 0.192393 0.19642 0.208618
3081250 0.194148 0.199385 0.2046 0.0 0.0 0.0 0.195315 0.201513 0.201925 0.192393 0.19642 0.208618
3081250 0.190138 0.200174 0.207423 0.0 0.0 0.0 0.186906 0.205776 0.205713 0.192393 0.19642 0.208618
3081250 0.199978 0.198132 0.21606 0.0 0.0 0.0 0.202733 0.200949 0.21685 0.197325 0.1956 0.2153
3081250 0.190223 0.199862 0.2169 0.0 0.0 0.0 0.193189 0.202993 0.215041 0.186481 0.196119 0.219246
3081250 0.199555 0.199974 0.219652 0.0 0.0 0.0 0.202733 0.200949 0.21685 0.195804 0.199024 0.222958
3081250 0.189266 0.20403 0.186423 0.0 0.0 0.0 0.191674 0.202602 0.190048 0.187428 0.205279 0.183662
3081250 0.19425 0.20513 0.187468 0.0 0.0 0.0 0.191674 0.202602 0.190048 0.196447 0.207458 0.185265
3081250 0.190677 0.206853 0.189219 0.0 0.0 0.0 0.191674 0.202602 0.190048 0.18964 0.211448 0.188361
3081250 0.196612 0.20801 0.189046 0.0 0.0 0.0 0.196788 0.208792 0.193107 0.196447 0.207458 0.185265
3081250 0.189306 0.205656 0.195712 0.0 0.0 0.0 0.18641 0.206803 0.193929 0.192169 0.204703 0.197478
3081250 0.194212 0.206419 0.195545 0.0 0.0 0.0 0.192169 0.204703 0.197478 0.196788 0.208792 0.193107
3081250 0.191165 0.208055 0.197483 0.0 0.0 0.0 0.192169 0.204703 0.197478 0.189737 0.213031 0.19749
3081250 0.193435 0.209947 0.190879 0.0 0.0 0.0 0.196788 0.208792 0.193107 0.18964 0.211448 0.188361
3081250 0.193469 0.210696 0.19517 0.0 0.0 0.0 0.196788 0.208792 0.193107 0.189737 0.213031 0.19749
3081250 0.18857 0.209946 0.200882 0.0 0.0 0.0 0.186906 0.205776 0.205713 0.189737 0.213031 0.19749
3081250 0.195538 0.211318 0.183738 0.0 0.0 0.0 0.194386 0.216403 0.18181 0.196447 0.207458 0.185265
3081250 0.193713 0.214272 0.189676 0.0 0.0 0.0 0.19789 0.217355 0.191027 0.18964 0.211448 0.188361
3081250 0.188024 0.215626 0.189255 0.0 0.0 0.0 0.186499 0.219741 0.1901 0.18964 0.211448 0.188361
3081250 0.188076 0.216383 0.193697 0.0 0.0 0.0 0.186499 0.219741 0.1901 0.189737 0.213031 0.19749
3081250 0.190743 0.217456 0.197427 0.0 0.0 0.0 0.189737 0.213031 0.19749 0.191838 0.222469 0.19736
3081250 0.198673 0.209063 0.182108 0.0 0.0 0.0 0.20127 0.211133 0.178425 0.196447 0.207458 0.185265
3081250 0.200397 0.210017 0.195405 0.0 0.0 0.0 0.196788 0.208792 0.193107 0.203281 0.211163 0.197244
3081250 0.190592 0.204052 0.211184 0.0 0.0 0.0 0.193189 0.202993 0.215041 0.186906 0.205776 0.205713
3081250 0.193101 0.203969 0.207142 0.0 0.0 0.0 0.19605 0.203243 0.207823 0.186906 0.205776 0.205713
3081250 0.196448 0.205519 0.205504 0.0 0.0 0.0 0.19605 0.203243 0.207823 0.197052 0.209217 0.201973
3081250 0.192647 0.202774 0.203127 0.0 0.0 0.0 0.186906 0.205776 0.205713 0.195315 0.201513 0.201925
3081250 0.195995 0.20443 0.201944 0.0 0.0 0.0 0.197052 0.209217 0.201973 0.195315 0.201513 0.201925
3081250 0.196809 0.204597 0.21852 0.0 0.0 0.0 0.193189 0.202993 0.215041 0.19947 0.205936 0.221081
3081250 0.188242 0.209344 0.211022 0.0 0.0 0.0 0.186906 0.205776 0.205713 0.189406 0.212625 0.215651
3081250 0.189811 0.211693 0.205923 0.0 0.0 0.0 0.191919 0.216146 0.206077 0.186906 0.205776 0.205713
3081250 0.195329 0.212978 0.208741 0.0 0.0 0.0 0.19887 0.209872 0.21151 0.191919 0.216146 0.206077
3081250 0.194487 0.212589 0.204024 0.0 0.0 0.0 0.191919 0.216146 0.206077 0.197052 0.209217 0.201973
3081250 0.202097 0.211499 0.208051 0.0 0.0 0.0 0.19887 0.209872 0.21151 0.205138 0.213209 0.204791
3081250 0.198373 0.201791 0.216022 0.0 0.0 0.0 0.193189 0.202993 0.215041 0.202733 0.200949 0.21685
3081250 0.195209 0.213222 0.218135 0.0 0.0 0.0 0.199847 0.213863 0.220123 0.189406 0.212625 0.215651
3081250 0.199451 0.216267 0.216292 0.0 0.0 0.0 0.199847 0.213863 0.220123 0.199128 0.218381 0.213188
3081250 0.186876 0.21648 0.212342 0.0 0.0 0.0 0.189406 0.212625 0.215651 0.185293 0.219039 0.210274
3081250 0.190992 0.217885 0.214022 0.0 0.0 0.0 0.189406 0.212625 0.215651 0.192106 0.221743 0.212876
3081250 0.193052 0.217492 0.218151 0.0 0.0 0.0 0.195353 0.220714 0.219732 0.189406 0.212625 0.215651
3081250 0.203256 0.21417 0.21706 0.0 0.0 0.0 0.199847 0.213863 0.220123 0.206573 0.214649 0.21408
3081250 0.196151 0.216791 0.18645 0.0 0.0 0.0 0.194386 0.216403 0.18181 0.19789 0.217355 0.191027
3081250 0.199738 0.217314 0.18259 0.0 0.0 0.0 0.194386 0.216403 0.18181 0.203585 0.218126 0.183152
3081250 0.201648 0.213837 0.198237 -0.0851563 0.110181 0.0635526 0.203281 0.211163 0.197244 0.199757 0.216932 0.199386
3081250 0.201306 0.214095 0.189759 0.0 0.0 0.0 0.19789 0.217355 0.191027 0.205787 0.210026 0.188097
3081250 0.202172 0.215171 0.201809 0.0 0.0 0.0 0.205138 0.213209 0.204791 0.199757 0.216932 0.199386
3081250 0.201184 0.217709 0.186472 0.0 0.0 0.0 0.19789 0.217355 0.191027 0.203585 0.218126 0.183152
3081250 0.202512 0.216594 0.213592 0.0 0.0 0.0 0.206573 0.214649 0.21408 0.199128 0.218381 0.213188
3081250 0.206712 0.200241 0.190798 0.0 0.0 0.0 0.208209 0.202323 0.193294 0.20524 0.198377 0.188348
3081250 0.207056 0.198981 0.212023 0.0 0.0 0.0 0.208086 0.204954 0.210132 0.206327 0.194914 0.213362
3081250 0.20597 0.199589 0.218705 0.0 0.0 0.0 0.202733 0.200949 0.21685 0.210572 0.197878 0.221345
3081250 0.207223 0.20437 0.18487 0.0 0.0 0.0 0.207995 0.201462 0.183132 0.205787 0.210026 0.188097
3081250 0.211198 0.207416 0.184817 0.0 0.0 0.0 0.205787 0.210026 0.188097 0.215181 0.205654 0.182403
3081250 0.207189 0.207932 0.182241 0.0 0.0 0.0 0.205787 0.210026 0.188097 0.207963 0.206916 0.179003
3081250 0.202572 0.214973 0.181082 0.0 0.0 0.0 0.20127 0.211133 0.178425 0.203585 0.218126 0.183152
3081250 0.211337 0.202086 0.194502 0.0 0.0 0.0 0.208209 0.202323 0.193294 0.214168 0.202045 0.195598
3081250 0.209536 0.204978 0.194948 0.0 0.0 0.0 0.208209 0.202323 0.193294 0.211256 0.208636 0.197096
3081250 0.20902 0.209113 0.193414 0.0 0.0 0.0 0.205787 0.210026 0.188097 0.211256 0.208636 0.197096
3081250 0.206722 0.209981 0.197179 0.0 0.0 0.0 0.203281 0.211163 0.197244 0.211256 0.208636 0.197096
3081250 0.212729 0.202099 0.198277 0.0 0.0 0.0 0.214168 0.202045 0.195598 0.211287 0.202336 0.200958
3081250 0.211275 0.204835 0.19937 0.0 0.0 0.0 0.211256 0.208636 0.197096 0.211287 0.202336 0.200958
3081250 0.204049 0.211916 0.200359 0.0 0.0 0.0 0.205138 0.213209 0.204791 0.203281 0.211163 0.197244
3081250 0.214194 0.211991 0.191851 0.0 0.0 0.0 0.215386 0.208456 0.190217 0.212915 0.215967 0.193603
3081250 0.210158 0.213577 0.191471 0.0 0.0 0.0 0.205787 0.210026 0.188097 0.212915 0.215967 0.193603
3081250 0.209346 0.215023 0.187056 0.0 0.0 0.0 0.205787 0.210026 0.188097 0.211421 0.218083 0.18645
3081250 0.20606 0.215925 0.190326 0.0 0.0 0.0 0.205787 0.210026 0.188097 0.20623 0.219787 0.191731
3081250 0.215327 0.21009 0.196593 0.0 0.0 0.0 0.21901 0.21158 0.19614 0.211256 0.208636 0.197096
3081250 0.214253 0.207603 0.200131 0.0 0.0 0.0 0.218 0.206517 0.203929 0.211256 0.208636 0.197096
3081250 0.210162 0.203166 0.204185 0.0 0.0 0.0 0.208086 0.204954 0.210132 0.211287 0.202336 0.200958
3081250 0.206483 0.209353 0.207226 0.0 0.0 0.0 0.208086 0.204954 0.210132 0.205138 0.213209 0.204791
3081250 0.207246 0.210249 0.212325 0.0 0.0 0.0 0.208086 0.204954 0.210132 0.206573 0.214649 0.21408
3081250 0.204958 0.208778 0.202809 0.0 0.0 0.0 0.205138 0.213209 0.204791 0.2048 0.205125 0.2011
3081250 0.205873 0.213855 0.209544 0.0 0.0 0.0 0.206573 0.214649 0.21408 0.205138 0.213209 0.204791
3081250 0.209943 0.214181 0.203101 0.0 0.0 0.0 0.214236 0.215223 0.201593 0.205138 0.213209 0.204791
3081250 0.207724 0.206299 0.215509 0.0 0.0 0.0 0.208086 0.204954 0.210132 0.207413 0.207618 0.220106
3081250 0.20698 0.211159 0.216993 0.0 0.0 0.0 0.206573 0.214649 0.21408 0.207413 0.207618 0.220106
3081250 0.210802 0.217862 0.200883 0.0 0.0 0.0 0.214236 0.215223 0.201593 0.20706 0.220929 0.200111
3081250 0.20941 0.215527 0.210764 0.0 0.0 0.0 0.206573 0.214649 0.21408 0.211459 0.216319 0.208368
3081250 0.205028 0.218281 0.217249 0.0 0.0 0.0 0.206573 0.214649 0.21408 0.203521 0.221999 0.220337
3081250 0.216699 0.213253 0.19878 0.0 0.0 0.0 0.214236 0.215223 0.201593 0.21901 0.21158 0.19614
3081250 0.213114 0.205655 0.206986 0.0 0.0 0.0 0.208086 0.204954 0.210132 0.218 0.206517 0.203929
3081250 0.215875 0.211341 0.202609 0.0 0.0 0.0 0.214236 0.215223 0.201593 0.218 0.206517 0.203929
3081250 0.21583 0.213437 0.210834 0.0 0.0 0.0 0.214262 0.210976 0.210083 0.218017 0.217091 0.211882
3081250 0.20484 0.203858 0.218315 0.0 0.0 0.0 0.202733 0.200949 0.21685 0.207413 0.207618 0.220106
3081250 0.207407 0.218014 0.18476 0.0 0.0 0.0 0.211421 0.218083 0.18645 0.203585 0.218126 0.183152
3081250 0.209569 0.217788 0.192665 0.0 0.0 0.0 0.20623 0.219787 0.191731 0.212915 0.215967 0.193603
3081250 0.215974 0.213674 0.194875 0.0 0.0 0.0 0.21901 0.21158 0.19614 0.212915 0.215967 0.193603
3081250 0.216792 0.218406 0.19459 0.0 0.0 0.0 0.219994 0.220588 0.195407 0.212915 0.215967 0.193603
