# ts x y z Fx Fy Fz x1 y1 z1 x2 y2 z2
156250 0.18177 0.196151 0.193836 0.491331 0.351469 0.344983 0.179988 0.194358 0.192146 0.184709 0.199107 0.196623
156250 0.182206 0.194845 0.19747 1.74017 2.29559 -0.178912 0.180557 0.192038 0.198027 0.184709 0.199107 0.196623
156250 0.184024 0.199522 0.191673 -0.228719 0.283361 -1.1767 0.184709 0.199107 0.196623 0.183455 0.199866 0.187563
156250 0.183307 0.187284 0.193815 -0.201401 -0.0299278 -0.130105 0.187146 0.188446 0.195869 0.179209 0.186045 0.191623
156250 0.185742 0.193095 0.187856 1.57855 0.241533 0.756922 0.182424 0.191976 0.186058 0.189284 0.194289 0.189776
156250 0.183344 0.190519 0.197114 -1.71254 0.932618 0.237911 0.187146 0.188446 0.195869 0.180557 0.192038 0.198027
156250 0.188924 0.196827 0.198104 -1.16111 0.427457 -0.278928 0.192887 0.194684 0.199497 0.184709 0.199107 0.196623
156250 0.186356 0.197091 0.188664 -3.0008 2.39821 -0.522374 0.189284 0.194289 0.189776 0.183455 0.199866 0.187563
156250 0.183579 0.189213 0.208193 2.57387 0.973888 2.12604 0.180456 0.187247 0.205191 0.186224 0.190878 0.210736
156250 0.194425 0.179038 0.181506 1.50084 1.00564 -0.173343 0.19135 0.176307 0.18156 0.196922 0.181255 0.181461
156250 0.19805 0.183818 0.183283 -0.553073 -1.3436 -1.31152 0.19939 0.186862 0.185446 0.196922 0.181255 0.181461
156250 0.199829 0.180636 0.182985 -0.519602 0.0708821 -0.373763 0.202888 0.179984 0.184589 0.196922 0.181255 0.181461
156250 0.192804 0.1815 0.187259 -3.26946 2.73123 -1.51736 0.195472 0.178649 0.188197 0.189168 0.185388 0.185981
156250 0.186598 0.184133 0.194686 -0.0512198 -3.4683 -1.40116 0.187146 0.188446 0.195869 0.186078 0.180035 0.193563
156250 0.197786 0.179847 0.191254 1.6653 0.69342 1.57329 0.195472 0.178649 0.188197 0.200664 0.181337 0.195054
156250 0.196622 0.180252 0.205792 -3.18512 -3.13122 1.54944 0.199342 0.183429 0.20495 0.193542 0.176654 0.206745
156250 0.197758 0.18738 0.205237 -0.440399 1.36469 0.306316 0.199342 0.183429 0.20495 0.196495 0.19053 0.205465
156250 0.203196 0.183334 0.203123 2.09748 -0.163527 -0.631954 0.199342 0.183429 0.20495 0.206876 0.183243 0.201379
156250 0.200474 0.186522 0.202239 0.849658 1.5946 -1.17306 0.199342 0.183429 0.20495 0.201677 0.189806 0.199361
156250 0.199841 0.185819 0.208449 -0.633017 -1.34235 -2.65277 0.200402 0.188501 0.212376 0.199342 0.183429 0.20495
156250 0.195906 0.183052 0.218517 1.12204 0.503175 0.407976 0.191718 0.180256 0.216777 0.198677 0.184901 0.219667
156250 0.196499 0.179566 0.214529 -1.50203 -0.0469567 0.73563 0.200672 0.178964 0.212567 0.191718 0.180256 0.216777
156250 0.197693 0.194808 0.181363 -0.029073 0.0653167 0.236788 0.197821 0.194384 0.17814 0.197503 0.19544 0.186163
156250 0.189234 0.190424 0.188128 0.810467 4.44894 2.17214 0.189168 0.185388 0.185981 0.189284 0.194289 0.189776
156250 0.197613 0.187877 0.188845 -0.876002 0.22276 1.30864 0.19939 0.186862 0.185446 0.195589 0.189032 0.192714
156250 0.188252 0.191469 0.192716 0.600791 0.968577 -1.29449 0.187146 0.188446 0.195869 0.189284 0.194289 0.189776
156250 0.189951 0.191494 0.197641 2.28636 1.99231 0.885604 0.187146 0.188446 0.195869 0.192887 0.194684 0.199497
156250 0.192323 0.191756 0.191192 -2.65458 2.84621 -1.89336 0.195589 0.189032 0.192714 0.189284 0.194289 0.189776
156250 0.196513 0.192124 0.189553 -0.710677 -1.27089 1.38264 0.197503 0.19544 0.186163 0.195589 0.189032 0.192714
156250 0.194267 0.191797 0.196033 0.619777 -2.79051 -3.44486 0.192887 0.194684 0.199497 0.195589 0.189032 0.192714
156250 0.194984 0.19227 0.202965 0.263057 -0.211355 0.45928 0.192887 0.194684 0.199497 0.196495 0.19053 0.205465
156250 0.192598 0.195646 0.204104 -0.605229 0.800464 2.81787 0.192887 0.194684 0.199497 0.192316 0.196583 0.208589
156250 0.196188 0.197253 0.197318 0.286181 0.176249 -0.125364 0.192887 0.194684 0.199497 0.199911 0.200151 0.194859
156250 0.194323 0.198924 0.200978 0.932518 3.85161 1.94041 0.192887 0.194684 0.199497 0.195253 0.201673 0.201939
156250 0.197999 0.185378 0.193826 -4.60623 5.05954 -1.40029 0.200664 0.181337 0.195054 0.195589 0.189032 0.192714
156250 0.20232 0.188725 0.183526 1.1425 0.514013 -0.869223 0.19939 0.186862 0.185446 0.20733 0.191913 0.180242
156250 0.202865 0.186026 0.187169 0.306915 -0.0383279 0.105478 0.19939 0.186862 0.185446 0.206526 0.185146 0.188984
156250 0.198629 0.189419 0.196034 0.922758 0.16977 0.746201 0.195589 0.189032 0.192714 0.201677 0.189806 0.199361
156250 0.200897 0.193673 0.189136 0.0603231 -0.0182807 0.056455 0.197503 0.19544 0.186163 0.20363 0.19225 0.191531
156250 0.199014 0.19885 0.183072 0.666979 1.24297 -1.57761 0.197503 0.19544 0.186163 0.200503 0.202212 0.180024
156250 0.189072 0.193545 0.209733 4.18419 5.32157 -1.33462 0.186224 0.190878 0.210736 0.192316 0.196583 0.208589
156250 0.196667 0.193402 0.218569 -0.00561068 0.867461 -1.68278 0.196498 0.191352 0.221403 0.196848 0.195599 0.215531
156250 0.196643 0.197034 0.207125 -3.3693 0.117195 0.818669 0.201653 0.197556 0.205431 0.192316 0.196583 0.208589
156250 0.19841 0.19248 0.214144 -1.64167 2.39454 0.854516 0.200402 0.188501 0.212376 0.196848 0.195599 0.215531
156250 0.199408 0.186427 0.216576 -0.717384 -0.730929 1.83997 0.200402 0.188501 0.212376 0.198677 0.184901 0.219667
156250 0.203221 0.199114 0.190825 -0.19563 0.0207849 0.283292 0.205261 0.198474 0.188337 0.199911 0.200151 0.194859
156250 0.202609 0.203063 0.198402 0.0279704 0.0467127 0.0533805 0.199911 0.200151 0.194859 0.204655 0.205271 0.201089
156250 0.20455 0.182342 0.186597 0.492646 0.534484 0.392277 0.202888 0.179984 0.184589 0.206526 0.185146 0.188984
156250 0.209973 0.17982 0.192467 1.43589 2.2861 1.10983 0.207464 0.176973 0.19064 0.21241 0.182586 0.194241
156250 0.204352 0.178969 0.19266 -2.15578 1.61418 1.00004 0.207464 0.176973 0.19064 0.200664 0.181337 0.195054
156250 0.212683 0.180275 0.197605 -0.525191 1.27122 -2.23114 0.212945 0.178054 0.200836 0.21241 0.182586 0.194241
156250 0.201786 0.178633 0.199101 1.34961 -1.82543 2.78548 0.200664 0.181337 0.195054 0.202648 0.176555 0.20221
156250 0.204085 0.182387 0.198537 2.19174 0.272618 2.66182 0.200664 0.181337 0.195054 0.206876 0.183243 0.201379
156250 0.206993 0.181076 0.189808 -0.0811499 0.443171 -0.161224 0.207464 0.176973 0.19064 0.206526 0.185146 0.188984
156250 0.211091 0.186446 0.193929 0.109931 -0.639743 0.0479107 0.2101 0.189347 0.193695 0.21241 0.182586 0.194241
156250 0.213594 0.184843 0.197441 0.629426 0.71274 1.38088 0.21241 0.182586 0.194241 0.215152 0.187813 0.201654
156250 0.214043 0.185107 0.191463 -1.61192 -1.62725 1.95789 0.215983 0.188102 0.188161 0.21241 0.182586 0.194241
156250 0.209965 0.180602 0.201102 -1.41278 0.875346 0.188953 0.212945 0.178054 0.200836 0.206876 0.183243 0.201379
156250 0.20663 0.183049 0.20544 0.0522179 -0.150471 -1.36984 0.206431 0.182891 0.208734 0.206876 0.183243 0.201379
156250 0.208 0.181244 0.21113 0.916175 -0.927287 0.997913 0.206431 0.182891 0.208734 0.209428 0.179744 0.213312
156250 0.204039 0.18126 0.210326 -1.4267 -0.693344 0.695113 0.206431 0.182891 0.208734 0.200672 0.178964 0.212567
156250 0.21044 0.185211 0.201497 -3.1109 -1.71946 0.462959 0.215152 0.187813 0.201654 0.206876 0.183243 0.201379
156250 0.206913 0.186077 0.208006 0.329301 2.33486 -0.943199 0.206431 0.182891 0.208734 0.207533 0.190184 0.207068
156250 0.209917 0.182345 0.214743 0.0557074 0.508034 0.381076 0.209428 0.179744 0.213312 0.21069 0.186463 0.217008
156250 0.216495 0.178715 0.199285 -1.00721 -0.0379303 0.543195 0.222287 0.179792 0.196754 0.212945 0.178054 0.200836
156250 0.212201 0.179624 0.214471 0.737306 -0.0826988 0.446799 0.209428 0.179744 0.213312 0.215913 0.179463 0.216022
156250 0.202726 0.191118 0.195155 -0.0311318 -0.129521 0.382634 0.20363 0.19225 0.191531 0.201677 0.189806 0.199361
156250 0.205067 0.19272 0.19864 -1.53323 -1.0982 0.569071 0.208614 0.195768 0.197887 0.201677 0.189806 0.199361
156250 0.205029 0.188819 0.190301 0.162389 -0.29057 -0.153083 0.20363 0.19225 0.191531 0.206526 0.185146 0.188984
156250 0.208585 0.187567 0.191698 -0.591228 -0.455711 -0.659663 0.2101 0.189347 0.193695 0.206526 0.185146 0.188984
156250 0.204517 0.195632 0.189796 0.183203 0.400568 -0.202419 0.20363 0.19225 0.191531 0.205261 0.198474 0.188337
156250 0.212606 0.191048 0.194223 0.420738 0.317704 0.176796 0.2101 0.189347 0.193695 0.215128 0.192759 0.194754
156250 0.209515 0.191875 0.195345 -0.332437 0.776839 0.613812 0.2101 0.189347 0.193695 0.208614 0.195768 0.197887
156250 0.212554 0.193948 0.195992 1.04281 -0.324009 -0.351402 0.208614 0.195768 0.197887 0.215128 0.192759 0.194754
156250 0.214631 0.19469 0.192389 0.135526 -0.320434 0.545086 0.213791 0.19796 0.188384 0.215128 0.192759 0.194754
156250 0.209484 0.197204 0.202315 -0.799955 -0.628515 -2.16918 0.210055 0.198147 0.205224 0.208614 0.195768 0.197887
156250 0.218011 0.191669 0.195012 -1.46169 0.610548 0.113272 0.221849 0.190219 0.195356 0.215128 0.192759 0.194754
156250 0.214928 0.192847 0.188268 -0.848289 2.15319 -0.0101197 0.215983 0.188102 0.188161 0.213791 0.19796 0.188384
156250 0.204177 0.189392 0.209566 1.354 0.303822 -1.38756 0.200402 0.188501 0.212376 0.207533 0.190184 0.207068
156250 0.204917 0.193463 0.20634 3.47227 -3.79447 0.145631 0.201653 0.197556 0.205431 0.207533 0.190184 0.207068
156250 0.210376 0.187302 0.208388 -1.49773 1.22066 -0.904484 0.212507 0.185142 0.209377 0.207533 0.190184 0.207068
156250 0.210897 0.189137 0.204678 -2.45168 0.409082 1.32099 0.215152 0.187813 0.201654 0.207533 0.190184 0.207068
156250 0.211778 0.185672 0.212439 -0.371696 0.305098 1.01208 0.212507 0.185142 0.209377 0.21069 0.186463 0.217008
156250 0.203359 0.201942 0.202963 2.19186 4.38423 -1.78216 0.201653 0.197556 0.205431 0.204655 0.205271 0.201089
156250 0.209333 0.200621 0.206965 -0.7496 1.50372 1.30382 0.210055 0.198147 0.205224 0.208039 0.205057 0.210088
156250 0.21499 0.183253 0.208702 -1.88373 1.11592 0.739775 0.218739 0.180399 0.207683 0.212507 0.185142 0.209377
156250 0.217045 0.183901 0.204835 -0.491344 1.09554 -1.20934 0.218739 0.180399 0.207683 0.215152 0.187813 0.201654
156250 0.218948 0.189177 0.198085 -1.30808 -0.460245 1.68813 0.221849 0.190219 0.195356 0.215152 0.187813 0.201654
156250 0.212103 0.196952 0.207236 0.954447 -0.685574 1.33043 0.210055 0.198147 0.205224 0.216379 0.194456 0.211437
156250 0.216526 0.192973 0.200955 -0.899687 -2.9172 0.891959 0.2177 0.197381 0.200357 0.215152 0.187813 0.201654
156250 0.207044 0.189068 0.218623 3.21339 -1.73858 -0.897749 0.203933 0.19129 0.220001 0.21069 0.186463 0.217008
156250 0.215485 0.200192 0.197466 -1.08237 2.15761 -2.08227 0.2177 0.197381 0.200357 0.214028 0.202039 0.195566
156250 0.182616 0.17938 0.195996 -0.750425 -0.0420645 0.402489 0.186078 0.180035 0.193563 0.177679 0.178445 0.199464
156250 0.194717 0.193106 0.206795 0.553625 -0.597982 -0.266234 0.192316 0.196583 0.208589 0.196495 0.19053 0.205465
156250 0.206308 0.180055 0.183778 -0.527993 0.0624257 0.175773 0.211567 0.180163 0.18253 0.202888 0.179984 0.184589
156250 0.211036 0.191876 0.208799 -0.864895 -0.390781 -0.615739 0.216379 0.194456 0.211437 0.207533 0.190184 0.207068
156250 0.201082 0.179811 0.203508 0.506044 -0.740422 -0.25598 0.199342 0.183429 0.20495 0.202648 0.176555 0.20221
156250 0.1937 0.197699 0.184188 -0.209739 0.130574 -0.160992 0.197503 0.19544 0.186163 0.190848 0.199392 0.182707
156250 0.217831 0.201673 0.202011 0.0527386 0.510211 0.288378 0.2177 0.197381 0.200357 0.217986 0.206729 0.203959
156250 0.210976 0.195325 0.184836 0.472886 0.450187 0.826754 0.20733 0.191913 0.180242 0.213791 0.19796 0.188384
156250 0.210018 0.194934 0.212652 0.12507 -0.00141461 -0.00533462 0.206155 0.195224 0.21339 0.216379 0.194456 0.211437
156250 0.198508 0.193272 0.205452 -0.438533 -0.593424 0.121028 0.201653 0.197556 0.205431 0.196495 0.19053 0.205465
156250 0.190353 0.17937 0.204335 -0.857282 0.510559 -0.501178 0.193542 0.176654 0.206745 0.187373 0.181908 0.202082
156250 0.183251 0.180436 0.200969 0.37892 0.1012 0.159947 0.177679 0.178445 0.199464 0.187373 0.181908 0.202082
156250 0.18726 0.185181 0.198972 -0.113363 -0.688592 0.775843 0.187146 0.188446 0.195869 0.187373 0.181908 0.202082
156250 0.206818 0.192801 0.210351 0.00798509 -0.0703665 -0.113012 0.206155 0.195224 0.21339 0.207533 0.190184 0.207068
156250 0.205061 0.193287 0.216645 0.0554509 0.0625943 -0.100284 0.203933 0.19129 0.220001 0.206155 0.195224 0.21339
156250 0.203656 0.179542 0.216087 0.688585 0.00852457 0.652813 0.200672 0.178964 0.212567 0.205871 0.179971 0.218701
156250 0.181781 0.198096 0.200567 0.259855 0.0274954 -0.292308 0.17874 0.197048 0.204662 0.184709 0.199107 0.196623
156250 0.192686 0.187385 0.18967 0.993588 0.503562 1.38879 0.189168 0.185388 0.185981 0.195589 0.189032 0.192714
156250 0.202312 0.19001 0.2165 0.23009 0.346409 0.732346 0.200402 0.188501 0.212376 0.203933 0.19129 0.220001
156250 0.194475 0.18821 0.206916 0.281939 0.229109 -0.18812 0.191976 0.185339 0.208711 0.196495 0.19053 0.205465
156250 0.206953 0.197929 0.2053 -0.257418 -0.0448224 0.0385141 0.210055 0.198147 0.205224 0.201653 0.197556 0.205431
156250 0.20744 0.179809 0.2081 0.216629 -0.555834 -0.212811 0.206431 0.182891 0.208734 0.20869 0.175994 0.207315
156250 0.192705 0.181296 0.207796 0.0803442 -0.648429 -0.252576 0.191976 0.185339 0.208711 0.193542 0.176654 0.206745
156250 0.189038 0.188168 0.209745 -0.429766 0.327056 0.074921 0.191976 0.185339 0.208711 0.186224 0.190878 0.210736
156250 0.208724 0.182974 0.18617 -0.0778023 0.0801811 0.0733211 0.211567 0.180163 0.18253 0.206526 0.185146 0.188984
156250 0.198541 0.190724 0.185769 0.139805 -0.355808 -0.0394961 0.197503 0.19544 0.186163 0.19939 0.186862 0.185446
156250 0.199706 0.182401 0.180013 0.00179394 0.000920164 -0.00134858 0.196922 0.181255 0.181461 0.202328 0.18348 0.178649
156250 0.184005 0.184508 0.203596 0.114057 -0.0974148 -0.0289285 0.180456 0.187247 0.205191 0.187373 0.181908 0.202082
156250 0.1899 0.181591 0.194774 0.0 0.0 0.0 0.192673 0.182629 0.195654 0.186078 0.180035 0.193563
156250 0.195059 0.188621 0.203073 0.0 0.0 0.0 0.196495 0.19053 0.205465 0.19361 0.186676 0.200665
156250 0.207772 0.17985 0.215821 -0.065377 0.0221869 0.0937766 0.209428 0.179744 0.213312 0.205871 0.179971 0.218701
156250 0.193861 0.18529 0.194456 0.0 0.0 0.0 0.192673 0.182629 0.195654 0.195589 0.189032 0.192714
156250 0.210708 0.200313 0.203089 0.00105113 0.0025419 -0.00346883 0.210055 0.198147 0.205224 0.211343 0.202421 0.201011
156250 0.192549 0.179958 0.197139 0.0 0.0 0.0 0.192673 0.182629 0.195654 0.192423 0.177043 0.198703
156250 0.182444 0.178661 0.191302 0.0 0.0 0.0 0.186078 0.180035 0.193563 0.178523 0.177056 0.188861
156250 0.18287 0.184737 0.208408 0.0 0.0 0.0 0.180456 0.187247 0.205191 0.184787 0.18268 0.210964
156250 0.185969 0.182382 0.206919 0.0 0.0 0.0 0.187373 0.181908 0.202082 0.184787 0.18268 0.210964
156250 0.185097 0.178895 0.211563 0.0 0.0 0.0 0.185448 0.174405 0.212251 0.184787 0.18268 0.210964
156250 0.187667 0.181727 0.213379 0.0 0.0 0.0 0.191718 0.180256 0.216777 0.184787 0.18268 0.210964
156250 0.188189 0.183938 0.209898 -0.0156306 -0.0076934 0.00760372 0.191976 0.185339 0.208711 0.184787 0.18268 0.210964
156250 0.185486 0.186702 0.210856 0.0 0.0 0.0 0.186224 0.190878 0.210736 0.184787 0.18268 0.210964
156250 0.180516 0.190134 0.200963 0.0 0.0 0.0 0.180456 0.187247 0.205191 0.180557 0.192038 0.198027
156250 0.182843 0.182925 0.19265 0.0 0.0 0.0 0.186078 0.180035 0.193563 0.179209 0.186045 0.191623
156250 0.187405 0.199672 0.18497 0.0 0.0 0.0 0.190848 0.199392 0.182707 0.183455 0.199866 0.187563
156250 0.183867 0.185797 0.188985 0.0 0.0 0.0 0.189168 0.185388 0.185981 0.179209 0.186045 0.191623
156250 0.185993 0.193551 0.196227 0.0 0.0 0.0 0.187146 0.188446 0.195869 0.184709 0.199107 0.196623
156250 0.187199 0.196545 0.192899 0.0 0.0 0.0 0.189284 0.194289 0.189776 0.184709 0.199107 0.196623
156250 0.185 0.188775 0.204347 0.0 0.0 0.0 0.180456 0.187247 0.205191 0.188151 0.189818 0.203749
156250 0.196264 0.180131 0.184521 0.0 0.0 0.0 0.195472 0.178649 0.188197 0.196922 0.181255 0.181461
156250 0.193985 0.182881 0.183175 0.0 0.0 0.0 0.189168 0.185388 0.185981 0.196922 0.181255 0.181461
156250 0.190415 0.180262 0.183457 0.0 0.0 0.0 0.189168 0.185388 0.185981 0.19135 0.176307 0.18156
156250 0.190514 0.182395 0.198272 0.0 0.0 0.0 0.192673 0.182629 0.195654 0.187373 0.181908 0.202082
156250 0.186709 0.181006 0.197709 0.0 0.0 0.0 0.186078 0.180035 0.193563 0.187373 0.181908 0.202082
156250 0.190303 0.179144 0.200119 0.0 0.0 0.0 0.192423 0.177043 0.198703 0.187373 0.181908 0.202082
156250 0.190418 0.185063 0.195741 0.0 0.0 0.0 0.192673 0.182629 0.195654 0.187146 0.188446 0.195869
156250 0.187434 0.182443 0.190236 0.0 0.0 0.0 0.186078 0.180035 0.193563 0.189168 0.185388 0.185981
156250 0.193132 0.184596 0.198061 0.0 0.0 0.0 0.192673 0.182629 0.195654 0.19361 0.186676 0.200665
156250 0.199428 0.17942 0.186274 0.0 0.0 0.0 0.195472 0.178649 0.188197 0.202888 0.179984 0.184589
156250 0.195736 0.182194 0.195423 0.0 0.0 0.0 0.192673 0.182629 0.195654 0.200664 0.181337 0.195054
156250 0.190947 0.184658 0.201291 0.0 0.0 0.0 0.187373 0.181908 0.202082 0.19361 0.186676 0.200665
156250 0.187821 0.186492 0.203053 0.0 0.0 0.0 0.187373 0.181908 0.202082 0.188151 0.189818 0.203749
156250 0.189757 0.183743 0.205514 0.0 0.0 0.0 0.191976 0.185339 0.208711 0.187373 0.181908 0.202082
156250 0.196164 0.185266 0.202582 0.0 0.0 0.0 0.199342 0.183429 0.20495 0.19361 0.186676 0.200665
156250 0.195634 0.18445 0.206844 0.0 0.0 0.0 0.191976 0.185339 0.208711 0.199342 0.183429 0.20495
156250 0.199951 0.182525 0.200392 0.0 0.0 0.0 0.200664 0.181337 0.195054 0.199342 0.183429 0.20495
156250 0.203338 0.183185 0.207084 0.0 0.0 0.0 0.206431 0.182891 0.208734 0.199342 0.183429 0.20495
156250 0.199979 0.181352 0.208595 0.0 0.0 0.0 0.200672 0.178964 0.212567 0.199342 0.183429 0.20495
156250 0.191863 0.183155 0.212271 0.0 0.0 0.0 0.191976 0.185339 0.208711 0.191718 0.180256 0.216777
156250 0.191984 0.185896 0.215948 0.0 0.0 0.0 0.191718 0.180256 0.216777 0.192175 0.189675 0.215395
156250 0.190124 0.197086 0.185985 0.0 0.0 0.0 0.189284 0.194289 0.189776 0.190848 0.199392 0.182707
156250 0.198089 0.187314 0.18166 0.0 0.0 0.0 0.19939 0.186862 0.185446 0.196901 0.18761 0.17824
156250 0.195096 0.186302 0.185672 0.0 0.0 0.0 0.19939 0.186862 0.185446 0.189168 0.185388 0.185981
156250 0.188059 0.187125 0.191406 0.0 0.0 0.0 0.187146 0.188446 0.195869 0.189168 0.185388 0.185981
156250 0.191363 0.188798 0.194294 0.0 0.0 0.0 0.187146 0.188446 0.195869 0.195589 0.189032 0.192714
156250 0.193103 0.194883 0.188098 0.0 0.0 0.0 0.197503 0.19544 0.186163 0.189284 0.194289 0.189776
156250 0.190983 0.194535 0.194357 0.0 0.0 0.0 0.192887 0.194684 0.199497 0.189284 0.194289 0.189776
156250 0.190846 0.187465 0.198621 0.0 0.0 0.0 0.187146 0.188446 0.195869 0.19361 0.186676 0.200665
156250 0.187724 0.189249 0.200428 0.0 0.0 0.0 0.187146 0.188446 0.195869 0.188151 0.189818 0.203749
156250 0.194473 0.187716 0.19727 0.0 0.0 0.0 0.195589 0.189032 0.192714 0.19361 0.186676 0.200665
156250 0.193322 0.190057 0.200194 0.0 0.0 0.0 0.192887 0.194684 0.199497 0.19361 0.186676 0.200665
156250 0.190099 0.191819 0.202 -0.0 0.0 -0.0 0.192887 0.194684 0.199497 0.188151 0.189818 0.203749
156250 0.194352 0.199268 0.188206 0.0 0.0 0.0 0.197503 0.19544 0.186163 0.191435 0.202696 0.190095
156250 0.198651 0.197745 0.190309 0.0 0.0 0.0 0.197503 0.19544 0.186163 0.199911 0.200151 0.194859
156250 0.201032 0.185032 0.18166 0.0 0.0 0.0 0.19939 0.186862 0.185446 0.202328 0.18348 0.178649
156250 0.201245 0.183274 0.184992 0.0 0.0 0.0 0.19939 0.186862 0.185446 0.202888 0.179984 0.184589
156250 0.201597 0.19403 0.183697 0.0 0.0 0.0 0.197503 0.19544 0.186163 0.20733 0.191913 0.180242
156250 0.201528 0.189637 0.188514 0.0 0.0 0.0 0.20363 0.19225 0.191531 0.19939 0.186862 0.185446
156250 0.199904 0.190818 0.19208 0.0 0.0 0.0 0.20363 0.19225 0.191531 0.195589 0.189032 0.192714
156250 0.202129 0.197309 0.18746 0.0 0.0 0.0 0.197503 0.19544 0.186163 0.205261 0.198474 0.188337
156250 0.197372 0.192255 0.199428 0.0 0.0 0.0 0.192887 0.194684 0.199497 0.201677 0.189806 0.199361
156250 0.197009 0.196094 0.202288 0.0 0.0 0.0 0.192887 0.194684 0.199497 0.201653 0.197556 0.205431
156250 0.190848 0.188261 0.202252 0.0 0.0 0.0 0.188151 0.189818 0.203749 0.19361 0.186676 0.200665
156250 0.192894 0.186108 0.204276 0.0 0.0 0.0 0.191976 0.185339 0.208711 0.19361 0.186676 0.200665
156250 0.189828 0.187863 0.205935 0.0 0.0 0.0 0.191976 0.185339 0.208711 0.188151 0.189818 0.203749
156250 0.187284 0.190295 0.206892 -0.0 0.0 -0.0 0.186224 0.190878 0.210736 0.188151 0.189818 0.203749
156250 0.189889 0.192655 0.205779 0.0 0.0 0.0 0.192316 0.196583 0.208589 0.188151 0.189818 0.203749
156250 0.192077 0.187691 0.212326 0.0 0.0 0.0 0.191976 0.185339 0.208711 0.192175 0.189675 0.215395
156250 0.189373 0.190247 0.213205 0.0 0.0 0.0 0.186224 0.190878 0.210736 0.192175 0.189675 0.215395
156250 0.194809 0.196101 0.212409 0.0 0.0 0.0 0.192316 0.196583 0.208589 0.196848 0.195599 0.215531
156250 0.194446 0.192572 0.21546 0.0 0.0 0.0 0.192175 0.189675 0.215395 0.196848 0.195599 0.215531
156250 0.18629 0.193125 0.214229 0.0 0.0 0.0 0.186224 0.190878 0.210736 0.186383 0.19624 0.219293
156250 0.194351 0.190532 0.218427 0.0 0.0 0.0 0.196498 0.191352 0.221403 0.192175 0.189675 0.215395
156250 0.189971 0.192163 0.216872 0.0 0.0 0.0 0.192175 0.189675 0.215395 0.186383 0.19624 0.219293
156250 0.196311 0.197293 0.218918 0.0 0.0 0.0 0.195652 0.199236 0.223068 0.196848 0.195599 0.215531
156250 0.197081 0.188046 0.200124 0.0 0.0 0.0 0.201677 0.189806 0.199361 0.19361 0.186676 0.200665
156250 0.198718 0.190279 0.202848 0.0 0.0 0.0 0.201677 0.189806 0.199361 0.196495 0.19053 0.205465
156250 0.195918 0.186877 0.210426 0.0 0.0 0.0 0.191976 0.185339 0.208711 0.200402 0.188501 0.212376
156250 0.198118 0.189747 0.208336 0.0 0.0 0.0 0.200402 0.188501 0.212376 0.196495 0.19053 0.205465
156250 0.195682 0.189177 0.214104 0.0 0.0 0.0 0.200402 0.188501 0.212376 0.192175 0.189675 0.215395
156250 0.199537 0.182401 0.216607 0.0 0.0 0.0 0.200672 0.178964 0.212567 0.198677 0.184901 0.219667
156250 0.201118 0.187927 0.219823 0.0 0.0 0.0 0.203933 0.19129 0.220001 0.198677 0.184901 0.219667
156250 0.202057 0.195653 0.19294 0.0 0.0 0.0 0.20363 0.19225 0.191531 0.199911 0.200151 0.194859
156250 0.204515 0.197892 0.196462 0.0 0.0 0.0 0.208614 0.195768 0.197887 0.199911 0.200151 0.194859
156250 0.200783 0.198913 0.200149 0.0 0.0 0.0 0.199911 0.200151 0.194859 0.201653 0.197556 0.205431
156250 0.203587 0.178529 0.180815 0.0 0.0 0.0 0.204598 0.176275 0.175344 0.202888 0.179984 0.184589
156250 0.202596 0.181886 0.181459 0.0 0.0 0.0 0.202888 0.179984 0.184589 0.202328 0.18348 0.178649
156250 0.20497 0.178673 0.187342 0.0 0.0 0.0 0.207464 0.176973 0.19064 0.202888 0.179984 0.184589
156250 0.209638 0.182975 0.197818 0.0 0.0 0.0 0.21241 0.182586 0.194241 0.206876 0.183243 0.201379
156250 0.2095 0.183912 0.191641 0.0 0.0 0.0 0.21241 0.182586 0.194241 0.206526 0.185146 0.188984
156250 0.201195 0.185838 0.197314 0.0 0.0 0.0 0.200664 0.181337 0.195054 0.201677 0.189806 0.199361
156250 0.203856 0.18347 0.19175 0.0 0.0 0.0 0.200664 0.181337 0.195054 0.206526 0.185146 0.188984
156250 0.216258 0.181557 0.195221 0.0 0.0 0.0 0.222287 0.179792 0.196754 0.21241 0.182586 0.194241
156250 0.204699 0.179859 0.201808 0.0 0.0 0.0 0.206876 0.183243 0.201379 0.202648 0.176555 0.20221
156250 0.207781 0.179685 0.204341 0.0 0.0 0.0 0.20869 0.175994 0.207315 0.206876 0.183243 0.201379
156250 0.205989 0.179497 0.21302 0.0 0.0 0.0 0.209428 0.179744 0.213312 0.200672 0.178964 0.212567
156250 0.204414 0.18641 0.200424 0.0 0.0 0.0 0.201677 0.189806 0.199361 0.206876 0.183243 0.201379
156250 0.213876 0.182231 0.201182 0.0 0.0 0.0 0.212945 0.178054 0.200836 0.215152 0.187813 0.201654
156250 0.207197 0.186696 0.204161 0.0 0.0 0.0 0.206876 0.183243 0.201379 0.207533 0.190184 0.207068
156250 0.20397 0.18524 0.210222 0.0 0.0 0.0 0.206431 0.182891 0.208734 0.200402 0.188501 0.212376
156250 0.209522 0.184095 0.209062 0.0 0.0 0.0 0.206431 0.182891 0.208734 0.212507 0.185142 0.209377
156250 0.210922 0.182423 0.211403 0.0 0.0 0.0 0.209428 0.179744 0.213312 0.212507 0.185142 0.209377
156250 0.200539 0.183722 0.212473 0.0 0.0 0.0 0.200402 0.188501 0.212376 0.200672 0.178964 0.212567
156250 0.215547 0.179166 0.203911 0.0 0.0 0.0 0.218739 0.180399 0.207683 0.212945 0.178054 0.200836
156250 0.207897 0.182758 0.217991 0.0 0.0 0.0 0.205871 0.179971 0.218701 0.21069 0.186463 0.217008
156250 0.206833 0.187785 0.185653 0.0 0.0 0.0 0.20733 0.191913 0.180242 0.206526 0.185146 0.188984
156250 0.204982 0.192186 0.187409 0.0 0.0 0.0 0.20363 0.19225 0.191531 0.20733 0.191913 0.180242
156250 0.205936 0.196395 0.1857 0.0 0.0 0.0 0.205261 0.198474 0.188337 0.20733 0.191913 0.180242
156250 0.212371 0.189752 0.184856 0.0 0.0 0.0 0.215983 0.188102 0.188161 0.20733 0.191913 0.180242
156250 0.20725 0.190685 0.192742 0.0 0.0 0.0 0.2101 0.189347 0.193695 0.20363 0.19225 0.191531
156250 0.205882 0.193899 0.194403 0.0 0.0 0.0 0.20363 0.19225 0.191531 0.208614 0.195768 0.197887
156250 0.211072 0.196868 0.193375 0.0 0.0 0.0 0.208614 0.195768 0.197887 0.213791 0.19796 0.188384
156250 0.208546 0.198336 0.188356 0.0 0.0 0.0 0.205261 0.198474 0.188337 0.213791 0.19796 0.188384
156250 0.201666 0.193431 0.202155 0.0 0.0 0.0 0.201653 0.197556 0.205431 0.201677 0.189806 0.199361
156250 0.204695 0.19006 0.203334 0.0 0.0 0.0 0.201677 0.189806 0.199361 0.207533 0.190184 0.207068
156250 0.211936 0.188849 0.196588 0.0 0.0 0.0 0.2101 0.189347 0.193695 0.215152 0.187813 0.201654
156250 0.215137 0.191014 0.197272 0.0 0.0 0.0 0.215152 0.187813 0.201654 0.215128 0.192759 0.194754
156250 0.205334 0.19667 0.201443 0.0 0.0 0.0 0.208614 0.195768 0.197887 0.201653 0.197556 0.205431
156250 0.211674 0.192105 0.199651 0.0 0.0 0.0 0.208614 0.195768 0.197887 0.215152 0.187813 0.201654
156250 0.211918 0.199655 0.196471 0.0 0.0 0.0 0.208614 0.195768 0.197887 0.214028 0.202039 0.195566
156250 0.210279 0.199887 0.199793 0.0 0.0 0.0 0.208614 0.195768 0.197887 0.211343 0.202421 0.201011
156250 0.210898 0.186572 0.188604 0.0 0.0 0.0 0.215983 0.188102 0.188161 0.206526 0.185146 0.188984
156250 0.212379 0.188924 0.191552 0.0 0.0 0.0 0.2101 0.189347 0.193695 0.215983 0.188102 0.188161
156250 0.215461 0.191008 0.192192 0.0 0.0 0.0 0.215983 0.188102 0.188161 0.215128 0.192759 0.194754
156250 0.216162 0.194677 0.197008 0.0 0.0 0.0 0.2177 0.197381 0.200357 0.215128 0.192759 0.194754
156250 0.213223 0.196646 0.199141 0.0 0.0 0.0 0.2177 0.197381 0.200357 0.208614 0.195768 0.197887
156250 0.217797 0.200917 0.190973 0.0 0.0 0.0 0.213791 0.19796 0.188384 0.22165 0.203644 0.193462
156250 0.200995 0.192853 0.209085 0.0 0.0 0.0 0.200402 0.188501 0.212376 0.201653 0.197556 0.205431
156250 0.203558 0.192248 0.212933 0.0 0.0 0.0 0.200402 0.188501 0.212376 0.206155 0.195224 0.21339
156250 0.204238 0.196277 0.210001 0.0 0.0 0.0 0.206155 0.195224 0.21339 0.201653 0.197556 0.205431
156250 0.213492 0.186196 0.206504 0.0 0.0 0.0 0.212507 0.185142 0.209377 0.215152 0.187813 0.201654
156250 0.20899 0.194845 0.206003 0.0 0.0 0.0 0.210055 0.198147 0.205224 0.207533 0.190184 0.207068
156250 0.207978 0.196493 0.216703 0.0 0.0 0.0 0.210541 0.198135 0.221362 0.206155 0.195224 0.21339
156250 0.21841 0.184211 0.199418 0.0 0.0 0.0 0.222287 0.179792 0.196754 0.215152 0.187813 0.201654
156250 0.213784 0.188271 0.210057 0.0 0.0 0.0 0.212507 0.185142 0.209377 0.216379 0.194456 0.211437
156250 0.213139 0.197898 0.203262 0.0 0.0 0.0 0.210055 0.198147 0.205224 0.2177 0.197381 0.200357
156250 0.215709 0.190884 0.20609 0.0 0.0 0.0 0.216379 0.194456 0.211437 0.215152 0.187813 0.201654
156250 0.213098 0.189905 0.214652 0.0 0.0 0.0 0.21069 0.186463 0.217008 0.216379 0.194456 0.211437
156250 0.213866 0.200481 0.200752 0.0 0.0 0.0 0.2177 0.197381 0.200357 0.211343 0.202421 0.201011
156250 0.217153 0.196228 0.204953 0.0 0.0 0.0 0.2177 0.197381 0.200357 0.216379 0.194456 0.211437
156250 0.219585 0.20043 0.197067 0.0 0.0 0.0 0.2177 0.197381 0.200357 0.22165 0.203644 0.193462
156250 0.185625 0.203792 0.195088 -0.429591 -2.26911 1.17247 0.186225 0.206866 0.19408 0.184709 0.199107 0.196623
156250 0.185601 0.202032 0.200598 -0.287652 -0.925148 -1.78473 0.186771 0.205869 0.205809 0.184709 0.199107 0.196623
156250 0.182985 0.206303 0.194195 -1.24427 -0.19876 0.246132 0.186225 0.206866 0.19408 0.179223 0.205648 0.194328
156250 0.185588 0.21301 0.195201 -0.614734 0.0620908 -0.500086 0.1895 0.213114 0.197655 0.182115 0.212918 0.193023
156250 0.181129 0.204917 0.202566 0.293414 -0.00369645 0.158361 0.178511 0.204475 0.201061 0.186771 0.205869 0.205809
156250 0.181075 0.217795 0.198135 1.24741 0.672022 -0.532147 0.178241 0.21614 0.198814 0.183881 0.219435 0.197462
156250 0.183793 0.217643 0.200255 0.00973707 0.399267 -0.911729 0.18369 0.215562 0.203497 0.183881 0.219435 0.197462
156250 0.184828 0.211981 0.204351 0.915403 -2.04869 0.248071 0.18369 0.215562 0.203497 0.186771 0.205869 0.205809
156250 0.190325 0.198357 0.18993 -0.71313 -6.94789 -0.661595 0.191435 0.202696 0.190095 0.189284 0.194289 0.189776
156250 0.192713 0.199824 0.211815 -0.788067 -2.60424 -3.34887 0.193115 0.203096 0.215072 0.192316 0.196583 0.208589
156250 0.194499 0.200597 0.208153 -1.10271 -1.43463 0.223063 0.195989 0.203337 0.207855 0.192316 0.196583 0.208589
156250 0.190036 0.2004 0.207446 0.544663 -0.833434 0.427441 0.186771 0.205869 0.205809 0.192316 0.196583 0.208589
156250 0.195177 0.198954 0.215325 1.55582 -3.46314 -0.376533 0.193115 0.203096 0.215072 0.196848 0.195599 0.215531
156250 0.199375 0.19835 0.215906 -0.221202 -0.21883 -0.0800408 0.202 0.201208 0.216297 0.196848 0.195599 0.215531
156250 0.194388 0.201159 0.219085 0.322553 -1.0023 2.34109 0.193115 0.203096 0.215072 0.195652 0.199236 0.223068
156250 0.188157 0.207916 0.185804 -0.486973 -1.02933 -1.08502 0.189482 0.211469 0.188492 0.187184 0.205306 0.183828
156250 0.198052 0.205043 0.193903 0.0894504 -0.262386 0.096756 0.196616 0.208823 0.193165 0.199911 0.200151 0.194859
156250 0.18843 0.2051 0.192393 0.886586 -0.658578 -0.444956 0.186225 0.206866 0.19408 0.191435 0.202696 0.190095
156250 0.194138 0.205892 0.191696 2.83565 2.38643 1.3768 0.191435 0.202696 0.190095 0.196616 0.208823 0.193165
156250 0.190476 0.207003 0.189308 -0.161383 2.61391 -0.380455 0.191435 0.202696 0.190095 0.189482 0.211469 0.188492
156250 0.187587 0.209465 0.195567 0.848257 1.51793 1.25724 0.186225 0.206866 0.19408 0.1895 0.213114 0.197655
156250 0.196745 0.209055 0.197265 -0.293143 0.435951 2.93171 0.196616 0.208823 0.193165 0.196896 0.209325 0.202026
156250 0.193137 0.21125 0.199805 -1.23224 0.482086 -0.490161 0.196896 0.209325 0.202026 0.1895 0.213114 0.197655
156250 0.191769 0.213865 0.18523 -0.7296 -0.859659 1.51761 0.194149 0.216358 0.181835 0.189482 0.211469 0.188492
156250 0.197078 0.212791 0.192203 -0.147536 3.12834 -0.737229 0.196616 0.208823 0.193165 0.197614 0.217399 0.191088
156250 0.187844 0.215734 0.18935 2.12329 -4.08973 -0.334381 0.1863 0.219752 0.190159 0.189482 0.211469 0.188492
156250 0.190525 0.217616 0.197553 0.819879 2.0483 0.00490145 0.1895 0.213114 0.197655 0.191643 0.222523 0.197443
156250 0.190661 0.214678 0.201843 -0.387577 -0.276713 -0.855157 0.191861 0.216294 0.206172 0.1895 0.213114 0.197655
156250 0.200178 0.209324 0.191177 1.67322 0.550916 -1.05962 0.196616 0.208823 0.193165 0.205608 0.210088 0.188148
156250 0.19587 0.206412 0.213368 0.199928 0.273455 -0.196175 0.193115 0.203096 0.215072 0.198818 0.20996 0.211545
156250 0.195617 0.202495 0.204861 -0.331895 -0.362809 -1.12608 0.195989 0.203337 0.207855 0.195253 0.201673 0.201939
156250 0.197084 0.205901 0.209284 -0.576521 -1.98387 -1.39328 0.198818 0.20996 0.211545 0.195989 0.203337 0.207855
156250 0.195895 0.204662 0.201973 -1.06834 -3.82317 0.54063 0.196896 0.209325 0.202026 0.195253 0.201673 0.201939
156250 0.192639 0.207872 0.203617 2.15961 0.768826 -1.24671 0.186771 0.205869 0.205809 0.196896 0.209325 0.202026
156250 0.191416 0.207398 0.21536 -3.96847 6.83485 0.0777772 0.193115 0.203096 0.215072 0.189315 0.212718 0.215716
156250 0.18813 0.209529 0.211103 0.108681 0.611663 1.11136 0.186771 0.205869 0.205809 0.189315 0.212718 0.215716
156250 0.198387 0.21362 0.20058 0.402988 0.836601 -0.182908 0.196896 0.209325 0.202026 0.199576 0.217045 0.199428
156250 0.194379 0.212808 0.204098 1.97848 -2.55891 -2.23895 0.191861 0.216294 0.206172 0.196896 0.209325 0.202026
156250 0.19759 0.20017 0.203214 0.408185 -0.222887 0.137028 0.195253 0.201673 0.201939 0.201653 0.197556 0.205431
156250 0.202813 0.212562 0.212912 1.25043 0.640792 0.222385 0.198818 0.20996 0.211545 0.206407 0.214902 0.214141
156250 0.2011 0.207129 0.201518 2.44003 -1.07806 0.101233 0.196896 0.209325 0.202026 0.204655 0.205271 0.201089
156250 0.20096 0.211356 0.203481 3.51942 1.45051 1.85628 0.196896 0.209325 0.202026 0.204943 0.213346 0.204907
156250 0.190704 0.214669 0.210509 -1.30944 -1.0724 2.87402 0.191861 0.216294 0.206172 0.189315 0.212718 0.215716
156250 0.200665 0.20377 0.218916 -0.10003 0.178505 0.254499 0.202 0.201208 0.216297 0.199497 0.206011 0.221206
156250 0.198706 0.217202 0.195728 0.43866 -0.0574961 1.0682 0.197614 0.217399 0.191088 0.199576 0.217045 0.199428
156250 0.201603 0.214028 0.198305 -0.633541 0.839438 0.507929 0.203355 0.211421 0.197334 0.199576 0.217045 0.199428
156250 0.206614 0.200027 0.185784 -0.243207 -0.391319 0.451795 0.208007 0.201625 0.183156 0.205261 0.198474 0.188337
156250 0.210273 0.200189 0.185204 1.58476 -1.13625 1.0675 0.208007 0.201625 0.183156 0.213791 0.19796 0.188384
156250 0.208336 0.199599 0.195116 -0.242795 -2.0123 1.396 0.208141 0.2023 0.193162 0.208614 0.195768 0.197887
156250 0.213941 0.200546 0.192937 -0.566195 -1.5047 -2.58465 0.214028 0.202039 0.195566 0.213791 0.19796 0.188384
156250 0.204067 0.198232 0.214851 0.115936 -0.147121 -0.109452 0.202 0.201208 0.216297 0.206155 0.195224 0.21339
156250 0.204899 0.201868 0.181859 -0.852612 -0.0493621 -0.461081 0.208007 0.201625 0.183156 0.200503 0.202212 0.180024
156250 0.203025 0.210792 0.182484 1.30127 -0.263204 1.95392 0.201183 0.211294 0.178445 0.205608 0.210088 0.188148
156250 0.211666 0.209128 0.189417 -2.15494 0.627356 -0.707704 0.215236 0.208563 0.190165 0.205608 0.210088 0.188148
156250 0.213372 0.208604 0.19335 -1.33682 0.207073 1.70775 0.215236 0.208563 0.190165 0.211183 0.208652 0.197091
156250 0.212859 0.204757 0.196193 -2.0515 3.22662 0.716126 0.214028 0.202039 0.195566 0.211183 0.208652 0.197091
156250 0.20726 0.205008 0.191419 -1.02487 1.91177 -1.49828 0.208141 0.2023 0.193162 0.205608 0.210088 0.188148
156250 0.20413 0.210963 0.194172 -0.124575 0.00298484 0.777668 0.205608 0.210088 0.188148 0.203355 0.211421 0.197334
156250 0.207802 0.206901 0.199161 -3.45794 -1.82993 3.01504 0.211183 0.208652 0.197091 0.204655 0.205271 0.201089
156250 0.212661 0.211989 0.199429 -1.28612 -1.92209 -1.72355 0.214085 0.215206 0.201684 0.211183 0.208652 0.197091
156250 0.203939 0.20866 0.19902 0.191498 -0.705532 0.603578 0.203355 0.211421 0.197334 0.204655 0.205271 0.201089
156250 0.209217 0.215096 0.187082 2.0123 2.16432 -0.82806 0.205608 0.210088 0.188148 0.211322 0.218016 0.18646
156250 0.211979 0.21252 0.195305 1.25251 3.313 -1.34685 0.211183 0.208652 0.197091 0.212705 0.216047 0.193676
156250 0.217948 0.206483 0.191559 2.58981 -1.53843 0.84856 0.215236 0.208563 0.190165 0.22165 0.203644 0.193462
156250 0.211982 0.209002 0.210074 -0.0732059 -0.080646 -0.0163229 0.214137 0.211158 0.210066 0.208039 0.205057 0.210088
156250 0.206355 0.209565 0.20727 -0.627757 1.04719 -0.760708 0.208039 0.205057 0.210088 0.204943 0.213346 0.204907
156250 0.207681 0.206567 0.215445 0.0692313 0.438724 1.56846 0.208039 0.205057 0.210088 0.207374 0.207857 0.220024
156250 0.206874 0.211497 0.216985 0.0991841 -0.788417 0.903804 0.206407 0.214902 0.214141 0.207374 0.207857 0.220024
156250 0.209958 0.214684 0.216832 -0.857704 0.0281338 -0.891931 0.213222 0.214484 0.219305 0.206407 0.214902 0.214141
156250 0.205975 0.217165 0.202413 -0.612368 -1.33486 1.10027 0.20698 0.220883 0.199985 0.204943 0.213346 0.204907
156250 0.21275 0.213751 0.209264 -0.441528 0.99656 -0.472265 0.214137 0.211158 0.210066 0.211283 0.216495 0.208415
156250 0.208696 0.21521 0.206983 3.19961 1.74557 1.14942 0.204943 0.213346 0.204907 0.211283 0.216495 0.208415
156250 0.212503 0.215933 0.205484 -0.625367 0.413656 1.16826 0.214085 0.215206 0.201684 0.211283 0.216495 0.208415
156250 0.21653 0.213412 0.198808 0.403346 -0.341734 -0.680655 0.214085 0.215206 0.201684 0.218826 0.211728 0.196108
156250 0.215523 0.209564 0.207868 0.263585 -0.191324 -0.365175 0.214137 0.211158 0.210066 0.217986 0.206729 0.203959
156250 0.21533 0.20937 0.212228 0.526317 -0.4967 0.752536 0.214137 0.211158 0.210066 0.21769 0.205834 0.216503
156250 0.211986 0.21707 0.189926 0.357187 -0.226813 2.12703 0.211322 0.218016 0.18646 0.212705 0.216047 0.193676
156250 0.209352 0.217871 0.192648 1.12103 -0.392241 0.3614 0.206006 0.219691 0.191623 0.212705 0.216047 0.193676
156250 0.215777 0.21388 0.194897 -1.64077 1.62586 -0.727287 0.218826 0.211728 0.196108 0.212705 0.216047 0.193676
156250 0.214873 0.217253 0.186851 -2.67498 0.289896 -0.625346 0.220583 0.216025 0.187479 0.211322 0.218016 0.18646
156250 0.214138 0.216838 0.209873 -3.60763 -0.156066 -2.54461 0.217906 0.21729 0.211797 0.211283 0.216495 0.208415
156250 0.183012 0.216332 0.210029 0.558412 0.686051 0.0726301 0.180922 0.213195 0.210199 0.184998 0.219312 0.209868
156250 0.18734 0.215889 0.204691 0.288527 -0.00504031 0.135522 0.18369 0.215562 0.203497 0.191861 0.216294 0.206172
156250 0.198803 0.214824 0.212517 0.0821587 1.24362 0.0674359 0.198818 0.20996 0.211545 0.198791 0.218468 0.213244
156250 0.218474 0.209629 0.199405 0.0037676 -0.217987 0.461158 0.218826 0.211728 0.196108 0.217986 0.206729 0.203959
156250 0.184395 0.20956 0.193609 -0.42684 0.639196 0.0114359 0.186225 0.206866 0.19408 0.182115 0.212918 0.193023
156250 0.21034 0.200611 0.191302 0.370015 -0.376933 -0.448486 0.208141 0.2023 0.193162 0.213791 0.19796 0.188384
156250 0.187941 0.218018 0.208283 -0.259622 0.0804506 0.095838 0.191861 0.216294 0.206172 0.184998 0.219312 0.209868
156250 0.194042 0.205284 0.187528 0.748736 0.498892 -0.633237 0.191435 0.202696 0.190095 0.196269 0.207494 0.185335
156250 0.182292 0.214366 0.206883 -0.0522237 -0.0403314 0.0860446 0.18369 0.215562 0.203497 0.180922 0.213195 0.210199
156250 0.203117 0.214424 0.217117 0.221403 -0.000232046 -0.252862 0.199737 0.213933 0.220173 0.206407 0.214902 0.214141
156250 0.187575 0.208774 0.191764 0.795501 1.05278 -0.950007 0.186225 0.206866 0.19408 0.189482 0.211469 0.188492
156250 0.198153 0.205144 0.182972 0.292887 -0.406004 -0.53593 0.196269 0.207494 0.185335 0.200503 0.202212 0.180024
156250 0.199811 0.208478 0.186402 1.65605 0.771501 0.518363 0.196269 0.207494 0.185335 0.205608 0.210088 0.188148
156250 0.204485 0.202792 0.213742 0.198361 0.0959487 -0.250671 0.202 0.201208 0.216297 0.208039 0.205057 0.210088
156250 0.199296 0.212025 0.21603 0.166512 0.274082 0.577722 0.198818 0.20996 0.211545 0.199737 0.213933 0.220173
156250 0.193204 0.209289 0.186761 -0.802571 0.524638 0.567174 0.196269 0.207494 0.185335 0.189482 0.211469 0.188492
156250 0.194654 0.207703 0.181871 0.641661 -0.293397 1.23637 0.192954 0.207922 0.178225 0.196269 0.207494 0.185335
156250 0.191111 0.200871 0.186014 0.00663466 -0.0405844 -0.121912 0.191435 0.202696 0.190095 0.190848 0.199392 0.182707
156250 0.207782 0.198398 0.182188 -0.0111993 -0.525917 -0.249556 0.208007 0.201625 0.183156 0.20733 0.191913 0.180242
156250 0.198089 0.201193 0.206956 0.172261 -0.241033 -0.0716689 0.195989 0.203337 0.207855 0.201653 0.197556 0.205431
156250 0.190207 0.205279 0.200232 -0.0211918 0.00521304 0.0253011 0.191908 0.204987 0.197471 0.186771 0.205869 0.205809
156250 0.183054 0.210524 0.208598 -0.148624 0.131139 0.0895549 0.186771 0.205869 0.205809 0.180922 0.213195 0.210199
156250 0.191709 0.204023 0.194368 0.0108203 0.0116929 0.053573 0.191435 0.202696 0.190095 0.191908 0.204987 0.197471
156250 0.193931 0.206747 0.199319 0.0217789 0.0210036 0.014653 0.191908 0.204987 0.197471 0.196896 0.209325 0.202026
156250 0.197838 0.209636 0.206693 -0.030956 0.0186868 -0.271575 0.198818 0.20996 0.211545 0.196896 0.209325 0.202026
156250 0.211278 0.204994 0.199399 0.0 0.0 0.0 0.211183 0.208652 0.197091 0.211343 0.202421 0.201011
156250 0.181389 0.211314 0.196727 0.0515558 0.0538059 -0.139744 0.180846 0.210115 0.199496 0.182115 0.212918 0.193023
156250 0.18273 0.208765 0.201503 0.092981 -0.047118 0.0729058 0.180846 0.210115 0.199496 0.186771 0.205869 0.205809
156250 0.181596 0.202879 0.195321 0.0 0.0 0.0 0.179223 0.205648 0.194328 0.184709 0.199107 0.196623
156250 0.180856 0.202504 0.199383 0.0 0.0 0.0 0.178511 0.204475 0.201061 0.184709 0.199107 0.196623
156250 0.188261 0.201062 0.193177 0.0 0.0 0.0 0.191435 0.202696 0.190095 0.184709 0.199107 0.196623
156250 0.189075 0.202732 0.197138 0.0 0.0 0.0 0.191908 0.204987 0.197471 0.184709 0.199107 0.196623
156250 0.187298 0.201288 0.188783 0.0 0.0 0.0 0.191435 0.202696 0.190095 0.183455 0.199866 0.187563
156250 0.182289 0.201005 0.20517 0.0 0.0 0.0 0.186771 0.205869 0.205809 0.17874 0.197048 0.204662
156250 0.183092 0.216579 0.195477 0.0 0.0 0.0 0.183881 0.219435 0.197462 0.182115 0.212918 0.193023
156250 0.182107 0.212588 0.201269 0.0 0.0 0.0 0.180846 0.210115 0.199496 0.18369 0.215562 0.203497
156250 0.185568 0.212299 0.1909 0.0 0.0 0.0 0.189482 0.211469 0.188492 0.182115 0.212918 0.193023
156250 0.184139 0.216282 0.191639 0.0 0.0 0.0 0.1863 0.219752 0.190159 0.182115 0.212918 0.193023
156250 0.180777 0.215931 0.200993 0.0 0.0 0.0 0.18369 0.215562 0.203497 0.178241 0.21614 0.198814
156250 0.186231 0.216852 0.197544 0.0 0.0 0.0 0.1895 0.213114 0.197655 0.183881 0.219435 0.197462
156250 0.186333 0.214508 0.20084 0.0 0.0 0.0 0.18369 0.215562 0.203497 0.1895 0.213114 0.197655
156250 0.184368 0.217565 0.206798 0.0 0.0 0.0 0.18369 0.215562 0.203497 0.184998 0.219312 0.209868
156250 0.194079 0.199698 0.204598 0.0 0.0 0.0 0.195253 0.201673 0.201939 0.192316 0.196583 0.208589
156250 0.190139 0.200124 0.216939 0.0 0.0 0.0 0.193115 0.203096 0.215072 0.186383 0.19624 0.219293
156250 0.199088 0.200362 0.219404 0.0 0.0 0.0 0.202 0.201208 0.216297 0.195652 0.199236 0.223068
156250 0.189023 0.204237 0.18654 0.0 0.0 0.0 0.191435 0.202696 0.190095 0.187184 0.205306 0.183828
156250 0.195311 0.201592 0.192275 0.0 0.0 0.0 0.191435 0.202696 0.190095 0.199911 0.200151 0.194859
156250 0.196437 0.208194 0.189111 0.0 0.0 0.0 0.196616 0.208823 0.193165 0.196269 0.207494 0.185335
156250 0.189082 0.205981 0.195786 0.0 0.0 0.0 0.186225 0.206866 0.19408 0.191908 0.204987 0.197471
156250 0.193989 0.206742 0.195569 0.0 0.0 0.0 0.191908 0.204987 0.197471 0.196616 0.208823 0.193165
156250 0.190913 0.208407 0.197548 0.0 0.0 0.0 0.191908 0.204987 0.197471 0.1895 0.213114 0.197655
156250 0.194947 0.203211 0.196481 0.0 0.0 0.0 0.191908 0.204987 0.197471 0.199911 0.200151 0.194859
156250 0.193269 0.210124 0.190973 0.0 0.0 0.0 0.196616 0.208823 0.193165 0.189482 0.211469 0.188492
156250 0.193265 0.210903 0.19528 0.0 0.0 0.0 0.196616 0.208823 0.193165 0.1895 0.213114 0.197655
156250 0.189491 0.212354 0.193089 0.0 0.0 0.0 0.189482 0.211469 0.188492 0.1895 0.213114 0.197655
156250 0.193634 0.203338 0.199776 0.0 0.0 0.0 0.191908 0.204987 0.197471 0.195253 0.201673 0.201939
156250 0.188374 0.210185 0.20102 0.0 0.0 0.0 0.186771 0.205869 0.205809 0.1895 0.213114 0.197655
156250 0.196954 0.201177 0.199356 0.0 0.0 0.0 0.195253 0.201673 0.201939 0.199911 0.200151 0.194859
156250 0.195333 0.211469 0.18379 0.0 0.0 0.0 0.194149 0.216358 0.181835 0.196269 0.207494 0.185335
156250 0.193496 0.214455 0.189774 0.0 0.0 0.0 0.197614 0.217399 0.191088 0.189482 0.211469 0.188492
156250 0.198537 0.209307 0.182157 0.0 0.0 0.0 0.201183 0.211294 0.178445 0.196269 0.207494 0.185335
156250 0.20036 0.210326 0.195482 0.0 0.0 0.0 0.196616 0.208823 0.193165 0.203355 0.211421 0.197334
156250 0.204967 0.201531 0.193817 0.0 0.0 0.0 0.208141 0.2023 0.193162 0.199911 0.200151 0.194859
156250 0.19483 0.203299 0.210767 0.0 0.0 0.0 0.193115 0.203096 0.215072 0.195989 0.203337 0.207855
156250 0.190493 0.204302 0.211243 0.0 0.0 0.0 0.193115 0.203096 0.215072 0.186771 0.205869 0.205809
156250 0.193015 0.204214 0.207196 0.0 0.0 0.0 0.195989 0.203337 0.207855 0.186771 0.205869 0.205809
156250 0.196349 0.20577 0.205546 0.0 0.0 0.0 0.195989 0.203337 0.207855 0.196896 0.209325 0.202026
156250 0.192562 0.203064 0.203168 0.0 0.0 0.0 0.186771 0.205869 0.205809 0.195253 0.201673 0.201939
156250 0.196792 0.204835 0.218606 0.0 0.0 0.0 0.193115 0.203096 0.215072 0.199497 0.206011 0.221206
156250 0.19441 0.211299 0.213481 0.0 0.0 0.0 0.198818 0.20996 0.211545 0.189315 0.212718 0.215716
156250 0.18972 0.211969 0.20602 0.0 0.0 0.0 0.191861 0.216294 0.206172 0.186771 0.205869 0.205809
156250 0.195273 0.213247 0.208808 0.0 0.0 0.0 0.198818 0.20996 0.211545 0.191861 0.216294 0.206172
156250 0.20072 0.210626 0.199249 0.0 0.0 0.0 0.196896 0.209325 0.202026 0.203355 0.211421 0.197334
156250 0.203159 0.207712 0.21086 0.0 0.0 0.0 0.198818 0.20996 0.211545 0.208039 0.205057 0.210088
156250 0.201971 0.211763 0.208129 0.0 0.0 0.0 0.198818 0.20996 0.211545 0.204943 0.213346 0.204907
156250 0.197941 0.20213 0.215738 0.0 0.0 0.0 0.193115 0.203096 0.215072 0.202 0.201208 0.216297
156250 0.195107 0.213453 0.218193 0.0 0.0 0.0 0.199737 0.213933 0.220173 0.189315 0.212718 0.215716
156250 0.199215 0.216497 0.216348 0.0 0.0 0.0 0.199737 0.213933 0.220173 0.198791 0.218468 0.213244
156250 0.186659 0.216835 0.212119 0.0 0.0 0.0 0.189315 0.212718 0.215716 0.184998 0.219312 0.209868
156250 0.19064 0.218491 0.21383 0.0 0.0 0.0 0.189315 0.212718 0.215716 0.191572 0.222453 0.212502
156250 0.195894 0.216942 0.186495 0.0 0.0 0.0 0.194149 0.216358 0.181835 0.197614 0.217399 0.191088
156250 0.199534 0.217492 0.182644 0.0 0.0 0.0 0.194149 0.216358 0.181835 0.203404 0.218205 0.183225
156250 0.201071 0.214298 0.189818 0.0 0.0 0.0 0.197614 0.217399 0.191088 0.205608 0.210088 0.188148
156250 0.201984 0.215446 0.201886 0.0 0.0 0.0 0.204943 0.213346 0.204907 0.199576 0.217045 0.199428
156250 0.202252 0.216907 0.213653 0.0 0.0 0.0 0.206407 0.214902 0.214141 0.198791 0.218468 0.213244
156250 0.206688 0.20043 0.190729 0.0 0.0 0.0 0.208141 0.2023 0.193162 0.205261 0.198474 0.188337
156250 0.204769 0.201276 0.207704 0.0 0.0 0.0 0.208039 0.205057 0.210088 0.201653 0.197556 0.205431
156250 0.206936 0.199356 0.212023 0.0 0.0 0.0 0.208039 0.205057 0.210088 0.206155 0.195224 0.21339
156250 0.205527 0.199999 0.218389 0.0 0.0 0.0 0.202 0.201208 0.216297 0.210541 0.198135 0.221362
156250 0.202712 0.205679 0.183539 0.0 0.0 0.0 0.205608 0.210088 0.188148 0.200503 0.202212 0.180024
156250 0.207167 0.204648 0.184905 0.0 0.0 0.0 0.208007 0.201625 0.183156 0.205608 0.210088 0.188148
156250 0.211048 0.207631 0.184819 0.0 0.0 0.0 0.205608 0.210088 0.188148 0.215055 0.205718 0.182365
156250 0.20705 0.208175 0.182232 0.0 0.0 0.0 0.205608 0.210088 0.188148 0.207848 0.207024 0.178958
156250 0.202432 0.215239 0.181133 0.0 0.0 0.0 0.201183 0.211294 0.178445 0.203404 0.218205 0.183225
156250 0.21123 0.202223 0.194424 0.0 0.0 0.0 0.208141 0.2023 0.193162 0.214028 0.202039 0.195566
156250 0.209465 0.205124 0.194872 0.0 0.0 0.0 0.208141 0.2023 0.193162 0.211183 0.208652 0.197091
156250 0.208903 0.209299 0.193434 0.0 0.0 0.0 0.205608 0.210088 0.188148 0.211183 0.208652 0.197091
156250 0.206732 0.210287 0.19723 0.0 0.0 0.0 0.203355 0.211421 0.197334 0.211183 0.208652 0.197091
156250 0.212686 0.20229 0.198288 0.0 0.0 0.0 0.214028 0.202039 0.195566 0.211343 0.202421 0.201011
156250 0.204011 0.212276 0.200461 0.0 0.0 0.0 0.204943 0.213346 0.204907 0.203355 0.211421 0.197334
156250 0.204191 0.215367 0.184984 0.0 0.0 0.0 0.205608 0.210088 0.188148 0.203404 0.218205 0.183225
156250 0.214014 0.212236 0.191861 0.0 0.0 0.0 0.215236 0.208563 0.190165 0.212705 0.216047 0.193676
156250 0.209959 0.213801 0.191538 0.0 0.0 0.0 0.205608 0.210088 0.188148 0.212705 0.216047 0.193676
156250 0.205852 0.216041 0.190281 0.0 0.0 0.0 0.205608 0.210088 0.188148 0.206006 0.219691 0.191623
156250 0.216976 0.210157 0.193046 0.0 0.0 0.0 0.218826 0.211728 0.196108 0.215236 0.208563 0.190165
156250 0.216888 0.202701 0.194777 0.0 0.0 0.0 0.214028 0.202039 0.195566 0.22165 0.203644 0.193462
156250 0.215195 0.210326 0.196576 0.0 0.0 0.0 0.218826 0.211728 0.196108 0.211183 0.208652 0.197091
156250 0.214207 0.207857 0.200143 0.0 0.0 0.0 0.217986 0.206729 0.203959 0.211183 0.208652 0.197091
156250 0.21018 0.203408 0.204205 0.0 0.0 0.0 0.208039 0.205057 0.210088 0.211343 0.202421 0.201011
156250 0.208476 0.203702 0.201045 0.0 0.0 0.0 0.211343 0.202421 0.201011 0.204655 0.205271 0.201089
156250 0.206076 0.205241 0.204867 0.0 0.0 0.0 0.208039 0.205057 0.210088 0.204655 0.205271 0.201089
156250 0.207132 0.210586 0.212341 0.0 0.0 0.0 0.208039 0.205057 0.210088 0.206407 0.214902 0.214141
156250 0.204789 0.209071 0.202858 0.0 0.0 0.0 0.204943 0.213346 0.204907 0.204655 0.205271 0.201089
156250 0.205693 0.214202 0.209634 0.0 0.0 0.0 0.206407 0.214902 0.214141 0.204943 0.213346 0.204907
156250 0.209771 0.214388 0.203206 0.0 0.0 0.0 0.214085 0.215206 0.201684 0.204943 0.213346 0.204907
156250 0.213376 0.215698 0.197569 0.0 0.0 0.0 0.214085 0.215206 0.201684 0.212705 0.216047 0.193676
156250 0.210685 0.217983 0.200872 0.0 0.0 0.0 0.214085 0.215206 0.201684 0.20698 0.220883 0.199985
156250 0.209237 0.215886 0.210819 0.0 0.0 0.0 0.206407 0.214902 0.214141 0.211283 0.216495 0.208415
156250 0.211893 0.200219 0.210712 0.0 0.0 0.0 0.208039 0.205057 0.210088 0.216379 0.194456 0.211437
156250 0.213724 0.203979 0.202067 0.0 0.0 0.0 0.217986 0.206729 0.203959 0.211343 0.202421 0.201011
156250 0.213084 0.205965 0.206981 0.0 0.0 0.0 0.208039 0.205057 0.210088 0.217986 0.206729 0.203959
156250 0.215784 0.211575 0.202675 0.0 0.0 0.0 0.214085 0.215206 0.201684 0.217986 0.206729 0.203959
156250 0.212677 0.20549 0.213171 0.0 0.0 0.0 0.208039 0.205057 0.210088 0.21769 0.205834 0.216503
156250 0.21571 0.213777 0.21079 0.0 0.0 0.0 0.214137 0.211158 0.210066 0.217906 0.21729 0.211797
156250 0.218174 0.215908 0.202279 0.0 0.0 0.0 0.214085 0.215206 0.201684 0.224603 0.216858 0.203213
156250 0.204419 0.20426 0.217974 0.0 0.0 0.0 0.202 0.201208 0.216297 0.207374 0.207857 0.220024
156250 0.207266 0.218173 0.184804 0.0 0.0 0.0 0.211322 0.218016 0.18646 0.203404 0.218205 0.183225
156250 0.210045 0.218354 0.196609 0.0 0.0 0.0 0.20698 0.220883 0.199985 0.212705 0.216047 0.193676
156250 0.215874 0.216098 0.191184 0.0 0.0 0.0 0.220583 0.216025 0.187479 0.212705 0.216047 0.193676
156250 0.216523 0.218482 0.194655 0.0 0.0 0.0 0.219676 0.220385 0.195462 0.212705 0.216047 0.193676
156250 0.219885 0.20519 0.19852 0.0 0.0 0.0 0.217986 0.206729 0.203959 0.22165 0.203644 0.193462
