# ts x y z Fx Fy Fz x1 y1 z1 x2 y2 z2
375000 0.181767 0.197582 0.193841 0.454642 0.315612 0.330278 0.179977 0.195792 0.192157 0.18472 0.200534 0.196618
375000 0.182202 0.196285 0.197475 5.73263 7.29288 -0.753846 0.180543 0.193486 0.19804 0.18472 0.200534 0.196618
375000 0.183289 0.188755 0.19382 -0.794446 -0.112073 -0.508536 0.187132 0.189901 0.195875 0.179188 0.187533 0.191627
375000 0.185739 0.194556 0.187859 4.74121 1.50771 3.65596 0.18242 0.193448 0.186057 0.189283 0.195739 0.189782
375000 0.18333 0.191969 0.197124 -5.69181 3.0039 0.793982 0.187132 0.189901 0.195875 0.180543 0.193486 0.19804
375000 0.188933 0.198257 0.198104 -3.30128 1.23913 -0.760748 0.192896 0.196116 0.199501 0.18472 0.200534 0.196618
375000 0.186365 0.198549 0.188667 -3.94697 4.61002 -2.55776 0.189283 0.195739 0.189782 0.183474 0.201333 0.187562
375000 0.183555 0.190688 0.208197 5.2837 2.39971 3.70499 0.180432 0.188725 0.205194 0.1862 0.192351 0.210741
375000 0.194423 0.18053 0.18148 7.19052 4.7717 -0.807773 0.19134 0.177811 0.181532 0.196927 0.182739 0.181438
375000 0.198062 0.185291 0.183268 -2.37722 -4.43948 -4.48365 0.199409 0.188324 0.185441 0.196927 0.182739 0.181438
375000 0.199837 0.182123 0.182958 -1.00967 0.196363 -0.750643 0.202899 0.181475 0.184557 0.196927 0.182739 0.181438
375000 0.192809 0.182979 0.187247 -7.76559 6.24237 -3.34494 0.195484 0.180137 0.188192 0.189163 0.186853 0.185959
375000 0.186585 0.185588 0.194698 -2.51007 -13.6175 -5.48805 0.187132 0.189901 0.195875 0.186065 0.181489 0.19358
375000 0.197803 0.181325 0.191248 2.64704 0.613542 3.28756 0.195484 0.180137 0.188192 0.200686 0.182804 0.195048
375000 0.196629 0.181714 0.205789 -7.56607 -6.42427 2.62919 0.199367 0.18487 0.204932 0.193528 0.178139 0.20676
375000 0.188258 0.178558 0.2143 7.45836 4.86197 5.47222 0.185425 0.17594 0.212249 0.191713 0.181749 0.216799
375000 0.197782 0.188819 0.205228 -2.55451 4.28629 0.184725 0.199367 0.18487 0.204932 0.196517 0.191967 0.205463
375000 0.203222 0.184787 0.203108 4.6335 0.66296 -2.58553 0.199367 0.18487 0.204932 0.206903 0.184707 0.201367
375000 0.200489 0.18797 0.202225 0.455772 3.17078 -2.58261 0.199367 0.18487 0.204932 0.201679 0.191261 0.199351
375000 0.199874 0.187251 0.208435 -1.18321 -2.61071 -5.30293 0.200442 0.189924 0.212367 0.199367 0.18487 0.204932
375000 0.195917 0.184528 0.218529 4.21941 1.88872 1.41935 0.191713 0.181749 0.216799 0.198697 0.186365 0.219673
375000 0.196495 0.181066 0.214552 -3.26117 -0.0645347 1.30068 0.200669 0.180469 0.21259 0.191713 0.181749 0.216799
375000 0.189231 0.19188 0.188122 0.0151266 12.8026 8.10875 0.189163 0.186853 0.185959 0.189283 0.195739 0.189782
375000 0.197624 0.189333 0.188837 -1.62577 0.515648 2.2376 0.199409 0.188324 0.185441 0.195592 0.190482 0.192704
375000 0.188245 0.192921 0.192723 0.806668 2.47318 -1.85287 0.187132 0.189901 0.195875 0.189283 0.195739 0.189782
375000 0.189948 0.192937 0.197647 9.60691 8.10999 3.81183 0.187132 0.189901 0.195875 0.192896 0.196116 0.199501
375000 0.192324 0.193205 0.191191 -9.06195 7.39767 -2.17027 0.195592 0.190482 0.192704 0.189283 0.195739 0.189782
375000 0.196517 0.193577 0.189548 -1.86234 -5.48766 4.11708 0.197508 0.196896 0.186163 0.195592 0.190482 0.192704
375000 0.194273 0.193238 0.196029 1.9523 -6.13103 -9.20711 0.192896 0.196116 0.199501 0.195592 0.190482 0.192704
375000 0.195 0.193705 0.202965 0.971536 -1.82598 2.13644 0.192896 0.196116 0.199501 0.196517 0.191967 0.205463
375000 0.192609 0.197076 0.204108 -0.348984 0.285018 6.12492 0.192896 0.196116 0.199501 0.192331 0.19801 0.208593
375000 0.196209 0.198676 0.19733 0.565533 0.330673 -0.255031 0.192896 0.196116 0.199501 0.199947 0.201564 0.194882
375000 0.194331 0.200353 0.200985 4.24556 14.9262 7.9292 0.192896 0.196116 0.199501 0.195261 0.2031 0.201947
375000 0.198012 0.186835 0.193817 -13.0596 14.6887 -6.78766 0.200686 0.182804 0.195048 0.195592 0.190482 0.192704
375000 0.202338 0.190182 0.183514 0.947406 0.524668 -0.836368 0.199409 0.188324 0.185441 0.207346 0.193362 0.180219
375000 0.202888 0.187491 0.187157 2.34678 -0.438897 0.727154 0.199409 0.188324 0.185441 0.206552 0.186615 0.188964
375000 0.198632 0.190871 0.196023 0.627854 0.201787 0.889218 0.195592 0.190482 0.192704 0.201679 0.191261 0.199351
375000 0.200904 0.19513 0.189132 0.228525 -0.155131 0.163185 0.197508 0.196896 0.186163 0.203641 0.193707 0.191523
375000 0.19902 0.200296 0.183062 2.9523 5.67089 -7.23632 0.197508 0.196896 0.186163 0.200512 0.203647 0.180006
375000 0.189066 0.194996 0.209737 13.5279 9.07348 -3.33732 0.1862 0.192351 0.210741 0.192331 0.19801 0.208593
375000 0.196687 0.194845 0.218558 1.63716 4.4447 -6.12469 0.196496 0.19281 0.221401 0.196891 0.197027 0.215512
375000 0.196658 0.198467 0.207132 -5.60737 -1.48523 2.39024 0.201667 0.198997 0.205441 0.192331 0.19801 0.208593
375000 0.198451 0.193906 0.21413 -2.02153 6.67903 2.65983 0.200442 0.189924 0.212367 0.196891 0.197027 0.215512
375000 0.199436 0.187874 0.216576 -0.953061 -1.06368 3.47797 0.200442 0.189924 0.212367 0.198697 0.186365 0.219673
375000 0.203244 0.200554 0.190832 -0.386702 0.0443365 0.580097 0.205278 0.199931 0.188334 0.199947 0.201564 0.194882
375000 0.204568 0.183823 0.186571 1.30862 1.27353 1.46101 0.202899 0.181475 0.184557 0.206552 0.186615 0.188964
375000 0.209997 0.181287 0.192454 4.50835 3.62089 3.11553 0.207483 0.178442 0.190629 0.212437 0.184049 0.194227
375000 0.204373 0.180438 0.192651 -3.64378 2.12942 3.24542 0.207483 0.178442 0.190629 0.200686 0.182804 0.195048
375000 0.212718 0.181747 0.197596 -0.696459 3.05474 -6.44113 0.212987 0.179536 0.200832 0.212437 0.184049 0.194227
375000 0.201829 0.180096 0.199086 2.24559 -3.6406 4.55126 0.200686 0.182804 0.195048 0.202706 0.178014 0.202188
375000 0.204111 0.183852 0.198528 7.95667 1.73653 5.88034 0.200686 0.182804 0.195048 0.206903 0.184707 0.201367
375000 0.207016 0.182545 0.189793 0.0689066 1.9801 -0.539324 0.207483 0.178442 0.190629 0.206552 0.186615 0.188964
375000 0.211115 0.187908 0.193916 0.887968 -1.71418 0.263204 0.210122 0.190808 0.193683 0.212437 0.184049 0.194227
375000 0.213623 0.186302 0.197429 0.437941 1.8842 2.57053 0.212437 0.184049 0.194227 0.215184 0.189267 0.201645
375000 0.214068 0.186565 0.191445 -2.15755 -4.29474 5.90906 0.216007 0.189556 0.188138 0.212437 0.184049 0.194227
375000 0.21 0.182075 0.201094 -3.67254 2.6217 -0.304827 0.212987 0.179536 0.200832 0.206903 0.184707 0.201367
375000 0.210904 0.178521 0.204005 -1.24015 -1.04862 2.0096 0.212987 0.179536 0.200832 0.208736 0.177463 0.207308
375000 0.206644 0.184508 0.205426 1.00157 0.320174 -4.453 0.206434 0.184347 0.208719 0.206903 0.184707 0.201367
375000 0.208009 0.18272 0.211124 4.64047 -3.25897 5.10101 0.206434 0.184347 0.208719 0.209442 0.181239 0.213313
375000 0.20404 0.182736 0.210327 -3.9963 -1.88847 3.03851 0.206434 0.184347 0.208719 0.200669 0.180469 0.21259
375000 0.21047 0.186671 0.201486 -8.56721 -3.84957 -1.57429 0.215184 0.189267 0.201645 0.206903 0.184707 0.201367
375000 0.206927 0.18753 0.207992 2.66612 8.56586 -2.67568 0.206434 0.184347 0.208719 0.207562 0.191634 0.207056
375000 0.20993 0.18384 0.214744 0.0730098 3.87799 2.44738 0.209442 0.181239 0.213313 0.210702 0.187957 0.217009
375000 0.216535 0.180192 0.199275 -1.02948 -0.144347 0.65371 0.222325 0.181262 0.196734 0.212987 0.179536 0.200832
375000 0.212215 0.18112 0.214472 2.83668 0.00791379 1.735 0.209442 0.181239 0.213313 0.215926 0.180961 0.216023
375000 0.202733 0.192574 0.195147 -0.324228 -0.290537 0.75511 0.203641 0.193707 0.191523 0.201679 0.191261 0.199351
375000 0.205073 0.194172 0.198635 -2.9641 -2.04788 0.139639 0.208623 0.197217 0.197887 0.201679 0.191261 0.199351
375000 0.205047 0.190282 0.190288 0.34066 -0.57396 -0.284496 0.203641 0.193707 0.191523 0.206552 0.186615 0.188964
375000 0.208609 0.189031 0.191683 -1.53861 -2.70574 -3.12411 0.210122 0.190808 0.193683 0.206552 0.186615 0.188964
375000 0.20453 0.197089 0.18979 0.347141 0.761423 -0.37657 0.203641 0.193707 0.191523 0.205278 0.199931 0.188334
375000 0.212624 0.192513 0.194213 1.99951 1.38733 0.838128 0.210122 0.190808 0.193683 0.215141 0.194229 0.194746
375000 0.209532 0.193331 0.195338 -0.727003 2.69001 2.46718 0.210122 0.190808 0.193683 0.208623 0.197217 0.197887
375000 0.212566 0.195409 0.195987 2.45577 -0.645745 -1.08742 0.208623 0.197217 0.197887 0.215141 0.194229 0.194746
375000 0.214645 0.196152 0.192375 0.345798 -1.03645 1.80639 0.213805 0.19941 0.18836 0.215141 0.194229 0.194746
375000 0.209496 0.198647 0.202317 -1.58207 -1.8932 -4.43342 0.210069 0.199585 0.205226 0.208623 0.197217 0.197887
375000 0.218024 0.193138 0.194997 -4.83069 2.00085 0.389569 0.221861 0.191685 0.195331 0.215141 0.194229 0.194746
375000 0.214947 0.194299 0.188245 -1.87571 5.00429 -0.293955 0.216007 0.189556 0.188138 0.213805 0.19941 0.18836
375000 0.204211 0.190829 0.209555 3.30723 1.51262 -2.84971 0.200442 0.189924 0.212367 0.207562 0.191634 0.207056
375000 0.20494 0.194909 0.206337 10.484 -10.8321 0.622909 0.201667 0.198997 0.205441 0.207562 0.191634 0.207056
375000 0.210403 0.188757 0.208388 -2.74984 2.58655 -1.93368 0.212533 0.186601 0.209387 0.207562 0.191634 0.207056
375000 0.210927 0.190589 0.204666 -5.04398 0.864459 2.69 0.215184 0.189267 0.201645 0.207562 0.191634 0.207056
375000 0.211799 0.187145 0.212445 -0.496654 0.388913 1.3097 0.212533 0.186601 0.209387 0.210702 0.187957 0.217009
375000 0.203378 0.20338 0.202975 7.20887 12.2166 -6.29858 0.201667 0.198997 0.205441 0.204677 0.206708 0.201102
375000 0.209348 0.202057 0.206971 -1.02906 2.89832 2.85323 0.210069 0.199585 0.205226 0.208057 0.206488 0.2101
375000 0.215019 0.184716 0.208712 -3.83211 2.04845 1.12451 0.218773 0.18187 0.207692 0.212533 0.186601 0.209387
375000 0.217078 0.185364 0.204835 -1.8266 2.98196 -3.42036 0.218773 0.18187 0.207692 0.215184 0.189267 0.201645
375000 0.218968 0.190637 0.198067 -2.21963 -0.9644 2.92366 0.221861 0.191685 0.195331 0.215184 0.189267 0.201645
375000 0.21212 0.198394 0.207237 2.24862 -1.90821 3.00635 0.210069 0.199585 0.205226 0.216401 0.195906 0.211437
375000 0.216568 0.194422 0.200939 -3.84241 -9.13017 2.17613 0.21775 0.198826 0.200337 0.215184 0.189267 0.201645
375000 0.207047 0.190548 0.218621 10.7413 -5.17135 -4.15745 0.203928 0.19276 0.219996 0.210702 0.187957 0.217009
375000 0.215524 0.20163 0.197448 -2.59467 5.09632 -5.02967 0.21775 0.198826 0.200337 0.214061 0.203473 0.195549
375000 0.182592 0.18085 0.196002 -1.93697 -0.0433844 1.10476 0.186065 0.181489 0.19358 0.177641 0.179938 0.199455
375000 0.194736 0.194539 0.206795 1.68241 -2.32865 -1.80209 0.192331 0.19801 0.208593 0.196517 0.191967 0.205463
375000 0.206319 0.181535 0.183748 -0.807483 0.114476 0.163249 0.211579 0.181628 0.182503 0.202899 0.181475 0.184557
375000 0.211063 0.193326 0.208791 -4.06046 -2.09129 -2.97205 0.216401 0.195906 0.211437 0.207562 0.191634 0.207056
375000 0.201125 0.181261 0.203488 1.16293 -1.65895 -0.867966 0.199367 0.18487 0.204932 0.202706 0.178014 0.202188
375000 0.193712 0.199158 0.184176 -1.57935 0.967434 -1.21567 0.197508 0.196896 0.186163 0.190867 0.200853 0.182687
375000 0.217888 0.203113 0.202001 0.556972 4.39751 2.44615 0.21775 0.198826 0.200337 0.218052 0.208163 0.203962
375000 0.210991 0.196775 0.184813 2.13097 1.36013 2.79327 0.207346 0.193362 0.180219 0.213805 0.19941 0.18836
375000 0.210038 0.196381 0.212645 0.146803 0.008444 -0.0143162 0.206175 0.19667 0.213378 0.216401 0.195906 0.211437
375000 0.198527 0.19471 0.205454 -2.99305 -3.9871 -0.782447 0.201667 0.198997 0.205441 0.196517 0.191967 0.205463
375000 0.19033 0.180843 0.204349 -1.09402 0.639326 -0.833746 0.193528 0.178139 0.20676 0.187341 0.183369 0.202096
375000 0.183216 0.18191 0.200973 0.291336 0.060103 0.105692 0.177641 0.179938 0.199455 0.187341 0.183369 0.202096
375000 0.187236 0.186639 0.198982 -0.171879 -0.966866 0.860875 0.187132 0.189901 0.195875 0.187341 0.183369 0.202096
375000 0.206842 0.194249 0.210339 0.0255164 -0.0674612 -0.120053 0.206175 0.19667 0.213378 0.207562 0.191634 0.207056
375000 0.205068 0.194745 0.216637 0.0298009 0.0290335 -0.0687434 0.203928 0.19276 0.219996 0.206175 0.19667 0.213378
375000 0.203662 0.181047 0.216103 0.00941739 0.00110979 0.00809009 0.200669 0.180469 0.21259 0.205884 0.181475 0.218712
375000 0.181779 0.199548 0.20056 1.03889 0.0865059 -1.21193 0.178727 0.198525 0.204651 0.18472 0.200534 0.196618
375000 0.202327 0.191458 0.216494 0.152715 0.237289 0.513674 0.200442 0.189924 0.212367 0.203928 0.19276 0.219996
375000 0.194482 0.189667 0.206922 2.66398 2.33974 -2.21256 0.191963 0.186821 0.208728 0.196517 0.191967 0.205463
375000 0.206967 0.199368 0.205305 -0.705812 -0.139051 0.0898698 0.210069 0.199585 0.205226 0.201667 0.198997 0.205441
375000 0.207463 0.181271 0.208088 0.684568 -1.30332 -0.312172 0.206434 0.184347 0.208719 0.208736 0.177463 0.207308
375000 0.192692 0.18278 0.207812 0.247064 -6.06261 -1.91797 0.191963 0.186821 0.208728 0.193528 0.178139 0.20676
375000 0.189019 0.189646 0.209756 -3.96116 3.10657 0.617356 0.191963 0.186821 0.208728 0.1862 0.192351 0.210741
375000 0.208744 0.18444 0.186147 -0.205567 0.287728 0.398781 0.211579 0.181628 0.182503 0.206552 0.186615 0.188964
375000 0.198553 0.192183 0.185766 1.39452 -4.21041 -0.921363 0.197508 0.196896 0.186163 0.199409 0.188324 0.185441
375000 0.191853 0.184583 0.21229 -0.033352 -0.541725 1.27289 0.191963 0.186821 0.208728 0.191713 0.181749 0.216799
375000 0.218444 0.185613 0.199403 -2.06567 1.97114 1.83626 0.222325 0.181262 0.196734 0.215184 0.189267 0.201645
375000 0.183976 0.185977 0.203604 0.297139 -0.321818 -0.143744 0.180432 0.188725 0.205194 0.187341 0.183369 0.202096
375000 0.194839 0.197469 0.212399 0.553846 -0.0614279 0.611478 0.192331 0.19801 0.208593 0.196891 0.197027 0.215512
375000 0.213114 0.19132 0.214651 3.33598 3.26911 -3.02354 0.210702 0.187957 0.217009 0.216401 0.195906 0.211437
375000 0.21619 0.196077 0.196994 -0.409705 -0.459944 -0.585111 0.21775 0.198826 0.200337 0.215141 0.194229 0.194746
375000 0.182432 0.180035 0.191303 0.0 0.0 0.0 0.186065 0.181489 0.19358 0.178512 0.17855 0.188846
375000 0.182859 0.186019 0.208311 0.0 0.0 0.0 0.180432 0.188725 0.205194 0.184786 0.183931 0.210775
375000 0.185951 0.183641 0.206827 0.0 0.0 0.0 0.187341 0.183369 0.202096 0.184786 0.183931 0.210775
375000 0.185082 0.180224 0.211459 -0.00137024 0.0148524 -0.00527742 0.185425 0.17594 0.212249 0.184786 0.183931 0.210775
375000 0.187661 0.182991 0.213282 0.0 0.0 0.0 0.191713 0.181749 0.216799 0.184786 0.183931 0.210775
375000 0.188182 0.185264 0.209812 0.0 0.0 0.0 0.191963 0.186821 0.208728 0.184786 0.183931 0.210775
375000 0.185471 0.187972 0.210765 0.0 0.0 0.0 0.1862 0.192351 0.210741 0.184786 0.183931 0.210775
375000 0.180498 0.191495 0.200972 0.0 0.0 0.0 0.180432 0.188725 0.205194 0.180543 0.193486 0.19804
375000 0.182827 0.184295 0.19266 0.0 0.0 0.0 0.186065 0.181489 0.19358 0.179188 0.187533 0.191627
375000 0.183853 0.187174 0.188978 0.0 0.0 0.0 0.189163 0.186853 0.185959 0.179188 0.187533 0.191627
375000 0.18499 0.190015 0.20435 0.0 0.0 0.0 0.180432 0.188725 0.205194 0.188144 0.190958 0.203766
375000 0.18599 0.194895 0.196228 0.0 0.0 0.0 0.187132 0.189901 0.195875 0.18472 0.200534 0.196618
375000 0.187201 0.197887 0.1929 0.0 0.0 0.0 0.189283 0.195739 0.189782 0.18472 0.200534 0.196618
375000 0.197922 0.179135 0.182088 0.0 0.0 0.0 0.199421 0.173813 0.183059 0.196927 0.182739 0.181438
375000 0.196271 0.181515 0.184507 0.0 0.0 0.0 0.195484 0.180137 0.188192 0.196927 0.182739 0.181438
375000 0.193436 0.178945 0.184903 0.0 0.0 0.0 0.195484 0.180137 0.188192 0.19134 0.177811 0.181532
375000 0.193985 0.184256 0.183153 0.0 0.0 0.0 0.189163 0.186853 0.185959 0.196927 0.182739 0.181438
375000 0.190406 0.181648 0.183433 0.0 0.0 0.0 0.189163 0.186853 0.185959 0.19134 0.177811 0.181532
375000 0.189909 0.182954 0.194769 -0.0134198 -0.00270699 -0.00414145 0.192698 0.184016 0.195631 0.186065 0.181489 0.19358
375000 0.192537 0.181243 0.197152 0.0 0.0 0.0 0.192698 0.184016 0.195631 0.192371 0.178371 0.198751
375000 0.189644 0.179689 0.196514 0.0 0.0 0.0 0.186065 0.181489 0.19358 0.192371 0.178371 0.198751
375000 0.190514 0.183727 0.198265 0.0 0.0 0.0 0.192698 0.184016 0.195631 0.187341 0.183369 0.202096
375000 0.186687 0.182365 0.197724 0.0 0.0 0.0 0.186065 0.181489 0.19358 0.187341 0.183369 0.202096
375000 0.190262 0.180437 0.200153 0.0 0.0 0.0 0.192371 0.178371 0.198751 0.187341 0.183369 0.202096
375000 0.190426 0.186391 0.19573 0.0 0.0 0.0 0.192698 0.184016 0.195631 0.187132 0.189901 0.195875
375000 0.193875 0.186625 0.194439 0.0 0.0 0.0 0.192698 0.184016 0.195631 0.195592 0.190482 0.192704
375000 0.187425 0.183803 0.190236 0.0 0.0 0.0 0.186065 0.181489 0.19358 0.189163 0.186853 0.185959
375000 0.193174 0.185867 0.198079 0.000609387 0.0044482 0.00434743 0.192698 0.184016 0.195631 0.193695 0.187892 0.200757
375000 0.199437 0.180808 0.186256 0.0 0.0 0.0 0.195484 0.180137 0.188192 0.202899 0.181475 0.184557
375000 0.195761 0.183551 0.195407 0.0171465 0.000144224 -0.00132462 0.192698 0.184016 0.195631 0.200686 0.182804 0.195048
375000 0.192665 0.179814 0.211534 0.0 0.0 0.0 0.191713 0.181749 0.216799 0.193528 0.178139 0.20676
375000 0.190967 0.18595 0.201332 0.00492829 0.00245127 -0.00115844 0.187341 0.183369 0.202096 0.193695 0.187892 0.200757
375000 0.187805 0.187757 0.203062 -0.000444717 0.0078413 0.00166691 0.187341 0.183369 0.202096 0.188144 0.190958 0.203766
375000 0.189735 0.185115 0.205528 0.0 0.0 0.0 0.191963 0.186821 0.208728 0.187341 0.183369 0.202096
375000 0.197167 0.179284 0.20973 0.0 0.0 0.0 0.200669 0.180469 0.21259 0.193528 0.178139 0.20676
375000 0.195572 0.178694 0.218913 0.0 0.0 0.0 0.199108 0.175977 0.220852 0.191713 0.181749 0.216799
375000 0.192321 0.186989 0.216045 0.00343919 0.0122501 -0.0021716 0.191713 0.181749 0.216799 0.192728 0.1905 0.21554
375000 0.203078 0.179161 0.219595 0.0 0.0 0.0 0.199108 0.175977 0.220852 0.205884 0.181475 0.218712
375000 0.198086 0.188572 0.18157 0.0 0.0 0.0 0.199409 0.188324 0.185441 0.196895 0.188856 0.178071
375000 0.197703 0.196248 0.181365 0.000155474 0.00182496 0.00635367 0.197833 0.195812 0.178144 0.197508 0.196896 0.186163
375000 0.195103 0.187665 0.18566 0.0 0.0 0.0 0.199409 0.188324 0.185441 0.189163 0.186853 0.185959
375000 0.18805 0.188485 0.1914 0.0 0.0 0.0 0.187132 0.189901 0.195875 0.189163 0.186853 0.185959
375000 0.192686 0.188802 0.189657 0.0 0.0 0.0 0.189163 0.186853 0.185959 0.195592 0.190482 0.192704
375000 0.191357 0.190152 0.194293 0.0 0.0 0.0 0.187132 0.189901 0.195875 0.195592 0.190482 0.192704
375000 0.193103 0.196237 0.188101 0.0 0.0 0.0 0.197508 0.196896 0.186163 0.189283 0.195739 0.189782
375000 0.190985 0.195878 0.194362 0.0 0.0 0.0 0.192896 0.196116 0.199501 0.189283 0.195739 0.189782
375000 0.190874 0.188728 0.198659 0.0 0.0 0.0 0.187132 0.189901 0.195875 0.193695 0.187892 0.200757
375000 0.187719 0.190483 0.200433 0.0 0.0 0.0 0.187132 0.189901 0.195875 0.188144 0.190958 0.203766
375000 0.194509 0.188976 0.197302 0.0 0.0 0.0 0.195592 0.190482 0.192704 0.193695 0.187892 0.200757
375000 0.193359 0.191309 0.200232 0.0 0.0 0.0 0.192896 0.196116 0.199501 0.193695 0.187892 0.200757
375000 0.190099 0.193052 0.202012 0.0 0.0 0.0 0.192896 0.196116 0.199501 0.188144 0.190958 0.203766
375000 0.190132 0.198443 0.185977 0.0 0.0 0.0 0.189283 0.195739 0.189782 0.190867 0.200853 0.182687
375000 0.194363 0.200618 0.188204 0.0 0.0 0.0 0.197508 0.196896 0.186163 0.191457 0.204136 0.190091
375000 0.198668 0.199083 0.190318 0.0 0.0 0.0 0.197508 0.196896 0.186163 0.199947 0.201564 0.194882
375000 0.201258 0.184651 0.184975 0.0 0.0 0.0 0.199409 0.188324 0.185441 0.202899 0.181475 0.184557
375000 0.201041 0.186395 0.181639 0.0 0.0 0.0 0.199409 0.188324 0.185441 0.202338 0.184937 0.178619
375000 0.201604 0.195385 0.183689 0.0 0.0 0.0 0.197508 0.196896 0.186163 0.207346 0.193362 0.180219
375000 0.201541 0.190997 0.188508 0.0 0.0 0.0 0.203641 0.193707 0.191523 0.199409 0.188324 0.185441
375000 0.199909 0.192172 0.192072 0.0 0.0 0.0 0.203641 0.193707 0.191523 0.195592 0.190482 0.192704
375000 0.202139 0.198666 0.187458 0.0 0.0 0.0 0.197508 0.196896 0.186163 0.205278 0.199931 0.188334
375000 0.197376 0.193601 0.199425 0.0 0.0 0.0 0.192896 0.196116 0.199501 0.201679 0.191261 0.199351
375000 0.197018 0.197432 0.202294 0.0 0.0 0.0 0.192896 0.196116 0.199501 0.201667 0.198997 0.205441
375000 0.19621 0.186552 0.202608 -0.00306183 0.000963959 -0.00195678 0.199367 0.18487 0.204932 0.193695 0.187892 0.200757
375000 0.195639 0.185812 0.206844 0.0 0.0 0.0 0.191963 0.186821 0.208728 0.199367 0.18487 0.204932
375000 0.190878 0.189429 0.202285 0.0 0.0 0.0 0.188144 0.190958 0.203766 0.193695 0.187892 0.200757
375000 0.192921 0.187385 0.204317 0.0 0.0 0.0 0.191963 0.186821 0.208728 0.193695 0.187892 0.200757
375000 0.195104 0.1899 0.203109 0.0 0.0 0.0 0.196517 0.191967 0.205463 0.193695 0.187892 0.200757
375000 0.189821 0.189141 0.205945 -0.0 -0.0 -0.0 0.191963 0.186821 0.208728 0.188144 0.190958 0.203766
375000 0.187271 0.191555 0.206903 0.0 0.0 0.0 0.1862 0.192351 0.210741 0.188144 0.190958 0.203766
375000 0.192377 0.188811 0.212413 0.000733004 0.00141283 0.00243857 0.191963 0.186821 0.208728 0.192728 0.1905 0.21554
375000 0.189659 0.191339 0.213284 0.0 0.0 0.0 0.1862 0.192351 0.210741 0.192728 0.1905 0.21554
375000 0.194752 0.193653 0.215526 0.0 0.0 0.0 0.192728 0.1905 0.21554 0.196891 0.197027 0.215512
375000 0.18627 0.194503 0.214243 0.0 0.0 0.0 0.1862 0.192351 0.210741 0.186369 0.197727 0.219326
375000 0.194627 0.191636 0.218497 0.0 0.0 0.0 0.196496 0.19281 0.221401 0.192728 0.1905 0.21554
375000 0.190314 0.193211 0.216972 0.0 0.0 0.0 0.192728 0.1905 0.21554 0.186369 0.197727 0.219326
375000 0.195728 0.188389 0.217618 0.0 0.0 0.0 0.192728 0.1905 0.21554 0.198697 0.186365 0.219673
375000 0.199972 0.183879 0.200381 0.0 0.0 0.0 0.200686 0.182804 0.195048 0.199367 0.18487 0.204932
375000 0.203349 0.184536 0.207068 0.0 0.0 0.0 0.206434 0.184347 0.208719 0.199367 0.18487 0.204932
375000 0.199989 0.182724 0.208596 0.0 0.0 0.0 0.200669 0.180469 0.21259 0.199367 0.18487 0.204932
375000 0.197116 0.189308 0.200155 0.0 0.0 0.0 0.201679 0.191261 0.199351 0.193695 0.187892 0.200757
375000 0.19873 0.191625 0.202843 0.0 0.0 0.0 0.201679 0.191261 0.199351 0.196517 0.191967 0.205463
375000 0.195927 0.188233 0.21043 0.0 0.0 0.0 0.191963 0.186821 0.208728 0.200442 0.189924 0.212367
375000 0.198144 0.191081 0.208331 0.0 0.0 0.0 0.200442 0.189924 0.212367 0.196517 0.191967 0.205463
375000 0.196022 0.19024 0.214185 0.0 0.0 0.0 0.200442 0.189924 0.212367 0.192728 0.1905 0.21554
375000 0.199546 0.183782 0.216619 0.0 0.0 0.0 0.200669 0.180469 0.21259 0.198697 0.186365 0.219673
375000 0.201125 0.189294 0.219823 0.0 0.0 0.0 0.203928 0.19276 0.219996 0.198697 0.186365 0.219673
375000 0.202075 0.196994 0.192945 0.0 0.0 0.0 0.203641 0.193707 0.191523 0.199947 0.201564 0.194882
375000 0.204534 0.199227 0.196472 0.0 0.0 0.0 0.208623 0.197217 0.197887 0.199947 0.201564 0.194882
375000 0.209275 0.179797 0.187072 0.0 0.0 0.0 0.207483 0.178442 0.190629 0.211579 0.181628 0.182503
375000 0.204982 0.180054 0.187321 0.0 0.0 0.0 0.207483 0.178442 0.190629 0.202899 0.181475 0.184557
375000 0.202602 0.183261 0.181427 0.0 0.0 0.0 0.202899 0.181475 0.184557 0.202338 0.184937 0.178619
375000 0.209662 0.184339 0.197806 0.0 0.0 0.0 0.212437 0.184049 0.194227 0.206903 0.184707 0.201367
375000 0.209523 0.185278 0.191625 0.0 0.0 0.0 0.212437 0.184049 0.194227 0.206552 0.186615 0.188964
375000 0.201206 0.187199 0.197306 0.0 0.0 0.0 0.200686 0.182804 0.195048 0.201679 0.191261 0.199351
375000 0.203878 0.184838 0.191738 0.0 0.0 0.0 0.200686 0.182804 0.195048 0.206552 0.186615 0.188964
375000 0.216285 0.182924 0.195205 0.0 0.0 0.0 0.222325 0.181262 0.196734 0.212437 0.184049 0.194227
375000 0.204738 0.181221 0.201792 0.0 0.0 0.0 0.206903 0.184707 0.201367 0.202706 0.178014 0.202188
375000 0.207814 0.181052 0.204332 0.0 0.0 0.0 0.208736 0.177463 0.207308 0.206903 0.184707 0.201367
375000 0.20914 0.179597 0.210769 0.0 0.0 0.0 0.209442 0.181239 0.213313 0.208736 0.177463 0.207308
375000 0.204959 0.178828 0.209779 0.0 0.0 0.0 0.200669 0.180469 0.21259 0.208736 0.177463 0.207308
375000 0.205995 0.180894 0.213029 0.0 0.0 0.0 0.209442 0.181239 0.213313 0.200669 0.180469 0.21259
375000 0.207787 0.181317 0.215825 0.0 0.0 0.0 0.209442 0.181239 0.213313 0.205884 0.181475 0.218712
375000 0.204428 0.187771 0.200413 0.0 0.0 0.0 0.201679 0.191261 0.199351 0.206903 0.184707 0.201367
375000 0.21391 0.1836 0.201176 0.0 0.0 0.0 0.212987 0.179536 0.200832 0.215184 0.189267 0.201645
375000 0.207222 0.188054 0.20415 0.0 0.0 0.0 0.206903 0.184707 0.201367 0.207562 0.191634 0.207056
375000 0.203986 0.186585 0.21021 0.0 0.0 0.0 0.206434 0.184347 0.208719 0.200442 0.189924 0.212367
375000 0.209535 0.185453 0.209059 0.0 0.0 0.0 0.206434 0.184347 0.208719 0.212533 0.186601 0.209387
375000 0.210939 0.183799 0.211408 0.0 0.0 0.0 0.209442 0.181239 0.213313 0.212533 0.186601 0.209387
375000 0.200555 0.185088 0.21248 0.0 0.0 0.0 0.200442 0.189924 0.212367 0.200669 0.180469 0.21259
375000 0.215582 0.180542 0.203912 0.0 0.0 0.0 0.218773 0.18187 0.207692 0.212987 0.179536 0.200832
375000 0.20791 0.184163 0.217993 0.0 0.0 0.0 0.205884 0.181475 0.218712 0.210702 0.187957 0.217009
375000 0.206853 0.189146 0.185634 0.0 0.0 0.0 0.207346 0.193362 0.180219 0.206552 0.186615 0.188964
375000 0.204992 0.193541 0.187398 0.0 0.0 0.0 0.203641 0.193707 0.191523 0.207346 0.193362 0.180219
375000 0.20595 0.197751 0.185691 0.0 0.0 0.0 0.205278 0.199931 0.188334 0.207346 0.193362 0.180219
375000 0.212389 0.191105 0.184835 0.0 0.0 0.0 0.216007 0.189556 0.188138 0.207346 0.193362 0.180219
375000 0.207264 0.192046 0.192733 0.0 0.0 0.0 0.210122 0.190808 0.193683 0.203641 0.193707 0.191523
375000 0.20589 0.195253 0.194399 0.0 0.0 0.0 0.203641 0.193707 0.191523 0.208623 0.197217 0.197887
375000 0.211082 0.19822 0.193365 0.0 0.0 0.0 0.208623 0.197217 0.197887 0.213805 0.19941 0.18836
375000 0.208559 0.199692 0.188346 0.0 0.0 0.0 0.205278 0.199931 0.188334 0.213805 0.19941 0.18836
375000 0.201673 0.194781 0.202153 0.0 0.0 0.0 0.201667 0.198997 0.205441 0.201679 0.191261 0.199351
375000 0.204709 0.191414 0.203323 0.0 0.0 0.0 0.201679 0.191261 0.199351 0.207562 0.191634 0.207056
375000 0.211959 0.190208 0.196578 0.0 0.0 0.0 0.210122 0.190808 0.193683 0.215184 0.189267 0.201645
375000 0.215155 0.192378 0.197264 0.0 0.0 0.0 0.215184 0.189267 0.201645 0.215141 0.194229 0.194746
375000 0.205343 0.198017 0.201447 0.0 0.0 0.0 0.208623 0.197217 0.197887 0.201667 0.198997 0.205441
375000 0.211691 0.193458 0.199646 0.0 0.0 0.0 0.208623 0.197217 0.197887 0.215184 0.189267 0.201645
375000 0.211939 0.200997 0.196462 0.0 0.0 0.0 0.208623 0.197217 0.197887 0.214061 0.203473 0.195549
375000 0.210301 0.20121 0.199766 0.0 0.0 0.0 0.208623 0.197217 0.197887 0.211374 0.203805 0.200963
375000 0.21092 0.187934 0.188585 0.0 0.0 0.0 0.216007 0.189556 0.188138 0.206552 0.186615 0.188964
375000 0.212399 0.190283 0.191537 0.0 0.0 0.0 0.210122 0.190808 0.193683 0.216007 0.189556 0.188138
375000 0.215476 0.192372 0.192179 0.0 0.0 0.0 0.216007 0.189556 0.188138 0.215141 0.194229 0.194746
375000 0.213249 0.197995 0.199131 0.0 0.0 0.0 0.21775 0.198826 0.200337 0.208623 0.197217 0.197887
375000 0.217816 0.202258 0.190953 0.0 0.0 0.0 0.213805 0.19941 0.18836 0.22168 0.205072 0.193442
375000 0.20102 0.194187 0.209085 0.0 0.0 0.0 0.200442 0.189924 0.212367 0.201667 0.198997 0.205441
375000 0.203583 0.193586 0.212923 0.0 0.0 0.0 0.200442 0.189924 0.212367 0.206175 0.19667 0.213378
375000 0.204253 0.197622 0.209998 0.0 0.0 0.0 0.206175 0.19667 0.213378 0.201667 0.198997 0.205441
375000 0.213517 0.187553 0.206506 0.0 0.0 0.0 0.212533 0.186601 0.209387 0.215184 0.189267 0.201645
375000 0.209008 0.19619 0.205999 0.0 0.0 0.0 0.210069 0.199585 0.205226 0.207562 0.191634 0.207056
375000 0.207998 0.197836 0.216698 0.0 0.0 0.0 0.21057 0.199567 0.221365 0.206175 0.19667 0.213378
375000 0.21073 0.201724 0.203065 0.0025673 0.0137297 -0.0178385 0.210069 0.199585 0.205226 0.211374 0.203805 0.200963
375000 0.213805 0.189627 0.210062 0.0 0.0 0.0 0.212533 0.186601 0.209387 0.216401 0.195906 0.211437
375000 0.213164 0.199241 0.203255 0.0 0.0 0.0 0.210069 0.199585 0.205226 0.21775 0.198826 0.200337
375000 0.215733 0.192237 0.206085 0.0 0.0 0.0 0.216401 0.195906 0.211437 0.215184 0.189267 0.201645
375000 0.213903 0.201802 0.200718 0.0 0.0 0.0 0.21775 0.198826 0.200337 0.211374 0.203805 0.200963
375000 0.217186 0.197576 0.204942 0.0 0.0 0.0 0.21775 0.198826 0.200337 0.216401 0.195906 0.211437
375000 0.219621 0.201769 0.197049 0.0 0.0 0.0 0.21775 0.198826 0.200337 0.22168 0.205072 0.193442
375000 0.184039 0.200971 0.19167 -0.884575 1.60214 -6.32491 0.18472 0.200534 0.196618 0.183474 0.201333 0.187562
375000 0.185626 0.205217 0.195071 -1.32537 -6.26859 3.26694 0.186221 0.208289 0.194056 0.18472 0.200534 0.196618
375000 0.185611 0.203457 0.200594 -1.5347 -3.05274 -5.8649 0.18678 0.20729 0.205808 0.18472 0.200534 0.196618
375000 0.182982 0.207724 0.194175 -2.67104 -0.0899431 0.304088 0.186221 0.208289 0.194056 0.179221 0.207067 0.194313
375000 0.185586 0.214423 0.195224 -1.85428 0.249258 -0.962469 0.189502 0.214508 0.197671 0.18211 0.214347 0.19305
375000 0.181132 0.206379 0.202563 0.0432699 -0.000962314 0.0242773 0.178512 0.205956 0.201058 0.18678 0.20729 0.205808
375000 0.184828 0.213399 0.204354 2.73039 -5.50503 1.0326 0.183684 0.216978 0.203502 0.18678 0.20729 0.205808
375000 0.190335 0.199803 0.189932 -8.24527 -21.752 1.86203 0.191457 0.204136 0.190091 0.189283 0.195739 0.189782
375000 0.192731 0.201246 0.211823 -2.0264 -7.16705 -5.90205 0.193136 0.204513 0.215084 0.192331 0.19801 0.208593
375000 0.194508 0.202027 0.208158 -2.87111 -5.72555 1.63836 0.195994 0.204768 0.207862 0.192331 0.19801 0.208593
375000 0.190049 0.201825 0.207448 2.40383 -3.77894 1.93916 0.18678 0.20729 0.205808 0.192331 0.19801 0.208593
375000 0.19521 0.200377 0.21532 6.2342 -8.72631 0.196518 0.193136 0.204513 0.215084 0.196891 0.197027 0.215512
375000 0.199411 0.199781 0.215909 -0.353473 -0.481351 -0.135911 0.202029 0.202642 0.216321 0.196891 0.197027 0.215512
375000 0.194397 0.202591 0.219108 0.760413 -1.39442 4.16815 0.193136 0.204513 0.215084 0.195648 0.200684 0.223102
375000 0.188172 0.209365 0.185792 -0.88472 -3.14834 -3.13774 0.189499 0.212907 0.188492 0.187197 0.206762 0.183809
375000 0.198091 0.206456 0.193922 0.118604 -0.489739 0.146756 0.196656 0.210236 0.19318 0.199947 0.201564 0.194882
375000 0.188437 0.206531 0.192378 3.68309 -1.99917 -2.85251 0.186221 0.208289 0.194056 0.191457 0.204136 0.190091
375000 0.194169 0.207318 0.191702 5.9004 5.70271 4.48484 0.191457 0.204136 0.190091 0.196656 0.210236 0.19318
375000 0.190496 0.208442 0.189306 -2.73748 9.85863 -0.263514 0.191457 0.204136 0.190091 0.189499 0.212907 0.188492
375000 0.187586 0.210876 0.19556 3.18434 6.10444 5.05713 0.186221 0.208289 0.194056 0.189502 0.214508 0.197671
375000 0.196774 0.210473 0.197281 -0.447759 0.736077 4.64428 0.196656 0.210236 0.19318 0.196911 0.210748 0.202041
375000 0.193146 0.212658 0.199821 -4.53755 1.5457 -1.97165 0.196911 0.210748 0.202041 0.189502 0.214508 0.197671
375000 0.191783 0.215298 0.185225 -1.56804 -1.47107 2.90708 0.194161 0.217787 0.181825 0.189499 0.212907 0.188492
375000 0.197118 0.214202 0.19221 0.931168 7.30075 -3.0824 0.196656 0.210236 0.19318 0.197654 0.218806 0.191084
375000 0.187852 0.217167 0.189351 5.8651 -10.3208 -1.48101 0.186301 0.221182 0.190159 0.189499 0.212907 0.188492
375000 0.190657 0.216074 0.20186 -0.0876334 -0.340031 -0.79041 0.191851 0.217693 0.20619 0.189502 0.214508 0.197671
375000 0.200211 0.210746 0.191181 2.30017 0.536238 -1.79292 0.196656 0.210236 0.19318 0.205628 0.211524 0.188133
375000 0.202637 0.204489 0.19842 0.0861867 0.141121 0.131894 0.199947 0.201564 0.194882 0.204677 0.206708 0.201102
375000 0.19589 0.207829 0.213382 2.22504 2.65669 -0.765877 0.193136 0.204513 0.215084 0.198837 0.211377 0.21156
375000 0.195623 0.203924 0.204868 -1.13244 -1.98032 -4.68872 0.195994 0.204768 0.207862 0.195261 0.2031 0.201947
375000 0.197094 0.207326 0.209293 -3.6454 -7.02139 -5.65819 0.198837 0.211377 0.21156 0.195994 0.204768 0.207862
375000 0.195905 0.206087 0.201984 -4.27016 -14.9827 2.08106 0.196911 0.210748 0.202041 0.195261 0.2031 0.201947
375000 0.192652 0.209294 0.203625 0.112393 0.0535774 -0.061017 0.18678 0.20729 0.205808 0.196911 0.210748 0.202041
375000 0.191422 0.208807 0.215374 -10.6366 18.0861 2.31862 0.193136 0.204513 0.215084 0.189303 0.214118 0.215732
375000 0.188128 0.210938 0.211111 0.511743 2.31832 4.43357 0.18678 0.20729 0.205808 0.189303 0.214118 0.215732
375000 0.198409 0.215037 0.200586 1.02882 1.93098 -0.562669 0.196911 0.210748 0.202041 0.199603 0.218457 0.199426
375000 0.194382 0.214219 0.204115 7.93919 -7.96407 -6.6139 0.191851 0.217693 0.20619 0.196911 0.210748 0.202041
375000 0.1976 0.201602 0.203223 1.92756 -1.03747 0.649814 0.195261 0.2031 0.201947 0.201667 0.198997 0.205441
375000 0.202831 0.213982 0.212924 3.98685 3.04047 0.692975 0.198837 0.211377 0.21156 0.206423 0.216324 0.214151
375000 0.201119 0.208559 0.201532 6.56691 -2.89635 0.274739 0.196911 0.210748 0.202041 0.204677 0.206708 0.201102
375000 0.200978 0.212778 0.203487 7.06052 2.35133 3.09903 0.196911 0.210748 0.202041 0.204964 0.214769 0.204905
375000 0.190693 0.216068 0.210526 -3.09041 -2.98469 6.79226 0.191851 0.217693 0.20619 0.189303 0.214118 0.215732
375000 0.200684 0.205204 0.218936 -0.190306 0.237469 0.322923 0.202029 0.202642 0.216321 0.199508 0.207444 0.221223
375000 0.201637 0.215448 0.198299 -2.38452 2.89675 1.73382 0.203395 0.212847 0.197325 0.199603 0.218457 0.199426
375000 0.206626 0.201479 0.185775 -0.471876 -0.745941 0.861835 0.208014 0.203072 0.183141 0.205278 0.199931 0.188334
375000 0.210283 0.201637 0.185186 5.03949 -3.77447 3.49476 0.208014 0.203072 0.183141 0.213805 0.19941 0.18836
375000 0.208354 0.201045 0.195112 -0.401574 -4.5885 4.09697 0.208164 0.203743 0.193155 0.208623 0.197217 0.197887
375000 0.213967 0.201986 0.192918 -1.45712 -3.69025 -6.64479 0.214061 0.203473 0.195549 0.213805 0.19941 0.18836
375000 0.204091 0.199672 0.214858 0.102995 -0.163244 -0.115255 0.202029 0.202642 0.216321 0.206175 0.19667 0.213378
375000 0.204907 0.20331 0.181843 -2.79405 -0.200054 -1.45718 0.208014 0.203072 0.183141 0.200512 0.203647 0.180006
375000 0.203042 0.212227 0.182472 1.79512 -0.714533 2.88105 0.201197 0.212728 0.178434 0.205628 0.211524 0.188133
375000 0.211683 0.210552 0.189406 -3.60059 1.01133 -1.23213 0.215251 0.209979 0.190155 0.205628 0.211524 0.188133
375000 0.213385 0.210022 0.193339 -2.95523 0.228401 3.621 0.215251 0.209979 0.190155 0.211194 0.210073 0.197078
375000 0.212882 0.206186 0.196178 -5.18445 8.05961 1.95484 0.214061 0.203473 0.195549 0.211194 0.210073 0.197078
375000 0.207282 0.206449 0.191409 -1.82335 4.72031 -4.28857 0.208164 0.203743 0.193155 0.205628 0.211524 0.188133
375000 0.204163 0.212392 0.194161 -0.237274 0.212467 2.62907 0.205628 0.211524 0.188133 0.203395 0.212847 0.197325
375000 0.207819 0.20833 0.199162 -9.89994 -5.02481 8.62423 0.211194 0.210073 0.197078 0.204677 0.206708 0.201102
375000 0.21268 0.213403 0.199419 -3.57689 -5.13396 -4.1568 0.214113 0.216614 0.201677 0.211194 0.210073 0.197078
375000 0.20397 0.210091 0.199021 0.474292 -2.62868 2.24607 0.203395 0.212847 0.197325 0.204677 0.206708 0.201102
375000 0.209241 0.216526 0.187062 3.96412 7.07453 -0.499425 0.205628 0.211524 0.188133 0.211348 0.219444 0.186437
375000 0.212001 0.213933 0.195282 3.48422 8.83142 -4.81778 0.211194 0.210073 0.197078 0.212737 0.217454 0.193645
375000 0.217969 0.207905 0.191545 4.54139 -2.6635 1.49428 0.215251 0.209979 0.190155 0.22168 0.205072 0.193442
375000 0.206374 0.210992 0.207274 -0.847752 1.66677 -1.44983 0.208057 0.206488 0.2101 0.204964 0.214769 0.204905
375000 0.207695 0.207995 0.215457 -0.535103 0.498198 2.59731 0.208057 0.206488 0.2101 0.207385 0.209283 0.220036
375000 0.206888 0.21292 0.216996 -0.107782 -4.27462 4.38101 0.206423 0.216324 0.214151 0.207385 0.209283 0.220036
375000 0.209971 0.216108 0.216846 -2.25083 0.118953 -2.35426 0.213232 0.215909 0.219322 0.206423 0.216324 0.214151
375000 0.21278 0.215166 0.209256 -1.05211 2.03047 -1.03489 0.214169 0.212575 0.21006 0.211311 0.217908 0.208406
375000 0.20872 0.216627 0.206977 6.21963 3.19323 2.17171 0.204964 0.214769 0.204905 0.211311 0.217908 0.208406
375000 0.212532 0.217344 0.205475 -1.18202 0.885732 2.38571 0.214113 0.216614 0.201677 0.211311 0.217908 0.208406
375000 0.216563 0.214829 0.198799 2.00174 -0.977502 -2.6026 0.214113 0.216614 0.201677 0.218862 0.213154 0.196097
375000 0.215567 0.210987 0.207865 0.531172 -0.384517 -0.644919 0.214169 0.212575 0.21006 0.218052 0.208163 0.203962
375000 0.215362 0.210795 0.212228 0.918495 -1.04095 1.84007 0.214169 0.212575 0.21006 0.217722 0.207275 0.216516
375000 0.212015 0.218488 0.189899 1.55691 -1.78011 4.56821 0.211348 0.219444 0.186437 0.212737 0.217454 0.193645
375000 0.215811 0.215296 0.194876 -5.05744 3.64491 -3.20475 0.218862 0.213154 0.196097 0.212737 0.217454 0.193645
375000 0.214164 0.218253 0.209867 -6.75355 -0.671152 -4.92611 0.217929 0.21871 0.211795 0.211311 0.217908 0.208406
375000 0.182996 0.217724 0.210038 4.1541 5.42635 0.723682 0.180898 0.214593 0.21019 0.184989 0.220699 0.209895
375000 0.187332 0.217297 0.204702 1.84341 0.0187169 0.909906 0.183684 0.216978 0.203502 0.191851 0.217693 0.20619
375000 0.19882 0.21624 0.212529 -0.422011 8.68819 0.387954 0.198837 0.211377 0.21156 0.198808 0.219883 0.213256
375000 0.184391 0.210986 0.193608 -1.91833 2.67341 0.0655226 0.186221 0.208289 0.194056 0.18211 0.214347 0.19305
375000 0.21036 0.202057 0.191289 0.560779 -0.451909 -0.671963 0.208164 0.203743 0.193155 0.213805 0.19941 0.18836
375000 0.194062 0.206724 0.187522 3.00157 2.97517 -2.05086 0.191457 0.204136 0.190091 0.196287 0.208934 0.185328
375000 0.182276 0.215773 0.206881 -0.250605 -0.231053 0.440036 0.183684 0.216978 0.203502 0.180898 0.214593 0.21019
375000 0.203133 0.21585 0.217126 0.3645 -0.013931 -0.279716 0.199752 0.215363 0.220183 0.206423 0.216324 0.214151
375000 0.187579 0.210203 0.19175 0.10067 0.174351 -0.148232 0.186221 0.208289 0.194056 0.189499 0.212907 0.188492
375000 0.19983 0.209917 0.186392 6.00623 1.19226 0.867567 0.196287 0.208934 0.185328 0.205628 0.211524 0.188133
375000 0.20451 0.204225 0.213761 0.280613 0.19705 -0.407801 0.202029 0.202642 0.216321 0.208057 0.206488 0.2101
375000 0.199313 0.213449 0.216042 0.00311417 0.147811 0.231948 0.198837 0.211377 0.21156 0.199752 0.215363 0.220183
375000 0.194676 0.20914 0.181863 1.96372 0.472876 5.27076 0.19298 0.209358 0.178217 0.196287 0.208934 0.185328
375000 0.207792 0.199846 0.18217 -0.0653968 -1.71593 -0.824715 0.208014 0.203072 0.183141 0.207346 0.193362 0.180219
375000 0.198098 0.202627 0.206964 1.33998 -1.4 -0.258448 0.195994 0.204768 0.207862 0.201667 0.198997 0.205441
375000 0.183042 0.21193 0.208592 -0.885506 0.790023 0.483269 0.18678 0.20729 0.205808 0.180898 0.214593 0.21019
375000 0.216918 0.204073 0.194759 0.287066 0.0350807 -0.122618 0.214061 0.203473 0.195549 0.22168 0.205072 0.193442
375000 0.215828 0.212935 0.202672 2.70902 -4.04381 1.48387 0.214113 0.216614 0.201677 0.218052 0.208163 0.203962
375000 0.180776 0.217285 0.200993 -0.667955 0.0778854 -0.793032 0.183684 0.216978 0.203502 0.178246 0.217553 0.198811
375000 0.212009 0.210424 0.210074 -0.153562 -0.117392 0.0184106 0.214169 0.212575 0.21006 0.208057 0.206488 0.2101
375000 0.190143 0.201512 0.21696 -3.8031 -2.74175 2.43253 0.193136 0.204513 0.215084 0.186369 0.197727 0.219326
375000 0.205882 0.217408 0.190267 0.172537 0.98255 0.483029 0.205628 0.211524 0.188133 0.206041 0.221113 0.19161
375000 0.182285 0.202359 0.205164 0.0 0.0 0.0 0.18678 0.20729 0.205808 0.178727 0.198525 0.204651
375000 0.181598 0.204205 0.195312 0.0 0.0 0.0 0.179221 0.207067 0.194313 0.18472 0.200534 0.196618
375000 0.181363 0.212658 0.196712 0.00267248 0.00423155 -0.0151775 0.180805 0.211395 0.199449 0.18211 0.214347 0.19305
375000 0.180859 0.203865 0.199379 0.0 0.0 0.0 0.178512 0.205956 0.201058 0.18472 0.200534 0.196618
375000 0.183093 0.2179 0.195489 0.0 0.0 0.0 0.18389 0.220842 0.197464 0.18211 0.214347 0.19305
375000 0.18208 0.213832 0.201245 0.0 0.0 0.0 0.180805 0.211395 0.199449 0.183684 0.216978 0.203502
375000 0.187421 0.201036 0.18496 0.0 0.0 0.0 0.190867 0.200853 0.182687 0.183474 0.201333 0.187562
375000 0.185572 0.213635 0.190913 0.0 0.0 0.0 0.189499 0.212907 0.188492 0.18211 0.214347 0.19305
375000 0.187316 0.202643 0.188781 0.0 0.0 0.0 0.191457 0.204136 0.190091 0.183474 0.201333 0.187562
375000 0.188275 0.202398 0.193173 0.0 0.0 0.0 0.191457 0.204136 0.190091 0.18472 0.200534 0.196618
375000 0.189119 0.20394 0.197172 0.0 0.0 0.0 0.191977 0.206196 0.197532 0.18472 0.200534 0.196618
375000 0.182704 0.21009 0.201471 0.00417164 -0.00355215 0.0036231 0.180805 0.211395 0.199449 0.18678 0.20729 0.205808
375000 0.184136 0.217615 0.191652 0.0 0.0 0.0 0.186301 0.221182 0.190159 0.18211 0.214347 0.19305
375000 0.186236 0.218158 0.19755 0.0 0.0 0.0 0.189502 0.214508 0.197671 0.18389 0.220842 0.197464
375000 0.18633 0.215819 0.20085 0.0 0.0 0.0 0.183684 0.216978 0.203502 0.189502 0.214508 0.197671
375000 0.194088 0.201028 0.204604 0.0 0.0 0.0 0.195261 0.2031 0.201947 0.192331 0.19801 0.208593
375000 0.19633 0.198632 0.218923 0.0 0.0 0.0 0.195648 0.200684 0.223102 0.196891 0.197027 0.215512
375000 0.189037 0.205587 0.186527 0.0 0.0 0.0 0.191457 0.204136 0.190091 0.187197 0.206762 0.183809
375000 0.191129 0.202283 0.186003 0.0 0.0 0.0 0.191457 0.204136 0.190091 0.190867 0.200853 0.182687
375000 0.191758 0.205329 0.194401 -0.0 -0.0 0.0 0.191457 0.204136 0.190091 0.191977 0.206196 0.197532
375000 0.195336 0.202923 0.192282 0.0 0.0 0.0 0.191457 0.204136 0.190091 0.199947 0.201564 0.194882
375000 0.196462 0.209525 0.189115 0.0 0.0 0.0 0.196656 0.210236 0.19318 0.196287 0.208934 0.185328
375000 0.19322 0.21069 0.186758 0.0 0.0 0.0 0.196287 0.208934 0.185328 0.189499 0.212907 0.188492
375000 0.189113 0.207208 0.195804 0.0 0.0 0.0 0.186221 0.208289 0.194056 0.191977 0.206196 0.197532
375000 0.194043 0.207954 0.195608 0.0 0.0 0.0 0.191977 0.206196 0.197532 0.196656 0.210236 0.19318
375000 0.190952 0.209606 0.197589 0.0 0.0 0.0 0.191977 0.206196 0.197532 0.189502 0.214508 0.197671
375000 0.195 0.204411 0.196525 0.0 0.0 0.0 0.191977 0.206196 0.197532 0.199947 0.201564 0.194882
375000 0.193295 0.211453 0.19098 0.0 0.0 0.0 0.196656 0.210236 0.19318 0.189499 0.212907 0.188492
375000 0.193285 0.212212 0.195294 0.0 0.0 0.0 0.196656 0.210236 0.19318 0.189502 0.214508 0.197671
375000 0.189499 0.213674 0.193097 0.0 0.0 0.0 0.189499 0.212907 0.188492 0.189502 0.214508 0.197671
375000 0.19367 0.204599 0.199809 -0.0 0.0 0.0 0.191977 0.206196 0.197532 0.195261 0.2031 0.201947
375000 0.190256 0.206558 0.200272 -0.00391969 -0.000111687 0.00511923 0.191977 0.206196 0.197532 0.18678 0.20729 0.205808
375000 0.193977 0.208015 0.19936 0.0 0.0 0.0 0.191977 0.206196 0.197532 0.196911 0.210748 0.202041
375000 0.188378 0.211495 0.201028 0.0 0.0 0.0 0.18678 0.20729 0.205808 0.189502 0.214508 0.197671
375000 0.196969 0.202503 0.199369 0.0 0.0 0.0 0.195261 0.2031 0.201947 0.199947 0.201564 0.194882
375000 0.195346 0.212806 0.183782 0.0 0.0 0.0 0.194161 0.217787 0.181825 0.196287 0.208934 0.185328
375000 0.19352 0.215781 0.189772 0.0 0.0 0.0 0.197654 0.218806 0.191084 0.189499 0.212907 0.188492
375000 0.200805 0.200243 0.200163 0.0 0.0 0.0 0.199947 0.201564 0.194882 0.201667 0.198997 0.205441
375000 0.198165 0.206544 0.182962 0.0 0.0 0.0 0.196287 0.208934 0.185328 0.200512 0.203647 0.180006
375000 0.198551 0.210647 0.182148 0.0 0.0 0.0 0.201197 0.212728 0.178434 0.196287 0.208934 0.185328
375000 0.200396 0.21165 0.195484 0.0 0.0 0.0 0.196656 0.210236 0.19318 0.203395 0.212847 0.197325
375000 0.204992 0.202866 0.193822 0.0 0.0 0.0 0.208164 0.203743 0.193155 0.199947 0.201564 0.194882
375000 0.194839 0.204628 0.210775 0.0 0.0 0.0 0.193136 0.204513 0.215084 0.195994 0.204768 0.207862
375000 0.190506 0.205624 0.21125 0.0 0.0 0.0 0.193136 0.204513 0.215084 0.18678 0.20729 0.205808
375000 0.19302 0.205544 0.2072 0.0 0.0 0.0 0.195994 0.204768 0.207862 0.18678 0.20729 0.205808
375000 0.196356 0.207101 0.205555 0.0 0.0 0.0 0.195994 0.204768 0.207862 0.196911 0.210748 0.202041
375000 0.192568 0.204393 0.203173 0.0 0.0 0.0 0.18678 0.20729 0.205808 0.195261 0.2031 0.201947
375000 0.197856 0.211056 0.206708 0.0 0.0 -0.0 0.198837 0.211377 0.21156 0.196911 0.210748 0.202041
375000 0.196805 0.206164 0.21862 0.0 0.0 0.0 0.193136 0.204513 0.215084 0.199508 0.207444 0.221223
375000 0.194413 0.212613 0.213495 0.0 0.0 0.0 0.198837 0.211377 0.21156 0.189303 0.214118 0.215732
375000 0.189718 0.213282 0.206029 0.0 0.0 0.0 0.191851 0.217693 0.20619 0.18678 0.20729 0.205808
375000 0.195276 0.214559 0.208823 0.0 0.0 0.0 0.198837 0.211377 0.21156 0.191851 0.217693 0.20619
375000 0.200747 0.211954 0.19925 0.0 0.0 0.0 0.196911 0.210748 0.202041 0.203395 0.212847 0.197325
375000 0.203177 0.209076 0.210872 0.62885 -0.223139 -0.138536 0.198837 0.211377 0.21156 0.208057 0.206488 0.2101
375000 0.201988 0.213086 0.208135 0.0 0.0 0.0 0.198837 0.211377 0.21156 0.204964 0.214769 0.204905
375000 0.197962 0.20346 0.215755 0.0 0.0 0.0 0.193136 0.204513 0.215084 0.202029 0.202642 0.216321
375000 0.195109 0.214774 0.218205 0.0 0.0 0.0 0.199752 0.215363 0.220183 0.189303 0.214118 0.215732
375000 0.199229 0.217822 0.216358 0.0 0.0 0.0 0.199752 0.215363 0.220183 0.198808 0.219883 0.213256
375000 0.186649 0.218132 0.21214 0.0 0.0 0.0 0.189303 0.214118 0.215732 0.184989 0.220699 0.209895
375000 0.1991 0.201705 0.21943 0.0 0.0 0.0 0.202029 0.202642 0.216321 0.195648 0.200684 0.223102
375000 0.195917 0.218264 0.186489 0.0 0.0 0.0 0.194161 0.217787 0.181825 0.197654 0.218806 0.191084
375000 0.201098 0.215621 0.18981 0.0 0.0 0.0 0.197654 0.218806 0.191084 0.205628 0.211524 0.188133
375000 0.202005 0.216766 0.201885 0.0 0.0 0.0 0.204964 0.214769 0.204905 0.199603 0.218457 0.199426
375000 0.202266 0.218229 0.213663 0.0 0.0 0.0 0.206423 0.216324 0.214151 0.198808 0.219883 0.213256
375000 0.206706 0.201782 0.190724 0.0 0.0 0.0 0.208164 0.203743 0.193155 0.205278 0.199931 0.188334
375000 0.204783 0.202614 0.207714 0.0 0.0 0.0 0.208057 0.206488 0.2101 0.201667 0.198997 0.205441
375000 0.206952 0.200698 0.212021 0.0 0.0 0.0 0.208057 0.206488 0.2101 0.206175 0.19667 0.213378
375000 0.205552 0.201335 0.218403 0.0 0.0 0.0 0.202029 0.202642 0.216321 0.21057 0.199567 0.221365
375000 0.202723 0.207017 0.183524 0.0 0.0 0.0 0.205628 0.211524 0.188133 0.200512 0.203647 0.180006
375000 0.207176 0.205993 0.184891 0.0 0.0 0.0 0.208014 0.203072 0.183141 0.205628 0.211524 0.188133
375000 0.211065 0.208963 0.184807 0.0 0.0 0.0 0.205628 0.211524 0.188133 0.215073 0.207141 0.182354
375000 0.207069 0.20952 0.18222 0.0 0.0 0.0 0.205628 0.211524 0.188133 0.20787 0.208471 0.178946
375000 0.202437 0.216565 0.181103 0.0 0.0 0.0 0.201197 0.212728 0.178434 0.2034 0.219609 0.183171
375000 0.211255 0.203564 0.194413 0.0 0.0 0.0 0.208164 0.203743 0.193155 0.214061 0.203473 0.195549
375000 0.20948 0.20646 0.194864 0.0 0.0 0.0 0.208164 0.203743 0.193155 0.211194 0.210073 0.197078
375000 0.208916 0.210629 0.193422 0.0 0.0 0.0 0.205628 0.211524 0.188133 0.211194 0.210073 0.197078
375000 0.206756 0.211614 0.19722 0.0 0.0 0.0 0.203395 0.212847 0.197325 0.211194 0.210073 0.197078
375000 0.212718 0.203639 0.198255 -0.0 -0.0 -0.0 0.214061 0.203473 0.195549 0.211374 0.203805 0.200963
375000 0.2113 0.206356 0.199368 0.0 0.0 0.0 0.211194 0.210073 0.197078 0.211374 0.203805 0.200963
375000 0.204039 0.213603 0.200456 0.0 0.0 0.0 0.204964 0.214769 0.204905 0.203395 0.212847 0.197325
375000 0.204196 0.216722 0.184943 -0.00405259 0.00988074 -0.00825263 0.205628 0.211524 0.188133 0.2034 0.219609 0.183171
375000 0.214035 0.213552 0.191843 0.0 0.0 0.0 0.215251 0.209979 0.190155 0.212737 0.217454 0.193645
375000 0.209983 0.215123 0.191515 0.0 0.0 0.0 0.205628 0.211524 0.188133 0.212737 0.217454 0.193645
375000 0.216999 0.211481 0.193037 0.0 0.0 0.0 0.218862 0.213154 0.196097 0.215251 0.209979 0.190155
375000 0.215216 0.211653 0.196565 0.0 0.0 0.0 0.218862 0.213154 0.196097 0.211194 0.210073 0.197078
375000 0.214238 0.209187 0.200138 0.0 0.0 0.0 0.218052 0.208163 0.203962 0.211194 0.210073 0.197078
375000 0.210207 0.204723 0.20418 0.0 0.0 0.0 0.208057 0.206488 0.2101 0.211374 0.203805 0.200963
375000 0.208503 0.205022 0.201025 0.0 0.0 0.0 0.211374 0.203805 0.200963 0.204677 0.206708 0.201102
375000 0.206093 0.206578 0.204879 0.0 0.0 0.0 0.208057 0.206488 0.2101 0.204677 0.206708 0.201102
375000 0.204808 0.210404 0.202864 0.0 0.0 0.0 0.204964 0.214769 0.204905 0.204677 0.206708 0.201102
375000 0.207147 0.211915 0.21235 0.0 0.0 0.0 0.208057 0.206488 0.2101 0.206423 0.216324 0.214151
375000 0.205708 0.215528 0.209637 0.0 0.0 0.0 0.206423 0.216324 0.214151 0.204964 0.214769 0.204905
375000 0.209793 0.215707 0.203202 0.0 0.0 0.0 0.214113 0.216614 0.201677 0.204964 0.214769 0.204905
375000 0.21191 0.20156 0.210718 0.0 0.0 0.0 0.208057 0.206488 0.2101 0.216401 0.195906 0.211437
375000 0.213766 0.205341 0.20204 0.0 0.0 0.0 0.218052 0.208163 0.203962 0.211374 0.203805 0.200963
375000 0.213121 0.2073 0.206987 0.0 0.0 0.0 0.208057 0.206488 0.2101 0.218052 0.208163 0.203962
375000 0.212698 0.206828 0.213183 0.0 0.0 0.0 0.208057 0.206488 0.2101 0.217722 0.207275 0.216516
375000 0.215735 0.215098 0.210785 0.0 0.0 0.0 0.214169 0.212575 0.21006 0.217929 0.21871 0.211795
375000 0.204437 0.205593 0.217992 0.0 0.0 0.0 0.202029 0.202642 0.216321 0.207385 0.209283 0.220036
375000 0.213403 0.21701 0.197552 0.0 0.0 0.0 0.214113 0.216614 0.201677 0.212737 0.217454 0.193645
375000 0.215899 0.217409 0.191158 0.0 0.0 0.0 0.220604 0.217431 0.187455 0.212737 0.217454 0.193645
375000 0.209257 0.217207 0.210817 0.0 0.0 0.0 0.206423 0.216324 0.214151 0.211311 0.217908 0.208406
375000 0.218203 0.217222 0.202273 0.0 0.0 0.0 0.214113 0.216614 0.201677 0.224642 0.218271 0.203207
375000 0.219927 0.206524 0.198512 0.0 0.0 0.0 0.218052 0.208163 0.203962 0.22168 0.205072 0.193442
375000 0.218517 0.211021 0.199401 0.0 0.0 0.0 0.218862 0.213154 0.196097 0.218052 0.208163 0.203962
