# ts x y z Fx Fy Fz x1 y1 z1 x2 y2 z2
3031250 0.185897 0.192952 0.187919 0.741863 0.313349 0.290614 0.182608 0.191838 0.186066 0.189409 0.194141 0.189898
3031250 0.183441 0.190252 0.197101 -1.6987 1.07763 0.276938 0.187202 0.188125 0.195823 0.180684 0.191811 0.198037
3031250 0.188958 0.196653 0.198046 -2.3293 1.42424 -0.448606 0.192865 0.19446 0.199517 0.184804 0.198985 0.196481
3031250 0.194439 0.178898 0.181478 0.575813 0.71551 -0.0314508 0.191391 0.176137 0.181531 0.196915 0.18114 0.181436
3031250 0.19809 0.183647 0.183304 -1.21253 -1.67256 -1.34015 0.199485 0.186624 0.185523 0.196915 0.18114 0.181436
3031250 0.192882 0.181242 0.187268 -1.34525 1.94292 -0.380629 0.195577 0.178389 0.188125 0.189209 0.18513 0.1861
3031250 0.197902 0.179592 0.191171 2.86449 2.5219 4.52622 0.195577 0.178389 0.188125 0.200794 0.181087 0.194958
3031250 0.189228 0.202341 0.183159 -0.646407 0.735657 0.140482 0.191138 0.199299 0.182624 0.187432 0.205202 0.183663
3031250 0.197701 0.187642 0.188917 -1.81545 1.19427 2.58807 0.199485 0.186624 0.185523 0.19567 0.1888 0.192782
3031250 0.192426 0.191567 0.191288 -0.58146 0.535147 -0.145956 0.19567 0.1888 0.192782 0.189409 0.194141 0.189898
3031250 0.196611 0.191896 0.18963 -0.381843 -0.928295 0.73352 0.197621 0.195217 0.18625 0.19567 0.1888 0.192782
3031250 0.194298 0.191569 0.196077 0.26761 -1.15752 -1.31695 0.192865 0.19446 0.199517 0.19567 0.1888 0.192782
3031250 0.195054 0.192041 0.202923 0.785116 -0.785965 1.5955 0.192865 0.19446 0.199517 0.196632 0.190297 0.205379
3031250 0.192626 0.195413 0.20413 -0.252418 0.3387 1.22854 0.192865 0.19446 0.199517 0.192394 0.19634 0.20862
3031250 0.19621 0.197008 0.197379 0.209863 0.228971 -0.164394 0.192865 0.19446 0.199517 0.199982 0.199882 0.194967
3031250 0.198103 0.185137 0.193815 -0.923757 1.59355 -0.732248 0.200794 0.181087 0.194958 0.19567 0.1888 0.192782
3031250 0.202419 0.188474 0.183596 1.8017 1.55928 -1.07331 0.199485 0.186624 0.185523 0.207436 0.191638 0.180301
3031250 0.202971 0.185797 0.187228 0.374408 -0.15923 0.218711 0.199485 0.186624 0.185523 0.206643 0.184926 0.189024
3031250 0.199068 0.198596 0.183094 0.299373 0.924445 -0.621066 0.197621 0.195217 0.18625 0.200495 0.201927 0.179983
3031250 0.189148 0.193304 0.209767 0.76591 0.990993 -0.368374 0.186298 0.190639 0.210773 0.192394 0.19634 0.20862
3031250 0.196719 0.196817 0.207156 -1.00214 -0.170067 0.521053 0.201726 0.197368 0.205462 0.192394 0.19634 0.20862
3031250 0.199559 0.186132 0.216459 -0.108224 -0.634637 1.53292 0.200551 0.188216 0.212263 0.198829 0.184599 0.219547
3031250 0.204595 0.18214 0.186677 0.00208741 0.00252068 0.00303918 0.202872 0.179796 0.184703 0.206643 0.184926 0.189024
3031250 0.210118 0.179502 0.192398 0.495737 0.494509 0.213203 0.20759 0.17666 0.190588 0.212573 0.182263 0.194156
3031250 0.20419 0.182145 0.198463 3.8053 0.307108 3.68914 0.200794 0.181087 0.194958 0.206959 0.183008 0.201322
3031250 0.21109 0.186076 0.194102 0.158647 -0.426691 0.0786903 0.209976 0.188941 0.194062 0.212573 0.182263 0.194156
3031250 0.214118 0.184848 0.191387 -0.166776 -0.422879 0.342685 0.215955 0.18792 0.188096 0.212573 0.182263 0.194156
3031250 0.206666 0.182844 0.205382 0.344145 -0.344888 -3.02319 0.206429 0.18271 0.208674 0.206959 0.183008 0.201322
3031250 0.208011 0.181025 0.211034 0.904809 -1.14384 1.10917 0.206429 0.18271 0.208674 0.209452 0.179491 0.213182
3031250 0.20409 0.180998 0.210258 -2.00292 -2.01764 1.29246 0.206429 0.18271 0.208674 0.200797 0.178588 0.212489
3031250 0.210542 0.184943 0.201432 -3.28616 -2.3444 0.28944 0.215279 0.187501 0.201577 0.206959 0.183008 0.201322
3031250 0.206949 0.185879 0.207897 0.347697 1.4793 -0.611216 0.206429 0.18271 0.208674 0.20762 0.189963 0.206895
3031250 0.212227 0.17938 0.214339 2.16896 0.28853 0.929571 0.209452 0.179491 0.213182 0.21594 0.179233 0.215886
3031250 0.205155 0.192548 0.198661 -1.30943 -1.30088 0.588645 0.208675 0.195622 0.197893 0.201789 0.189608 0.199395
3031250 0.208564 0.187239 0.191926 -0.581382 -0.556283 -0.593301 0.209976 0.188941 0.194062 0.206643 0.184926 0.189024
3031250 0.212502 0.190669 0.194363 0.236782 0.224713 0.0344373 0.209976 0.188941 0.194062 0.215043 0.192407 0.194665
3031250 0.209464 0.191571 0.19557 -0.3267 0.958416 0.441352 0.209976 0.188941 0.194062 0.208675 0.195622 0.197893
3031250 0.214561 0.194415 0.192363 0.415025 -1.21115 1.07033 0.213746 0.197817 0.188463 0.215043 0.192407 0.194665
3031250 0.20955 0.197058 0.202321 -0.625612 -1.0787 -2.17184 0.210124 0.198001 0.205229 0.208675 0.195622 0.197893
3031250 0.217954 0.191384 0.194882 -1.24024 0.662391 -0.163923 0.221829 0.190022 0.195171 0.215043 0.192407 0.194665
3031250 0.204293 0.18914 0.209421 0.956574 0.438062 -0.876303 0.200551 0.188216 0.212263 0.20762 0.189963 0.206895
3031250 0.204998 0.193257 0.206257 0.74044 -1.29434 0.30387 0.201726 0.197368 0.205462 0.20762 0.189963 0.206895
3031250 0.211002 0.188876 0.204546 -2.71069 1.41977 1.75878 0.215279 0.187501 0.201577 0.20762 0.189963 0.206895
3031250 0.203474 0.201732 0.202984 0.546122 1.35824 -0.495814 0.201726 0.197368 0.205462 0.204801 0.205045 0.201102
3031250 0.209394 0.200462 0.206985 -0.581251 1.25138 1.18115 0.210124 0.198001 0.205229 0.208086 0.204875 0.210134
3031250 0.21719 0.183593 0.204751 -0.318833 0.611672 -0.353146 0.218902 0.180093 0.207593 0.215279 0.187501 0.201577
3031250 0.212202 0.196776 0.207193 1.44397 -1.26121 1.82177 0.210124 0.198001 0.205229 0.21654 0.19422 0.211293
3031250 0.207102 0.188802 0.218515 1.47055 -1.36619 -0.591487 0.20397 0.190953 0.219958 0.210773 0.186281 0.216824
3031250 0.20695 0.192492 0.210253 0.545618 -1.0809 -1.31025 0.206329 0.194835 0.213363 0.20762 0.189963 0.206895
3031250 0.205168 0.192924 0.21661 0.0845072 0.312764 -0.489081 0.20397 0.190953 0.219958 0.206329 0.194835 0.213363
3031250 0.203767 0.17924 0.216008 3.08092 0.841869 2.7104 0.200797 0.178588 0.212489 0.205971 0.179723 0.21862
3031250 0.2024 0.189696 0.216425 0.308936 0.2962 0.542198 0.200551 0.188216 0.212263 0.20397 0.190953 0.219958
3031250 0.194581 0.187997 0.206817 1.67363 2.57703 -1.16553 0.192043 0.185151 0.208597 0.196632 0.190297 0.205379
3031250 0.207024 0.197767 0.205315 -0.732721 -0.155051 0.0859666 0.210124 0.198001 0.205229 0.201726 0.197368 0.205462
3031250 0.189108 0.187955 0.209709 -0.743355 0.884195 0.174602 0.192043 0.185151 0.208597 0.186298 0.190639 0.210773
3031250 0.208761 0.182752 0.186151 -0.645046 0.709121 0.65794 0.211501 0.17994 0.182435 0.206643 0.184926 0.189024
3031250 0.191947 0.182879 0.212137 -0.599264 -1.80361 2.7324 0.192043 0.185151 0.208597 0.191825 0.180003 0.21662
3031250 0.181859 0.195948 0.193788 0.724646 1.09627 0.804587 0.180073 0.194107 0.192156 0.184804 0.198985 0.196481
3031250 0.198726 0.189204 0.196085 1.11433 -0.0744005 1.44843 0.19567 0.1888 0.192782 0.201789 0.189608 0.199395
3031250 0.21899 0.188929 0.197946 -4.10855 -1.25015 2.88498 0.221829 0.190022 0.195171 0.215279 0.187501 0.201577
3031250 0.216648 0.178504 0.19925 -2.69577 -0.931043 1.16866 0.222406 0.17946 0.196597 0.213119 0.177917 0.200876
3031250 0.20517 0.188608 0.190343 0.030506 -0.130727 -0.0352656 0.203794 0.192047 0.191576 0.206643 0.184926 0.189024
3031250 0.19862 0.193056 0.205412 -1.26893 -1.59009 0.289475 0.201726 0.197368 0.205462 0.196632 0.190297 0.205379
3031250 0.1967 0.179946 0.205718 -0.00425049 -0.00702388 0.00193516 0.199405 0.183131 0.204857 0.193636 0.176339 0.206694
3031250 0.199945 0.185527 0.208346 -0.00128773 -0.00244084 -0.00453315 0.200551 0.188216 0.212263 0.199405 0.183131 0.204857
3031250 0.211853 0.185354 0.212278 -0.410706 0.407807 1.16878 0.212576 0.184733 0.209232 0.210773 0.186281 0.216824
3031250 0.216652 0.192651 0.200803 -0.0682547 -0.320875 0.0996205 0.217825 0.197051 0.200142 0.215279 0.187501 0.201577
3031250 0.215619 0.200016 0.197401 -0.23249 0.419275 -0.277773 0.217825 0.197051 0.200142 0.214169 0.201965 0.195599
3031250 0.196886 0.193238 0.218252 0.0 -0.0 -0.0 0.196478 0.191109 0.221003 0.197324 0.19552 0.215303
3031250 0.198742 0.19231 0.213967 -3.40524e-06 1.21019e-05 3.60738e-06 0.200551 0.188216 0.212263 0.197324 0.19552 0.215303
3031250 0.215096 0.182885 0.208579 -0.216079 0.175586 0.103941 0.218902 0.180093 0.207593 0.212576 0.184733 0.209232
3031250 0.184214 0.199402 0.191518 -0.0465386 -0.0564272 -0.943733 0.184804 0.198985 0.196481 0.183725 0.199748 0.187398
3031250 0.193915 0.19755 0.184178 -0.223218 0.201453 -0.156252 0.197621 0.195217 0.18625 0.191138 0.199299 0.182624
3031250 0.210095 0.180417 0.201095 -0.947819 1.00754 0.214894 0.213119 0.177917 0.200876 0.206959 0.183008 0.201322
3031250 0.183357 0.187038 0.19374 -1.0705 -0.51383 -0.69779 0.187202 0.188125 0.195823 0.179254 0.185877 0.191517
3031250 0.203269 0.183068 0.203049 0.00320757 -0.000457381 -0.00110796 0.199405 0.183131 0.204857 0.206959 0.183008 0.201322
3031250 0.212527 0.193677 0.195941 0.976966 -0.324842 -0.367777 0.208675 0.195622 0.197893 0.215043 0.192407 0.194665
3031250 0.210997 0.195125 0.184907 0.394668 0.529263 0.492783 0.207436 0.191638 0.180301 0.213746 0.197817 0.188463
3031250 0.198259 0.189432 0.208238 -0.822895 0.642368 -1.25624 0.200551 0.188216 0.212263 0.196632 0.190297 0.205379
3031250 0.210187 0.194602 0.212581 1.1455 0.113584 -0.200106 0.206329 0.194835 0.213363 0.21654 0.19422 0.211293
3031250 0.198746 0.19744 0.190405 0.027336 0.0992676 0.134623 0.197621 0.195217 0.18625 0.199982 0.199882 0.194967
3031250 0.196307 0.179891 0.184473 0.213083 1.30511 -2.32416 0.195577 0.178389 0.188125 0.196915 0.18114 0.181436
3031250 0.198844 0.190001 0.202813 -1.01155 0.39836 1.25706 0.201789 0.189608 0.199395 0.196632 0.190297 0.205379
3031250 0.209555 0.183739 0.208958 0.748741 0.132282 0.0127827 0.206429 0.18271 0.208674 0.212576 0.184733 0.209232
3031250 0.202866 0.190918 0.195195 -0.0854453 -0.0735388 0.195164 0.203794 0.192047 0.191576 0.201789 0.189608 0.199395
3031250 0.182676 0.179088 0.196023 -0.740078 -0.0216084 0.649981 0.186148 0.179675 0.193588 0.177725 0.17825 0.199496
3031250 0.191431 0.188462 0.194304 2.78551 0.190648 -1.53275 0.187202 0.188125 0.195823 0.19567 0.1888 0.192782
3031250 0.203978 0.183177 0.191727 0.373221 0.152537 -0.393599 0.200794 0.181087 0.194958 0.206643 0.184926 0.189024
3031250 0.190446 0.179067 0.204302 -2.52402 2.67377 -1.51725 0.193636 0.176339 0.206694 0.187464 0.181617 0.202067
3031250 0.183323 0.180186 0.200973 3.27487 1.75407 0.789786 0.177725 0.17825 0.199496 0.187464 0.181617 0.202067
3031250 0.187491 0.182069 0.190302 0.393127 1.37679 -1.57427 0.186148 0.179675 0.193588 0.189209 0.18513 0.1861
3031250 0.187333 0.184875 0.198941 -0.19309 -1.0732 1.02151 0.187202 0.188125 0.195823 0.187464 0.181617 0.202067
3031250 0.196615 0.179248 0.214414 -2.67262 0.893814 1.13965 0.200797 0.178588 0.212489 0.191825 0.180003 0.21662
3031250 0.189834 0.183447 0.205447 -1.95663 -0.943655 -2.13594 0.192043 0.185151 0.208597 0.187464 0.181617 0.202067
3031250 0.192455 0.187159 0.212273 -0.000197436 0.0221738 0.031029 0.192043 0.185151 0.208597 0.192804 0.188861 0.215392
3031250 0.213741 0.184524 0.19736 0.0386108 0.159325 0.188737 0.212573 0.182263 0.194156 0.215279 0.187501 0.201577
3031250 0.185125 0.178648 0.211469 0.0 -0.0 -0.0 0.185426 0.174327 0.212053 0.184865 0.182385 0.210963
3031250 0.193265 0.184113 0.197977 5.95457e-05 0.000519984 0.000502818 0.192796 0.182234 0.195548 0.193778 0.186168 0.200633
3031250 0.191067 0.184215 0.201248 -0.0 0.0 -0.0 0.187464 0.181617 0.202067 0.193778 0.186168 0.200633
3031250 0.196272 0.184822 0.202505 -0.0005352 0.000401242 -0.000356167 0.199405 0.183131 0.204857 0.193778 0.186168 0.200633
3031250 0.20104 0.193461 0.1892 0.0531943 -0.0423671 0.0506291 0.197621 0.195217 0.18625 0.203794 0.192047 0.191576
3031250 0.20458 0.195444 0.189822 0.0565941 0.183344 -0.0640168 0.203794 0.192047 0.191576 0.20524 0.198299 0.188348
3031250 0.21027 0.199671 0.199766 0.166923 0.46741 0.127157 0.208675 0.195622 0.197893 0.211289 0.202258 0.200963
3031250 0.203234 0.198903 0.190873 -0.214688 0.105255 0.229531 0.20524 0.198299 0.188348 0.199982 0.199882 0.194967
3031250 0.181883 0.198001 0.200437 0.617363 0.40878 -0.992521 0.17885 0.196979 0.204544 0.184804 0.198985 0.196481
3031250 0.204511 0.186134 0.20041 0.573147 -0.914216 0.392662 0.201789 0.189608 0.199395 0.206959 0.183008 0.201322
3031250 0.202722 0.202818 0.198456 0.240595 0.195315 0.211923 0.199982 0.199882 0.194967 0.204801 0.205045 0.201102
3031250 0.207832 0.179599 0.215714 -1.02643 0.389107 1.73324 0.209452 0.179491 0.213182 0.205971 0.179723 0.21862
3031250 0.199835 0.182008 0.180076 0.0 0.0 0.0 0.196915 0.18114 0.181436 0.202585 0.182861 0.178795
3031250 0.194659 0.189996 0.218225 -0.0186429 -0.00562544 -0.0244069 0.196478 0.191109 0.221003 0.192804 0.188861 0.215392
3031250 0.197794 0.194518 0.181459 -0.0015807 -0.000244196 0.0229909 0.19791 0.194049 0.178241 0.197621 0.195217 0.18625
3031250 0.186789 0.18062 0.197714 0.118442 0.80916 2.22385 0.186148 0.179675 0.193588 0.187464 0.181617 0.202067
3031250 0.190272 0.17868 0.200095 -0.195035 0.226284 0.206133 0.192299 0.176558 0.198672 0.187464 0.181617 0.202067
3031250 0.190001 0.181158 0.194724 -0.00385483 -0.00213887 -0.00164043 0.192796 0.182234 0.195548 0.186148 0.179675 0.193588
3031250 0.187924 0.186026 0.202936 0.000241777 0.000905361 0.000223972 0.187464 0.181617 0.202067 0.18826 0.189242 0.20357
3031250 0.195862 0.181794 0.195322 0.0056312 -0.00167276 -0.00080597 0.192796 0.182234 0.195548 0.200794 0.181087 0.194958
3031250 0.189921 0.187445 0.205778 -0.0 0.0 0.0 0.192043 0.185151 0.208597 0.18826 0.189242 0.20357
3031250 0.192749 0.187141 0.189761 0.0993995 0.0784659 0.0915802 0.189209 0.18513 0.1861 0.19567 0.1888 0.192782
3031250 0.184133 0.184301 0.203517 0.889426 -0.849252 -0.237285 0.180625 0.187128 0.205045 0.187464 0.181617 0.202067
3031250 0.195106 0.195889 0.212296 0.00029866 -4.59704e-05 0.000293143 0.192394 0.19634 0.20862 0.197324 0.19552 0.215303
3031250 0.210714 0.200158 0.203067 0.0233606 0.17919 -0.226592 0.210124 0.198001 0.205229 0.211289 0.202258 0.200963
3031250 0.212851 0.180046 0.197584 0.0466797 0.450765 -0.577791 0.213119 0.177917 0.200876 0.212573 0.182263 0.194156
3031250 0.20272 0.181413 0.181585 -4.57916e-05 0.000116209 -0.000200647 0.202872 0.179796 0.184703 0.202585 0.182861 0.178795
3031250 0.215129 0.190617 0.197187 0.138869 0.734071 -0.909176 0.215279 0.187501 0.201577 0.215043 0.192407 0.194665
3031250 0.21585 0.190547 0.205982 -0.0347213 -0.235926 -0.246029 0.21654 0.19422 0.211293 0.215279 0.187501 0.201577
3031250 0.194352 0.19869 0.20098 0.06542 0.337833 0.0851653 0.192865 0.19446 0.199517 0.195316 0.201432 0.201928
3031250 0.213582 0.185763 0.206383 0.245231 0.549085 -1.19134 0.212576 0.184733 0.209232 0.215279 0.187501 0.201577
3031250 0.18066 0.189736 0.200908 0.0 0.0 0.0 0.180625 0.187128 0.205045 0.180684 0.191811 0.198037
3031250 0.182901 0.182441 0.192612 0.0 0.0 0.0 0.186148 0.179675 0.193588 0.179254 0.185877 0.191517
3031250 0.187684 0.199353 0.184848 0.0 0.0 0.0 0.191138 0.199299 0.182624 0.183725 0.199748 0.187398
3031250 0.183909 0.185373 0.188983 0.0 0.0 0.0 0.189209 0.18513 0.1861 0.179254 0.185877 0.191517
3031250 0.182321 0.194504 0.197419 0.0 0.0 0.0 0.180684 0.191811 0.198037 0.184804 0.198985 0.196481
3031250 0.186553 0.196958 0.188642 -0.00746552 0.00791414 -0.00537096 0.189409 0.194141 0.189898 0.183725 0.199748 0.187398
3031250 0.182988 0.18433 0.208343 0.0 0.0 0.0 0.180625 0.187128 0.205045 0.184865 0.182385 0.210963
3031250 0.185137 0.188221 0.204173 0.0 0.0 0.0 0.180625 0.187128 0.205045 0.18826 0.189242 0.20357
3031250 0.183697 0.188874 0.208146 0.0 0.0 0.0 0.180625 0.187128 0.205045 0.186298 0.190639 0.210773
3031250 0.193996 0.182496 0.183202 0.0 0.0 0.0 0.189209 0.18513 0.1861 0.196915 0.18114 0.181436
3031250 0.190456 0.17984 0.18349 0.0 0.0 0.0 0.189209 0.18513 0.1861 0.191391 0.176137 0.181531
3031250 0.199819 0.18033 0.183027 0.0 0.0 0.0 0.202872 0.179796 0.184703 0.196915 0.18114 0.181436
3031250 0.192554 0.17931 0.197071 0.0 0.0 0.0 0.192796 0.182234 0.195548 0.192299 0.176558 0.198672
3031250 0.190624 0.181827 0.198204 0.0 0.0 0.0 0.192796 0.182234 0.195548 0.187464 0.181617 0.202067
3031250 0.197544 0.182377 0.186816 0.0 0.0 0.0 0.195577 0.178389 0.188125 0.199485 0.186624 0.185523
3031250 0.190514 0.184482 0.19566 0.0 0.0 0.0 0.192796 0.182234 0.195548 0.187202 0.188125 0.195823
3031250 0.193968 0.184754 0.194421 0.0 0.0 0.0 0.192796 0.182234 0.195548 0.19567 0.1888 0.192782
3031250 0.186662 0.183636 0.194676 0.0 0.0 0.0 0.187202 0.188125 0.195823 0.186148 0.179675 0.193588
3031250 0.199468 0.178984 0.1863 0.0 0.0 0.0 0.195577 0.178389 0.188125 0.202872 0.179796 0.184703
3031250 0.186049 0.18188 0.206909 0.0 0.0 0.0 0.187464 0.181617 0.202067 0.184865 0.182385 0.210963
3031250 0.187754 0.181242 0.213311 0.0 0.0 0.0 0.191825 0.180003 0.21662 0.184865 0.182385 0.210963
3031250 0.188262 0.183539 0.209843 0.0 0.0 0.0 0.192043 0.185151 0.208597 0.184865 0.182385 0.210963
3031250 0.185559 0.186225 0.210871 0.0 0.0 0.0 0.186298 0.190639 0.210773 0.184865 0.182385 0.210963
3031250 0.192785 0.180894 0.207711 0.0 0.0 0.0 0.192043 0.185151 0.208597 0.193636 0.176339 0.206694
3031250 0.1957 0.183992 0.20674 0.0 0.0 0.0 0.192043 0.185151 0.208597 0.199405 0.183131 0.204857
3031250 0.197863 0.186962 0.205148 0.0 0.0 0.0 0.199405 0.183131 0.204857 0.196632 0.190297 0.205379
3031250 0.200046 0.182034 0.200296 0.0 0.0 0.0 0.200794 0.181087 0.194958 0.199405 0.183131 0.204857
3031250 0.201216 0.179324 0.203364 0.0 0.0 0.0 0.199405 0.183131 0.204857 0.202844 0.176194 0.20202
3031250 0.203365 0.182738 0.207008 0.0 0.0 0.0 0.206429 0.18271 0.208674 0.199405 0.183131 0.204857
3031250 0.200072 0.180802 0.208508 0.0 0.0 0.0 0.200797 0.178588 0.212489 0.199405 0.183131 0.204857
3031250 0.200563 0.186117 0.202208 0.0 0.0 0.0 0.199405 0.183131 0.204857 0.201789 0.189608 0.199395
3031250 0.196041 0.182614 0.218381 0.0 0.0 0.0 0.191825 0.180003 0.21662 0.198829 0.184599 0.219547
3031250 0.192412 0.185151 0.215884 0.0 0.0 0.0 0.191825 0.180003 0.21662 0.192804 0.188861 0.215392
3031250 0.195837 0.18656 0.217483 0.0 0.0 0.0 0.192804 0.188861 0.215392 0.198829 0.184599 0.219547
3031250 0.199678 0.181853 0.216504 0.0 0.0 0.0 0.200797 0.178588 0.212489 0.198829 0.184599 0.219547
3031250 0.201217 0.187394 0.219738 0.0 0.0 0.0 0.20397 0.190953 0.219958 0.198829 0.184599 0.219547
3031250 0.198257 0.186692 0.181483 0.0 0.0 0.0 0.199485 0.186624 0.185523 0.197146 0.18705 0.177836
3031250 0.190337 0.196753 0.185995 0.0 0.0 0.0 0.189409 0.194141 0.189898 0.191138 0.199299 0.182624
3031250 0.195168 0.185841 0.185765 0.0 0.0 0.0 0.199485 0.186624 0.185523 0.189209 0.18513 0.1861
3031250 0.188109 0.186617 0.191433 0.0 0.0 0.0 0.187202 0.188125 0.195823 0.189209 0.18513 0.1861
3031250 0.189323 0.190072 0.188248 0.0 0.0 0.0 0.189209 0.18513 0.1861 0.189409 0.194141 0.189898
3031250 0.198646 0.190338 0.18585 0.0 0.0 0.0 0.197621 0.195217 0.18625 0.199485 0.186624 0.185523
3031250 0.18997 0.191064 0.197628 0.0 0.0 0.0 0.187202 0.188125 0.195823 0.192865 0.19446 0.199517
3031250 0.188345 0.191082 0.192757 0.0 0.0 0.0 0.187202 0.188125 0.195823 0.189409 0.194141 0.189898
3031250 0.191038 0.194135 0.19443 0.0 0.0 0.0 0.192865 0.19446 0.199517 0.189409 0.194141 0.189898
3031250 0.193224 0.194485 0.188203 0.0 0.0 0.0 0.197621 0.195217 0.18625 0.189409 0.194141 0.189898
3031250 0.18731 0.196194 0.192899 0.0 0.0 0.0 0.189409 0.194141 0.189898 0.184804 0.198985 0.196481
3031250 0.190952 0.186853 0.198565 0.0 0.0 0.0 0.187202 0.188125 0.195823 0.193778 0.186168 0.200633
3031250 0.187814 0.188614 0.200297 0.0 0.0 0.0 0.187202 0.188125 0.195823 0.18826 0.189242 0.20357
3031250 0.194591 0.187142 0.197263 0.0 0.0 0.0 0.19567 0.1888 0.192782 0.193778 0.186168 0.200633
3031250 0.193397 0.189483 0.200166 0.0 0.0 0.0 0.192865 0.19446 0.199517 0.193778 0.186168 0.200633
3031250 0.190155 0.191232 0.201903 0.0 0.0 0.0 0.192865 0.19446 0.199517 0.18826 0.189242 0.20357
3031250 0.194534 0.198856 0.188223 0.0 0.0 0.0 0.197621 0.195217 0.18625 0.191677 0.202523 0.190049
3031250 0.201215 0.18437 0.18177 0.0 0.0 0.0 0.199485 0.186624 0.185523 0.202585 0.182861 0.178795
3031250 0.201282 0.182848 0.185088 0.0 0.0 0.0 0.199485 0.186624 0.185523 0.202872 0.179796 0.184703
3031250 0.20171 0.19357 0.183772 0.0 0.0 0.0 0.197621 0.195217 0.18625 0.207436 0.191638 0.180301
3031250 0.201658 0.189202 0.188574 0.0 0.0 0.0 0.203794 0.192047 0.191576 0.199485 0.186624 0.185523
3031250 0.200029 0.190386 0.192135 0.0 0.0 0.0 0.203794 0.192047 0.191576 0.19567 0.1888 0.192782
3031250 0.197419 0.191829 0.199455 0.0 0.0 0.0 0.192865 0.19446 0.199517 0.201789 0.189608 0.199395
3031250 0.202164 0.196899 0.1875 0.0 0.0 0.0 0.197621 0.195217 0.18625 0.20524 0.198299 0.188348
3031250 0.200959 0.194177 0.197359 0.0 0.0 0.0 0.199982 0.199882 0.194967 0.201789 0.189608 0.199395
3031250 0.202182 0.195207 0.193011 0.0 0.0 0.0 0.203794 0.192047 0.191576 0.199982 0.199882 0.194967
3031250 0.204581 0.197473 0.196515 0.0 0.0 0.0 0.208675 0.195622 0.197893 0.199982 0.199882 0.194967
3031250 0.197032 0.195671 0.202312 0.0 0.0 0.0 0.192865 0.19446 0.199517 0.201726 0.197368 0.205462
3031250 0.200855 0.198468 0.200217 0.0 0.0 0.0 0.199982 0.199882 0.194967 0.201726 0.197368 0.205462
3031250 0.190978 0.187572 0.202123 0.0 0.0 0.0 0.18826 0.189242 0.20357 0.193778 0.186168 0.200633
3031250 0.193004 0.185558 0.20419 0.0 0.0 0.0 0.192043 0.185151 0.208597 0.193778 0.186168 0.200633
3031250 0.195205 0.188075 0.203004 0.0 0.0 0.0 0.196632 0.190297 0.205379 0.193778 0.186168 0.200633
3031250 0.187378 0.189715 0.20681 0.0 0.0 0.0 0.186298 0.190639 0.210773 0.18826 0.189242 0.20357
3031250 0.189748 0.189541 0.213222 0.0 0.0 0.0 0.186298 0.190639 0.210773 0.192804 0.188861 0.215392
3031250 0.194829 0.192713 0.206758 0.0 0.0 0.0 0.192394 0.19634 0.20862 0.196632 0.190297 0.205379
3031250 0.195008 0.191951 0.215348 0.0 0.0 0.0 0.192804 0.188861 0.215392 0.197324 0.19552 0.215303
3031250 0.186373 0.192687 0.214231 0.0 0.0 0.0 0.186298 0.190639 0.210773 0.18648 0.19604 0.219247
3031250 0.190407 0.191427 0.216854 0.0 0.0 0.0 0.192804 0.188861 0.215392 0.18648 0.19604 0.219247
3031250 0.196641 0.196902 0.218743 0.0 0.0 0.0 0.195803 0.198944 0.222959 0.197324 0.19552 0.215303
3031250 0.197213 0.187486 0.200102 0.0 0.0 0.0 0.201789 0.189608 0.199395 0.193778 0.186168 0.200633
3031250 0.196023 0.186429 0.210311 0.0 0.0 0.0 0.192043 0.185151 0.208597 0.200551 0.188216 0.212263
3031250 0.196114 0.188429 0.214056 0.0 0.0 0.0 0.200551 0.188216 0.212263 0.192804 0.188861 0.215392
3031250 0.200515 0.193171 0.217538 0.0 0.0 0.0 0.20397 0.190953 0.219958 0.197324 0.19552 0.215303
3031250 0.206273 0.179697 0.183809 0.0 0.0 0.0 0.211501 0.17994 0.182435 0.202872 0.179796 0.184703
3031250 0.204481 0.17853 0.192587 0.0 0.0 0.0 0.20759 0.17666 0.190588 0.200794 0.181087 0.194958
3031250 0.207115 0.180654 0.189802 0.0 0.0 0.0 0.20759 0.17666 0.190588 0.206643 0.184926 0.189024
3031250 0.20964 0.183425 0.191617 0.0 0.0 0.0 0.212573 0.182263 0.194156 0.206643 0.184926 0.189024
3031250 0.209761 0.182481 0.197746 0.0 0.0 0.0 0.212573 0.182263 0.194156 0.206959 0.183008 0.201322
3031250 0.206946 0.187329 0.185699 0.0 0.0 0.0 0.207436 0.191638 0.180301 0.206643 0.184926 0.189024
3031250 0.201317 0.185401 0.197284 0.0 0.0 0.0 0.200794 0.181087 0.194958 0.201789 0.189608 0.199395
3031250 0.216404 0.181016 0.195107 0.0 0.0 0.0 0.222406 0.17946 0.196597 0.212573 0.182263 0.194156
3031250 0.210948 0.186155 0.188594 0.0 0.0 0.0 0.215955 0.18792 0.188096 0.206643 0.184926 0.189024
3031250 0.204841 0.179345 0.201681 0.0 0.0 0.0 0.206959 0.183008 0.201322 0.202844 0.176194 0.20202
3031250 0.207873 0.17919 0.204274 0.0 0.0 0.0 0.208789 0.175666 0.207239 0.206959 0.183008 0.201322
3031250 0.207484 0.179408 0.208032 0.0 0.0 0.0 0.206429 0.18271 0.208674 0.208789 0.175666 0.207239
3031250 0.206053 0.178981 0.21291 0.0 0.0 0.0 0.209452 0.179491 0.213182 0.200797 0.178588 0.212489
3031250 0.210968 0.181879 0.211265 0.0 0.0 0.0 0.209452 0.179491 0.213182 0.212576 0.184733 0.209232
3031250 0.214031 0.181805 0.201171 0.0 0.0 0.0 0.213119 0.177917 0.200876 0.215279 0.187501 0.201577
3031250 0.207283 0.186253 0.204046 0.0 0.0 0.0 0.206959 0.183008 0.201322 0.20762 0.189963 0.206895
3031250 0.20403 0.184802 0.210139 0.0 0.0 0.0 0.206429 0.18271 0.208674 0.200551 0.188216 0.212263
3031250 0.200676 0.183176 0.212377 0.0 0.0 0.0 0.200551 0.188216 0.212263 0.200797 0.178588 0.212489
3031250 0.210454 0.186818 0.20823 0.0 0.0 0.0 0.212576 0.184733 0.209232 0.20762 0.189963 0.206895
3031250 0.209964 0.181964 0.214592 0.0 0.0 0.0 0.209452 0.179491 0.213182 0.210773 0.186281 0.216824
3031250 0.215716 0.17874 0.203892 0.0 0.0 0.0 0.218902 0.180093 0.207593 0.213119 0.177917 0.200876
3031250 0.213883 0.187704 0.209911 0.0 0.0 0.0 0.212576 0.184733 0.209232 0.21654 0.19422 0.211293
3031250 0.20799 0.182324 0.217865 0.0 0.0 0.0 0.205971 0.179723 0.21862 0.210773 0.186281 0.216824
3031250 0.205125 0.191742 0.187459 0.0 0.0 0.0 0.203794 0.192047 0.191576 0.207436 0.191638 0.180301
3031250 0.205956 0.195973 0.185725 0.0 0.0 0.0 0.20524 0.198299 0.188348 0.207436 0.191638 0.180301
3031250 0.2124 0.189316 0.184842 0.0 0.0 0.0 0.215955 0.18792 0.188096 0.207436 0.191638 0.180301
3031250 0.207253 0.190154 0.192966 0.0 0.0 0.0 0.209976 0.188941 0.194062 0.203794 0.192047 0.191576
3031250 0.206 0.193507 0.19443 0.0 0.0 0.0 0.203794 0.192047 0.191576 0.208675 0.195622 0.197893
3031250 0.211084 0.196509 0.193415 0.0 0.0 0.0 0.208675 0.195622 0.197893 0.213746 0.197817 0.188463
3031250 0.208516 0.197958 0.188392 0.0 0.0 0.0 0.20524 0.198299 0.188348 0.213746 0.197817 0.188463
3031250 0.204796 0.189635 0.20326 0.0 0.0 0.0 0.201789 0.189608 0.199395 0.20762 0.189963 0.206895
3031250 0.201761 0.193023 0.202186 0.0 0.0 0.0 0.201726 0.197368 0.205462 0.201789 0.189608 0.199395
3031250 0.211904 0.188263 0.196792 0.0 0.0 0.0 0.209976 0.188941 0.194062 0.215279 0.187501 0.201577
3031250 0.211766 0.191667 0.199617 0.0 0.0 0.0 0.208675 0.195622 0.197893 0.215279 0.187501 0.201577
3031250 0.205401 0.196289 0.20146 0.0 0.0 0.0 0.208675 0.195622 0.197893 0.201726 0.197368 0.205462
3031250 0.212029 0.199337 0.196493 0.0 0.0 0.0 0.208675 0.195622 0.197893 0.214169 0.201965 0.195599
3031250 0.212293 0.18839 0.19175 0.0 0.0 0.0 0.209976 0.188941 0.194062 0.215955 0.18792 0.188096
3031250 0.215398 0.190507 0.192111 0.0 0.0 0.0 0.215955 0.18792 0.188096 0.215043 0.192407 0.194665
3031250 0.216162 0.194118 0.196867 0.0 0.0 0.0 0.217825 0.197051 0.200142 0.215043 0.192407 0.194665
3031250 0.213318 0.196192 0.199034 0.0 0.0 0.0 0.217825 0.197051 0.200142 0.208675 0.195622 0.197893
3031250 0.214893 0.192528 0.188272 0.0 0.0 0.0 0.215955 0.18792 0.188096 0.213746 0.197817 0.188463
3031250 0.217852 0.200502 0.190986 0.0 0.0 0.0 0.213746 0.197817 0.188463 0.221801 0.203391 0.193414
3031250 0.203721 0.19169 0.212866 0.0 0.0 0.0 0.200551 0.188216 0.212263 0.206329 0.194835 0.213363
3031250 0.201109 0.192398 0.209039 0.0 0.0 0.0 0.200551 0.188216 0.212263 0.201726 0.197368 0.205462
3031250 0.209068 0.194451 0.205932 0.0 0.0 0.0 0.210124 0.198001 0.205229 0.20762 0.189963 0.206895
3031250 0.20437 0.195758 0.209998 0.0 0.0 0.0 0.206329 0.194835 0.213363 0.201726 0.197368 0.205462
3031250 0.208094 0.19591 0.21668 0.0 0.0 0.0 0.210573 0.197798 0.221346 0.206329 0.194835 0.213363
3031250 0.218533 0.183675 0.199303 0.0 0.0 0.0 0.222406 0.17946 0.196597 0.215279 0.187501 0.201577
3031250 0.211154 0.191493 0.208636 0.0 0.0 0.0 0.21654 0.19422 0.211293 0.20762 0.189963 0.206895
3031250 0.213214 0.189484 0.214483 0.0 0.0 0.0 0.210773 0.186281 0.216824 0.21654 0.19422 0.211293
3031250 0.213884 0.200036 0.200638 0.0 0.0 0.0 0.217825 0.197051 0.200142 0.211289 0.202258 0.200963
3031250 0.217293 0.195721 0.204766 0.0 0.0 0.0 0.217825 0.197051 0.200142 0.21654 0.19422 0.211293
3031250 0.219723 0.199921 0.196931 0.0 0.0 0.0 0.217825 0.197051 0.200142 0.221801 0.203391 0.193414
3031250 0.217907 0.201206 0.201881 0.0 0.0 0.0 0.217825 0.197051 0.200142 0.218001 0.206441 0.203931
3031250 0.183166 0.206199 0.194053 -1.71112 -0.563083 0.101608 0.186412 0.206723 0.193929 0.179397 0.20559 0.194197
3031250 0.182798 0.203085 0.210133 -0.804166 -0.789539 0.976581 0.186907 0.205697 0.205712 0.17999 0.2013 0.213154
3031250 0.181231 0.217716 0.198008 0.962505 0.721222 -0.352802 0.178373 0.216068 0.198601 0.184061 0.219347 0.197421
3031250 0.183911 0.2175 0.200174 0.0195823 0.0897596 -0.191094 0.183736 0.215355 0.203371 0.184061 0.219347 0.197421
3031250 0.190506 0.198197 0.189971 -0.072063 -0.644505 0.0162105 0.191677 0.202523 0.190049 0.189409 0.194141 0.189898
3031250 0.19279 0.199612 0.211815 -0.220328 -1.243 -0.8957 0.19319 0.202915 0.215042 0.192394 0.19634 0.20862
3031250 0.188368 0.207814 0.185653 -0.632505 -1.06986 -0.835535 0.189643 0.21137 0.188362 0.187432 0.205202 0.183663
3031250 0.188641 0.204945 0.192286 0.576166 -0.626296 -0.401792 0.186412 0.206723 0.193929 0.191677 0.202523 0.190049
3031250 0.194345 0.205752 0.191645 0.790484 1.17394 0.340065 0.191677 0.202523 0.190049 0.196791 0.208713 0.193108
3031250 0.187796 0.209315 0.195411 0.677965 1.14078 0.431561 0.186412 0.206723 0.193929 0.189738 0.212951 0.197492
3031250 0.196913 0.20891 0.197211 0.240335 -0.106972 1.67064 0.196791 0.208713 0.193108 0.197054 0.209139 0.201975
3031250 0.193337 0.211076 0.199697 -1.86527 1.42777 -1.15679 0.197054 0.209139 0.201975 0.189738 0.212951 0.197492
3031250 0.191967 0.213799 0.185152 -2.89289 -2.52305 2.83819 0.194387 0.216327 0.181811 0.189643 0.21137 0.188362
3031250 0.1973 0.212676 0.192145 0.17559 0.58815 -0.138626 0.196791 0.208713 0.193108 0.197892 0.217277 0.191028
3031250 0.190811 0.214484 0.201714 -1.55555 -0.993687 -4.11998 0.191919 0.216068 0.206078 0.189738 0.212951 0.197492
3031250 0.195934 0.206238 0.213336 0.19578 0.335204 -0.133002 0.19319 0.202915 0.215042 0.198871 0.209794 0.211511
3031250 0.191499 0.207221 0.215314 -0.487884 1.51668 0.330768 0.19319 0.202915 0.215042 0.189407 0.212547 0.215652
3031250 0.198558 0.213432 0.200535 0.0986436 0.364648 -0.0627204 0.197054 0.209139 0.201975 0.199758 0.216854 0.199387
3031250 0.202926 0.21231 0.212864 1.54601 0.767532 0.745424 0.198871 0.209794 0.211511 0.206574 0.214572 0.21408
3031250 0.201252 0.206921 0.201502 1.77655 -0.602564 -0.169914 0.197054 0.209139 0.201975 0.204801 0.205045 0.201102
3031250 0.201137 0.211155 0.203398 1.1019 0.77093 0.331132 0.197054 0.209139 0.201975 0.20514 0.21313 0.204792
3031250 0.190778 0.214468 0.210429 -0.859385 -1.66152 3.19487 0.191919 0.216068 0.206078 0.189407 0.212547 0.215652
3031250 0.200994 0.203529 0.21911 -0.677216 1.67276 1.2893 0.202735 0.200868 0.216852 0.199471 0.205855 0.221083
3031250 0.19893 0.217042 0.195679 0.128176 0.0288261 0.383086 0.197892 0.217277 0.191028 0.199758 0.216854 0.199387
3031250 0.210249 0.199985 0.185221 0.935695 -0.461639 1.09406 0.207995 0.201383 0.183131 0.213746 0.197817 0.188463
3031250 0.208402 0.199506 0.195196 -0.000791816 -1.9601 0.969237 0.20821 0.202244 0.193295 0.208675 0.195622 0.197893
3031250 0.214014 0.200446 0.192987 0.0306877 -0.325908 -0.434801 0.214169 0.201965 0.195599 0.213746 0.197817 0.188463
3031250 0.204522 0.197868 0.215117 0.809322 -1.85907 -0.747217 0.202735 0.200868 0.216852 0.206329 0.194835 0.213363
3031250 0.204889 0.201608 0.181827 -0.77407 0.142301 -0.222864 0.207995 0.201383 0.183131 0.200495 0.201927 0.179983
3031250 0.203152 0.210595 0.182452 0.318823 -0.108766 1.11702 0.201271 0.211057 0.178425 0.20579 0.209948 0.188097
3031250 0.211829 0.208959 0.189431 -4.15384 0.982886 -1.59923 0.215388 0.208377 0.190218 0.20579 0.209948 0.188097
3031250 0.212972 0.204674 0.196214 -0.174091 0.551234 0.0518951 0.214169 0.201965 0.195599 0.211256 0.208556 0.197096
3031250 0.207369 0.204923 0.191487 -0.853059 1.75133 -1.01205 0.20821 0.202244 0.193295 0.20579 0.209948 0.188097
3031250 0.207913 0.206737 0.19917 -1.63394 -1.21856 0.875506 0.211256 0.208556 0.197096 0.204801 0.205045 0.201102
3031250 0.212774 0.211909 0.199385 -0.223643 -0.665094 -0.582226 0.214237 0.215142 0.201593 0.211256 0.208556 0.197096
3031250 0.212124 0.21239 0.195269 0.122868 0.573756 -0.166666 0.211256 0.208556 0.197096 0.212915 0.215887 0.193603
3031250 0.218099 0.206269 0.191569 3.5691 -2.1835 1.09978 0.215388 0.208377 0.190218 0.221801 0.203391 0.193414
3031250 0.210035 0.214385 0.216888 -1.6174 -0.0570106 -0.970023 0.213216 0.214214 0.219469 0.206574 0.214572 0.21408
3031250 0.206113 0.217043 0.202422 -0.00379352 -0.0164433 0.00661632 0.207061 0.220851 0.200114 0.20514 0.21313 0.204792
3031250 0.208881 0.214972 0.206909 0.980691 0.721231 0.597077 0.20514 0.21313 0.204792 0.211461 0.216242 0.208368
3031250 0.206862 0.21837 0.211758 0.0954654 -1.17892 0.87864 0.207111 0.22165 0.209752 0.206574 0.214572 0.21408
3031250 0.21267 0.215763 0.205417 -0.42027 0.415512 1.44977 0.214237 0.215142 0.201593 0.211461 0.216242 0.208368
3031250 0.215607 0.209294 0.20787 0.232068 -0.447131 -0.492453 0.214261 0.210898 0.210085 0.218001 0.206441 0.203931
3031250 0.212139 0.216987 0.189886 0.266371 -0.187572 1.46266 0.211421 0.218004 0.186451 0.212915 0.215887 0.193603
3031250 0.21496 0.217198 0.186869 -0.171586 0.0677778 -0.0124779 0.220651 0.215901 0.18754 0.211421 0.218004 0.186451
3031250 0.214288 0.216574 0.209883 -1.41456 -0.0271199 -1.01934 0.218019 0.217013 0.211882 0.211461 0.216242 0.208368
3031250 0.199992 0.208354 0.186339 1.4678 0.465922 0.722589 0.196449 0.207381 0.185265 0.20579 0.209948 0.188097
3031250 0.204937 0.202517 0.214087 0.0927949 0.0507058 -0.0837724 0.202735 0.200868 0.216852 0.208086 0.204875 0.210134
3031250 0.194723 0.207574 0.181854 0.0103432 -0.00290329 0.0318963 0.192906 0.207778 0.178264 0.196449 0.207381 0.185265
3031250 0.212079 0.208769 0.210102 -0.342376 -0.306735 0.0734969 0.214261 0.210898 0.210085 0.208086 0.204875 0.210134
3031250 0.193376 0.209182 0.186664 -2.28215 1.34034 1.56012 0.196449 0.207381 0.185265 0.189643 0.21137 0.188362
3031250 0.184341 0.216142 0.191554 -1.27238 -1.46003 0.645394 0.186501 0.219665 0.190101 0.182319 0.212844 0.192914
3031250 0.198249 0.204954 0.182915 1.39741 -1.46096 -1.21276 0.196449 0.207381 0.185265 0.200495 0.201927 0.179983
3031250 0.20781 0.198145 0.182191 -0.0530576 -0.451977 -0.0616297 0.207995 0.201383 0.183131 0.207436 0.191638 0.180301
3031250 0.215414 0.209116 0.212274 0.381225 -1.01105 1.27757 0.214261 0.210898 0.210085 0.217695 0.205593 0.216602
3031250 0.184908 0.211787 0.204236 0.0243008 -0.0872769 0.0360718 0.183736 0.215355 0.203371 0.186907 0.205697 0.205712
3031250 0.183202 0.216051 0.210182 0.252601 0.254871 0.00405311 0.181001 0.212986 0.210086 0.185293 0.218961 0.210273
3031250 0.188134 0.217721 0.208474 -0.135472 0.0873156 0.112202 0.191919 0.216068 0.206078 0.185293 0.218961 0.210273
3031250 0.197657 0.199948 0.203219 0.484476 -0.232028 0.178908 0.195316 0.201432 0.201928 0.201726 0.197368 0.205462
3031250 0.185808 0.212894 0.195067 -2.38872 -0.48526 -1.48096 0.189738 0.212951 0.197492 0.182319 0.212844 0.192914
3031250 0.181269 0.204811 0.202442 0.106521 0.036928 0.0714964 0.178654 0.2044 0.200925 0.186907 0.205697 0.205712
3031250 0.216027 0.215893 0.191164 -0.327876 0.0641949 0.290133 0.220651 0.215901 0.18754 0.212915 0.215887 0.193603
3031250 0.210365 0.200521 0.191414 0.144034 -0.093454 -0.0860171 0.20821 0.202244 0.193295 0.213746 0.197817 0.188463
3031250 0.183154 0.210329 0.208491 -0.146231 0.197393 0.0714097 0.186907 0.205697 0.205712 0.181001 0.212986 0.210086
3031250 0.203209 0.207479 0.210863 2.99731 -2.28022 -0.518023 0.198871 0.209794 0.211511 0.208086 0.204875 0.210134
3031250 0.199379 0.211869 0.215988 0.179911 0.465394 1.65224 0.198871 0.209794 0.211511 0.199848 0.213787 0.220124
3031250 0.204829 0.201031 0.207742 -0.660294 -0.652049 -0.610418 0.208086 0.204875 0.210134 0.201726 0.197368 0.205462
3031250 0.181735 0.202734 0.195185 0.537669 -0.570371 0.336656 0.179397 0.20559 0.194197 0.184804 0.198985 0.196481
3031250 0.212703 0.20522 0.213242 2.87744 0.148264 2.54854 0.208086 0.204875 0.210134 0.217695 0.205593 0.216602
3031250 0.191379 0.200742 0.185947 0.346841 -1.44217 -3.54102 0.191677 0.202523 0.190049 0.191138 0.199299 0.182624
3031250 0.194502 0.200922 0.219015 0.873852 -0.977333 1.63629 0.19319 0.202915 0.215042 0.195803 0.198944 0.222959
3031250 0.203965 0.208371 0.198976 8.93105e-05 -0.000449141 0.000194919 0.203283 0.211082 0.197244 0.204801 0.205045 0.201102
3031250 0.189691 0.212163 0.192942 0.0869488 0.881232 2.58405 0.189643 0.21137 0.188362 0.189738 0.212951 0.197492
3031250 0.204146 0.210692 0.194096 -6.21876e-05 8.81757e-05 0.000331409 0.20579 0.209948 0.188097 0.203283 0.211082 0.197244
3031250 0.20618 0.204974 0.204893 -0.212414 0.119674 -0.652475 0.208086 0.204875 0.210134 0.204801 0.205045 0.201102
3031250 0.197945 0.20946 0.20665 -0.868855 -0.681242 -3.16056 0.198871 0.209794 0.211511 0.197054 0.209139 0.201975
3031250 0.204372 0.215155 0.184918 -0.442625 3.21665 -1.4597 0.20579 0.209948 0.188097 0.203584 0.218047 0.183153
3031250 0.192788 0.207692 0.203546 0.485668 0.0925373 -0.225829 0.186907 0.205697 0.205712 0.197054 0.209139 0.201975
3031250 0.191965 0.20374 0.194353 0.228623 1.12105 2.42466 0.191677 0.202523 0.190049 0.192173 0.204623 0.197479
3031250 0.193794 0.202978 0.199773 0.429609 -0.570562 0.552416 0.192173 0.204623 0.197479 0.195316 0.201432 0.201928
3031250 0.19043 0.204979 0.200205 -0.515547 0.0863922 1.16863 0.192173 0.204623 0.197479 0.186907 0.205697 0.205712
3031250 0.206598 0.199819 0.185777 -0.173439 -0.270228 0.318905 0.207995 0.201383 0.183131 0.20524 0.198299 0.188348
3031250 0.213488 0.208459 0.193381 -0.810159 0.281575 1.31322 0.215388 0.208377 0.190218 0.211256 0.208556 0.197096
3031250 0.217144 0.209892 0.193089 -1.00646 -0.979649 -1.27728 0.219011 0.211503 0.196141 0.215388 0.208377 0.190218
3031250 0.213694 0.203757 0.202027 -0.62307 -0.374481 -0.413238 0.218001 0.206441 0.203931 0.211289 0.202258 0.200963
3031250 0.218322 0.215778 0.202207 1.30071 0.167257 -0.0116583 0.214237 0.215142 0.201593 0.224746 0.216777 0.203174
3031250 0.200356 0.209202 0.191123 1.38489 0.0804362 -0.525751 0.196791 0.208713 0.193108 0.20579 0.209948 0.188097
3031250 0.194153 0.206455 0.199302 1.02779 0.641827 0.889414 0.192173 0.204623 0.197479 0.197054 0.209139 0.201975
3031250 0.194898 0.203063 0.210736 0.175514 0.102365 -0.568964 0.19319 0.202915 0.215042 0.196052 0.203164 0.207825
3031250 0.19568 0.202287 0.204841 -0.121623 -0.267704 -0.582887 0.196052 0.203164 0.207825 0.195316 0.201432 0.201928
3031250 0.197144 0.20573 0.209252 -0.15478 -0.360908 -0.127639 0.198871 0.209794 0.211511 0.196052 0.203164 0.207825
3031250 0.199022 0.214658 0.212475 0.000173467 0.00132273 0.000444639 0.198871 0.209794 0.211511 0.199135 0.218302 0.213196
3031250 0.199454 0.216256 0.216298 0.0 0.0 0.0 0.199848 0.213787 0.220124 0.199135 0.218302 0.213196
3031250 0.208508 0.203452 0.201023 -0.427382 0.232646 0.0728754 0.211289 0.202258 0.200963 0.204801 0.205045 0.201102
3031250 0.218587 0.209377 0.199412 -0.174283 -0.772538 0.862032 0.219011 0.211503 0.196141 0.218001 0.206441 0.203931
3031250 0.182355 0.214158 0.206764 -0.0794657 -0.0397244 0.133345 0.183736 0.215355 0.203371 0.181001 0.212986 0.210086
3031250 0.213558 0.215525 0.197487 -0.0796319 0.282536 -1.30041 0.214237 0.215142 0.201593 0.212915 0.215887 0.193603
3031250 0.185752 0.212153 0.190781 -3.22562 0.999507 1.49509 0.189643 0.21137 0.188362 0.182319 0.212844 0.192914
3031250 0.2129 0.213495 0.209251 -0.658774 1.69854 -0.299271 0.214261 0.210898 0.210085 0.211461 0.216242 0.208368
3031250 0.187751 0.208649 0.191621 0.867289 0.792699 -1.15552 0.186412 0.206723 0.193929 0.189643 0.21137 0.188362
3031250 0.185775 0.203658 0.19494 -0.0729419 -1.30605 0.533107 0.186412 0.206723 0.193929 0.184804 0.198985 0.196481
3031250 0.217031 0.2025 0.194779 0.0831145 0.0164185 -0.039121 0.214169 0.201965 0.195599 0.221801 0.203391 0.193414
3031250 0.198156 0.201014 0.206949 0.1789 -0.254601 -0.102323 0.196052 0.203164 0.207825 0.201726 0.197368 0.205462
3031250 0.180275 0.207966 0.197058 -0.000224445 -0.000562711 -0.00049859 0.180979 0.209872 0.199354 0.179397 0.20559 0.194197
3031250 0.182864 0.208545 0.201375 0.000243657 -0.00017458 0.000361463 0.180979 0.209872 0.199354 0.186907 0.205697 0.205712
3031250 0.19448 0.211071 0.213432 -3.86226 0.983746 2.46287 0.198871 0.209794 0.211511 0.189407 0.212547 0.215652
3031250 0.200742 0.210289 0.199174 0.000140538 6.45808e-05 -8.67135e-05 0.197054 0.209139 0.201975 0.203283 0.211082 0.197244
3031250 0.187555 0.200929 0.188674 0.0 0.0 0.0 0.191677 0.202523 0.190049 0.183725 0.199748 0.187398
3031250 0.182411 0.200675 0.205059 0.0 0.0 0.0 0.186907 0.205697 0.205712 0.17885 0.196979 0.204544
3031250 0.181553 0.210987 0.196599 0.0 0.0 0.0 0.180979 0.209872 0.199354 0.182319 0.212844 0.192914
3031250 0.182201 0.212145 0.201134 0.0 0.0 0.0 0.180979 0.209872 0.199354 0.183736 0.215355 0.203371
3031250 0.183282 0.216282 0.195405 0.0 0.0 0.0 0.184061 0.219347 0.197421 0.182319 0.212844 0.192914
3031250 0.18459 0.209292 0.193476 0.0 0.0 0.0 0.186412 0.206723 0.193929 0.182319 0.212844 0.192914
3031250 0.180869 0.21558 0.200819 0.0 0.0 0.0 0.183736 0.215355 0.203371 0.178373 0.216068 0.198601
3031250 0.180981 0.202196 0.199243 0.0 0.0 0.0 0.178654 0.2044 0.200925 0.184804 0.198985 0.196481
3031250 0.186467 0.214105 0.200696 0.0 0.0 0.0 0.183736 0.215355 0.203371 0.189738 0.212951 0.197492
3031250 0.184339 0.212656 0.212295 0.0 0.0 0.0 0.181001 0.212986 0.210086 0.189407 0.212547 0.215652
3031250 0.187392 0.215517 0.20458 0.0 0.0 0.0 0.183736 0.215355 0.203371 0.191919 0.216068 0.206078
3031250 0.184543 0.217067 0.206947 0.0 0.0 0.0 0.183736 0.215355 0.203371 0.185293 0.218961 0.210273
3031250 0.186435 0.216517 0.19745 0.0 0.0 0.0 0.189738 0.212951 0.197492 0.184061 0.219347 0.197421
3031250 0.188434 0.200698 0.193084 0.0 0.0 0.0 0.191677 0.202523 0.190049 0.184804 0.198985 0.196481
3031250 0.189274 0.202248 0.197086 0.0 0.0 0.0 0.192173 0.204623 0.197479 0.184804 0.198985 0.196481
3031250 0.195475 0.201159 0.192298 0.0 0.0 0.0 0.191677 0.202523 0.190049 0.199982 0.199882 0.194967
3031250 0.195139 0.202667 0.196525 0.0 0.0 0.0 0.192173 0.204623 0.197479 0.199982 0.199882 0.194967
3031250 0.198182 0.204708 0.193918 0.0 0.0 0.0 0.196791 0.208713 0.193108 0.199982 0.199882 0.194967
3031250 0.185714 0.201733 0.200474 0.0 0.0 0.0 0.186907 0.205697 0.205712 0.184804 0.198985 0.196481
3031250 0.19702 0.20071 0.199388 0.0 0.0 0.0 0.195316 0.201432 0.201928 0.199982 0.199882 0.194967
3031250 0.205038 0.201177 0.193939 0.0 0.0 0.0 0.20821 0.202244 0.193295 0.199982 0.199882 0.194967
3031250 0.195475 0.198673 0.215186 0.0 0.0 0.0 0.19319 0.202915 0.215042 0.197324 0.19552 0.215303
3031250 0.194569 0.20024 0.208147 0.0 0.0 0.0 0.196052 0.203164 0.207825 0.192394 0.19634 0.20862
3031250 0.194149 0.199241 0.204603 0.0 0.0 0.0 0.195316 0.201432 0.201928 0.192394 0.19634 0.20862
3031250 0.190139 0.20003 0.207424 0.0 0.0 0.0 0.186907 0.205697 0.205712 0.192394 0.19634 0.20862
3031250 0.199979 0.197987 0.216063 0.0 0.0 0.0 0.202735 0.200868 0.216852 0.197324 0.19552 0.215303
3031250 0.190223 0.199719 0.216901 0.0 0.0 0.0 0.19319 0.202915 0.215042 0.18648 0.19604 0.219247
3031250 0.199555 0.199829 0.219654 0.0 0.0 0.0 0.202735 0.200868 0.216852 0.195803 0.198944 0.222959
3031250 0.189268 0.203888 0.186424 0.0 0.0 0.0 0.191677 0.202523 0.190049 0.187432 0.205202 0.183663
3031250 0.194252 0.204987 0.187468 0.0 0.0 0.0 0.191677 0.202523 0.190049 0.196449 0.207381 0.185265
3031250 0.190679 0.20671 0.18922 0.0 0.0 0.0 0.191677 0.202523 0.190049 0.189643 0.21137 0.188362
3031250 0.196615 0.207867 0.189047 0.0 0.0 0.0 0.196791 0.208713 0.193108 0.196449 0.207381 0.185265
3031250 0.189309 0.205511 0.195713 0.0 0.0 0.0 0.186412 0.206723 0.193929 0.192173 0.204623 0.197479
3031250 0.194216 0.206275 0.195547 0.0 0.0 0.0 0.192173 0.204623 0.197479 0.196791 0.208713 0.193108
3031250 0.191168 0.20791 0.197484 0.0 0.0 0.0 0.192173 0.204623 0.197479 0.189738 0.212951 0.197492
3031250 0.193438 0.209804 0.190881 0.0 0.0 0.0 0.196791 0.208713 0.193108 0.189643 0.21137 0.188362
3031250 0.193471 0.210552 0.195172 0.0 0.0 0.0 0.196791 0.208713 0.193108 0.189738 0.212951 0.197492
3031250 0.188571 0.209802 0.200883 0.0 0.0 0.0 0.186907 0.205697 0.205712 0.189738 0.212951 0.197492
3031250 0.195539 0.211176 0.183739 0.0 0.0 0.0 0.194387 0.216327 0.181811 0.196449 0.207381 0.185265
3031250 0.193715 0.214129 0.189677 0.0 0.0 0.0 0.197892 0.217277 0.191028 0.189643 0.21137 0.188362
3031250 0.188026 0.215485 0.189257 0.0 0.0 0.0 0.186501 0.219665 0.190101 0.189643 0.21137 0.188362
3031250 0.188078 0.21624 0.193699 0.0 0.0 0.0 0.186501 0.219665 0.190101 0.189738 0.212951 0.197492
3031250 0.190744 0.217312 0.197429 0.0 0.0 0.0 0.189738 0.212951 0.197492 0.191839 0.222392 0.197362
3031250 0.198675 0.208921 0.182109 0.0 0.0 0.0 0.201271 0.211057 0.178425 0.196449 0.207381 0.185265
3031250 0.200399 0.209873 0.195406 0.0 0.0 0.0 0.196791 0.208713 0.193108 0.203283 0.211082 0.197244
3031250 0.190593 0.203909 0.211185 0.0 0.0 0.0 0.19319 0.202915 0.215042 0.186907 0.205697 0.205712
3031250 0.193102 0.203825 0.207143 0.0 0.0 0.0 0.196052 0.203164 0.207825 0.186907 0.205697 0.205712
3031250 0.19645 0.205376 0.205506 0.0 0.0 0.0 0.196052 0.203164 0.207825 0.197054 0.209139 0.201975
3031250 0.192648 0.202629 0.203129 0.0 0.0 0.0 0.186907 0.205697 0.205712 0.195316 0.201432 0.201928
3031250 0.195996 0.204286 0.201946 0.0 0.0 0.0 0.197054 0.209139 0.201975 0.195316 0.201432 0.201928
3031250 0.19681 0.204452 0.218523 0.0 0.0 0.0 0.19319 0.202915 0.215042 0.199471 0.205855 0.221083
3031250 0.188243 0.209201 0.211023 0.0 0.0 0.0 0.186907 0.205697 0.205712 0.189407 0.212547 0.215652
3031250 0.189812 0.21155 0.205924 0.0 0.0 0.0 0.191919 0.216068 0.206078 0.186907 0.205697 0.205712
3031250 0.195329 0.212835 0.208743 0.0 0.0 0.0 0.198871 0.209794 0.211511 0.191919 0.216068 0.206078
3031250 0.194488 0.212446 0.204026 0.0 0.0 0.0 0.191919 0.216068 0.206078 0.197054 0.209139 0.201975
3031250 0.202098 0.211355 0.208053 0.0 0.0 0.0 0.198871 0.209794 0.211511 0.20514 0.21313 0.204792
3031250 0.198374 0.201647 0.216025 0.0 0.0 0.0 0.19319 0.202915 0.215042 0.202735 0.200868 0.216852
3031250 0.19521 0.21308 0.218136 0.0 0.0 0.0 0.199848 0.213787 0.220124 0.189407 0.212547 0.215652
3031250 0.186876 0.216337 0.212342 0.0 0.0 0.0 0.189407 0.212547 0.215652 0.185293 0.218961 0.210273
3031250 0.190993 0.217742 0.214023 0.0 0.0 0.0 0.189407 0.212547 0.215652 0.192108 0.221665 0.212878
3031250 0.193055 0.217352 0.218164 0.0 0.0 0.0 0.195358 0.220642 0.21975 0.189407 0.212547 0.215652
3031250 0.203257 0.214029 0.217061 0.0 0.0 0.0 0.199848 0.213787 0.220124 0.206574 0.214572 0.21408
3031250 0.196153 0.216649 0.186452 0.0 0.0 0.0 0.194387 0.216327 0.181811 0.197892 0.217277 0.191028
3031250 0.199738 0.217172 0.182591 0.0 0.0 0.0 0.194387 0.216327 0.181811 0.203584 0.218047 0.183153
3031250 0.20165 0.213601 0.198237 0.0 0.0 0.0 0.203283 0.211082 0.197244 0.199758 0.216854 0.199387
3031250 0.201307 0.213952 0.18976 0.0 0.0 0.0 0.197892 0.217277 0.191028 0.20579 0.209948 0.188097
3031250 0.202173 0.215028 0.201811 0.0 0.0 0.0 0.20514 0.21313 0.204792 0.199758 0.216854 0.199387
3031250 0.201184 0.217566 0.186473 0.0 0.0 0.0 0.197892 0.217277 0.191028 0.203584 0.218047 0.183153
3031250 0.202516 0.216451 0.213598 0.0 0.0 0.0 0.206574 0.214572 0.21408 0.199135 0.218302 0.213196
3031250 0.206713 0.200099 0.190799 0.0 0.0 0.0 0.20821 0.202244 0.193295 0.20524 0.198299 0.188348
3031250 0.207058 0.198837 0.212026 0.0 0.0 0.0 0.208086 0.204875 0.210134 0.206329 0.194835 0.213363
3031250 0.205972 0.199445 0.218708 0.0 0.0 0.0 0.202735 0.200868 0.216852 0.210573 0.197798 0.221346
3031250 0.207224 0.204226 0.184869 0.0 0.0 0.0 0.207995 0.201383 0.183131 0.20579 0.209948 0.188097
3031250 0.211199 0.207273 0.184818 0.0 0.0 0.0 0.20579 0.209948 0.188097 0.215182 0.205574 0.182404
3031250 0.20719 0.20779 0.182243 0.0 0.0 0.0 0.20579 0.209948 0.188097 0.207964 0.206839 0.179005
3031250 0.202572 0.214831 0.181083 0.0 0.0 0.0 0.201271 0.211057 0.178425 0.203584 0.218047 0.183153
3031250 0.211338 0.201942 0.194503 0.0 0.0 0.0 0.20821 0.202244 0.193295 0.214169 0.201965 0.195599
3031250 0.209536 0.204835 0.194948 0.0 0.0 0.0 0.20821 0.202244 0.193295 0.211256 0.208556 0.197096
3031250 0.209021 0.208969 0.193415 0.0 0.0 0.0 0.20579 0.209948 0.188097 0.211256 0.208556 0.197096
3031250 0.206723 0.209836 0.19718 0.0 0.0 0.0 0.203283 0.211082 0.197244 0.211256 0.208556 0.197096
3031250 0.21273 0.201955 0.19828 0.0 0.0 0.0 0.214169 0.201965 0.195599 0.211289 0.202258 0.200963
3031250 0.211276 0.204691 0.199373 0.0 0.0 0.0 0.211256 0.208556 0.197096 0.211289 0.202258 0.200963
3031250 0.20405 0.211771 0.20036 0.0 0.0 0.0 0.20514 0.21313 0.204792 0.203283 0.211082 0.197244
3031250 0.214195 0.211846 0.191852 0.0 0.0 0.0 0.215388 0.208377 0.190218 0.212915 0.215887 0.193603
3031250 0.210159 0.213432 0.191472 0.0 0.0 0.0 0.20579 0.209948 0.188097 0.212915 0.215887 0.193603
3031250 0.209347 0.21488 0.187057 0.0 0.0 0.0 0.20579 0.209948 0.188097 0.211421 0.218004 0.186451
3031250 0.206062 0.21578 0.190328 0.0 0.0 0.0 0.20579 0.209948 0.188097 0.206232 0.219707 0.191735
3031250 0.215327 0.209946 0.196594 0.0 0.0 0.0 0.219011 0.211503 0.196141 0.211256 0.208556 0.197096
3031250 0.214254 0.20746 0.200133 0.0 0.0 0.0 0.218001 0.206441 0.203931 0.211256 0.208556 0.197096
3031250 0.210163 0.203023 0.20419 0.0 0.0 0.0 0.208086 0.204875 0.210134 0.211289 0.202258 0.200963
3031250 0.206484 0.209209 0.207229 0.0 0.0 0.0 0.208086 0.204875 0.210134 0.20514 0.21313 0.204792
3031250 0.207247 0.210106 0.212326 0.0 0.0 0.0 0.208086 0.204875 0.210134 0.206574 0.214572 0.21408
3031250 0.204959 0.208634 0.202811 0.0 0.0 0.0 0.20514 0.21313 0.204792 0.204801 0.205045 0.201102
3031250 0.205874 0.213712 0.209546 0.0 0.0 0.0 0.206574 0.214572 0.21408 0.20514 0.21313 0.204792
3031250 0.209945 0.214036 0.203103 0.0 0.0 0.0 0.214237 0.215142 0.201593 0.20514 0.21313 0.204792
3031250 0.207724 0.206155 0.215511 0.0 0.0 0.0 0.208086 0.204875 0.210134 0.207414 0.207539 0.220108
3031250 0.20698 0.211016 0.216994 0.0 0.0 0.0 0.206574 0.214572 0.21408 0.207414 0.207539 0.220108
3031250 0.210803 0.217718 0.200885 0.0 0.0 0.0 0.214237 0.215142 0.201593 0.207061 0.220851 0.200114
3031250 0.209412 0.215385 0.210764 0.0 0.0 0.0 0.206574 0.214572 0.21408 0.211461 0.216242 0.208368
3031250 0.205029 0.218139 0.21725 0.0 0.0 0.0 0.206574 0.214572 0.21408 0.203523 0.221923 0.220339
3031250 0.209337 0.218483 0.215397 0.0 0.0 0.0 0.212923 0.223922 0.217107 0.206574 0.214572 0.21408
3031250 0.2167 0.213109 0.19878 0.0 0.0 0.0 0.214237 0.215142 0.201593 0.219011 0.211503 0.196141
3031250 0.213115 0.205513 0.206988 0.0 0.0 0.0 0.208086 0.204875 0.210134 0.218001 0.206441 0.203931
3031250 0.215877 0.211198 0.20261 0.0 0.0 0.0 0.214237 0.215142 0.201593 0.218001 0.206441 0.203931
3031250 0.21583 0.213294 0.210835 0.0 0.0 0.0 0.214261 0.210898 0.210085 0.218019 0.217013 0.211882
3031250 0.204841 0.203713 0.218317 0.0 0.0 0.0 0.202735 0.200868 0.216852 0.207414 0.207539 0.220108
3031250 0.207407 0.21787 0.184761 0.0 0.0 0.0 0.211421 0.218004 0.186451 0.203584 0.218047 0.183153
3031250 0.209571 0.217642 0.192667 0.0 0.0 0.0 0.206232 0.219707 0.191735 0.212915 0.215887 0.193603
3031250 0.215975 0.21353 0.194876 0.0 0.0 0.0 0.219011 0.211503 0.196141 0.212915 0.215887 0.193603
3031250 0.216771 0.218247 0.194597 0.0 0.0 0.0 0.219955 0.220483 0.195419 0.212915 0.215887 0.193603
