# ts x y z Fx Fy Fz x1 y1 z1 x2 y2 z2
2393750 0.182088 0.181038 0.198325 -31.6369 33.1134 2.48388 0.186006 0.177679 0.197395 0.17753 0.184946 0.199408
2393750 0.185787 0.19953 0.187828 13.0223 5.8129 5.54405 0.182434 0.198532 0.186026 0.189366 0.200595 0.189752
2393750 0.183379 0.196793 0.1971 -28.8329 16.8102 4.69598 0.187154 0.194723 0.195785 0.180611 0.19831 0.198063
2393750 0.183496 0.195651 0.208165 17.0726 14.8057 15.6183 0.180418 0.193733 0.20509 0.186102 0.197276 0.210769
2393750 0.194413 0.185578 0.181324 18.5662 12.1202 -2.21285 0.191287 0.182911 0.181346 0.196952 0.187745 0.181307
2393750 0.198114 0.190236 0.1832 -3.78863 -14.8706 -9.87029 0.199494 0.193195 0.18545 0.196952 0.187745 0.181307
2393750 0.199878 0.18713 0.182796 -1.86418 0.165791 -1.23531 0.202957 0.186484 0.184363 0.196952 0.187745 0.181307
2393750 0.200142 0.179757 0.187563 0.155658 1.93462 7.07222 0.199397 0.178904 0.182661 0.200651 0.180339 0.19091
2393750 0.189956 0.178793 0.194127 6.53079 2.3201 -7.47896 0.186006 0.177679 0.197395 0.192583 0.179535 0.191954
2393750 0.194037 0.182143 0.19015 -5.40649 -7.72082 4.13443 0.19571 0.185145 0.188074 0.192583 0.179535 0.191954
2393750 0.1858 0.182889 0.190947 1.2983 40.8056 20.6477 0.185702 0.180164 0.188971 0.185924 0.186351 0.193455
2393750 0.192948 0.187918 0.187177 -9.19283 7.18375 -1.45317 0.19571 0.185145 0.188074 0.189182 0.191699 0.185955
2393750 0.198045 0.186303 0.191128 6.67636 1.99531 6.5805 0.19571 0.185145 0.188074 0.200949 0.187742 0.194927
2393750 0.186683 0.179061 0.208607 9.37277 -10.8336 -25.9333 0.185314 0.181273 0.212113 0.187753 0.177332 0.205868
2393750 0.190157 0.179726 0.20623 -22.7088 -22.7409 -8.72176 0.193559 0.183114 0.206742 0.187753 0.177332 0.205868
2393750 0.188242 0.183744 0.214209 16.4967 15.1956 8.10523 0.185314 0.181273 0.212113 0.191812 0.186758 0.216764
2393750 0.196984 0.180159 0.216751 4.28088 1.68883 5.93757 0.195533 0.17954 0.213875 0.199142 0.181079 0.221031
2393750 0.197182 0.17999 0.207409 -12.182 10.6827 0.323986 0.201029 0.176675 0.208117 0.193559 0.183114 0.206742
2393750 0.197682 0.194174 0.188839 -4.41182 1.08677 9.61641 0.199494 0.193195 0.18545 0.195619 0.195288 0.192699
2393750 0.192379 0.198037 0.191172 -14.2835 13.1983 -10.5959 0.195619 0.195288 0.192699 0.189366 0.200595 0.189752
2393750 0.19815 0.191704 0.193757 -29.0786 35.7669 -4.28459 0.200949 0.187742 0.194927 0.195619 0.195288 0.192699
2393750 0.20243 0.194977 0.183465 7.79706 3.33501 -3.8564 0.199494 0.193195 0.18545 0.207453 0.198024 0.180071
2393750 0.203003 0.192366 0.187102 7.36465 -2.58055 4.87881 0.199494 0.193195 0.18545 0.206699 0.191493 0.188843
2393750 0.189078 0.199803 0.209789 45.591 29.9716 -7.80751 0.186102 0.197276 0.210769 0.192468 0.202681 0.208673
2393750 0.199695 0.192715 0.216479 -0.426501 -2.96377 5.79924 0.200751 0.194744 0.212273 0.198918 0.191222 0.219574
2393750 0.219146 0.180745 0.196297 -29.0745 -36.3791 3.97046 0.222591 0.186145 0.196507 0.215524 0.175068 0.196077
2393750 0.204667 0.188772 0.186409 2.30685 4.19185 4.35424 0.202957 0.186484 0.184363 0.206699 0.191493 0.188843
2393750 0.209351 0.180287 0.188081 -12.5508 36.2115 22.6972 0.211283 0.176779 0.185321 0.207678 0.183323 0.190469
2393750 0.200773 0.183356 0.192547 -1.46644 -8.21758 -3.49424 0.200949 0.187742 0.194927 0.200651 0.180339 0.19091
2393750 0.210225 0.186133 0.1923 5.68286 7.14566 6.22545 0.207678 0.183323 0.190469 0.212699 0.188861 0.194079
2393750 0.213025 0.186711 0.197541 -4.6838 9.84286 -19.6883 0.213338 0.184645 0.200866 0.212699 0.188861 0.194079
2393750 0.202149 0.185011 0.198931 2.40693 -4.94216 10.4838 0.200949 0.187742 0.194927 0.20307 0.182912 0.202008
2393750 0.20435 0.188803 0.198425 11.0538 3.74667 15.7856 0.200949 0.187742 0.194927 0.207123 0.189668 0.201277
2393750 0.211248 0.19268 0.193894 2.1858 -10.3532 0.115486 0.210158 0.19555 0.193754 0.212699 0.188861 0.194079
2393750 0.214289 0.191358 0.191258 -5.61902 -13.4918 11.5836 0.216179 0.194326 0.187906 0.212699 0.188861 0.194079
2393750 0.202196 0.180242 0.204623 2.59796 5.93523 -4.52356 0.201029 0.176675 0.208117 0.20307 0.182912 0.202008
2393750 0.205946 0.182664 0.204536 -10.1865 0.697378 -6.41824 0.209011 0.182399 0.20723 0.20307 0.182912 0.202008
2393750 0.214702 0.181855 0.203269 4.79505 -16.0448 15.8038 0.213338 0.184645 0.200866 0.215939 0.179326 0.205447
2393750 0.206751 0.189407 0.205324 1.61356 -0.727347 -9.53046 0.20645 0.189195 0.208606 0.207123 0.189668 0.201277
2393750 0.200918 0.181209 0.210502 -4.31707 -33.7496 -21.9986 0.200818 0.185322 0.212665 0.201029 0.176675 0.208117
2393750 0.208091 0.187645 0.211017 3.32498 -3.2485 3.6069 0.20645 0.189195 0.208606 0.209586 0.186233 0.213211
2393750 0.204111 0.187586 0.210292 -12.3524 -12.3979 10.6139 0.20645 0.189195 0.208606 0.200818 0.185322 0.212665
2393750 0.209143 0.180416 0.210804 2.65596 10.2603 -18.2146 0.209357 0.177183 0.216631 0.209011 0.182399 0.20723
2393750 0.210718 0.191577 0.201379 -18.5681 -11.1922 -3.81471 0.215471 0.1941 0.201514 0.207123 0.189668 0.201277
2393750 0.207059 0.192356 0.20787 4.20402 16.3728 -6.60272 0.20645 0.189195 0.208606 0.207843 0.19643 0.206921
2393750 0.21678 0.179766 0.208878 5.4616 2.20895 13.0144 0.215939 0.179326 0.205447 0.217538 0.180162 0.211971
2393750 0.212347 0.186133 0.214399 2.11977 0.148886 1.25464 0.209586 0.186233 0.213211 0.216043 0.186 0.215989
2393750 0.208692 0.19383 0.191672 -11.2315 -9.79905 -10.9508 0.210158 0.19555 0.193754 0.206699 0.191493 0.188843
2393750 0.212662 0.197278 0.194187 12.193 6.96173 0.107159 0.210158 0.19555 0.193754 0.21518 0.199017 0.194623
2393750 0.209601 0.198085 0.195399 -6.01503 14.361 9.06497 0.210158 0.19555 0.193754 0.208744 0.20199 0.197933
2393750 0.218077 0.197953 0.194779 -36.2826 8.3596 -5.56647 0.221933 0.196538 0.194986 0.21518 0.199017 0.194623
2393750 0.204505 0.195636 0.20944 14.1286 0.61499 -11.5544 0.200751 0.194744 0.212273 0.207843 0.19643 0.206921
2393750 0.211211 0.195401 0.204534 -36.5231 7.22114 18.5966 0.215471 0.1941 0.201514 0.207843 0.19643 0.206921
2393750 0.217331 0.190245 0.204773 -20.0953 45.7284 -26.9605 0.218997 0.186793 0.207692 0.215471 0.1941 0.201514
2393750 0.20705 0.195428 0.218631 33.6054 -22.626 -22.9913 0.203895 0.197553 0.220052 0.210747 0.192937 0.216966
2393750 0.211444 0.181422 0.183866 0.428483 4.64278 -2.26857 0.211283 0.176779 0.185321 0.211623 0.186577 0.182252
2393750 0.206371 0.186521 0.183531 -2.29771 0.130549 0.930016 0.211623 0.186577 0.182252 0.202957 0.186484 0.184363
2393750 0.203808 0.181679 0.190712 -3.89077 -1.02783 0.514299 0.207678 0.183323 0.190469 0.200651 0.180339 0.19091
2393750 0.194934 0.181109 0.181938 -14.0588 7.62976 0.153799 0.199397 0.178904 0.182661 0.191287 0.182911 0.181346
2393750 0.205205 0.19942 0.216687 0.281142 0.648175 -1.37518 0.203895 0.197553 0.220052 0.206476 0.20123 0.213424
2393750 0.203792 0.185989 0.216175 7.35765 2.2879 12.1885 0.200818 0.185322 0.212665 0.205999 0.186485 0.218781
2393750 0.202452 0.196263 0.216481 8.31736 3.69817 20.6736 0.200751 0.194744 0.212273 0.203895 0.197553 0.220052
2393750 0.194525 0.194504 0.206885 9.64543 13.8311 -6.91751 0.191857 0.191779 0.208659 0.19668 0.196706 0.205451
2393750 0.188917 0.194587 0.209737 -12.5422 11.5427 1.73602 0.191857 0.191779 0.208659 0.186102 0.197276 0.210769
2393750 0.208846 0.18935 0.185969 -2.58761 1.64135 2.95254 0.211623 0.186577 0.182252 0.206699 0.191493 0.188843
2393750 0.191837 0.189563 0.212236 -0.455285 -5.64475 6.61972 0.191857 0.191779 0.208659 0.191812 0.186758 0.216764
2393750 0.199235 0.183338 0.196534 -8.51835 -18.3056 10.3826 0.200949 0.187742 0.194927 0.198126 0.180488 0.197574
2393750 0.195637 0.183794 0.218991 -9.18096 7.17271 -7.79987 0.199142 0.181079 0.221031 0.191812 0.186758 0.216764
2393750 0.215286 0.197223 0.197137 -3.54233 19.5888 -38.7563 0.215471 0.1941 0.201514 0.21518 0.199017 0.194623
2393750 0.207917 0.182264 0.194537 -1.04558 -2.24038 11.3272 0.207678 0.183323 0.190469 0.208091 0.181494 0.197494
2393750 0.211218 0.183545 0.203984 -9.13338 -4.7718 9.76336 0.213338 0.184645 0.200866 0.209011 0.182399 0.20723
2393750 0.198655 0.195716 0.196015 4.78347 0.817993 3.82401 0.195619 0.195288 0.192699 0.201699 0.196146 0.19934
2393750 0.219133 0.195481 0.197814 -1.19974 -0.74833 1.56668 0.221933 0.196538 0.194986 0.215471 0.1941 0.201514
2393750 0.216854 0.185215 0.19921 -13.6203 -0.416908 8.25996 0.222591 0.186145 0.196507 0.213338 0.184645 0.200866
2393750 0.205202 0.195137 0.190234 1.18555 -5.14471 -1.66232 0.203804 0.198541 0.191534 0.206699 0.191493 0.188843
2393750 0.213258 0.196208 0.214585 10.312 10.7755 -6.27459 0.210747 0.192937 0.216966 0.216681 0.200668 0.211339
2393750 0.20657 0.178947 0.198243 -4.67456 -10.9567 1.91948 0.208091 0.181494 0.197494 0.204437 0.175376 0.199294
2393750 0.210389 0.182874 0.198971 9.19027 3.734 4.50197 0.208091 0.181494 0.197494 0.213338 0.184645 0.200866
2393750 0.188298 0.197761 0.192663 1.94448 9.41851 -11.726 0.187154 0.194723 0.195785 0.189366 0.200595 0.189752
2393750 0.201493 0.183367 0.183663 2.06931 5.97706 2.10907 0.199397 0.178904 0.182661 0.202957 0.186484 0.184363
2393750 0.19677 0.186584 0.205754 -13.6684 -12.8816 6.86983 0.199605 0.189647 0.204881 0.193559 0.183114 0.206742
2393750 0.200145 0.192048 0.208363 -0.222094 -9.18632 -10.533 0.200751 0.194744 0.212273 0.199605 0.189647 0.204881
2393750 0.20062 0.192799 0.202193 1.61917 7.14377 -4.39719 0.199605 0.189647 0.204881 0.201699 0.196146 0.19934
2393750 0.211833 0.191919 0.212443 -4.8931 2.80375 11.6315 0.212561 0.191237 0.209412 0.210747 0.192937 0.216966
2393750 0.186524 0.19043 0.194591 -11.1565 -52.514 -23.6939 0.187154 0.194723 0.195785 0.185924 0.186351 0.193455
2393750 0.196921 0.199667 0.218486 5.91056 16.2762 -16.8578 0.196431 0.197575 0.221249 0.197446 0.201909 0.215525
2393750 0.198898 0.19876 0.214096 -12.0689 33.8875 20.9597 0.200751 0.194744 0.212273 0.197446 0.201909 0.215525
2393750 0.207187 0.187424 0.189652 -5.06092 18.3233 -2.64587 0.207678 0.183323 0.190469 0.206699 0.191493 0.188843
2393750 0.215125 0.189467 0.208727 -16.2113 12.8992 7.82943 0.218997 0.186793 0.207692 0.212561 0.191237 0.209412
2393750 0.191054 0.179229 0.183159 0.380748 13.3723 -4.15861 0.190781 0.174911 0.185285 0.191287 0.182911 0.181346
2393750 0.189286 0.196732 0.188103 0.295628 14.8708 3.71328 0.189182 0.191699 0.185955 0.189366 0.200595 0.189752
2393750 0.209515 0.18342 0.214274 -1.12408 -5.69461 2.25747 0.209586 0.186233 0.213211 0.209357 0.177183 0.216631
2393750 0.215052 0.199051 0.188051 -2.48555 15.9421 2.72872 0.216179 0.194326 0.187906 0.213838 0.204143 0.188208
2393750 0.189973 0.197707 0.197632 31.0453 37.5671 13.848 0.187154 0.194723 0.195785 0.192924 0.200831 0.199565
2393750 0.182292 0.201079 0.197436 19.6682 29.3311 -1.37824 0.180611 0.19831 0.198063 0.184845 0.205284 0.196484
2393750 0.197346 0.182375 0.185672 2.61098 -6.13555 -3.87478 0.19571 0.185145 0.188074 0.199397 0.178904 0.182661
2393750 0.197977 0.193575 0.205198 -9.23351 16.2507 3.29939 0.199605 0.189647 0.204881 0.19668 0.196706 0.205451
2393750 0.204599 0.185345 0.192509 -21.1081 9.83899 10.2444 0.207678 0.183323 0.190469 0.200949 0.187742 0.194927
2393750 0.210287 0.187111 0.201068 -7.11802 4.09625 0.256925 0.213338 0.184645 0.200866 0.207123 0.189668 0.201277
2393750 0.183267 0.193709 0.193745 -4.4911 -0.694574 -3.12507 0.187154 0.194723 0.195785 0.179118 0.192628 0.191568
2393750 0.203451 0.189658 0.203037 10.5503 -0.306364 -3.16146 0.199605 0.189647 0.204881 0.207123 0.189668 0.201277
2393750 0.217238 0.182498 0.206401 -21.7415 -40.0403 -7.0486 0.218997 0.186793 0.207692 0.215939 0.179326 0.205447
2393750 0.205037 0.18619 0.201654 -1.32876 -2.24944 0.670007 0.207123 0.189668 0.201277 0.20307 0.182912 0.202008
2393750 0.218721 0.190469 0.199228 -20.6253 19.3942 18.4805 0.222591 0.186145 0.196507 0.215471 0.1941 0.201514
2393750 0.196089 0.189445 0.218455 7.13693 3.97554 4.193 0.191812 0.186758 0.216764 0.198918 0.191222 0.219574
2393750 0.205863 0.182123 0.199497 -2.03678 0.268112 2.26444 0.208091 0.181494 0.197494 0.20307 0.182912 0.202008
2393750 0.192649 0.187745 0.207767 1.8493 -19.4751 -1.74546 0.191857 0.191779 0.208659 0.193559 0.183114 0.206742
2393750 0.210035 0.188828 0.214664 0.254659 3.19878 1.24178 0.209586 0.186233 0.213211 0.210747 0.192937 0.216966
2393750 0.207594 0.186159 0.207991 2.7751 -5.12595 -1.64498 0.20645 0.189195 0.208606 0.209011 0.182399 0.20723
2393750 0.207145 0.183312 0.218048 5.01721 -12.4696 -5.19561 0.205999 0.186485 0.218781 0.209357 0.177183 0.216631
2393750 0.197719 0.181932 0.213374 21.9593 17.8447 -6.23518 0.195533 0.17954 0.213875 0.200818 0.185322 0.212665
2393750 0.185961 0.182454 0.195225 0.905981 -16.895 11.0917 0.185924 0.186351 0.193455 0.186006 0.177679 0.197395
2393750 0.201342 0.192149 0.197241 0.301833 6.93078 5.12048 0.200949 0.187742 0.194927 0.201699 0.196146 0.19934
2393750 0.211056 0.201477 0.184663 17.3991 21.7267 23.6359 0.207453 0.198024 0.180071 0.213838 0.204143 0.188208
2393750 0.21054 0.193461 0.208345 -10.9629 9.86875 -7.50013 0.212561 0.191237 0.209412 0.207843 0.19643 0.206921
2393750 0.2 0.183252 0.216747 5.09713 6.04436 -13.8544 0.199142 0.181079 0.221031 0.200818 0.185322 0.212665
2393750 0.200785 0.189964 0.212472 7.31642 -51.9482 6.80869 0.200751 0.194744 0.212273 0.200818 0.185322 0.212665
2393750 0.201429 0.186102 0.203369 9.10584 -17.2767 -4.04156 0.199605 0.189647 0.204881 0.20307 0.182912 0.202008
2393750 0.198371 0.195891 0.208284 -19.9988 6.61145 -23.8766 0.200751 0.194744 0.212273 0.19668 0.196706 0.205451
2393750 0.206986 0.193982 0.185499 -2.59615 -6.4843 9.87608 0.207453 0.198024 0.180071 0.206699 0.191493 0.188843
2393750 0.207995 0.189196 0.218018 5.62089 7.80442 -3.85512 0.205999 0.186485 0.218781 0.210747 0.192937 0.216966
2393750 0.202232 0.201787 0.193022 -2.55494 3.63747 2.15038 0.203804 0.198541 0.191534 0.200088 0.206213 0.195051
2393750 0.203716 0.179354 0.200727 -4.78703 15.801 8.16063 0.204437 0.175376 0.199294 0.20307 0.182912 0.202008
2393750 0.196388 0.186564 0.184379 1.34033 1.15176 -4.60793 0.19571 0.185145 0.188074 0.196952 0.187745 0.181307
2393750 0.198833 0.196466 0.20283 -5.74097 -0.130716 5.35645 0.201699 0.196146 0.19934 0.19668 0.196706 0.205451
2393750 0.203891 0.198301 0.212904 12.018 11.2193 4.36493 0.200751 0.194744 0.212273 0.206476 0.20123 0.213424
2393750 0.200386 0.181596 0.199601 -1.76614 -0.52191 -1.2471 0.20307 0.182912 0.202008 0.198126 0.180488 0.197574
2393750 0.192709 0.193665 0.18965 7.35161 4.28927 10.7078 0.189182 0.191699 0.185955 0.195619 0.195288 0.192699
2393750 0.209558 0.190234 0.209016 4.43041 0.81489 0.921026 0.20645 0.189195 0.208606 0.212561 0.191237 0.209412
2393750 0.20283 0.197432 0.195147 -0.241411 -0.270319 0.595844 0.203804 0.198541 0.191534 0.201699 0.196146 0.19934
2393750 0.182772 0.191277 0.208417 0.0 0.0 0.0 0.180418 0.193733 0.20509 0.184643 0.189327 0.211061
2393750 0.188057 0.190483 0.209924 0.0 0.0 0.0 0.191857 0.191779 0.208659 0.184643 0.189327 0.211061
2393750 0.182361 0.185162 0.191225 0.0 0.0 0.0 0.185924 0.186351 0.193455 0.178513 0.183632 0.188812
2393750 0.182797 0.179183 0.208219 0.0 0.0 0.0 0.18061 0.177126 0.204812 0.185314 0.181273 0.212113
2393750 0.180524 0.196556 0.200937 0.0 0.0 0.0 0.180418 0.193733 0.20509 0.180611 0.19831 0.198063
2393750 0.182464 0.185772 0.195909 -2.80553 -0.570989 2.75782 0.185924 0.186351 0.193455 0.17753 0.184946 0.199408
2393750 0.182721 0.189426 0.19257 0.0 0.0 0.0 0.185924 0.186351 0.193455 0.179118 0.192628 0.191568
2393750 0.183825 0.192312 0.188939 0.0 0.0 0.0 0.189182 0.191699 0.185955 0.179118 0.192628 0.191568
2393750 0.183142 0.186821 0.200915 0.000232844 3.77774e-05 5.43639e-05 0.17753 0.184946 0.199408 0.187294 0.188208 0.202029
2393750 0.184954 0.18559 0.211549 0.0 0.0 0.0 0.185314 0.181273 0.212113 0.184643 0.189327 0.211061
2393750 0.185852 0.188934 0.20694 0.0 0.0 0.0 0.187294 0.188208 0.202029 0.184643 0.189327 0.211061
2393750 0.185351 0.193291 0.210916 0.0 0.0 0.0 0.186102 0.197276 0.210769 0.184643 0.189327 0.211061
2393750 0.183945 0.191014 0.203514 0.0 0.0 0.0 0.180418 0.193733 0.20509 0.187294 0.188208 0.202029
2393750 0.184938 0.195084 0.204197 0.0 0.0 0.0 0.180418 0.193733 0.20509 0.18808 0.195823 0.203583
2393750 0.187617 0.18838 0.213425 0.0 0.0 0.0 0.191812 0.186758 0.216764 0.184643 0.189327 0.211061
2393750 0.197925 0.184333 0.181851 0.0 0.0 0.0 0.199397 0.178904 0.182661 0.196952 0.187745 0.181307
2393750 0.193521 0.184158 0.184749 0.0 0.0 0.0 0.19571 0.185145 0.188074 0.191287 0.182911 0.181346
2393750 0.190384 0.186799 0.183319 0.0 0.0 0.0 0.189182 0.191699 0.185955 0.191287 0.182911 0.181346
2393750 0.185822 0.179315 0.192271 0.0 0.0 0.0 0.185702 0.180164 0.188971 0.186006 0.177679 0.197395
2393750 0.189912 0.181081 0.198224 0.0 0.0 0.0 0.186006 0.177679 0.197395 0.192341 0.1832 0.19874
2393750 0.189085 0.179974 0.190442 0.0 0.0 0.0 0.185702 0.180164 0.188971 0.192583 0.179535 0.191954
2393750 0.19546 0.180145 0.194873 0.0 0.0 0.0 0.192583 0.179535 0.191954 0.198126 0.180488 0.197574
2393750 0.192459 0.181549 0.195463 0.0 0.0 0.0 0.192583 0.179535 0.191954 0.192341 0.1832 0.19874
2393750 0.195246 0.181836 0.198154 0.0 0.0 0.0 0.192341 0.1832 0.19874 0.198126 0.180488 0.197574
2393750 0.193253 0.179708 0.199709 0.0 0.0 0.0 0.194524 0.174554 0.201061 0.192341 0.1832 0.19874
2393750 0.192832 0.183146 0.201965 0.0 0.0 0.0 0.192341 0.1832 0.19874 0.193559 0.183114 0.206742
2393750 0.192613 0.185994 0.196786 0.0 0.0 0.0 0.192873 0.188381 0.194932 0.192341 0.1832 0.19874
2393750 0.189568 0.184686 0.196457 0.0 0.0 0.0 0.185924 0.186351 0.193455 0.192341 0.1832 0.19874
2393750 0.190224 0.185351 0.20012 0.0 0.0 0.0 0.192341 0.1832 0.19874 0.187294 0.188208 0.202029
2393750 0.19665 0.180054 0.191434 0.0 0.0 0.0 0.192583 0.179535 0.191954 0.200651 0.180339 0.19091
2393750 0.199348 0.180531 0.194345 0.0 0.0 0.0 0.200651 0.180339 0.19091 0.198126 0.180488 0.197574
2393750 0.194057 0.178817 0.203812 0.0 0.0 0.0 0.194524 0.174554 0.201061 0.193559 0.183114 0.206742
2393750 0.189227 0.182264 0.20956 0.0 0.0 0.0 0.185314 0.181273 0.212113 0.193559 0.183114 0.206742
2393750 0.194729 0.181107 0.210988 0.0 0.0 0.0 0.195533 0.17954 0.213875 0.193559 0.183114 0.206742
2393750 0.19032 0.185746 0.204306 0.0 0.0 0.0 0.193559 0.183114 0.206742 0.187294 0.188208 0.202029
2393750 0.194106 0.182414 0.214975 0.0 0.0 0.0 0.195533 0.17954 0.213875 0.191812 0.186758 0.216764
2393750 0.192725 0.184965 0.211507 0.0 0.0 0.0 0.191812 0.186758 0.216764 0.193559 0.183114 0.206742
2393750 0.197671 0.178544 0.21163 0.0 0.0 0.0 0.195533 0.17954 0.213875 0.201029 0.176675 0.208117
2393750 0.197254 0.184358 0.209757 0.0 0.0 0.0 0.200818 0.185322 0.212665 0.193559 0.183114 0.206742
2393750 0.203457 0.17955 0.21917 0.0 0.0 0.0 0.199142 0.181079 0.221031 0.209357 0.177183 0.216631
2393750 0.203156 0.184362 0.219708 0.0 0.0 0.0 0.199142 0.181079 0.221031 0.205999 0.186485 0.218781
2393750 0.194008 0.189361 0.183068 0.0 0.0 0.0 0.189182 0.191699 0.185955 0.196952 0.187745 0.181307
2393750 0.198257 0.193586 0.181416 0.0 0.0 0.0 0.199494 0.193195 0.18545 0.197168 0.193706 0.177789
2393750 0.194107 0.187107 0.191941 0.0 0.0 0.0 0.192873 0.188381 0.194932 0.19571 0.185145 0.188074
2393750 0.197611 0.189313 0.186753 0.0 0.0 0.0 0.19571 0.185145 0.188074 0.199494 0.193195 0.18545
2393750 0.189952 0.187526 0.194311 0.0 0.0 0.0 0.192873 0.188381 0.194932 0.185924 0.186351 0.193455
2393750 0.190536 0.191111 0.195279 0.0 0.0 0.0 0.192873 0.188381 0.194932 0.187154 0.194723 0.195785
2393750 0.193993 0.191335 0.194019 0.0 0.0 0.0 0.192873 0.188381 0.194932 0.195619 0.195288 0.192699
2393750 0.187359 0.188819 0.190167 0.0 0.0 0.0 0.185924 0.186351 0.193455 0.189182 0.191699 0.185955
2393750 0.195163 0.192687 0.185658 0.0 0.0 0.0 0.199494 0.193195 0.18545 0.189182 0.191699 0.185955
2393750 0.188067 0.193481 0.191347 0.0 0.0 0.0 0.187154 0.194723 0.195785 0.189182 0.191699 0.185955
2393750 0.191378 0.195128 0.194244 0.0 0.0 0.0 0.187154 0.194723 0.195785 0.195619 0.195288 0.192699
2393750 0.1906 0.188448 0.197819 0.0 0.0 0.0 0.192873 0.188381 0.194932 0.187294 0.188208 0.202029
2393750 0.19341 0.19011 0.197455 0.0 0.0 -0.0 0.192873 0.188381 0.194932 0.193998 0.192001 0.200216
2393750 0.186594 0.187372 0.197629 0.0 0.0 0.0 0.185924 0.186351 0.193455 0.187294 0.188208 0.202029
2393750 0.18722 0.191542 0.198901 0.0 0.0 0.0 0.187154 0.194723 0.195785 0.187294 0.188208 0.202029
2393750 0.19106 0.19331 0.198312 0.0 0.0 0.0 0.187154 0.194723 0.195785 0.193998 0.192001 0.200216
2393750 0.18768 0.195477 0.200289 0.0 0.0 0.0 0.187154 0.194723 0.195785 0.18808 0.195823 0.203583
2393750 0.194702 0.193548 0.196987 0.0 0.0 0.0 0.195619 0.195288 0.192699 0.193998 0.192001 0.200216
2393750 0.186056 0.199844 0.196118 0.0 0.0 0.0 0.187154 0.194723 0.195785 0.184845 0.205284 0.196484
2393750 0.19837 0.18267 0.189607 0.0 0.0 0.0 0.19571 0.185145 0.188074 0.200651 0.180339 0.19091
2393750 0.199573 0.185975 0.186094 0.0 0.0 0.0 0.19571 0.185145 0.188074 0.202957 0.186484 0.184363
2393750 0.201163 0.191296 0.181559 0.0 0.0 0.0 0.199494 0.193195 0.18545 0.202494 0.189572 0.178481
2393750 0.201331 0.189754 0.184869 0.0 0.0 0.0 0.199494 0.193195 0.18545 0.202957 0.186484 0.184363
2393750 0.195969 0.188135 0.19493 0.0 0.0 0.0 0.192873 0.188381 0.194932 0.200949 0.187742 0.194927
2393750 0.201664 0.196007 0.188513 0.0 0.0 0.0 0.203804 0.198541 0.191534 0.199494 0.193195 0.18545
2393750 0.200008 0.197151 0.192071 0.0 0.0 0.0 0.203804 0.198541 0.191534 0.195619 0.195288 0.192699
2393750 0.19112 0.190373 0.200994 3.51345e-05 2.50146e-05 -4.75992e-06 0.187294 0.188208 0.202029 0.193998 0.192001 0.200216
2393750 0.187748 0.192611 0.202928 1.02869e-05 6.00758e-05 2.19289e-05 0.187294 0.188208 0.202029 0.18808 0.195823 0.203583
2393750 0.189658 0.190172 0.205457 0.0 0.0 0.0 0.191857 0.191779 0.208659 0.187294 0.188208 0.202029
2393750 0.196483 0.190956 0.202284 0.0 0.0 0.0 0.199605 0.189647 0.204881 0.193998 0.192001 0.200216
2393750 0.195705 0.190838 0.206783 0.0 0.0 0.0 0.191857 0.191779 0.208659 0.199605 0.189647 0.204881
2393750 0.190995 0.194072 0.201922 0.0 0.0 0.0 0.18808 0.195823 0.203583 0.193998 0.192001 0.200216
2393750 0.19305 0.192036 0.203985 0.0 0.0 0.0 0.191857 0.191779 0.208659 0.193998 0.192001 0.200216
2393750 0.195344 0.194486 0.202829 0.0 0.0 0.0 0.19668 0.196706 0.205451 0.193998 0.192001 0.200216
2393750 0.189735 0.194163 0.205809 0.0 0.0 0.0 0.191857 0.191779 0.208659 0.18808 0.195823 0.203583
2393750 0.187185 0.196591 0.206812 0.0 0.0 0.0 0.186102 0.197276 0.210769 0.18808 0.195823 0.203583
2393750 0.192439 0.193731 0.212314 0.0 0.0 0.0 0.191857 0.191779 0.208659 0.192947 0.195483 0.215426
2393750 0.189729 0.196444 0.213244 0.0 0.0 0.0 0.186102 0.197276 0.210769 0.192947 0.195483 0.215426
2393750 0.192491 0.191982 0.215963 0.000830523 0.00294697 -0.000261232 0.191812 0.186758 0.216764 0.192947 0.195483 0.215426
2393750 0.194708 0.196664 0.218378 0.0 0.0 0.0 0.196431 0.197575 0.221249 0.192947 0.195483 0.215426
2393750 0.195947 0.193458 0.21752 0.0 0.0 0.0 0.192947 0.195483 0.215426 0.198918 0.191222 0.219574
2393750 0.195129 0.198734 0.21548 0.0 0.0 0.0 0.192947 0.195483 0.215426 0.197446 0.201909 0.215525
2393750 0.186157 0.199616 0.214325 0.0 0.0 0.0 0.186102 0.197276 0.210769 0.186233 0.20273 0.219495
2393750 0.1904 0.19835 0.216975 0.0 0.0 0.0 0.192947 0.195483 0.215426 0.186233 0.20273 0.219495
2393750 0.200222 0.188888 0.200296 0.0 0.0 0.0 0.200949 0.187742 0.194927 0.199605 0.189647 0.204881
2393750 0.196818 0.190413 0.198074 0.0 0.0 0.0 0.200949 0.187742 0.194927 0.193998 0.192001 0.200216
2393750 0.197306 0.193912 0.199839 0.0 0.0 0.0 0.201699 0.196146 0.19934 0.193998 0.192001 0.200216
2393750 0.203461 0.18951 0.206981 0.0 0.0 0.0 0.20645 0.189195 0.208606 0.199605 0.189647 0.204881
2393750 0.20018 0.187698 0.208604 0.0 0.0 0.0 0.200818 0.185322 0.212665 0.199605 0.189647 0.204881
2393750 0.196016 0.193284 0.210349 0.0 0.0 0.0 0.191857 0.191779 0.208659 0.200751 0.194744 0.212273
2393750 0.196275 0.195289 0.214087 0.0 0.0 0.0 0.200751 0.194744 0.212273 0.192947 0.195483 0.215426
2393750 0.196613 0.186111 0.214574 0.0 0.0 0.0 0.200818 0.185322 0.212665 0.191812 0.186758 0.216764
2393750 0.199731 0.188798 0.216595 0.0 0.0 0.0 0.200818 0.185322 0.212665 0.198918 0.191222 0.219574
2393750 0.201226 0.194279 0.219796 0.0 0.0 0.0 0.203895 0.197553 0.220052 0.198918 0.191222 0.219574
2393750 0.200533 0.199934 0.217697 0.0 0.0 0.0 0.203895 0.197553 0.220052 0.197446 0.201909 0.215525
2393750 0.206181 0.178737 0.19081 0.0 0.0 0.0 0.207678 0.183323 0.190469 0.204781 0.17419 0.19112
2393750 0.2104 0.179596 0.197049 0.0 0.0 0.0 0.208091 0.181494 0.197494 0.215524 0.175068 0.196077
2393750 0.214133 0.181227 0.199097 0.0 0.0 0.0 0.213338 0.184645 0.200866 0.215524 0.175068 0.196077
2393750 0.209405 0.184866 0.186869 0.0 0.0 0.0 0.207678 0.183323 0.190469 0.211623 0.186577 0.182252
2393750 0.205104 0.185163 0.187137 0.0 0.0 0.0 0.207678 0.183323 0.190469 0.202957 0.186484 0.184363
2393750 0.216545 0.179677 0.191264 0.0 0.0 0.0 0.215524 0.175068 0.196077 0.217115 0.182255 0.188575
2393750 0.214571 0.179867 0.187156 0.0 0.0 -0.0 0.211283 0.176779 0.185321 0.217115 0.182255 0.188575
2393750 0.205467 0.179976 0.207626 0.0 0.0 0.0 0.201029 0.176675 0.208117 0.209011 0.182399 0.20723
2393750 0.214229 0.188745 0.201134 0.0 0.0 0.0 0.213338 0.184645 0.200866 0.215471 0.1941 0.201514
2393750 0.208062 0.186155 0.204247 0.0 0.0 0.0 0.209011 0.182399 0.20723 0.207123 0.189668 0.201277
2393750 0.209338 0.184724 0.210677 0.0 0.0 0.0 0.209586 0.186233 0.213211 0.209011 0.182399 0.20723
2393750 0.212709 0.180872 0.206277 0.0 0.0 0.0 0.209011 0.182399 0.20723 0.215939 0.179326 0.205447
2393750 0.215872 0.185719 0.203924 0.0 0.0 0.0 0.218997 0.186793 0.207692 0.213338 0.184645 0.200866
2393750 0.204322 0.182097 0.214293 0.0 0.0 0.0 0.200818 0.185322 0.212665 0.209357 0.177183 0.216631
2393750 0.202712 0.188114 0.181259 0.121386 0.901042 -2.26282 0.202957 0.186484 0.184363 0.202494 0.189572 0.178481
2393750 0.205134 0.198468 0.187345 0.0 0.0 0.0 0.203804 0.198541 0.191534 0.207453 0.198024 0.180071
2393750 0.212537 0.195987 0.184635 0.0 0.0 0.0 0.216179 0.194326 0.187906 0.207453 0.198024 0.180071
2393750 0.209728 0.190282 0.191488 0.0 0.0 0.0 0.212699 0.188861 0.194079 0.206699 0.191493 0.188843
2393750 0.20408 0.189784 0.191614 1.81763 1.62238 -1.73479 0.200949 0.187742 0.194927 0.206699 0.191493 0.188843
2393750 0.207356 0.196987 0.19277 0.0 0.0 0.0 0.210158 0.19555 0.193754 0.203804 0.198541 0.191534
2393750 0.209901 0.189382 0.197686 0.0 0.0 0.0 0.212699 0.188861 0.194079 0.207123 0.189668 0.201277
2393750 0.21389 0.191243 0.197289 0.0 0.0 0.0 0.212699 0.188861 0.194079 0.215471 0.1941 0.201514
2393750 0.204554 0.192851 0.20036 0.0 0.0 0.0 0.201699 0.196146 0.19934 0.207123 0.189668 0.201277
2393750 0.204863 0.196409 0.203248 0.0 0.0 0.0 0.201699 0.196146 0.19934 0.207843 0.19643 0.206921
2393750 0.212087 0.195145 0.196569 0.0 0.0 0.0 0.210158 0.19555 0.193754 0.215471 0.1941 0.201514
2393750 0.20464 0.201936 0.1898 2.62518e-05 0.000178685 -6.15252e-05 0.203804 0.198541 0.191534 0.205343 0.204791 0.188343
2393750 0.206031 0.200216 0.194421 0.0 0.0 0.0 0.203804 0.198541 0.191534 0.208744 0.20199 0.197933
2393750 0.216545 0.187923 0.195026 0.0 0.0 0.0 0.222591 0.186145 0.196507 0.212699 0.188861 0.194079
2393750 0.21108 0.19292 0.188408 0.0 0.0 0.0 0.216179 0.194326 0.187906 0.206699 0.191493 0.188843
2393750 0.21249 0.195196 0.191484 0.0 0.0 0.0 0.210158 0.19555 0.193754 0.216179 0.194326 0.187906
2393750 0.215568 0.197312 0.192012 0.0 0.0 0.0 0.216179 0.194326 0.187906 0.21518 0.199017 0.194623
2393750 0.207471 0.193089 0.204038 0.0 0.0 0.0 0.207123 0.189668 0.201277 0.207843 0.19643 0.206921
2393750 0.20412 0.191578 0.210104 0.0 0.0 0.0 0.20645 0.189195 0.208606 0.200751 0.194744 0.212273
2393750 0.206136 0.185993 0.212997 0.0 0.0 0.0 0.209586 0.186233 0.213211 0.200818 0.185322 0.212665
2393750 0.211027 0.188778 0.211367 0.0 0.0 0.0 0.209586 0.186233 0.213211 0.212561 0.191237 0.209412
2393750 0.213641 0.192421 0.206472 0.0 0.0 0.0 0.212561 0.191237 0.209412 0.215471 0.1941 0.201514
2393750 0.207914 0.186466 0.215802 0.0 0.0 0.0 0.209586 0.186233 0.213211 0.205999 0.186485 0.218781
2393750 0.201253 0.199129 0.209108 0.0 0.0 0.0 0.200751 0.194744 0.212273 0.201819 0.203741 0.2056
2393750 0.213916 0.194464 0.210045 0.0 0.0 0.0 0.212561 0.191237 0.209412 0.216681 0.200668 0.211339
2393750 0.189008 0.202989 0.198072 -22.5481 10.2681 -4.56118 0.192924 0.200831 0.199565 0.184845 0.205284 0.196484
2393750 0.183123 0.212446 0.193973 -16.2526 -5.36709 1.66228 0.186362 0.212985 0.193784 0.179363 0.211821 0.194191
2393750 0.196586 0.198414 0.189587 -5.16453 -9.51515 12.0806 0.197624 0.201767 0.18625 0.195619 0.195288 0.192699
2393750 0.1943 0.198 0.196058 8.9023 -24.7984 -22.2257 0.192924 0.200831 0.199565 0.195619 0.195288 0.192699
2393750 0.195106 0.198434 0.202985 12.3882 -19.8365 30.6971 0.192924 0.200831 0.199565 0.19668 0.196706 0.205451
2393750 0.192693 0.201768 0.204181 -0.111682 0.344621 7.58357 0.192924 0.200831 0.199565 0.192468 0.202681 0.208673
2393750 0.190525 0.204631 0.18984 -10.4103 -28.0696 -4.85866 0.191762 0.208934 0.189935 0.189366 0.200595 0.189752
2393750 0.19629 0.20336 0.197444 7.40435 5.10888 -2.90637 0.192924 0.200831 0.199565 0.200088 0.206213 0.195051
2393750 0.199082 0.205059 0.183014 4.54343 18.0179 -13.9219 0.197624 0.201767 0.18625 0.20052 0.208305 0.179822
2393750 0.192872 0.20591 0.211907 -0.903744 -13.9272 -10.1816 0.193279 0.20917 0.215173 0.192468 0.202681 0.208673
2393750 0.194604 0.206714 0.208219 -10.6225 -23.6301 6.46482 0.196061 0.209467 0.207909 0.192468 0.202681 0.208673
2393750 0.196802 0.203172 0.207249 -20.9741 -5.01165 9.8034 0.201819 0.203741 0.2056 0.192468 0.202681 0.208673
2393750 0.188472 0.214252 0.1856 -5.65078 -11.0997 -12.4465 0.189781 0.217713 0.188409 0.18751 0.211709 0.183536
2393750 0.188648 0.21127 0.192155 3.08258 -2.2236 -1.43293 0.186362 0.212985 0.193784 0.191762 0.208934 0.189935
2393750 0.19448 0.212056 0.191648 8.23714 12.9422 7.88358 0.191762 0.208934 0.189935 0.196973 0.214918 0.19322
2393750 0.187763 0.215505 0.195365 9.56281 11.7808 9.33012 0.186362 0.212985 0.193784 0.18973 0.219042 0.197584
2393750 0.197039 0.21514 0.197322 1.98209 1.24096 11.7411 0.196973 0.214918 0.19322 0.197116 0.215397 0.202084
2393750 0.193363 0.217249 0.199798 -15.5664 6.58345 -6.17838 0.197116 0.215397 0.202084 0.18973 0.219042 0.197584
2393750 0.196048 0.21247 0.213467 5.12014 5.79721 -1.73159 0.193279 0.20917 0.215173 0.199012 0.216002 0.211641
2393750 0.195739 0.208606 0.204917 -2.10245 -8.67037 -18.4228 0.196061 0.209467 0.207909 0.195426 0.207765 0.201997
2393750 0.197204 0.211997 0.209354 -16.6246 -31.7108 -26.1368 0.199012 0.216002 0.211641 0.196061 0.209467 0.207909
2393750 0.191469 0.213424 0.215441 -31.6611 50.4248 2.83286 0.193279 0.20917 0.215173 0.189232 0.218685 0.215773
2393750 0.201337 0.213229 0.201617 18.0172 -11.0621 0.871028 0.197116 0.215397 0.202084 0.204907 0.211395 0.201222
2393750 0.201209 0.2174 0.203487 24.8766 11.9065 13.5673 0.197116 0.215397 0.202084 0.205221 0.219363 0.204862
2393750 0.201027 0.209808 0.219191 -12.0185 20.993 24.3676 0.202783 0.207227 0.21686 0.199492 0.212064 0.22123
2393750 0.205142 0.199002 0.198652 -12.8512 -13.4719 0.821306 0.208744 0.20199 0.197933 0.201699 0.196146 0.19934
2393750 0.214682 0.20092 0.192242 6.82425 -43.3623 39.8708 0.213838 0.204143 0.188208 0.21518 0.199017 0.194623
2393750 0.209632 0.203405 0.20236 -4.48155 -5.86514 -35.6426 0.210215 0.204335 0.205267 0.208744 0.20199 0.197933
2393750 0.210289 0.20633 0.18504 16.4405 -6.47395 15.8402 0.208002 0.207739 0.182999 0.213838 0.204143 0.188208
2393750 0.208514 0.205803 0.195137 -1.43012 -16.298 15.0075 0.208352 0.208491 0.193166 0.208744 0.20199 0.197933
2393750 0.214143 0.206738 0.192743 3.27776 -16.4913 -33.5752 0.214319 0.208236 0.195362 0.213838 0.204143 0.188208
2393750 0.205164 0.199682 0.206333 23.6965 -34.3129 0.178562 0.201819 0.203741 0.2056 0.207843 0.19643 0.206921
2393750 0.203575 0.208092 0.203111 5.87605 28.1838 -16.3819 0.201819 0.203741 0.2056 0.204907 0.211395 0.201222
2393750 0.209521 0.206788 0.207045 -3.21686 23.3804 12.982 0.210215 0.204335 0.205267 0.208277 0.211186 0.210234
2393750 0.204619 0.204245 0.215151 13.6116 -23.6261 -8.36447 0.202783 0.207227 0.21686 0.206476 0.20123 0.213424
2393750 0.212309 0.203147 0.207234 21.3947 -7.61104 15.8067 0.210215 0.204335 0.205267 0.216681 0.200668 0.211339
2393750 0.204903 0.207974 0.181684 -17.3717 2.56448 -4.61204 0.208002 0.207739 0.182999 0.20052 0.208305 0.179822
2393750 0.203257 0.216874 0.182321 6.90634 -3.81497 23.8574 0.20138 0.217377 0.1783 0.205889 0.216168 0.187958
2393750 0.211922 0.215156 0.189297 -18.0813 1.79541 -1.29948 0.215477 0.21456 0.190086 0.205889 0.216168 0.187958
2393750 0.213071 0.210907 0.196021 -11.8658 42.0788 10.4173 0.214319 0.208236 0.195362 0.211283 0.214735 0.196965
2393750 0.207496 0.21116 0.191355 -9.29022 18.4476 -10.9979 0.208352 0.208491 0.193166 0.205889 0.216168 0.187958
2393750 0.207981 0.213005 0.19917 -31.9707 -12.4221 14.933 0.211283 0.214735 0.196965 0.204907 0.211395 0.201222
2393750 0.21285 0.21805 0.199271 -7.01309 -26.9277 -17.2095 0.214361 0.221246 0.201494 0.211283 0.214735 0.196965
2393750 0.206615 0.215634 0.207312 -6.59665 13.6397 -6.68914 0.208277 0.211186 0.210234 0.205221 0.219363 0.204862
2393750 0.215887 0.215634 0.207887 5.15956 -4.5598 -5.52817 0.214476 0.217178 0.210104 0.218395 0.212889 0.203945
2393750 0.207133 0.198922 0.210298 0.470228 -5.96427 -9.94239 0.206476 0.20123 0.213424 0.207843 0.19643 0.206921
2393750 0.200069 0.214674 0.186198 19.5243 2.86603 8.54916 0.196513 0.213761 0.185123 0.205889 0.216168 0.187958
2393750 0.205044 0.208856 0.214133 5.39409 2.5082 -7.0135 0.202783 0.207227 0.21686 0.208277 0.211186 0.210234
2393750 0.194814 0.213904 0.181697 4.74857 0.334702 6.95553 0.193026 0.214055 0.178091 0.196513 0.213761 0.185123
2393750 0.207116 0.204116 0.20539 -6.54296 0.521448 -0.0773604 0.210215 0.204335 0.205267 0.201819 0.203741 0.2056
2393750 0.21719 0.208783 0.194586 3.79855 1.09196 -0.511878 0.214319 0.208236 0.195362 0.221973 0.209696 0.193292
2393750 0.212285 0.21506 0.21015 -7.62803 -10.146 -0.02051 0.214476 0.217178 0.210104 0.208277 0.211186 0.210234
2393750 0.193473 0.215546 0.186607 -23.3256 12.2614 16.2137 0.196513 0.213761 0.185123 0.189781 0.217713 0.188409
2393750 0.198296 0.211334 0.182765 12.0221 -18.8196 -12.6387 0.196513 0.213761 0.185123 0.20052 0.208305 0.179822
2393750 0.181769 0.202365 0.19381 5.91586 3.82358 4.27943 0.179905 0.200594 0.192189 0.184845 0.205284 0.196484
2393750 0.204511 0.216979 0.194015 0.0 0.0 0.0 0.205889 0.216168 0.187958 0.203787 0.217407 0.197194
2393750 0.207819 0.204512 0.182026 -0.0342869 -1.41879 -0.195433 0.208002 0.207739 0.182999 0.207453 0.198024 0.180071
2393750 0.215628 0.215417 0.212309 4.91837 -5.83375 6.13936 0.214476 0.217178 0.210104 0.217905 0.211934 0.21667
2393750 0.198686 0.199451 0.205509 -5.54606 -5.867 0.639059 0.201819 0.203741 0.2056 0.19668 0.196706 0.205451
2393750 0.190163 0.206322 0.217084 -9.44915 -6.16828 5.99544 0.193279 0.20917 0.215173 0.186233 0.20273 0.219495
2393750 0.186567 0.203504 0.188589 -12.2391 14.0621 -2.42873 0.189366 0.200595 0.189752 0.183794 0.206385 0.187437
2393750 0.194442 0.205038 0.201041 18.8456 50.6819 27.9446 0.192924 0.200831 0.199565 0.195426 0.207765 0.201997
2393750 0.18485 0.217993 0.204313 2.45487 -6.85527 2.89708 0.183636 0.221551 0.20347 0.186922 0.211921 0.205752
2393750 0.216875 0.199241 0.200767 -10.5598 -41.2345 13.0315 0.218075 0.203633 0.200129 0.215471 0.1941 0.201514
2393750 0.211483 0.208357 0.194318 4.22346 -0.630727 2.21424 0.208352 0.208491 0.193166 0.214319 0.208236 0.195362
2393750 0.215809 0.20641 0.197253 -23.0317 19.4587 -21.4082 0.218075 0.203633 0.200129 0.214319 0.208236 0.195362
2393750 0.185743 0.208156 0.200494 -1.49355 -16.9431 -19.1718 0.186922 0.211921 0.205752 0.184845 0.205284 0.196484
2393750 0.218222 0.207882 0.201881 0.0654364 15.7063 9.56826 0.218075 0.203633 0.200129 0.218395 0.212889 0.203945
2393750 0.184271 0.205886 0.191541 -2.28714 5.4278 -18.8225 0.184845 0.205284 0.196484 0.183794 0.206385 0.187437
2393750 0.194324 0.211538 0.187339 3.08252 4.44591 -4.56455 0.191762 0.208934 0.189935 0.196513 0.213761 0.185123
2393750 0.196086 0.210745 0.202031 -11.3107 -52.2692 7.9425 0.197116 0.215397 0.202084 0.195426 0.207765 0.201997
2393750 0.209077 0.215321 0.193282 8.75226 -1.28452 10.5295 0.205889 0.216168 0.187958 0.211283 0.214735 0.196965
2393750 0.198331 0.211124 0.194018 9.22522 -16.7413 3.36947 0.196973 0.214918 0.19322 0.200088 0.206213 0.195051
2393750 0.20704 0.217432 0.217094 -0.417088 -4.0183 3.79082 0.2067 0.220804 0.214194 0.207405 0.213829 0.220193
2393750 0.193967 0.204086 0.184082 -7.32568 6.08501 -3.55528 0.197624 0.201767 0.18625 0.191225 0.205824 0.182457
2393750 0.197761 0.206295 0.203313 6.58034 -3.58824 2.2972 0.195426 0.207765 0.201997 0.201819 0.203741 0.2056
2393750 0.18454 0.215707 0.193469 -0.797804 1.36473 0.0802633 0.186362 0.212985 0.193784 0.18227 0.2191 0.193077
2393750 0.200064 0.204517 0.21618 -5.65801 -6.5352 -0.299281 0.202783 0.207227 0.21686 0.197446 0.201909 0.215525
2393750 0.198197 0.207344 0.207053 12.2006 -12.1903 -2.05184 0.196061 0.209467 0.207909 0.201819 0.203741 0.2056
2393750 0.198652 0.197054 0.18581 1.04925 -9.74004 -2.07628 0.197624 0.201767 0.18625 0.199494 0.193195 0.18545
2393750 0.207807 0.212611 0.215603 -4.22384 4.23648 16.5098 0.208277 0.211186 0.210234 0.207405 0.213829 0.220193
2393750 0.193112 0.210259 0.207213 -15.6304 3.31126 -1.19296 0.196061 0.209467 0.207909 0.186922 0.211921 0.205752
2393750 0.185761 0.209934 0.194854 -0.77206 -22.1322 8.96299 0.186362 0.212985 0.193784 0.184845 0.205284 0.196484
2393750 0.212637 0.200191 0.195931 15.0124 -9.98759 -10.2456 0.208744 0.20199 0.197933 0.21518 0.199017 0.194623
2393750 0.195581 0.205158 0.215368 26.1529 -37.2052 7.89303 0.193279 0.20917 0.215173 0.197446 0.201909 0.215525
2393750 0.188156 0.215535 0.211106 0.100822 0.724461 1.34923 0.186922 0.211921 0.205752 0.189232 0.218685 0.215773
2393750 0.208252 0.202444 0.216728 -1.61283 -1.68768 -2.89599 0.21075 0.20415 0.221375 0.206476 0.20123 0.213424
2393750 0.190789 0.213244 0.189186 -2.30775 10.9262 -0.110011 0.191762 0.208934 0.189935 0.189781 0.217713 0.188409
2393750 0.187779 0.214944 0.191556 13.234 13.1612 -14.0645 0.186362 0.212985 0.193784 0.189781 0.217713 0.188409
2393750 0.18125 0.211283 0.202485 0.986278 0.0335087 0.391505 0.178618 0.210986 0.200969 0.186922 0.211921 0.205752
2393750 0.216117 0.217608 0.202561 3.43523 -4.87881 1.52311 0.214361 0.221246 0.201494 0.218395 0.212889 0.203945
2393750 0.211343 0.198108 0.208671 -0.982702 -0.639326 -0.691354 0.216681 0.200668 0.211339 0.207843 0.19643 0.206921
2393750 0.210331 0.201018 0.212636 22.2717 0.24704 -8.04299 0.206476 0.20123 0.213424 0.216681 0.200668 0.211339
2393750 0.204667 0.203979 0.196575 -14.7147 4.39161 -5.0541 0.208744 0.20199 0.197933 0.200088 0.206213 0.195051
2393750 0.193202 0.201139 0.188125 -5.5354 -0.519785 1.39152 0.197624 0.201767 0.18625 0.189366 0.200595 0.189752
2393750 0.201754 0.19964 0.20222 -0.24966 -1.11142 -0.927227 0.201819 0.203741 0.2056 0.201699 0.196146 0.19934
2393750 0.210488 0.206798 0.191236 2.35856 -1.27519 -1.65398 0.208352 0.208491 0.193166 0.213838 0.204143 0.188208
2393750 0.198798 0.203886 0.190445 0.559735 2.9268 5.11652 0.197624 0.201767 0.18625 0.200088 0.206213 0.195051
2393750 0.194888 0.199249 0.206822 4.8654 -10.3194 -5.06425 0.192468 0.202681 0.208673 0.19668 0.196706 0.205451
2393750 0.183042 0.216455 0.208516 -1.85169 1.5577 1.30731 0.186922 0.211921 0.205752 0.180816 0.219056 0.210102
2393750 0.203374 0.213735 0.210979 3.67883 -1.61978 -1.15387 0.199012 0.216002 0.211641 0.208277 0.211186 0.210234
2393750 0.216019 0.197033 0.205968 0.0 0.0 0.0 0.216681 0.200668 0.211339 0.215471 0.1941 0.201514
2393750 0.190188 0.206479 0.207472 3.01182 -4.39077 2.33113 0.186922 0.211921 0.205752 0.192468 0.202681 0.208673
2393750 0.189746 0.217852 0.206012 -9.60678 -19.2917 -4.306 0.191796 0.222157 0.2062 0.186922 0.211921 0.205752
2393750 0.199433 0.218072 0.216128 -0.0459411 3.90049 6.1911 0.199012 0.216002 0.211641 0.199822 0.219985 0.220274
2393750 0.20497 0.207374 0.207861 -3.13637 -3.02119 -1.36878 0.208277 0.211186 0.210234 0.201819 0.203741 0.2056
2393750 0.181535 0.217588 0.196816 0.282003 2.52127 -4.87444 0.180986 0.216458 0.199612 0.18227 0.2191 0.193077
2393750 0.206653 0.206243 0.185709 0.0 0.0 0.0 0.208002 0.207739 0.182999 0.205343 0.204791 0.188343
2393750 0.181733 0.208994 0.195183 4.2626 -5.82717 3.1235 0.179363 0.211821 0.194191 0.184845 0.205284 0.196484
2393750 0.188572 0.216104 0.200954 1.96592 3.1322 -3.30759 0.186922 0.211921 0.205752 0.18973 0.219042 0.197584
2393750 0.212904 0.211546 0.213326 4.63256 0.630873 2.18608 0.208277 0.211186 0.210234 0.217905 0.211934 0.21667
2393750 0.180266 0.214511 0.197199 0.0 0.0 0.0 0.180986 0.216458 0.199612 0.179363 0.211821 0.194191
2393750 0.187756 0.206199 0.184775 0.0 0.0 0.0 0.191225 0.205824 0.182457 0.183794 0.206385 0.187437
2393750 0.187626 0.207728 0.188641 0.0 0.0 0.0 0.191762 0.208934 0.189935 0.183794 0.206385 0.187437
2393750 0.180973 0.208949 0.199273 0.0 0.0 0.0 0.178618 0.210986 0.200969 0.184845 0.205284 0.196484
2393750 0.181841 0.204543 0.200421 0.0 0.0 0.0 0.17873 0.203531 0.204509 0.184845 0.205284 0.196484
2393750 0.182348 0.207357 0.205057 0.0 0.0 0.0 0.186922 0.211921 0.205752 0.17873 0.203531 0.204509
2393750 0.182879 0.215132 0.201564 0.0 0.0 0.0 0.180986 0.216458 0.199612 0.186922 0.211921 0.205752
2393750 0.193555 0.195835 0.199941 0.0 0.0 0.0 0.192924 0.200831 0.199565 0.193998 0.192001 0.200216
2393750 0.190075 0.197989 0.201907 0.0 0.0 0.0 0.192924 0.200831 0.199565 0.18808 0.195823 0.203583
2393750 0.189342 0.210624 0.186303 0.0 0.0 0.0 0.191762 0.208934 0.189935 0.18751 0.211709 0.183536
2393750 0.191461 0.207333 0.185802 0.0 0.0 0.0 0.191762 0.208934 0.189935 0.191225 0.205824 0.182457
2393750 0.19036 0.203517 0.185836 0.0 0.0 0.0 0.189366 0.200595 0.189752 0.191225 0.205824 0.182457
2393750 0.197735 0.201132 0.181417 0.0 0.0 0.0 0.19789 0.200495 0.178165 0.197624 0.201767 0.18625
2393750 0.191945 0.209917 0.194304 0.0 0.0 0.0 0.191762 0.208934 0.189935 0.192077 0.210633 0.197478
2393750 0.195568 0.207809 0.192271 0.0 0.0 0.0 0.191762 0.208934 0.189935 0.200088 0.206213 0.195051
2393750 0.188495 0.207331 0.193027 0.0 0.0 0.0 0.191762 0.208934 0.189935 0.184845 0.205284 0.196484
2393750 0.194576 0.205608 0.188161 0.0 0.0 0.0 0.197624 0.201767 0.18625 0.191762 0.208934 0.189935
2393750 0.196733 0.214437 0.189024 0.0 0.0 0.0 0.196973 0.214918 0.19322 0.196513 0.213761 0.185123
2393750 0.189235 0.211926 0.19564 0.0 0.0 0.0 0.186362 0.212985 0.193784 0.192077 0.210633 0.197478
2393750 0.194243 0.212651 0.195594 0.0 0.0 0.0 0.192077 0.210633 0.197478 0.196973 0.214918 0.19322
2393750 0.195121 0.209079 0.196553 0.0 0.0 0.0 0.192077 0.210633 0.197478 0.200088 0.206213 0.195051
2393750 0.189232 0.208652 0.197087 0.0 0.0 0.0 0.192077 0.210633 0.197478 0.184845 0.205284 0.196484
2393750 0.187304 0.202853 0.192822 0.0 0.0 0.0 0.189366 0.200595 0.189752 0.184845 0.205284 0.196484
2393750 0.193804 0.209153 0.199808 0.0 0.0 0.0 0.192077 0.210633 0.197478 0.195426 0.207765 0.201997
2393750 0.190369 0.211052 0.200217 0.0 0.0 0.0 0.192077 0.210633 0.197478 0.186922 0.211921 0.205752
2393750 0.194123 0.212689 0.199344 0.0 0.0 0.0 0.192077 0.210633 0.197478 0.197116 0.215397 0.202084
2393750 0.197123 0.207318 0.199461 0.0 0.0 0.0 0.195426 0.207765 0.201997 0.200088 0.206213 0.195051
2393750 0.195573 0.217745 0.183588 0.0 0.0 0.0 0.194392 0.222519 0.181655 0.196513 0.213761 0.185123
2393750 0.191109 0.214233 0.197521 0.0 0.0 0.0 0.192077 0.210633 0.197478 0.18973 0.219042 0.197584
2393750 0.193595 0.216348 0.190956 0.0 0.0 0.0 0.196973 0.214918 0.19322 0.189781 0.217713 0.188409
2393750 0.193562 0.216979 0.195271 0.0 0.0 0.0 0.196973 0.214918 0.19322 0.18973 0.219042 0.197584
2393750 0.201717 0.200326 0.183671 0.0 0.0 0.0 0.197624 0.201767 0.18625 0.207453 0.198024 0.180071
2393750 0.200958 0.200893 0.197363 0.0 0.0 0.0 0.200088 0.206213 0.195051 0.201699 0.196146 0.19934
2393750 0.201047 0.19998 0.189177 0.744743 -0.217096 0.571186 0.197624 0.201767 0.18625 0.203804 0.198541 0.191534
2393750 0.197401 0.19856 0.199448 0.0 0.0 0.0 0.192924 0.200831 0.199565 0.201699 0.196146 0.19934
2393750 0.205165 0.207731 0.193886 0.0 0.0 0.0 0.208352 0.208491 0.193166 0.200088 0.206213 0.195051
2393750 0.203332 0.205387 0.190915 0.0 0.0 0.0 0.205343 0.204791 0.188343 0.200088 0.206213 0.195051
2393750 0.202226 0.203684 0.18749 0.0 0.0 0.0 0.197624 0.201767 0.18625 0.205343 0.204791 0.188343
2393750 0.202828 0.209278 0.198553 0.0 0.0 0.0 0.200088 0.206213 0.195051 0.204907 0.211395 0.201222
2393750 0.200953 0.205096 0.200322 0.0 0.0 0.0 0.200088 0.206213 0.195051 0.201819 0.203741 0.2056
2393750 0.197106 0.202319 0.202399 0.0 0.0 0.0 0.192924 0.200831 0.199565 0.201819 0.203741 0.2056
2393750 0.198758 0.215548 0.181972 0.0 0.0 0.0 0.20138 0.217377 0.1783 0.196513 0.213761 0.185123
2393750 0.200503 0.215533 0.191132 0.0 0.0 0.0 0.196973 0.214918 0.19322 0.205889 0.216168 0.187958
2393750 0.200752 0.21642 0.195425 0.0 0.0 0.0 0.196973 0.214918 0.19322 0.203787 0.217407 0.197194
2393750 0.194937 0.209467 0.210838 0.0 0.0 0.0 0.193279 0.20917 0.215173 0.196061 0.209467 0.207909
2393750 0.190648 0.210428 0.211275 0.0 0.0 0.0 0.193279 0.20917 0.215173 0.186922 0.211921 0.205752
2393750 0.196479 0.211936 0.2056 0.0 0.0 0.0 0.196061 0.209467 0.207909 0.197116 0.215397 0.202084
2393750 0.192724 0.209204 0.203191 0.0 0.0 0.0 0.186922 0.211921 0.205752 0.195426 0.207765 0.201997
2393750 0.19424 0.205851 0.204666 0.0 0.0 0.0 0.195426 0.207765 0.201997 0.192468 0.202681 0.208673
2393750 0.19283 0.214055 0.203623 0.0 0.0 0.0 0.186922 0.211921 0.205752 0.197116 0.215397 0.202084
2393750 0.195196 0.202373 0.21244 0.0 0.0 0.0 0.192468 0.202681 0.208673 0.197446 0.201909 0.215525
2393750 0.196857 0.210959 0.21866 0.0 0.0 0.0 0.193279 0.20917 0.215173 0.199492 0.212064 0.22123
2393750 0.196608 0.203584 0.219 0.0 0.0 0.0 0.195603 0.205374 0.223266 0.197446 0.201909 0.215525
2393750 0.198045 0.215813 0.206767 0.0 0.0 0.0 0.199012 0.216002 0.211641 0.197116 0.215397 0.202084
2393750 0.198426 0.208236 0.216077 0.0 0.0 0.0 0.193279 0.20917 0.215173 0.202783 0.207227 0.21686
2393750 0.201058 0.216706 0.199186 0.0 0.0 0.0 0.197116 0.215397 0.202084 0.203787 0.217407 0.197194
2393750 0.199478 0.206498 0.219788 0.0 0.0 0.0 0.202783 0.207227 0.21686 0.195603 0.205374 0.223266
2393750 0.189751 0.218497 0.193006 0.0 0.0 0.0 0.189781 0.217713 0.188409 0.18973 0.219042 0.197584
2393750 0.194475 0.217368 0.213556 0.0 0.0 0.0 0.199012 0.216002 0.211641 0.189232 0.218685 0.215773
2393750 0.202206 0.217852 0.208151 0.0 0.0 0.0 0.199012 0.216002 0.211641 0.205221 0.219363 0.204862
2393750 0.206033 0.202699 0.185641 0.0 0.0 0.0 0.205343 0.204791 0.188343 0.207453 0.198024 0.180071
2393750 0.216343 0.200992 0.196837 0.0 0.0 0.0 0.218075 0.203633 0.200129 0.21518 0.199017 0.194623
2393750 0.211888 0.198418 0.199607 0.0 0.0 0.0 0.208744 0.20199 0.197933 0.215471 0.1941 0.201514
2393750 0.209211 0.201118 0.205963 0.0 0.0 0.0 0.210215 0.204335 0.205267 0.207843 0.19643 0.206921
2393750 0.208406 0.197594 0.215026 0.0 0.0 0.0 0.206476 0.20123 0.213424 0.210747 0.192937 0.216966
2393750 0.202843 0.211827 0.183341 0.0 0.0 0.0 0.205889 0.216168 0.187958 0.20052 0.208305 0.179822
2393750 0.207263 0.210811 0.184733 0.0 0.0 0.0 0.208002 0.207739 0.182999 0.205889 0.216168 0.187958
2393750 0.211304 0.213784 0.184653 0.0 0.0 0.0 0.205889 0.216168 0.187958 0.215296 0.21182 0.18222
2393750 0.2073 0.214359 0.182091 0.0 0.0 0.0 0.205889 0.216168 0.187958 0.208081 0.213176 0.178853
2393750 0.213546 0.21476 0.193246 0.0 0.0 0.0 0.215477 0.21456 0.190086 0.211283 0.214735 0.196965
2393750 0.212144 0.205921 0.196361 0.0 0.0 0.0 0.208744 0.20199 0.197933 0.214319 0.208236 0.195362
2393750 0.209627 0.211327 0.194814 0.0 0.0 0.0 0.208352 0.208491 0.193166 0.211283 0.214735 0.196965
2393750 0.206835 0.206739 0.190726 0.0 0.0 0.0 0.208352 0.208491 0.193166 0.205343 0.204791 0.188343
2393750 0.208615 0.204491 0.188291 0.0 0.0 0.0 0.205343 0.204791 0.188343 0.213838 0.204143 0.188208
2393750 0.211163 0.203132 0.193312 0.0 0.0 0.0 0.208744 0.20199 0.197933 0.213838 0.204143 0.188208
2393750 0.213076 0.208451 0.198169 0.0 0.0 0.0 0.214319 0.208236 0.195362 0.211875 0.208407 0.200984
2393750 0.211607 0.211142 0.199328 0.0 0.0 0.0 0.211283 0.214735 0.196965 0.211875 0.208407 0.200984
2393750 0.210654 0.205903 0.199794 0.0 0.0 0.0 0.208744 0.20199 0.197933 0.211875 0.208407 0.200984
2393750 0.205479 0.202935 0.201542 0.0 0.0 0.0 0.208744 0.20199 0.197933 0.201819 0.203741 0.2056
2393750 0.214308 0.218263 0.19167 0.0 0.0 0.0 0.215477 0.21456 0.190086 0.21306 0.221982 0.193374
2393750 0.207013 0.216374 0.197093 0.0 0.0 0.0 0.203787 0.217407 0.197194 0.211283 0.214735 0.196965
2393750 0.213475 0.202943 0.199045 0.0 0.0 0.0 0.218075 0.203633 0.200129 0.208744 0.20199 0.197933
2393750 0.214441 0.214034 0.200065 0.0 0.0 0.0 0.218395 0.212889 0.203945 0.211283 0.214735 0.196965
2393750 0.217273 0.216237 0.192948 0.0 0.0 0.0 0.219188 0.217771 0.195997 0.215477 0.21456 0.190086
2393750 0.215431 0.216449 0.196454 0.0 0.0 0.0 0.219188 0.217771 0.195997 0.211283 0.214735 0.196965
2393750 0.208864 0.209819 0.201081 0.0 0.0 0.0 0.211875 0.208407 0.200984 0.204907 0.211395 0.201222
2393750 0.211056 0.206396 0.203096 0.0 0.0 0.0 0.210215 0.204335 0.205267 0.211875 0.208407 0.200984
2393750 0.20632 0.211426 0.205 0.0 0.0 0.0 0.208277 0.211186 0.210234 0.204907 0.211395 0.201222
2393750 0.207217 0.205474 0.212101 0.0 0.0 0.0 0.208277 0.211186 0.210234 0.206476 0.20123 0.213424
2393750 0.204488 0.20242 0.21009 0.0 0.0 0.0 0.206476 0.20123 0.213424 0.201819 0.203741 0.2056
2393750 0.20429 0.214707 0.199002 0.0 0.0 0.0 0.203787 0.217407 0.197194 0.204907 0.211395 0.201222
2393750 0.207398 0.216651 0.212432 0.0 0.0 0.0 0.208277 0.211186 0.210234 0.2067 0.220804 0.214194
2393750 0.205051 0.215205 0.202904 0.0 0.0 0.0 0.205221 0.219363 0.204862 0.204907 0.211395 0.201222
2393750 0.21431 0.206645 0.200642 0.0 0.0 0.0 0.218075 0.203633 0.200129 0.211875 0.208407 0.200984
2393750 0.214212 0.21001 0.202045 0.0 0.0 0.0 0.218395 0.212889 0.203945 0.211875 0.208407 0.200984
2393750 0.213405 0.212169 0.207044 0.0 0.0 0.0 0.208277 0.211186 0.210234 0.218395 0.212889 0.203945
2393750 0.212156 0.206447 0.210743 0.0 0.0 0.0 0.208277 0.211186 0.210234 0.216681 0.200668 0.211339
2393750 0.204852 0.210319 0.218349 0.0 0.0 0.0 0.202783 0.207227 0.21686 0.207405 0.213829 0.220193
2393750 0.206059 0.206077 0.218714 0.0 0.0 0.0 0.202783 0.207227 0.21686 0.21075 0.20415 0.221375
2393750 0.204371 0.218334 0.200357 0.0 0.0 0.0 0.205221 0.219363 0.204862 0.203787 0.217407 0.197194
2393750 0.217493 0.202524 0.204778 0.0 0.0 0.0 0.218075 0.203633 0.200129 0.216681 0.200668 0.211339
2393750 0.218853 0.215841 0.199333 0.0 0.0 0.0 0.219188 0.217771 0.195997 0.218395 0.212889 0.203945
