# ts x y z Fx Fy Fz x1 y1 z1 x2 y2 z2
1156250 0.182097 0.179324 0.198381 -21.0653 22.8791 8.92057 0.186031 0.175977 0.197474 0.177519 0.183218 0.199437
1156250 0.182306 0.199363 0.197516 13.3229 22.4167 -0.904064 0.180631 0.19659 0.198149 0.184848 0.203573 0.196554
1156250 0.18573 0.197814 0.187855 4.62811 2.26311 3.02323 0.182373 0.196833 0.186049 0.189313 0.198862 0.189782
1156250 0.183396 0.195071 0.197177 -21.6962 12.7249 3.61607 0.187167 0.192999 0.19585 0.180631 0.19659 0.198149
1156250 0.189029 0.201283 0.198103 -16.7008 7.27966 -3.34614 0.192961 0.199129 0.19956 0.184848 0.203573 0.196554
1156250 0.186519 0.201782 0.188642 -18.0301 14.3813 -4.31617 0.189313 0.198862 0.189782 0.183751 0.204676 0.187512
1156250 0.183479 0.193931 0.208184 16.2411 14.7879 15.863 0.180371 0.191998 0.20515 0.186112 0.195568 0.210753
1156250 0.194396 0.183819 0.181383 15.2376 11.2636 -2.94124 0.191273 0.181147 0.181433 0.196931 0.185989 0.181343
1156250 0.197306 0.180624 0.185738 6.30952 -7.23904 -6.25821 0.195653 0.18341 0.188111 0.199377 0.177135 0.182765
1156250 0.198087 0.188504 0.183209 -3.38403 -13.8802 -9.98077 0.199459 0.191491 0.185426 0.196931 0.185989 0.181343
1156250 0.199869 0.185375 0.182808 -4.83016 0.835852 -3.42725 0.20296 0.18473 0.18435 0.196931 0.185989 0.181343
1156250 0.201486 0.181607 0.183698 1.36577 4.26732 1.29467 0.199377 0.177135 0.182765 0.20296 0.18473 0.18435
1156250 0.194006 0.180385 0.190175 -2.89478 -8.79767 5.20982 0.195653 0.18341 0.188111 0.192574 0.177757 0.191969
1156250 0.185823 0.181187 0.190965 5.02665 27.7343 25.7526 0.185748 0.178473 0.188972 0.185918 0.184633 0.193496
1156250 0.192916 0.186196 0.18718 -8.14118 11.3802 -2.66915 0.195653 0.18341 0.188111 0.189185 0.189994 0.185912
1156250 0.186526 0.188709 0.194643 0.111758 -39.7343 -8.4964 0.187167 0.192999 0.19585 0.185918 0.184633 0.193496
1156250 0.197967 0.18456 0.191183 11.6545 5.53656 11.1598 0.195653 0.18341 0.188111 0.200846 0.185991 0.195003
1156250 0.196746 0.184867 0.205811 -7.47937 -11.1232 2.032 0.199564 0.187943 0.204925 0.193553 0.181383 0.206814
1156250 0.188252 0.181972 0.214242 12.588 15.3222 11.7557 0.185326 0.179468 0.21218 0.191818 0.185024 0.216755
1156250 0.197961 0.191883 0.205236 -2.74247 4.85663 0.947556 0.199564 0.187943 0.204925 0.196684 0.195024 0.205483
1156250 0.203406 0.187919 0.203073 13.831 -0.0134206 -4.13698 0.199564 0.187943 0.204925 0.207074 0.187896 0.201305
1156250 0.200097 0.190338 0.208415 -0.912237 -1.7306 -2.61577 0.200695 0.193026 0.212332 0.199564 0.187943 0.204925
1156250 0.196055 0.187745 0.218497 2.32156 1.85874 1.47079 0.191818 0.185024 0.216755 0.198857 0.189544 0.219649
1156250 0.196617 0.184262 0.214571 -6.11294 -0.0975371 2.69279 0.200806 0.183596 0.212665 0.191818 0.185024 0.216755
1156250 0.189257 0.195011 0.188101 0.0497641 7.85453 2.03134 0.189185 0.189994 0.185912 0.189313 0.198862 0.189782
1156250 0.197653 0.192462 0.188821 -6.90001 1.53669 14.5401 0.199459 0.191491 0.185426 0.195597 0.193567 0.192686
1156250 0.188277 0.196032 0.192711 1.48379 4.55038 -6.39145 0.187167 0.192999 0.19585 0.189313 0.198862 0.189782
1156250 0.189998 0.195994 0.197663 20.9364 25.4924 9.12311 0.187167 0.192999 0.19585 0.192961 0.199129 0.19956
1156250 0.192342 0.19631 0.191182 -14.7962 15.6995 -10.6323 0.195597 0.193567 0.192686 0.189313 0.198862 0.189782
1156250 0.196537 0.196697 0.189569 -4.58252 -8.32238 8.48799 0.197546 0.200054 0.186227 0.195597 0.193567 0.192686
1156250 0.194308 0.196288 0.196049 8.16686 -25.4419 -23.0899 0.192961 0.199129 0.19956 0.195597 0.193567 0.192686
1156250 0.195124 0.196744 0.203001 8.21125 -13.4302 20.7465 0.192961 0.199129 0.19956 0.196684 0.195024 0.205483
1156250 0.1927 0.200082 0.204169 -0.837551 0.769373 16.9989 0.192961 0.199129 0.19956 0.192446 0.20101 0.208655
1156250 0.196297 0.201677 0.197411 7.23956 5.48037 -2.95357 0.192961 0.199129 0.19956 0.200059 0.204551 0.194988
1156250 0.194427 0.203355 0.201039 11.3664 35.1164 19.0689 0.192961 0.199129 0.19956 0.195377 0.206094 0.201998
1156250 0.19809 0.189969 0.193786 -28.9432 35.5784 -4.92284 0.200846 0.185991 0.195003 0.195597 0.193567 0.192686
1156250 0.202394 0.193299 0.183463 12.0909 5.53388 -5.67219 0.199459 0.191491 0.185426 0.207413 0.19639 0.180106
1156250 0.202967 0.190657 0.187079 6.09384 -2.33832 2.23646 0.199459 0.191491 0.185426 0.206662 0.189778 0.18882
1156250 0.199026 0.203387 0.183041 2.82519 13.4626 -12.4913 0.197546 0.200054 0.186227 0.200485 0.206672 0.1799
1156250 0.189073 0.198112 0.209773 42.5576 27.9979 -7.64543 0.186112 0.195568 0.210753 0.192446 0.20101 0.208655
1156250 0.196877 0.197992 0.21852 0.548084 3.88723 -3.81438 0.196429 0.195924 0.221311 0.197358 0.200208 0.21553
1156250 0.198824 0.197052 0.214124 -4.24195 6.77994 4.32837 0.200695 0.193026 0.212332 0.197358 0.200208 0.21553
1156250 0.199636 0.19102 0.216547 -5.17958 -5.71573 11.5899 0.200695 0.193026 0.212332 0.198857 0.189544 0.219649
1156250 0.219076 0.179071 0.196366 -9.71921 -22.1449 -1.15032 0.222541 0.184461 0.196554 0.215433 0.173404 0.196169
1156250 0.204651 0.187036 0.186392 2.83917 3.38716 2.25256 0.20296 0.18473 0.18435 0.206662 0.189778 0.18882
1156250 0.20928 0.178573 0.188178 -16.7866 23.3886 25.4958 0.211205 0.175047 0.185435 0.207614 0.181625 0.190551
1156250 0.200712 0.181594 0.19264 -1.0293 -6.96447 -2.76601 0.200846 0.185991 0.195003 0.200621 0.178569 0.191015
1156250 0.210157 0.184455 0.192355 12.2907 12.4827 5.22697 0.207614 0.181625 0.190551 0.212625 0.187204 0.194107
1156250 0.204517 0.183622 0.192588 -17.4657 14.5782 9.37785 0.207614 0.181625 0.190551 0.200846 0.185991 0.195003
1156250 0.212947 0.184979 0.197522 0.703044 10.2798 -20.6232 0.213257 0.182842 0.200802 0.212625 0.187204 0.194107
1156250 0.202057 0.183263 0.199004 2.16504 -9.27477 16.6333 0.200846 0.185991 0.195003 0.202988 0.181166 0.20208
1156250 0.204276 0.18704 0.198474 15.5126 5.80342 21.8604 0.200846 0.185991 0.195003 0.207074 0.187896 0.201305
1156250 0.207136 0.185718 0.189682 -0.0336416 8.86587 -2.97363 0.207614 0.181625 0.190551 0.206662 0.189778 0.18882
1156250 0.211184 0.191024 0.193873 3.4106 -7.0394 -0.573803 0.210101 0.193895 0.193697 0.212625 0.187204 0.194107
1156250 0.213815 0.189447 0.197314 0.871571 3.52411 5.22961 0.212625 0.187204 0.194107 0.215381 0.192399 0.201536
1156250 0.21422 0.189697 0.191285 -7.39735 -17.0367 14.3781 0.216115 0.192659 0.187931 0.212625 0.187204 0.194107
1156250 0.205894 0.180934 0.204575 -9.18999 2.14822 -6.49185 0.20899 0.180686 0.207234 0.202988 0.181166 0.20208
1156250 0.210221 0.185324 0.201049 -5.08944 4.08746 1.46868 0.213257 0.182842 0.200802 0.207074 0.187896 0.201305
1156250 0.214596 0.180116 0.203291 6.39648 -10.2544 7.42087 0.213257 0.182842 0.200802 0.215811 0.177644 0.205547
1156250 0.206731 0.187669 0.205356 0.0464957 2.51355 -12.8818 0.206453 0.187485 0.208641 0.207074 0.187896 0.201305
1156250 0.200897 0.179466 0.210533 1.25498 -11.3999 -4.0527 0.200806 0.183596 0.212665 0.200996 0.17491 0.208182
1156250 0.208087 0.185959 0.211072 3.78561 -3.16454 7.39037 0.206453 0.187485 0.208641 0.209574 0.184569 0.213285
1156250 0.204108 0.18587 0.210313 -14.0338 -6.26754 9.54617 0.206453 0.187485 0.208641 0.200806 0.183596 0.212665
1156250 0.209107 0.178715 0.210815 -1.22708 15.0292 -24.2479 0.209298 0.175502 0.216653 0.20899 0.180686 0.207234
1156250 0.209488 0.181751 0.214332 -0.399277 -8.10313 1.62712 0.209574 0.184569 0.213285 0.209298 0.175502 0.216653
1156250 0.210651 0.189836 0.201405 -32.5423 -14.9163 4.29441 0.215381 0.192399 0.201536 0.207074 0.187896 0.201305
1156250 0.207024 0.190652 0.207903 2.82032 17.0704 -1.17269 0.206453 0.187485 0.208641 0.20776 0.194734 0.20695
1156250 0.210028 0.18715 0.214761 0.956208 4.15185 1.61054 0.209574 0.184569 0.213285 0.210747 0.191237 0.217098
1156250 0.212333 0.18445 0.214475 4.04256 -0.784705 1.40912 0.209574 0.184569 0.213285 0.216026 0.184292 0.216067
1156250 0.208643 0.19215 0.19163 -5.20312 -6.82933 -10.6771 0.210101 0.193895 0.193697 0.206662 0.189778 0.18882
1156250 0.21261 0.195605 0.194171 4.05189 3.26672 0.0914003 0.210101 0.193895 0.193697 0.215135 0.197326 0.194647
1156250 0.209543 0.196417 0.195363 -1.75222 12.7151 5.89801 0.210101 0.193895 0.193697 0.208683 0.200302 0.197929
1156250 0.218033 0.196269 0.19483 -20.2925 11.2645 -1.93806 0.221892 0.194863 0.195074 0.215135 0.197326 0.194647
1156250 0.21501 0.19739 0.188085 -3.50031 8.9616 -0.360284 0.216115 0.192659 0.187931 0.213819 0.202488 0.18825
1156250 0.204435 0.19393 0.209483 14.1732 4.45459 -7.90981 0.200695 0.193026 0.212332 0.20776 0.194734 0.20695
1156250 0.210503 0.191831 0.208418 -8.95897 11.8747 -3.54654 0.21256 0.189655 0.209518 0.20776 0.194734 0.20695
1156250 0.211125 0.193703 0.20456 -28.6106 13.4202 27.104 0.215381 0.192399 0.201536 0.20776 0.194734 0.20695
1156250 0.211833 0.19029 0.212559 -0.856452 2.63075 9.06925 0.21256 0.189655 0.209518 0.210747 0.191237 0.217098
1156250 0.21509 0.187846 0.208811 -16.1726 9.41358 1.77306 0.218913 0.185112 0.207743 0.21256 0.189655 0.209518
1156250 0.217245 0.188555 0.204811 -6.63153 13.5659 -15.9445 0.218913 0.185112 0.207743 0.215381 0.192399 0.201536
1156250 0.207046 0.193768 0.218696 21.6813 -12.2372 -12.9711 0.203887 0.195927 0.22006 0.210747 0.191237 0.217098
1156250 0.182456 0.18405 0.195945 -8.06391 -0.942208 3.98685 0.185918 0.184633 0.193496 0.177519 0.183218 0.199437
1156250 0.211411 0.179679 0.18395 -0.0674146 4.86556 -0.794346 0.211205 0.175047 0.185435 0.21164 0.184821 0.182301
1156250 0.20638 0.184766 0.183543 -4.83162 0.569179 1.68013 0.21164 0.184821 0.182301 0.20296 0.18473 0.18435
1156250 0.211247 0.196426 0.208712 -4.10031 -1.60211 -1.29539 0.216566 0.199006 0.211398 0.20776 0.194734 0.20695
1156250 0.193861 0.20239 0.184122 -5.05354 2.45647 -1.92327 0.197546 0.200054 0.186227 0.1911 0.20414 0.182544
1156250 0.203762 0.179942 0.190807 -7.10593 -2.92549 -0.744225 0.207614 0.181625 0.190551 0.200621 0.178569 0.191015
1156250 0.211028 0.199831 0.184702 4.53724 6.60568 8.22864 0.207413 0.19639 0.180106 0.213819 0.202488 0.18825
1156250 0.194918 0.179343 0.182032 -18.0322 8.15105 0.168615 0.199377 0.177135 0.182765 0.191273 0.181147 0.181433
1156250 0.210204 0.199381 0.212636 5.31832 -0.76516 -0.305943 0.20634 0.199608 0.213387 0.216566 0.199006 0.211398
1156250 0.207023 0.197265 0.210293 3.61688 -7.37623 -8.33278 0.20634 0.199608 0.213387 0.20776 0.194734 0.20695
1156250 0.205132 0.197796 0.216673 0.753667 2.4372 -3.85523 0.203887 0.195927 0.22006 0.20634 0.199608 0.213387
1156250 0.203751 0.184289 0.216195 9.72756 0.00394967 10.4528 0.200806 0.183596 0.212665 0.205937 0.184803 0.218816
1156250 0.202422 0.194595 0.216512 4.69821 2.64195 13.3858 0.200695 0.193026 0.212332 0.203887 0.195927 0.22006
1156250 0.194533 0.192809 0.206905 7.89117 11.2525 -5.33197 0.191872 0.190067 0.208665 0.196684 0.195024 0.205483
1156250 0.207587 0.184447 0.208013 1.66432 -5.0295 -0.197534 0.206453 0.187485 0.208641 0.20899 0.180686 0.207234
1156250 0.192655 0.186025 0.207803 0.716302 -14.6048 -1.93966 0.191872 0.190067 0.208665 0.193553 0.181383 0.206814
1156250 0.18893 0.192877 0.209732 -9.0073 11.2579 2.42172 0.191872 0.190067 0.208665 0.186112 0.195568 0.210753
1156250 0.208832 0.187617 0.185978 -1.8351 2.49037 2.30711 0.21164 0.184821 0.182301 0.206662 0.189778 0.18882
1156250 0.198598 0.195347 0.185787 0.406694 -5.83146 -0.854244 0.197546 0.200054 0.186227 0.199459 0.191491 0.185426
1156250 0.191848 0.187842 0.212235 -1.52179 -4.74897 7.91657 0.191872 0.190067 0.208665 0.191818 0.185024 0.216755
1156250 0.199994 0.181521 0.216747 0.318216 1.54221 -2.15804 0.199142 0.179342 0.221032 0.200806 0.183596 0.212665
1156250 0.21865 0.188776 0.199262 -11.8518 11.3547 4.94802 0.222541 0.184461 0.196554 0.215381 0.192399 0.201536
1156250 0.199166 0.181567 0.196596 -6.11598 -11.0809 5.54713 0.200846 0.185991 0.195003 0.19808 0.178705 0.197627
1156250 0.200323 0.17983 0.199663 -2.62005 -2.06855 -2.66267 0.202988 0.181166 0.20208 0.19808 0.178705 0.197627
1156250 0.217129 0.180817 0.20648 -3.34466 -13.7288 -4.71644 0.218913 0.185112 0.207743 0.215811 0.177644 0.205547
1156250 0.213209 0.194525 0.214686 1.74927 3.21878 -1.71406 0.210747 0.191237 0.217098 0.216566 0.199006 0.211398
1156250 0.200752 0.188242 0.212501 -2.02085 -14.659 -0.294234 0.200695 0.193026 0.212332 0.200806 0.183596 0.212665
1156250 0.207084 0.18163 0.218078 1.23165 -3.70688 -0.229579 0.205937 0.184803 0.218816 0.209298 0.175502 0.216653
1156250 0.19564 0.182059 0.218987 -5.67974 3.64121 -2.06893 0.199142 0.179342 0.221032 0.191818 0.185024 0.216755
1156250 0.201274 0.190415 0.197279 0.172831 3.44662 2.49973 0.200846 0.185991 0.195003 0.201661 0.194428 0.199342
1156250 0.19835 0.194195 0.208327 -14.0495 6.30534 -16.9938 0.200695 0.193026 0.212332 0.196684 0.195024 0.205483
1156250 0.207959 0.187507 0.218094 1.65674 2.9509 -0.399804 0.205937 0.184803 0.218816 0.210747 0.191237 0.217098
1156250 0.185969 0.180743 0.195284 -0.804937 -6.45259 2.26933 0.185918 0.184633 0.193496 0.186031 0.175977 0.197474
1156250 0.215225 0.195529 0.19716 1.5071 15.0463 -16.2692 0.215381 0.192399 0.201536 0.215135 0.197326 0.194647
1156250 0.20497 0.184431 0.201704 -3.67054 -5.52 -0.365505 0.207074 0.187896 0.201305 0.202988 0.181166 0.20208
1156250 0.198819 0.194768 0.202849 -5.86561 1.19001 5.43743 0.201661 0.194428 0.199342 0.196684 0.195024 0.205483
1156250 0.198744 0.202197 0.190403 0.930743 2.98641 4.18728 0.197546 0.200054 0.186227 0.200059 0.204551 0.194988
1156250 0.206948 0.192298 0.185499 0.128621 -2.9083 2.98294 0.207413 0.19639 0.180106 0.206662 0.189778 0.18882
1156250 0.197712 0.180202 0.213376 11.0907 16.8771 -3.77401 0.195529 0.177807 0.213877 0.200806 0.183596 0.212665
1156250 0.207815 0.180481 0.1946 0.736659 -0.75975 5.20299 0.207614 0.181625 0.190551 0.207961 0.179651 0.197543
1156250 0.205755 0.180323 0.199556 -0.585467 0.325303 0.5988 0.207961 0.179651 0.197543 0.202988 0.181166 0.20208
1156250 0.211166 0.181786 0.203954 -11.1472 -10.0302 19.8442 0.213257 0.182842 0.200802 0.20899 0.180686 0.207234
1156250 0.196351 0.184818 0.184416 1.69587 1.48811 -4.94277 0.195653 0.18341 0.188111 0.196931 0.185989 0.181343
1156250 0.181788 0.200633 0.193883 3.01721 4.24322 3.25351 0.179933 0.198851 0.192264 0.184848 0.203573 0.196554
1156250 0.21028 0.181048 0.19897 3.31027 2.85364 2.64751 0.207961 0.179651 0.197543 0.213257 0.182842 0.200802
1156250 0.198625 0.193997 0.19601 2.14455 0.350496 1.71837 0.195597 0.193567 0.192686 0.201661 0.194428 0.199342
1156250 0.219071 0.193795 0.197874 -16.1623 -8.97916 13.6396 0.221892 0.194863 0.195074 0.215381 0.192399 0.201536
1156250 0.200958 0.198253 0.189156 0.774156 -0.341314 0.869141 0.197546 0.200054 0.186227 0.203708 0.196802 0.191515
1156250 0.216785 0.183457 0.199188 -18.3879 0.00715246 8.00505 0.222541 0.184461 0.196554 0.213257 0.182842 0.200802
1156250 0.202761 0.195703 0.195138 -0.425943 -0.940862 1.95634 0.203708 0.196802 0.191515 0.201661 0.194428 0.199342
1156250 0.205135 0.19341 0.190214 0.570558 -1.92647 -1.00053 0.203708 0.196802 0.191515 0.206662 0.189778 0.18882
1156250 0.204579 0.200194 0.189794 0.479313 1.46138 -1.06378 0.203708 0.196802 0.191515 0.205312 0.203045 0.188347
1156250 0.192698 0.191952 0.189623 9.24637 5.42097 13.5963 0.189185 0.189994 0.185912 0.195597 0.193567 0.192686
1156250 0.193137 0.199416 0.188131 -5.17883 -0.527956 1.33111 0.197546 0.200054 0.186227 0.189313 0.198862 0.189782
1156250 0.183135 0.185076 0.200951 -0.0 0.0 -0.0 0.177519 0.183218 0.199437 0.187289 0.18645 0.20207
1156250 0.190226 0.183588 0.200177 -9.59166e-05 0.000132919 8.12261e-05 0.192348 0.181521 0.19881 0.187289 0.18645 0.20207
1156250 0.193317 0.188534 0.197703 0.000133104 0.000629085 0.000637918 0.192783 0.186756 0.195212 0.1939 0.190478 0.200427
1156250 0.191062 0.188749 0.201132 0.000198351 0.000164211 -3.59235e-05 0.187289 0.18645 0.20207 0.1939 0.190478 0.200427
1156250 0.187704 0.190856 0.202972 -6.78032e-06 0.000133849 1.76953e-05 0.187289 0.18645 0.20207 0.188007 0.19407 0.203631
1156250 0.189926 0.179395 0.198298 9.90364e-05 0.000117676 1.61612e-05 0.186031 0.175977 0.197474 0.192348 0.181521 0.19881
1156250 0.195226 0.180106 0.198216 0.000840158 -0.000442869 -2.57309e-05 0.192348 0.181521 0.19881 0.19808 0.178705 0.197627
1156250 0.192833 0.181466 0.202036 0.0 0.0 0.0 0.192348 0.181521 0.19881 0.193553 0.181383 0.206814
1156250 0.192571 0.184203 0.196967 -0.0 -0.0 -0.0 0.192783 0.186756 0.195212 0.192348 0.181521 0.19881
1156250 0.190315 0.184002 0.204362 -0.000515654 0.000582367 -0.000394081 0.193553 0.181383 0.206814 0.187289 0.18645 0.20207
1156250 0.189897 0.185864 0.194491 -0.0128124 -0.00627534 -0.00418563 0.192783 0.186756 0.195212 0.185918 0.184633 0.193496
1156250 0.195875 0.186463 0.195132 -0.0 -0.0 -0.0 0.192783 0.186756 0.195212 0.200846 0.185991 0.195003
1156250 0.196411 0.189354 0.202421 -0.00120002 0.000779197 -0.000848899 0.199564 0.187943 0.204925 0.1939 0.190478 0.200427
1156250 0.192505 0.190248 0.215963 -0.0 0.0 -0.0 0.191818 0.185024 0.216755 0.192965 0.19375 0.215433
1156250 0.183295 0.191963 0.193789 -0.931831 -0.300307 -0.710447 0.187167 0.192999 0.19585 0.179164 0.190858 0.19159
1156250 0.184979 0.18378 0.211557 -3.51673e-05 0.00145613 7.8703e-06 0.185326 0.179468 0.21218 0.184679 0.187509 0.211018
1156250 0.196267 0.193441 0.214108 0.0 0.0 0.0 0.200695 0.193026 0.212332 0.192965 0.19375 0.215433
1156250 0.188083 0.188728 0.209905 0.0 0.0 0.0 0.191872 0.190067 0.208665 0.184679 0.187509 0.211018
1156250 0.189704 0.192316 0.205841 0.0 0.0 0.0 0.191872 0.190067 0.208665 0.188007 0.19407 0.203631
1156250 0.182355 0.183343 0.191259 0.0 0.0 0.0 0.185918 0.184633 0.193496 0.178516 0.181859 0.188851
1156250 0.180522 0.194751 0.201017 0.0 0.0 0.0 0.180371 0.191998 0.20515 0.180631 0.19659 0.198149
1156250 0.182734 0.187609 0.192597 0.0 0.0 0.0 0.185918 0.184633 0.193496 0.179164 0.190858 0.19159
1156250 0.183848 0.190497 0.188933 0.0 0.0 0.0 0.189185 0.189994 0.185912 0.179164 0.190858 0.19159
1156250 0.18277 0.189541 0.208421 0.0 0.0 0.0 0.180371 0.191998 0.20515 0.184679 0.187509 0.211018
1156250 0.185867 0.18707 0.206942 0.0 0.0 0.0 0.187289 0.18645 0.20207 0.184679 0.187509 0.211018
1156250 0.185372 0.191454 0.21089 0.0 0.0 0.0 0.186112 0.195568 0.210753 0.184679 0.187509 0.211018
1156250 0.183918 0.189193 0.20357 0.0 0.0 0.0 0.180371 0.191998 0.20515 0.187289 0.18645 0.20207
1156250 0.184881 0.193264 0.204252 0.0 0.0 0.0 0.180371 0.191998 0.20515 0.188007 0.19407 0.203631
1156250 0.187642 0.186523 0.213401 0.0 0.0 0.0 0.191818 0.185024 0.216755 0.184679 0.187509 0.211018
1156250 0.193488 0.182335 0.18481 0.0 0.0 0.0 0.195653 0.18341 0.188111 0.191273 0.181147 0.181433
1156250 0.197907 0.1825 0.18191 0.0 0.0 0.0 0.199377 0.177135 0.182765 0.196931 0.185989 0.181343
1156250 0.190377 0.184985 0.183352 0.0 0.0 0.0 0.189185 0.189994 0.185912 0.191273 0.181147 0.181433
1156250 0.192457 0.179745 0.195506 0.0 0.0 0.0 0.192574 0.177757 0.191969 0.192348 0.181521 0.19881
1156250 0.189567 0.18291 0.196512 0.0 0.0 0.0 0.185918 0.184633 0.193496 0.192348 0.181521 0.19881
1156250 0.194035 0.185337 0.192112 0.0 0.0 0.0 0.192783 0.186756 0.195212 0.195653 0.18341 0.188111
1156250 0.197569 0.187518 0.18676 0.0 0.0 0.0 0.195653 0.18341 0.188111 0.199459 0.191491 0.185426
1156250 0.18735 0.187029 0.190166 0.0 0.0 0.0 0.185918 0.184633 0.193496 0.189185 0.189994 0.185912
1156250 0.186583 0.18556 0.197668 0.0 0.0 0.0 0.185918 0.184633 0.193496 0.187289 0.18645 0.20207
1156250 0.199551 0.184157 0.186104 0.0 0.0 0.0 0.195653 0.18341 0.188111 0.20296 0.18473 0.18435
1156250 0.199312 0.178682 0.194421 0.0 0.0 0.0 0.200621 0.178569 0.191015 0.19808 0.178705 0.197627
1156250 0.198331 0.180844 0.189676 0.0 0.0 0.0 0.195653 0.18341 0.188111 0.200621 0.178569 0.191015
1156250 0.189233 0.180422 0.209633 0.0 0.0 0.0 0.185326 0.179468 0.21218 0.193553 0.181383 0.206814
1156250 0.194731 0.179296 0.211022 0.0 0.0 0.0 0.195529 0.177807 0.213877 0.193553 0.181383 0.206814
1156250 0.194117 0.1806 0.214976 0.0 0.0 0.0 0.195529 0.177807 0.213877 0.191818 0.185024 0.216755
1156250 0.192729 0.183158 0.211544 0.0 0.0 0.0 0.191818 0.185024 0.216755 0.193553 0.181383 0.206814
1156250 0.19725 0.182554 0.209797 0.0 0.0 0.0 0.200806 0.183596 0.212665 0.193553 0.181383 0.206814
1156250 0.203124 0.182584 0.219736 0.0 0.0 0.0 0.199142 0.179342 0.221032 0.205937 0.184803 0.218816
1156250 0.193996 0.187549 0.183074 0.0 0.0 0.0 0.189185 0.189994 0.185912 0.196931 0.185989 0.181343
1156250 0.198209 0.191793 0.181462 0.0 0.0 0.0 0.199459 0.191491 0.185426 0.19708 0.191983 0.177881
1156250 0.197724 0.199327 0.18144 0.0 0.0 0.0 0.197841 0.198768 0.178232 0.197546 0.200054 0.186227
1156250 0.190491 0.189343 0.195468 0.0 0.0 0.0 0.192783 0.186756 0.195212 0.187167 0.192999 0.19585
1156250 0.193931 0.18957 0.194178 0.0 0.0 0.0 0.192783 0.186756 0.195212 0.195597 0.193567 0.192686
1156250 0.195143 0.190905 0.185629 0.0 0.0 0.0 0.199459 0.191491 0.185426 0.189185 0.189994 0.185912
1156250 0.188076 0.191685 0.191362 0.0 0.0 0.0 0.187167 0.192999 0.19585 0.189185 0.189994 0.185912
1156250 0.191377 0.193283 0.19427 2.19695 -0.0520389 -1.18255 0.187167 0.192999 0.19585 0.195597 0.193567 0.192686
1156250 0.190544 0.18667 0.198002 0.0 0.0 0.0 0.192783 0.186756 0.195212 0.187289 0.18645 0.20207
1156250 0.187226 0.18977 0.198956 0.0 0.0 0.0 0.187167 0.192999 0.19585 0.187289 0.18645 0.20207
1156250 0.191006 0.191599 0.198457 0.0 0.0 0.0 0.187167 0.192999 0.19585 0.1939 0.190478 0.200427
1156250 0.187651 0.193659 0.200344 0.0 0.0 0.0 0.187167 0.192999 0.19585 0.188007 0.19407 0.203631
1156250 0.19463 0.191841 0.197101 0.0 0.0 0.0 0.195597 0.193567 0.192686 0.1939 0.190478 0.200427
1156250 0.193508 0.194136 0.200061 0.0 0.0 0.0 0.192961 0.199129 0.19956 0.1939 0.190478 0.200427
1156250 0.190045 0.196191 0.201957 0.0 0.0 0.0 0.192961 0.199129 0.19956 0.188007 0.19407 0.203631
1156250 0.190273 0.201736 0.185897 0.0 0.0 0.0 0.189313 0.198862 0.189782 0.1911 0.20414 0.182544
1156250 0.186068 0.198046 0.196183 0.0 0.0 0.0 0.187167 0.192999 0.19585 0.184848 0.203573 0.196554
1156250 0.187278 0.201051 0.192869 0.0 0.0 0.0 0.189313 0.198862 0.189782 0.184848 0.203573 0.196554
1156250 0.194487 0.203817 0.188199 0.0 0.0 0.0 0.197546 0.200054 0.186227 0.191657 0.207218 0.190027
1156250 0.201317 0.187949 0.184853 0.0 0.0 0.0 0.199459 0.191491 0.185426 0.20296 0.18473 0.18435
1156250 0.201116 0.189559 0.181572 0.0 0.0 0.0 0.199459 0.191491 0.185426 0.202429 0.187949 0.178517
1156250 0.201657 0.19857 0.183676 0.0 0.0 0.0 0.197546 0.200054 0.186227 0.207413 0.19639 0.180106
1156250 0.201602 0.19421 0.188494 0.0 0.0 0.0 0.203708 0.196802 0.191515 0.199459 0.191491 0.185426
1156250 0.199949 0.195344 0.192056 0.0 0.0 0.0 0.203708 0.196802 0.191515 0.195597 0.193567 0.192686
1156250 0.1974 0.196773 0.199448 0.0 0.0 0.0 0.192961 0.199129 0.19956 0.201661 0.194428 0.199342
1156250 0.202176 0.201879 0.187489 0.0 0.0 0.0 0.197546 0.200054 0.186227 0.205312 0.203045 0.188347
1156250 0.197115 0.200558 0.202389 0.0 0.0 0.0 0.192961 0.199129 0.19956 0.201794 0.202083 0.205576
1156250 0.189661 0.188364 0.205485 0.0 0.0 0.0 0.191872 0.190067 0.208665 0.187289 0.18645 0.20207
1156250 0.195693 0.189055 0.206809 0.0 0.0 0.0 0.191872 0.190067 0.208665 0.199564 0.187943 0.204925
1156250 0.190909 0.192338 0.202052 0.0 0.0 0.0 0.188007 0.19407 0.203631 0.1939 0.190478 0.200427
1156250 0.192996 0.190332 0.204105 0.0 0.0 0.0 0.191872 0.190067 0.208665 0.1939 0.190478 0.200427
1156250 0.195292 0.192787 0.202952 0.0 0.0 0.0 0.196684 0.195024 0.205483 0.1939 0.190478 0.200427
1156250 0.187154 0.194785 0.206835 0.0 0.0 0.0 0.186112 0.195568 0.210753 0.188007 0.19407 0.203631
1156250 0.192465 0.192102 0.212329 0.0 0.0 0.0 0.191872 0.190067 0.208665 0.192965 0.19375 0.215433
1156250 0.189747 0.194646 0.213235 0.0 0.0 0.0 0.186112 0.195568 0.210753 0.192965 0.19375 0.215433
1156250 0.194716 0.19489 0.218402 0.0 0.0 0.0 0.196429 0.195924 0.221311 0.192965 0.19375 0.215433
1156250 0.195933 0.191676 0.217556 0.0 0.0 0.0 0.192965 0.19375 0.215433 0.198857 0.189544 0.219649
1156250 0.195108 0.19694 0.215482 0.0 0.0 0.0 0.192965 0.19375 0.215433 0.197358 0.200208 0.21553
1156250 0.186156 0.197837 0.214329 0.0 0.0 0.0 0.186112 0.195568 0.210753 0.186224 0.201023 0.219517
1156250 0.19041 0.19655 0.216983 0.0 0.0 0.0 0.192965 0.19375 0.215433 0.186224 0.201023 0.219517
1156250 0.201369 0.184418 0.203427 0.0 0.0 0.0 0.199564 0.187943 0.204925 0.202988 0.181166 0.20208
1156250 0.20016 0.185905 0.208629 0.0 0.0 0.0 0.200806 0.183596 0.212665 0.199564 0.187943 0.204925
1156250 0.200156 0.187085 0.200354 0.0 0.0 0.0 0.200846 0.185991 0.195003 0.199564 0.187943 0.204925
1156250 0.200582 0.191131 0.202216 0.0 0.0 0.0 0.199564 0.187943 0.204925 0.201661 0.194428 0.199342
1156250 0.196713 0.188698 0.198229 0.0 0.0 0.0 0.200846 0.185991 0.195003 0.1939 0.190478 0.200427
1156250 0.197227 0.192208 0.199959 0.0 0.0 0.0 0.201661 0.194428 0.199342 0.1939 0.190478 0.200427
1156250 0.203447 0.187727 0.207019 0.0 0.0 0.0 0.206453 0.187485 0.208641 0.199564 0.187943 0.204925
1156250 0.196 0.191494 0.210381 0.0 0.0 0.0 0.191872 0.190067 0.208665 0.200695 0.193026 0.212332
1156250 0.1997 0.187023 0.21664 0.0 0.0 0.0 0.200806 0.183596 0.212665 0.198857 0.189544 0.219649
1156250 0.201194 0.192551 0.21984 0.0 0.0 0.0 0.203887 0.195927 0.22006 0.198857 0.189544 0.219649
1156250 0.202164 0.200122 0.192983 0.0 0.0 0.0 0.203708 0.196802 0.191515 0.200059 0.204551 0.194988
1156250 0.200493 0.198195 0.217705 0.0 0.0 0.0 0.203887 0.195927 0.22006 0.197358 0.200208 0.21553
1156250 0.205078 0.183361 0.187169 0.0 0.0 0.0 0.207614 0.181625 0.190551 0.20296 0.18473 0.18435
1156250 0.20268 0.186472 0.181271 0.0 0.0 0.0 0.20296 0.18473 0.18435 0.202429 0.187949 0.178517
1156250 0.21406 0.17941 0.199095 0.0 0.0 0.0 0.213257 0.182842 0.200802 0.215433 0.173404 0.196169
1156250 0.209379 0.183068 0.186937 0.0 0.0 0.0 0.207614 0.181625 0.190551 0.21164 0.184821 0.182301
1156250 0.209328 0.182967 0.21072 0.0 0.0 0.0 0.209574 0.184569 0.213285 0.20899 0.180686 0.207234
1156250 0.206131 0.18423 0.213042 0.0 0.0 0.0 0.209574 0.184569 0.213285 0.200806 0.183596 0.212665
1156250 0.204296 0.180314 0.214305 0.0 0.0 0.0 0.200806 0.183596 0.212665 0.209298 0.175502 0.216653
1156250 0.214155 0.186917 0.201111 0.0 0.0 0.0 0.213257 0.182842 0.200802 0.215381 0.192399 0.201536
1156250 0.208032 0.184341 0.204263 0.0 0.0 0.0 0.20899 0.180686 0.207234 0.207074 0.187896 0.201305
1156250 0.211025 0.187081 0.211457 0.0 0.0 0.0 0.209574 0.184569 0.213285 0.21256 0.189655 0.209518
1156250 0.207882 0.184722 0.215861 0.0 0.0 0.0 0.209574 0.184569 0.213285 0.205937 0.184803 0.218816
1156250 0.212638 0.179103 0.206332 0.0 0.0 0.0 0.20899 0.180686 0.207234 0.215811 0.177644 0.205547
1156250 0.215799 0.183905 0.203918 0.0 0.0 0.0 0.218913 0.185112 0.207743 0.213257 0.182842 0.200802
1156250 0.205062 0.196693 0.187347 0.0 0.0 0.0 0.203708 0.196802 0.191515 0.207413 0.19639 0.180106
1156250 0.212485 0.194258 0.184663 0.0 0.0 0.0 0.216115 0.192659 0.187931 0.207413 0.19639 0.180106
1156250 0.209677 0.18852 0.19149 0.0 0.0 0.0 0.212625 0.187204 0.194107 0.206662 0.189778 0.18882
1156250 0.204014 0.188095 0.191636 0.0 0.0 0.0 0.200846 0.185991 0.195003 0.206662 0.189778 0.18882
1156250 0.207284 0.195218 0.192734 0.0 0.0 0.0 0.210101 0.193895 0.193697 0.203708 0.196802 0.191515
1156250 0.209845 0.187594 0.197713 0.0 0.0 0.0 0.212625 0.187204 0.194107 0.207074 0.187896 0.201305
1156250 0.204511 0.191032 0.200375 0.0 0.0 0.0 0.201661 0.194428 0.199342 0.207074 0.187896 0.201305
1156250 0.204805 0.194628 0.203263 0.0 0.0 0.0 0.201661 0.194428 0.199342 0.20776 0.194734 0.20695
1156250 0.212021 0.193394 0.196545 0.0 0.0 0.0 0.210101 0.193895 0.193697 0.215381 0.192399 0.201536
1156250 0.205956 0.198424 0.194411 0.0 0.0 0.0 0.203708 0.196802 0.191515 0.208683 0.200302 0.197929
1156250 0.21649 0.186179 0.195059 0.0 0.0 0.0 0.222541 0.184461 0.196554 0.212625 0.187204 0.194107
1156250 0.211034 0.191152 0.188408 0.0 0.0 0.0 0.216115 0.192659 0.187931 0.206662 0.189778 0.18882
1156250 0.212432 0.193458 0.191462 0.0 0.0 0.0 0.210101 0.193895 0.193697 0.216115 0.192659 0.187931
1156250 0.215518 0.195553 0.192034 0.0 0.0 0.0 0.216115 0.192659 0.187931 0.215135 0.197326 0.194647
1156250 0.207411 0.191282 0.204064 0.0 0.0 0.0 0.207074 0.187896 0.201305 0.20776 0.194734 0.20695
1156250 0.204103 0.18979 0.210147 0.0 0.0 0.0 0.206453 0.187485 0.208641 0.200695 0.193026 0.212332
1156250 0.209561 0.188633 0.209087 0.0 0.0 0.0 0.206453 0.187485 0.208641 0.21256 0.189655 0.209518
1156250 0.203793 0.196678 0.21291 0.0 0.0 0.0 0.200695 0.193026 0.212332 0.20634 0.199608 0.213387
1156250 0.213613 0.19072 0.206548 0.0 0.0 0.0 0.21256 0.189655 0.209518 0.215381 0.192399 0.201536
1156250 0.208336 0.19586 0.215067 0.0 0.0 0.0 0.20634 0.199608 0.213387 0.210747 0.191237 0.217098
1156250 0.201217 0.197361 0.20913 0.0 0.0 0.0 0.200695 0.193026 0.212332 0.201794 0.202083 0.205576
1156250 0.204405 0.200703 0.210061 0.0 0.0 0.0 0.20634 0.199608 0.213387 0.201794 0.202083 0.205576
1156250 0.213883 0.192781 0.210138 0.0 0.0 0.0 0.21256 0.189655 0.209518 0.216566 0.199006 0.211398
1156250 0.21592 0.195437 0.206007 0.0 0.0 0.0 0.216566 0.199006 0.211398 0.215381 0.192399 0.201536
1156250 0.184248 0.204176 0.191613 -3.67911 0.573276 -13.9569 0.184848 0.203573 0.196554 0.183751 0.204676 0.187512
1156250 0.185736 0.208242 0.194964 -0.546482 -21.042 8.07448 0.186319 0.211306 0.193922 0.184848 0.203573 0.196554
1156250 0.185732 0.20647 0.200549 -3.87385 -11.3782 -11.5348 0.186892 0.210269 0.205788 0.184848 0.203573 0.196554
1156250 0.183079 0.210775 0.19409 -16.5986 -5.35875 1.83369 0.186319 0.211306 0.193922 0.179316 0.210158 0.194285
1156250 0.185756 0.217415 0.195244 -18.856 -2.79565 -14.3095 0.189705 0.217408 0.197634 0.182249 0.217422 0.193122
1156250 0.181209 0.20958 0.202554 6.79179 1.26291 2.64853 0.178572 0.209261 0.201054 0.186892 0.210269 0.205788
1156250 0.18483 0.216342 0.204339 1.83835 -10.2396 1.70769 0.183621 0.2199 0.203489 0.186892 0.210269 0.205788
1156250 0.190447 0.202905 0.189901 -3.4491 -11.8541 -2.33099 0.191657 0.207218 0.190027 0.189313 0.198862 0.189782
1156250 0.192835 0.204238 0.211893 -1.79503 -17.401 -12.625 0.193228 0.207497 0.215161 0.192446 0.20101 0.208655
1156250 0.19458 0.205047 0.208211 -8.18418 -17.2169 4.8691 0.196037 0.207801 0.207907 0.192446 0.20101 0.208655
1156250 0.19551 0.20347 0.215365 3.63508 -8.94779 1.325 0.193228 0.207497 0.215161 0.197358 0.200208 0.21553
1156250 0.196778 0.201507 0.207228 -21.9486 -3.62956 11.2496 0.201794 0.202083 0.205576 0.192446 0.20101 0.208655
1156250 0.19994 0.202863 0.21614 -2.56169 -1.9323 -0.697827 0.202622 0.205621 0.216775 0.197358 0.200208 0.21553
1156250 0.188343 0.212567 0.18565 -1.6612 -9.31924 -8.30614 0.189653 0.216016 0.188476 0.187381 0.210034 0.183575
1156250 0.198242 0.209456 0.194025 3.62138 -9.29373 3.52585 0.196838 0.213245 0.193282 0.200059 0.204551 0.194988
1156250 0.188579 0.209575 0.192273 7.10135 -5.78984 -3.54025 0.186319 0.211306 0.193922 0.191657 0.207218 0.190027
1156250 0.19436 0.210362 0.191725 8.5726 11.4002 3.53018 0.191657 0.207218 0.190027 0.196838 0.213245 0.193282
1156250 0.187728 0.213845 0.195466 9.88778 12.2651 9.48221 0.186319 0.211306 0.193922 0.189705 0.217408 0.197634
1156250 0.196943 0.213469 0.197383 1.52031 3.12341 15.6126 0.196838 0.213245 0.193282 0.197065 0.213729 0.202143
1156250 0.193325 0.215598 0.199852 -26.8864 12.7092 -10.6502 0.197065 0.213729 0.202143 0.189705 0.217408 0.197634
1156250 0.191929 0.218374 0.185182 -7.36622 -9.39105 9.06 0.194299 0.220828 0.181752 0.189653 0.216016 0.188476
1156250 0.197379 0.217179 0.192231 2.42523 19.9792 -2.03441 0.196838 0.213245 0.193282 0.198007 0.221746 0.191012
1156250 0.196008 0.210797 0.21347 3.96726 5.52517 -1.61455 0.193228 0.207497 0.215161 0.198983 0.214328 0.211661
1156250 0.195703 0.206937 0.204917 -2.1975 -5.52042 -12.0257 0.196037 0.207801 0.207907 0.195377 0.206094 0.201998
1156250 0.197177 0.210328 0.20936 -11.8176 -26.7717 -21.8477 0.198983 0.214328 0.211661 0.196037 0.207801 0.207907
1156250 0.196036 0.209076 0.202054 -8.37733 -34.9424 5.02942 0.197065 0.213729 0.202143 0.195377 0.206094 0.201998
1156250 0.191431 0.211757 0.215451 -10.8733 24.1979 3.65369 0.193228 0.207497 0.215161 0.18921 0.217025 0.215809
1156250 0.188131 0.213879 0.211143 3.44076 6.2727 9.42829 0.186892 0.210269 0.205788 0.18921 0.217025 0.215809
1156250 0.198624 0.217964 0.2006 2.72678 8.86129 -1.68379 0.197065 0.213729 0.202143 0.199866 0.221341 0.19937
1156250 0.19442 0.217126 0.204193 14.0087 -16.3245 -14.642 0.191773 0.220524 0.206244 0.197065 0.213729 0.202143
1156250 0.19772 0.204629 0.203304 3.94247 -2.36001 1.34171 0.195377 0.206094 0.201998 0.201794 0.202083 0.205576
1156250 0.202974 0.216927 0.213039 16.1949 8.69953 2.70407 0.198983 0.214328 0.211661 0.206563 0.219264 0.214279
1156250 0.201294 0.211582 0.201655 21.8475 -12.9534 1.06811 0.197065 0.213729 0.202143 0.204871 0.209767 0.201242
1156250 0.201135 0.215761 0.203571 26.5503 12.614 14.6323 0.197065 0.213729 0.202143 0.205124 0.217752 0.204971
1156250 0.200951 0.208193 0.21918 -7.28111 10.3222 7.05883 0.202622 0.205621 0.216775 0.199491 0.210443 0.221283
1156250 0.205094 0.197299 0.198651 -5.46531 -6.0411 1.94788 0.208683 0.200302 0.197929 0.201661 0.194428 0.199342
1156250 0.212586 0.198501 0.195943 11.3259 -3.11513 -4.7191 0.208683 0.200302 0.197929 0.215135 0.197326 0.194647
1156250 0.214646 0.199242 0.192272 9.24953 -17.2016 25.8838 0.213819 0.202488 0.18825 0.215135 0.197326 0.194647
1156250 0.209592 0.201746 0.202343 -7.21569 -9.37101 -20.5448 0.210189 0.202695 0.205243 0.208683 0.200302 0.197929
1156250 0.210263 0.204682 0.185096 15.6621 -14.6454 16.7052 0.207971 0.206096 0.183063 0.213819 0.202488 0.18825
1156250 0.20845 0.204121 0.195141 1.53799 -10.6483 5.69931 0.208285 0.206814 0.193175 0.208683 0.200302 0.197929
1156250 0.214074 0.205044 0.192813 -3.26128 -9.52156 -14.2952 0.214221 0.206519 0.195447 0.213819 0.202488 0.18825
1156250 0.205106 0.198003 0.206339 27.5689 -30.5232 12.4667 0.201794 0.202083 0.205576 0.20776 0.194734 0.20695
1156250 0.203543 0.20645 0.203113 13.5137 26.3727 -10.7542 0.201794 0.202083 0.205576 0.204871 0.209767 0.201242
1156250 0.209496 0.205142 0.20703 -6.54612 12.9037 10.6424 0.210189 0.202695 0.205243 0.208254 0.209531 0.210234
1156250 0.204471 0.202631 0.21509 3.83507 -8.52225 -5.81307 0.202622 0.205621 0.216775 0.20634 0.199608 0.213387
1156250 0.212254 0.2015 0.207236 9.64124 -8.52778 11.9494 0.210189 0.202695 0.205243 0.216566 0.199006 0.211398
1156250 0.21679 0.197547 0.200834 -3.31631 -18.1208 -0.0464862 0.217994 0.201945 0.200234 0.215381 0.192399 0.201536
1156250 0.204871 0.206335 0.181753 -17.4532 -1.32071 -5.96852 0.207971 0.206096 0.183063 0.200485 0.206672 0.1799
1156250 0.203158 0.215227 0.18236 2.34455 -1.61986 7.67297 0.201295 0.215743 0.178333 0.20577 0.214503 0.188007
1156250 0.211809 0.213492 0.189318 -10.4571 0.236096 -3.09754 0.215368 0.212897 0.190091 0.20577 0.214503 0.188007
1156250 0.213002 0.209213 0.196075 -11.5694 17.3905 4.62122 0.214221 0.206519 0.195447 0.211255 0.213073 0.196974
1156250 0.207411 0.209488 0.191378 -1.53948 11.8697 -7.45955 0.208285 0.206814 0.193175 0.20577 0.214503 0.188007
1156250 0.207949 0.211361 0.199185 -27.6364 -21.4484 22.4167 0.211255 0.213073 0.196974 0.204871 0.209767 0.201242
1156250 0.212773 0.216378 0.199329 -8.71302 -12.2881 -9.31464 0.214237 0.219564 0.2016 0.211255 0.213073 0.196974
1156250 0.212151 0.216886 0.195124 8.35506 19.6509 -9.31725 0.211255 0.213073 0.196974 0.212969 0.220363 0.193436
1156250 0.215718 0.204705 0.197346 -7.85303 14.884 -14.0763 0.217994 0.201945 0.200234 0.214221 0.206519 0.195447
1156250 0.206551 0.214003 0.207372 -2.73605 7.54846 -3.21715 0.208254 0.209531 0.210234 0.205124 0.217752 0.204971
1156250 0.207789 0.210982 0.215598 0.474006 1.5017 6.98845 0.208254 0.209531 0.210234 0.207392 0.212223 0.220183
1156250 0.206964 0.21586 0.217133 0.701022 -6.53117 7.5216 0.206563 0.219264 0.214279 0.207392 0.212223 0.220183
1156250 0.216734 0.217803 0.198749 1.51486 -1.6111 -2.37237 0.214237 0.219564 0.2016 0.219078 0.216149 0.196072
1156250 0.215825 0.21401 0.207906 0.0904205 -0.1594 -0.214509 0.214406 0.215575 0.210105 0.218346 0.211226 0.203997
1156250 0.216035 0.218248 0.194759 -3.40244 3.30656 -1.60943 0.219078 0.216149 0.196072 0.212969 0.220363 0.193436
1156250 0.19488 0.197572 0.206833 1.31617 -2.6192 -1.5673 0.192446 0.20101 0.208655 0.196684 0.195024 0.205483
1156250 0.184508 0.214029 0.193566 -2.20829 4.84293 -0.635574 0.186319 0.211306 0.193922 0.182249 0.217422 0.193122
1156250 0.21044 0.20513 0.191258 0.0730099 -0.0836545 -0.0850783 0.208285 0.206814 0.193175 0.213819 0.202488 0.18825
1156250 0.218156 0.206206 0.201962 0.0323478 2.14735 0.497865 0.217994 0.201945 0.200234 0.218346 0.211226 0.203997
1156250 0.19421 0.209828 0.187428 0.995883 1.52278 -1.32556 0.191657 0.207218 0.190027 0.19639 0.212057 0.185208
1156250 0.198678 0.197779 0.20552 -3.21052 -3.51665 0.48052 0.201794 0.202083 0.205576 0.196684 0.195024 0.205483
1156250 0.187701 0.213258 0.191665 10.7205 9.89097 -12.8455 0.186319 0.211306 0.193922 0.189653 0.216016 0.188476
1156250 0.199948 0.212985 0.18627 10.3693 1.75175 4.65398 0.19639 0.212057 0.185208 0.20577 0.214503 0.188007
1156250 0.20494 0.20723 0.214083 2.2242 2.16288 -3.70767 0.202622 0.205621 0.216775 0.208254 0.209531 0.210234
1156250 0.194706 0.212257 0.181777 1.83653 -0.0351117 2.62982 0.192933 0.212467 0.178166 0.19639 0.212057 0.185208
1156250 0.198172 0.205681 0.207043 11.7001 -13.7852 -2.63201 0.196037 0.207801 0.207907 0.201794 0.202083 0.205576
1156250 0.207089 0.202469 0.205366 -2.34105 -0.547951 0.0421602 0.210189 0.202695 0.205243 0.201794 0.202083 0.205576
1156250 0.183023 0.214816 0.208547 -0.315347 0.49855 0.346237 0.186892 0.210269 0.205788 0.180803 0.217425 0.21013
1156250 0.217085 0.2071 0.194668 4.76971 0.249639 -1.64914 0.214221 0.206519 0.195447 0.221856 0.208069 0.193369
1156250 0.216026 0.215934 0.202643 0.913448 -2.70294 0.461272 0.214237 0.219564 0.2016 0.218346 0.211226 0.203997
1156250 0.212232 0.213439 0.21015 -0.912559 -0.648989 0.0283474 0.214406 0.215575 0.210105 0.208254 0.209531 0.210234
1156250 0.203347 0.21207 0.210989 6.11427 -2.90947 -2.02894 0.198983 0.214328 0.211661 0.208254 0.209531 0.210234
1156250 0.188544 0.214463 0.200998 0.0023163 0.00949105 -0.00809091 0.186892 0.210269 0.205788 0.189705 0.217408 0.197634
1156250 0.193348 0.213845 0.186684 -22.97 8.62951 10.6192 0.19639 0.212057 0.185208 0.189653 0.216016 0.188476
1156250 0.204621 0.202303 0.196543 -9.01416 6.42811 -2.99756 0.208683 0.200302 0.197929 0.200059 0.204551 0.194988
1156250 0.215938 0.218103 0.21085 0.56895 1.05982 0.50572 0.214406 0.215575 0.210105 0.218075 0.221633 0.211891
1156250 0.189679 0.216714 0.19307 0.639416 4.26713 13.5739 0.189653 0.216016 0.188476 0.189705 0.217408 0.197634
1156250 0.2114 0.206659 0.194367 3.8555 0.147064 0.905437 0.208285 0.206814 0.193175 0.214221 0.206519 0.195447
1156250 0.198212 0.209661 0.182847 8.50681 -16.7483 -12.8859 0.19639 0.212057 0.185208 0.200485 0.206672 0.1799
1156250 0.213477 0.212978 0.193257 -14.8439 0.217657 17.7398 0.215368 0.212897 0.190091 0.211255 0.213073 0.196974
1156250 0.191349 0.205518 0.185893 -2.46327 -3.63159 -10.6915 0.191657 0.207218 0.190027 0.1911 0.20414 0.182544
1156250 0.193086 0.208598 0.207224 -16.9043 3.49101 -1.26195 0.196037 0.207801 0.207907 0.186892 0.210269 0.205788
1156250 0.212885 0.209915 0.213314 13.9966 -0.665771 7.17641 0.208254 0.209531 0.210234 0.217892 0.210331 0.216644
1156250 0.19943 0.216422 0.216132 3.5874 12.5056 18.9501 0.198983 0.214328 0.211661 0.199844 0.218357 0.220263
1156250 0.204452 0.215357 0.194071 -0.168262 0.322707 1.09397 0.20577 0.214503 0.188007 0.20376 0.215806 0.197253
1156250 0.204259 0.213094 0.199044 0.220885 -0.731793 0.369659 0.20376 0.215806 0.197253 0.204871 0.209767 0.201242
1156250 0.201955 0.218372 0.198235 -0.682859 0.695501 0.276316 0.20376 0.215806 0.197253 0.199866 0.221341 0.19937
1156250 0.206291 0.209668 0.205017 -1.80624 -0.636523 -7.21357 0.208254 0.209531 0.210234 0.204871 0.209767 0.201242
1156250 0.203308 0.20362 0.19088 -1.33856 0.691858 1.53388 0.205312 0.203045 0.188347 0.200059 0.204551 0.194988
1156250 0.206622 0.204549 0.185743 -1.25914 -1.75932 2.10492 0.207971 0.206096 0.183063 0.205312 0.203045 0.188347
1156250 0.198005 0.214023 0.20681 -1.01306 0.53553 -12.9777 0.198983 0.214328 0.211661 0.197065 0.213729 0.202143
1156250 0.207786 0.202871 0.182081 -0.224732 -1.18327 -0.243173 0.207971 0.206096 0.183063 0.207413 0.19639 0.180106
1156250 0.191907 0.208306 0.194369 1.75797e-05 6.32513e-05 0.000151162 0.191657 0.207218 0.190027 0.192088 0.209096 0.197522
1156250 0.190368 0.209485 0.200259 0.0 0.0 0.0 0.192088 0.209096 0.197522 0.186892 0.210269 0.205788
1156250 0.182839 0.213301 0.201588 0.0 0.0 0.0 0.18095 0.214714 0.19963 0.186892 0.210269 0.205788
1156250 0.193784 0.207548 0.19983 0.0 0.0 0.0 0.192088 0.209096 0.197522 0.195377 0.206094 0.201998
1156250 0.192788 0.212274 0.203676 6.17109 2.58465 -3.41985 0.186892 0.210269 0.205788 0.197065 0.213729 0.202143
1156250 0.181506 0.215874 0.196846 0.0 0.0 0.0 0.18095 0.214714 0.19963 0.182249 0.217422 0.193122
1156250 0.212951 0.206661 0.198189 0.0 0.0 0.0 0.214221 0.206519 0.195447 0.211681 0.206804 0.200934
1156250 0.180222 0.212729 0.197253 0.0 0.0 0.0 0.18095 0.214714 0.19963 0.179316 0.210158 0.194285
1156250 0.182133 0.217054 0.201343 0.0 0.0 0.0 0.18095 0.214714 0.19963 0.183621 0.2199 0.203489
1156250 0.187677 0.204432 0.184857 0.0 0.0 0.0 0.1911 0.20414 0.182544 0.183751 0.204676 0.187512
1156250 0.181708 0.207351 0.195265 0.0 0.0 0.0 0.179316 0.210158 0.194285 0.184848 0.203573 0.196554
1156250 0.187558 0.205942 0.188722 0.0 0.0 0.0 0.191657 0.207218 0.190027 0.183751 0.204676 0.187512
1156250 0.181825 0.202745 0.200494 0.0 0.0 0.0 0.178687 0.2018 0.204586 0.184848 0.203573 0.196554
1156250 0.182311 0.205584 0.205117 0.0 0.0 0.0 0.186892 0.210269 0.205788 0.178687 0.2018 0.204586
1156250 0.18572 0.216804 0.190946 0.0 0.0 0.0 0.189653 0.216016 0.188476 0.182249 0.217422 0.193122
1156250 0.189231 0.208858 0.186364 0.0 0.0 0.0 0.191657 0.207218 0.190027 0.187381 0.210034 0.183575
1156250 0.195499 0.206039 0.192294 0.0 0.0 0.0 0.191657 0.207218 0.190027 0.200059 0.204551 0.194988
1156250 0.188444 0.205539 0.193106 0.0 0.0 0.0 0.191657 0.207218 0.190027 0.184848 0.203573 0.196554
1156250 0.196606 0.21267 0.189101 0.0 0.0 0.0 0.196838 0.213245 0.193282 0.19639 0.212057 0.185208
1156250 0.189216 0.210232 0.19573 0.0 0.0 0.0 0.186319 0.211306 0.193922 0.192088 0.209096 0.197522
1156250 0.194185 0.210966 0.195649 0.0 0.0 0.0 0.192088 0.209096 0.197522 0.196838 0.213245 0.193282
1156250 0.195112 0.207407 0.196559 0.0 0.0 0.0 0.192088 0.209096 0.197522 0.200059 0.204551 0.194988
1156250 0.189236 0.206959 0.19714 0.0 0.0 0.0 0.192088 0.209096 0.197522 0.184848 0.203573 0.196554
1156250 0.194104 0.211011 0.199397 0.0 0.0 0.0 0.192088 0.209096 0.197522 0.197065 0.213729 0.202143
1156250 0.197086 0.205571 0.199439 0.0 0.0 0.0 0.195377 0.206094 0.201998 0.200059 0.204551 0.194988
1156250 0.195467 0.215971 0.183679 0.0 0.0 0.0 0.194299 0.220828 0.181752 0.19639 0.212057 0.185208
1156250 0.190674 0.211578 0.189264 0.0 0.0 0.0 0.191657 0.207218 0.190027 0.189653 0.216016 0.188476
1156250 0.1911 0.212568 0.197568 0.0 0.0 0.0 0.192088 0.209096 0.197522 0.189705 0.217408 0.197634
1156250 0.193467 0.214585 0.191028 0.0 0.0 0.0 0.196838 0.213245 0.193282 0.189653 0.216016 0.188476
1156250 0.193479 0.215244 0.195333 0.0 0.0 0.0 0.196838 0.213245 0.193282 0.189705 0.217408 0.197634
1156250 0.200925 0.199125 0.197339 0.0 0.0 0.0 0.200059 0.204551 0.194988 0.201661 0.194428 0.199342
1156250 0.200377 0.213783 0.191192 0.0 0.0 0.0 0.196838 0.213245 0.193282 0.20577 0.214503 0.188007
1156250 0.205115 0.205982 0.193873 0.0 0.0 0.0 0.208285 0.206814 0.193175 0.200059 0.204551 0.194988
1156250 0.202796 0.207557 0.198545 0.0 0.0 0.0 0.200059 0.204551 0.194988 0.204871 0.209767 0.201242
1156250 0.200927 0.203357 0.200285 0.0 0.0 0.0 0.200059 0.204551 0.194988 0.201794 0.202083 0.205576
1156250 0.198655 0.213799 0.182033 0.0 0.0 0.0 0.201295 0.215743 0.178333 0.19639 0.212057 0.185208
1156250 0.200684 0.214706 0.195488 0.0 0.0 0.0 0.196838 0.213245 0.193282 0.20376 0.215806 0.197253
1156250 0.194904 0.207719 0.210833 0.0 0.0 0.0 0.193228 0.207497 0.215161 0.196037 0.207801 0.207907
1156250 0.190609 0.208683 0.211287 0.0 0.0 0.0 0.193228 0.207497 0.215161 0.186892 0.210269 0.205788
1156250 0.196444 0.210191 0.205624 0.0 0.0 0.0 0.196037 0.207801 0.207907 0.197065 0.213729 0.202143
1156250 0.192684 0.207459 0.203201 0.0 0.0 0.0 0.186892 0.210269 0.205788 0.195377 0.206094 0.201998
1156250 0.194205 0.204102 0.204659 0.0 0.0 0.0 0.195377 0.206094 0.201998 0.192446 0.20101 0.208655
1156250 0.190163 0.204857 0.207477 0.0 0.0 0.0 0.186892 0.210269 0.205788 0.192446 0.20101 0.208655
1156250 0.195149 0.20061 0.212437 0.0 0.0 0.0 0.192446 0.20101 0.208655 0.197358 0.200208 0.21553
1156250 0.196836 0.209234 0.218689 0.0 0.0 0.0 0.193228 0.207497 0.215161 0.199491 0.210443 0.221283
1156250 0.19013 0.204676 0.217088 0.0 0.0 0.0 0.193228 0.207497 0.215161 0.186224 0.201023 0.219517
1156250 0.19656 0.201837 0.219004 0.0 0.0 0.0 0.195584 0.203741 0.223258 0.197358 0.200208 0.21553
1156250 0.189719 0.21625 0.206053 0.0 0.0 0.0 0.191773 0.220524 0.206244 0.186892 0.210269 0.205788
1156250 0.195309 0.217524 0.208902 0.0 0.0 0.0 0.198983 0.214328 0.211661 0.191773 0.220524 0.206244
1156250 0.19445 0.215618 0.213587 0.0 0.0 0.0 0.198983 0.214328 0.211661 0.18921 0.217025 0.215809
1156250 0.19833 0.206519 0.216038 0.0 0.0 0.0 0.193228 0.207497 0.215161 0.202622 0.205621 0.216775
1156250 0.201029 0.214997 0.199247 0.0 0.0 0.0 0.197065 0.213729 0.202143 0.20376 0.215806 0.197253
1156250 0.202145 0.21613 0.208219 0.0 0.0 0.0 0.198983 0.214328 0.211661 0.205124 0.217752 0.204971
1156250 0.199392 0.2048 0.21975 0.0 0.0 0.0 0.202622 0.205621 0.216775 0.195584 0.203741 0.223258
1156250 0.195119 0.217805 0.218285 0.0 0.0 0.0 0.199844 0.218357 0.220263 0.18921 0.217025 0.215809
1156250 0.205997 0.200918 0.185659 0.0 0.0 0.0 0.205312 0.203045 0.188347 0.207413 0.19639 0.180106
1156250 0.201722 0.197992 0.20221 0.0 0.0 0.0 0.201794 0.202083 0.205576 0.201661 0.194428 0.199342
1156250 0.216286 0.199225 0.196892 0.0 0.0 0.0 0.217994 0.201945 0.200234 0.215135 0.197326 0.194647
1156250 0.211819 0.196646 0.199616 0.0 0.0 0.0 0.208683 0.200302 0.197929 0.215381 0.192399 0.201536
1156250 0.209164 0.199375 0.205963 0.0 0.0 0.0 0.210189 0.202695 0.205243 0.20776 0.194734 0.20695
1156250 0.207134 0.203759 0.212081 0.0 0.0 0.0 0.208254 0.209531 0.210234 0.20634 0.199608 0.213387
1156250 0.208168 0.200868 0.216694 0.0 0.0 0.0 0.210737 0.20254 0.221344 0.20634 0.199608 0.213387
1156250 0.202773 0.2101 0.183404 0.0 0.0 0.0 0.20577 0.214503 0.188007 0.200485 0.206672 0.1799
1156250 0.207202 0.209081 0.184793 0.0 0.0 0.0 0.207971 0.206096 0.183063 0.20577 0.214503 0.188007
1156250 0.211222 0.212048 0.18469 0.0 0.0 0.0 0.20577 0.214503 0.188007 0.215235 0.210172 0.182253
1156250 0.207206 0.212647 0.182173 0.0 0.0 0.0 0.20577 0.214503 0.188007 0.207998 0.211557 0.17895
1156250 0.212065 0.204137 0.196413 0.0 0.0 0.0 0.208683 0.200302 0.197929 0.214221 0.206519 0.195447
1156250 0.209579 0.209578 0.194826 0.0 0.0 0.0 0.208285 0.206814 0.193175 0.211255 0.213073 0.196974
1156250 0.206786 0.204954 0.190738 0.0 0.0 0.0 0.208285 0.206814 0.193175 0.205312 0.203045 0.188347
1156250 0.209012 0.213697 0.193303 0.0 0.0 0.0 0.20577 0.214503 0.188007 0.211255 0.213073 0.196974
1156250 0.208588 0.202872 0.188308 0.0 0.0 0.0 0.205312 0.203045 0.188347 0.213819 0.202488 0.18825
1156250 0.211124 0.201381 0.193332 0.0 0.0 0.0 0.208683 0.200302 0.197929 0.213819 0.202488 0.18825
1156250 0.211508 0.209421 0.199304 0.0 0.0 0.0 0.211255 0.213073 0.196974 0.211681 0.206804 0.200934
1156250 0.210514 0.2043 0.199762 0.0 0.0 0.0 0.208683 0.200302 0.197929 0.211681 0.206804 0.200934
1156250 0.205437 0.201182 0.201532 0.0 0.0 0.0 0.208683 0.200302 0.197929 0.201794 0.202083 0.205576
1156250 0.214211 0.216541 0.191704 0.0 0.0 0.0 0.215368 0.212897 0.190091 0.212969 0.220363 0.193436
1156250 0.210185 0.218135 0.191333 0.0 0.0 0.0 0.20577 0.214503 0.188007 0.212969 0.220363 0.193436
1156250 0.206993 0.214666 0.19713 0.0 0.0 0.0 0.20376 0.215806 0.197253 0.211255 0.213073 0.196974
1156250 0.214408 0.212293 0.200094 0.0 0.0 0.0 0.218346 0.211226 0.203997 0.211255 0.213073 0.196974
1156250 0.213408 0.201177 0.199098 0.0 0.0 0.0 0.217994 0.201945 0.200234 0.208683 0.200302 0.197929
1156250 0.217168 0.214513 0.192988 0.0 0.0 0.0 0.219078 0.216149 0.196072 0.215368 0.212897 0.190091
1156250 0.215362 0.214728 0.196498 0.0 0.0 0.0 0.219078 0.216149 0.196072 0.211255 0.213073 0.196974
1156250 0.208765 0.208114 0.201066 0.0 0.0 0.0 0.211681 0.206804 0.200934 0.204871 0.209767 0.201242
1156250 0.210945 0.204777 0.203059 2.84229e-05 0.000217345 -0.000237392 0.210189 0.202695 0.205243 0.211681 0.206804 0.200934
1156250 0.204947 0.205758 0.20785 0.0 0.0 0.0 0.208254 0.209531 0.210234 0.201794 0.202083 0.205576
1156250 0.207316 0.214979 0.212482 0.0 0.0 0.0 0.208254 0.209531 0.210234 0.206563 0.219264 0.214279
1156250 0.204989 0.213506 0.20297 0.0 0.0 0.0 0.205124 0.217752 0.204971 0.204871 0.209767 0.201242
1156250 0.212096 0.204709 0.210772 0.0 0.0 0.0 0.208254 0.209531 0.210234 0.216566 0.199006 0.211398
1156250 0.214074 0.208429 0.202032 0.0 0.0 0.0 0.218346 0.211226 0.203997 0.211681 0.206804 0.200934
1156250 0.21419 0.204916 0.200656 0.0 0.0 0.0 0.217994 0.201945 0.200234 0.211681 0.206804 0.200934
1156250 0.213375 0.210432 0.207073 0.0 0.0 0.0 0.208254 0.209531 0.210234 0.218346 0.211226 0.203997
1156250 0.204769 0.208633 0.218309 0.0 0.0 0.0 0.202622 0.205621 0.216775 0.207392 0.212223 0.220183
1156250 0.205973 0.20439 0.218662 0.0 0.0 0.0 0.202622 0.205621 0.216775 0.210737 0.20254 0.221344
1156250 0.204324 0.216648 0.200437 0.0 0.0 0.0 0.205124 0.217752 0.204971 0.20376 0.215806 0.197253
1156250 0.213011 0.21819 0.209259 0.0 0.0 0.0 0.214406 0.215575 0.210105 0.211532 0.220874 0.208364
1156250 0.215578 0.213854 0.212302 0.0 0.0 0.0 0.214406 0.215575 0.210105 0.217892 0.210331 0.216644
1156250 0.217404 0.200769 0.204864 0.0 0.0 0.0 0.217994 0.201945 0.200234 0.216566 0.199006 0.211398
1156250 0.218774 0.214123 0.1994 0.0 0.0 0.0 0.219078 0.216149 0.196072 0.218346 0.211226 0.203997
