# ts x y z Fx Fy Fz x1 y1 z1 x2 y2 z2
5250000 0.182175 0.181193 0.198334 -24.1124 24.1774 11.3883 0.18605 0.177781 0.197414 0.177667 0.185163 0.199403
5250000 0.183392 0.197025 0.19705 -30.7593 15.8159 16.2085 0.187169 0.194922 0.195794 0.180624 0.198567 0.19797
5250000 0.198211 0.190365 0.183243 -10.7808 -15.6398 -11.5281 0.199572 0.193291 0.185545 0.197065 0.187902 0.181305
5250000 0.200173 0.17995 0.187494 3.90467 1.50246 12.4652 0.199426 0.17913 0.182588 0.200684 0.180509 0.190844
5250000 0.190024 0.178954 0.194195 2.84878 1.46664 -2.84184 0.18605 0.177781 0.197414 0.192667 0.179734 0.192053
5250000 0.194084 0.182325 0.190194 -2.34813 -3.1458 1.95026 0.195715 0.185307 0.188055 0.192667 0.179734 0.192053
5250000 0.185893 0.183046 0.191058 -4.17935 39.4178 33.053 0.185682 0.180331 0.189076 0.186161 0.186493 0.193574
5250000 0.192954 0.188093 0.187198 -17.0454 13.661 -7.46624 0.195715 0.185307 0.188055 0.18919 0.19189 0.186031
5250000 0.198059 0.186458 0.191106 3.46464 0.808501 3.78124 0.195715 0.185307 0.188055 0.200974 0.18789 0.194899
5250000 0.186707 0.179212 0.208604 10.9568 -10.0215 -19.4286 0.185287 0.181439 0.212082 0.187817 0.177472 0.205887
5250000 0.190216 0.179872 0.206247 -25.0754 -19.2981 -6.39248 0.193611 0.183267 0.206755 0.187817 0.177472 0.205887
5250000 0.188226 0.183892 0.214185 12.9201 7.40537 9.14495 0.185287 0.181439 0.212082 0.19181 0.186882 0.216751
5250000 0.197009 0.180301 0.216732 2.79663 2.27877 5.54272 0.195554 0.179671 0.21386 0.199174 0.181237 0.221005
5250000 0.197229 0.180135 0.207414 -10.3586 8.00343 0.154161 0.20107 0.176811 0.208114 0.193611 0.183267 0.206755
5250000 0.19776 0.194323 0.188919 -5.23351 1.85582 6.92615 0.199572 0.193291 0.185545 0.195696 0.195497 0.192761
5250000 0.19246 0.198242 0.191223 -25.2653 20.6609 -6.27765 0.195696 0.195497 0.192761 0.18945 0.200797 0.189792
5250000 0.198202 0.191884 0.193777 -37.6622 40.8264 -17.9609 0.200974 0.18789 0.194899 0.195696 0.195497 0.192761
5250000 0.20248 0.195125 0.183565 1.71912 1.15433 -1.67315 0.199572 0.193291 0.185545 0.207453 0.198262 0.180177
5250000 0.203095 0.192513 0.187193 11.346 -3.76332 3.72403 0.199572 0.193291 0.185545 0.206805 0.191693 0.188929
5250000 0.189144 0.199985 0.209819 29.2421 21.7062 -15.1518 0.18621 0.197421 0.210833 0.192486 0.202905 0.208664
5250000 0.199659 0.192886 0.216448 -1.41737 -1.94604 3.28128 0.200719 0.194893 0.212232 0.198879 0.19141 0.219551
5250000 0.209418 0.180473 0.188045 -11.0942 26.9057 25.9727 0.21139 0.176985 0.185286 0.207712 0.183491 0.190432
5250000 0.200802 0.183517 0.192497 -0.77201 -11.7756 -9.14494 0.200974 0.18789 0.194899 0.200684 0.180509 0.190844
5250000 0.210255 0.186287 0.192289 8.85968 11.928 5.04366 0.207712 0.183491 0.190432 0.212724 0.189001 0.194093
5250000 0.202136 0.185178 0.198928 2.87019 -4.17687 5.64807 0.200974 0.18789 0.194899 0.203029 0.183094 0.202025
5250000 0.204356 0.188956 0.198411 23.4193 8.20143 17.8515 0.200974 0.18789 0.194899 0.207115 0.189827 0.201276
5250000 0.21121 0.192799 0.194066 3.58031 -15.2117 -0.78067 0.210071 0.195653 0.194046 0.212724 0.189001 0.194093
5250000 0.214296 0.191548 0.191306 -7.41573 -9.00856 14.0671 0.216163 0.194575 0.187994 0.212724 0.189001 0.194093
5250000 0.202191 0.180405 0.204631 1.65981 2.9808 -2.91414 0.20107 0.176811 0.208114 0.203029 0.183094 0.202025
5250000 0.205916 0.182834 0.20454 -5.67739 0.103402 -6.66432 0.208993 0.182557 0.20722 0.203029 0.183094 0.202025
5250000 0.206753 0.18957 0.205323 3.88487 -0.389774 -17.1287 0.20646 0.189362 0.208605 0.207115 0.189827 0.201276
5250000 0.208104 0.187796 0.211 13.4272 -12.5292 14.0687 0.20646 0.189362 0.208605 0.209602 0.186371 0.213182
5250000 0.204114 0.187747 0.210275 -12.6971 -11.4507 7.68466 0.20646 0.189362 0.208605 0.200811 0.185473 0.212627
5250000 0.209158 0.180569 0.210789 1.2156 6.38462 -15.1965 0.209428 0.177328 0.216611 0.208993 0.182557 0.20722
5250000 0.210708 0.191737 0.201378 -25.157 -11.3956 -4.7573 0.215459 0.194264 0.201512 0.207115 0.189827 0.201276
5250000 0.207067 0.192524 0.207878 5.08103 24.844 -10.1369 0.20646 0.189362 0.208605 0.207851 0.196599 0.206941
5250000 0.216844 0.179923 0.208841 0.959153 1.96801 11.0708 0.216009 0.179477 0.205409 0.217597 0.180325 0.211935
5250000 0.208687 0.193974 0.191877 -10.2466 -8.1571 -11.8604 0.210071 0.195653 0.194046 0.206805 0.191693 0.188929
5250000 0.212599 0.19738 0.194312 8.40007 7.60597 0.064283 0.210071 0.195653 0.194046 0.215143 0.199117 0.19458
5250000 0.209584 0.198266 0.195587 -7.532 19.5299 12.255 0.210071 0.195653 0.194046 0.208833 0.202291 0.197961
5250000 0.218057 0.198106 0.194771 -14.6772 2.63256 -1.34754 0.221938 0.196759 0.195025 0.215143 0.199117 0.19458
5250000 0.21121 0.195568 0.204544 -50.2546 9.68531 25.9723 0.215459 0.194264 0.201512 0.207851 0.196599 0.206941
5250000 0.217359 0.190405 0.204745 -11.6856 44.1751 -34.7458 0.219059 0.18695 0.20764 0.215459 0.194264 0.201512
5250000 0.207075 0.195559 0.218568 53.6244 -33.5289 -13.2705 0.203913 0.197657 0.22001 0.21078 0.1931 0.216877
5250000 0.205241 0.199562 0.216676 6.13332 5.68949 -9.94532 0.203913 0.197657 0.22001 0.206528 0.20141 0.213442
5250000 0.203816 0.186141 0.216112 3.57502 1.76819 4.7568 0.200811 0.185473 0.212627 0.206047 0.186638 0.2187
5250000 0.194571 0.194705 0.206867 13.7116 10.902 -6.48083 0.191964 0.191942 0.208672 0.196679 0.196937 0.205408
5250000 0.189024 0.194741 0.209776 -9.37218 9.95564 6.03492 0.191964 0.191942 0.208672 0.18621 0.197421 0.210833
5250000 0.20889 0.189555 0.186006 -6.08284 4.15286 6.37066 0.211586 0.186789 0.182226 0.206805 0.191693 0.188929
5250000 0.191896 0.189709 0.212237 1.02696 -3.73283 6.81039 0.191964 0.191942 0.208672 0.19181 0.186882 0.216751
5250000 0.199187 0.183514 0.196499 -15.3617 -32.1159 6.41259 0.200974 0.18789 0.194899 0.198031 0.180681 0.197535
5250000 0.195653 0.183936 0.218971 -6.47225 4.38617 -5.1244 0.199174 0.181237 0.221005 0.19181 0.186882 0.216751
5250000 0.211237 0.183741 0.204014 -6.97517 -4.86192 8.17386 0.213394 0.184879 0.200934 0.208993 0.182557 0.20722
5250000 0.198768 0.195929 0.196044 1.49005 0.466321 2.10687 0.195696 0.195497 0.192761 0.201848 0.196363 0.199336
5250000 0.21913 0.195678 0.197836 -3.44258 -1.63887 4.81913 0.221938 0.196759 0.195025 0.215459 0.194264 0.201512
5250000 0.205346 0.195365 0.190284 2.31304 -8.17242 -4.18638 0.203983 0.198795 0.19155 0.206805 0.191693 0.188929
5250000 0.215171 0.189614 0.208655 -2.61561 1.54103 1.13079 0.219059 0.18695 0.20764 0.212597 0.191377 0.209326
5250000 0.210311 0.187308 0.201102 -6.73156 4.0805 -0.458478 0.213394 0.184879 0.200934 0.207115 0.189827 0.201276
5250000 0.217305 0.182652 0.206357 -13.6009 -46.3151 -7.11095 0.219059 0.18695 0.20764 0.216009 0.179477 0.205409
5250000 0.211067 0.201728 0.184752 19.9804 12.4122 23.8176 0.207453 0.198262 0.180177 0.213857 0.204403 0.188285
5250000 0.202995 0.197669 0.195154 -1.02694 -0.513107 2.49387 0.203983 0.198795 0.19155 0.201848 0.196363 0.199336
5250000 0.204719 0.202209 0.18981 0.324041 2.64328 -0.903683 0.203983 0.198795 0.19155 0.205337 0.20508 0.188347
5250000 0.203841 0.181848 0.190659 -10.5412 -3.73237 -1.03845 0.207712 0.183491 0.190432 0.200684 0.180509 0.190844
5250000 0.211483 0.181631 0.183836 1.46578 8.43039 -2.1074 0.21139 0.176985 0.185286 0.211586 0.186789 0.182226
5250000 0.213066 0.186899 0.197582 -3.61395 8.76798 -20.6098 0.213394 0.184879 0.200934 0.212724 0.189001 0.194093
5250000 0.194962 0.181355 0.181925 -5.33121 3.78976 -1.12667 0.199426 0.17913 0.182588 0.191314 0.183173 0.181383
5250000 0.196768 0.186771 0.205715 -14.2161 -12.5432 6.52322 0.199556 0.189864 0.204796 0.193611 0.183267 0.206755
5250000 0.203422 0.189845 0.202995 4.86585 0.720264 -1.85757 0.199556 0.189864 0.204796 0.207115 0.189827 0.201276
5250000 0.200104 0.192233 0.208299 -4.19135 -7.52776 -12.7877 0.200719 0.194893 0.212232 0.199556 0.189864 0.204796
5250000 0.204629 0.185504 0.192476 -12.2032 8.9151 5.61099 0.207712 0.183491 0.190432 0.200974 0.18789 0.194899
5250000 0.216893 0.185439 0.199239 -9.882 -0.326518 6.20139 0.222604 0.186354 0.196475 0.213394 0.184879 0.200934
5250000 0.21237 0.186281 0.214355 1.38363 0.0863889 0.821771 0.209602 0.186371 0.213182 0.216074 0.186162 0.215925
5250000 0.183258 0.187064 0.200953 0.0291222 0.00561584 0.00514994 0.177667 0.185163 0.199403 0.187394 0.188471 0.202099
5250000 0.190397 0.185957 0.204349 -0.00288362 0.00164231 -0.00208679 0.193611 0.183267 0.206755 0.187394 0.188471 0.202099
5250000 0.189887 0.181269 0.198224 0.00779498 0.00605656 0.00299544 0.18605 0.177781 0.197414 0.192272 0.183437 0.198727
5250000 0.187282 0.191642 0.198944 0.0 0.0 0.0 0.187169 0.194922 0.195794 0.187394 0.188471 0.202099
5250000 0.189761 0.190207 0.205502 0.0 0.0 0.0 0.191964 0.191942 0.208672 0.187394 0.188471 0.202099
5250000 0.202447 0.196388 0.216439 2.52864 4.39414 9.45361 0.200719 0.194893 0.212232 0.203913 0.197657 0.22001
5250000 0.219171 0.180946 0.196253 -24.5735 -31.4755 3.63586 0.222604 0.186354 0.196475 0.215562 0.17526 0.196019
5250000 0.216573 0.18797 0.195021 -5.28078 0.565229 -0.98232 0.222604 0.186354 0.196475 0.212724 0.189001 0.194093
5250000 0.200934 0.181353 0.210481 -0.553196 -41.2961 -30.3999 0.200811 0.185473 0.212627 0.20107 0.176811 0.208114
5250000 0.215258 0.197347 0.197109 -9.61103 27.5807 -46.9908 0.215459 0.194264 0.201512 0.215143 0.199117 0.19458
5250000 0.194487 0.185782 0.18134 22.8201 15.9485 3.5721 0.191314 0.183173 0.181383 0.197065 0.187902 0.181305
5250000 0.214765 0.182045 0.203281 4.69631 -15.092 14.7472 0.213394 0.184879 0.200934 0.216009 0.179477 0.205409
5250000 0.200668 0.193017 0.202147 2.51068 7.80182 -4.61753 0.199556 0.189864 0.204796 0.201848 0.196363 0.199336
5250000 0.201513 0.183561 0.183746 0.075754 0.110015 0.0305205 0.199426 0.17913 0.182588 0.202971 0.186655 0.184555
5250000 0.19339 0.190673 0.197825 0.000640514 0.00132 0.00159974 0.192939 0.188812 0.195379 0.193883 0.192709 0.2005
5250000 0.184994 0.185765 0.211537 -0.00050956 0.00703861 0.000237077 0.185287 0.181439 0.212082 0.184741 0.189508 0.211065
5250000 0.191097 0.19089 0.201186 0.00272456 0.00127546 -0.000879371 0.187394 0.188471 0.202099 0.193883 0.192709 0.2005
5250000 0.18785 0.19287 0.203015 -0.000204752 0.0037394 0.00064824 0.187394 0.188471 0.202099 0.188183 0.19608 0.203682
5250000 0.189843 0.194263 0.205873 -0.00119029 0.00178833 -0.00241419 0.191964 0.191942 0.208672 0.188183 0.19608 0.203682
5250000 0.192335 0.193967 0.212342 0.0 -0.0 0.0 0.191964 0.191942 0.208672 0.192651 0.195685 0.215457
5250000 0.196984 0.199925 0.218301 1.99432 9.11669 -16.5308 0.196428 0.197822 0.221042 0.19758 0.20218 0.215363
5250000 0.198959 0.198978 0.213987 -40.3486 62.0862 28.0342 0.200719 0.194893 0.212232 0.19758 0.20218 0.215363
5250000 0.206682 0.179171 0.198204 -4.82057 -11.0626 1.88447 0.208221 0.181711 0.197464 0.204526 0.175611 0.199242
5250000 0.216558 0.17993 0.191258 0.000838318 0.00299648 -0.00423704 0.215562 0.17526 0.196019 0.217115 0.182539 0.188598
5250000 0.204723 0.188957 0.186553 0.131746 0.189979 0.219537 0.202971 0.186655 0.184555 0.206805 0.191693 0.188929
5250000 0.208007 0.18246 0.194505 0.538684 -0.869979 9.67828 0.207712 0.183491 0.190432 0.208221 0.181711 0.197464
5250000 0.210486 0.183098 0.198984 8.43027 3.25982 4.94353 0.208221 0.181711 0.197464 0.213394 0.184879 0.200934
5250000 0.214617 0.180116 0.187153 0.0 -0.0 -0.0 0.21139 0.176985 0.185286 0.217115 0.182539 0.188598
5250000 0.183606 0.195826 0.208207 13.1745 6.12345 16.4246 0.180532 0.193944 0.205106 0.18621 0.197421 0.210833
5250000 0.188349 0.197962 0.192689 7.41141 20.4348 -14.9774 0.187169 0.194922 0.195794 0.18945 0.200797 0.189792
5250000 0.213296 0.196383 0.21452 14.2479 17.1193 -17.7573 0.21078 0.1931 0.216877 0.216726 0.20086 0.211306
5250000 0.186652 0.1906 0.194656 -20.5537 -75.8592 -14.718 0.187169 0.194922 0.195794 0.186161 0.186493 0.193574
5250000 0.183287 0.193911 0.193741 -0.00705099 -0.00132602 -0.00243977 0.187169 0.194922 0.195794 0.179144 0.192831 0.191549
5250000 0.182299 0.201344 0.19736 21.0497 32.026 -13.57 0.180624 0.198567 0.19797 0.184842 0.20556 0.196433
5250000 0.185902 0.199711 0.187825 19.5414 5.87113 15.3852 0.182579 0.198694 0.185983 0.18945 0.200797 0.189792
5250000 0.203736 0.179561 0.200711 -11.3515 32.2517 16.1132 0.204526 0.175611 0.199242 0.203029 0.183094 0.202025
5250000 0.189967 0.197932 0.19763 36.6462 34.0766 31.7314 0.187169 0.194922 0.195794 0.192896 0.201083 0.19955
5250000 0.207052 0.194196 0.185593 0.202656 -9.06602 9.09396 0.207453 0.198262 0.180177 0.206805 0.191693 0.188929
5250000 0.209548 0.18356 0.214248 -1.88543 -24.5537 13.8495 0.209602 0.186371 0.213182 0.209428 0.177328 0.216611
5250000 0.204149 0.18996 0.191649 4.56731 2.68104 -6.20244 0.200974 0.18789 0.194899 0.206805 0.191693 0.188929
5250000 0.215053 0.199306 0.188134 -2.01449 7.13298 1.35703 0.216163 0.194575 0.187994 0.213857 0.204403 0.188285
5250000 0.191092 0.179495 0.183206 3.3466 16.2588 -10.3483 0.190833 0.175183 0.185343 0.191314 0.183173 0.181383
5250000 0.204494 0.195796 0.209431 16.6069 3.27712 -16.7703 0.200719 0.194893 0.212232 0.207851 0.196599 0.206941
5250000 0.19009 0.187837 0.19462 -0.0 0.0 0.0 0.192939 0.188812 0.195379 0.186161 0.186493 0.193574
5250000 0.19602 0.188459 0.195195 0.0101354 0.000127839 0.000364979 0.192939 0.188812 0.195379 0.200974 0.18789 0.194899
5250000 0.196397 0.191448 0.202404 -0.00442188 0.0014761 -0.00397615 0.199556 0.189864 0.204796 0.193883 0.192709 0.2005
5250000 0.197955 0.1938 0.205137 -10.7163 31.8142 7.73874 0.199556 0.189864 0.204796 0.196679 0.196937 0.205408
5250000 0.210058 0.188975 0.214612 2.17538 14.0214 10.8681 0.209602 0.186371 0.213182 0.21078 0.1931 0.216877
5250000 0.192731 0.187904 0.20778 6.22992 -17.0786 -3.83931 0.191964 0.191942 0.208672 0.193611 0.183267 0.206755
5250000 0.200013 0.183406 0.216715 2.92413 4.30235 -13.4422 0.199174 0.181237 0.221005 0.200811 0.185473 0.212627
5250000 0.189337 0.196929 0.188159 0.474797 25.6181 15.9844 0.18919 0.19189 0.186031 0.18945 0.200797 0.189792
5250000 0.201384 0.186301 0.203337 18.9382 -26.1763 -9.43038 0.199556 0.189864 0.204796 0.203029 0.183094 0.202025
5250000 0.207591 0.186321 0.207986 2.67769 -5.47925 -1.99082 0.20646 0.189362 0.208605 0.208993 0.182557 0.20722
5250000 0.200766 0.190114 0.212432 -9.04609 -68.0822 7.85698 0.200719 0.194893 0.212232 0.200811 0.185473 0.212627
5250000 0.195165 0.182053 0.198128 0.0 0.0 -0.0 0.192272 0.183437 0.198727 0.198031 0.180681 0.197535
5250000 0.207257 0.187608 0.189677 -4.00219 17.9944 -5.67412 0.207712 0.183491 0.190432 0.206805 0.191693 0.188929
5250000 0.218721 0.190653 0.199213 -26.072 31.4232 27.6895 0.222604 0.186354 0.196475 0.215459 0.194264 0.201512
5250000 0.197362 0.182565 0.185628 4.67268 -8.92607 -10.4058 0.195715 0.185307 0.188055 0.199426 0.17913 0.182588
5250000 0.192614 0.18619 0.197012 -0.000149607 -0.000935193 0.000813632 0.192939 0.188812 0.195379 0.192272 0.183437 0.198727
5250000 0.197729 0.182071 0.21335 18.466 18.8414 -8.4576 0.195554 0.179671 0.21386 0.200811 0.185473 0.212627
5250000 0.198393 0.182721 0.189558 6.69897 -6.29756 2.11021 0.195715 0.185307 0.188055 0.200684 0.180509 0.190844
5250000 0.186111 0.182578 0.195299 6.03129 -37.5782 16.0287 0.186161 0.186493 0.193574 0.18605 0.177781 0.197414
5250000 0.196452 0.186724 0.18437 0.0477491 0.298625 -1.00141 0.195715 0.185307 0.188055 0.197065 0.187902 0.181305
5250000 0.205011 0.18636 0.201662 -3.35192 -7.02476 1.7312 0.207115 0.189827 0.201276 0.203029 0.183094 0.202025
5250000 0.196065 0.189607 0.218436 5.60684 2.65963 1.39118 0.19181 0.186882 0.216751 0.198879 0.19141 0.219551
5250000 0.208036 0.189353 0.217934 2.80311 2.81814 -0.665052 0.206047 0.186638 0.2187 0.21078 0.1931 0.216877
5250000 0.211868 0.192068 0.212356 -0.105442 0.333145 1.03917 0.212597 0.191377 0.209326 0.21078 0.1931 0.216877
5250000 0.182877 0.191472 0.208427 -0.0 0.0 0.0 0.180532 0.193944 0.205106 0.184741 0.189508 0.211065
5250000 0.188159 0.19066 0.209933 -0.00357499 -0.000844077 0.00171623 0.191964 0.191942 0.208672 0.184741 0.189508 0.211065
5250000 0.190226 0.185548 0.200141 -0.00255197 0.00271205 0.00111249 0.192272 0.183437 0.198727 0.187394 0.188471 0.202099
5250000 0.202351 0.202013 0.193035 -3.77528 5.88637 4.01127 0.203983 0.198795 0.19155 0.200125 0.206399 0.195059
5250000 0.210564 0.193615 0.208304 -1.60439 1.63591 -1.19498 0.212597 0.191377 0.209326 0.207851 0.196599 0.206941
5250000 0.2072 0.183462 0.217988 1.38625 -3.87282 -1.57859 0.206047 0.186638 0.2187 0.209428 0.177328 0.216611
5250000 0.182485 0.185098 0.191279 0.0 0.0 0.0 0.186161 0.186493 0.193574 0.178514 0.183835 0.188797
5250000 0.182817 0.179124 0.208262 0.0 0.0 0.0 0.180658 0.17733 0.204935 0.185287 0.181439 0.212082
5250000 0.180588 0.196559 0.200894 0.0 0.0 0.0 0.180532 0.193944 0.205106 0.180624 0.198567 0.19797
5250000 0.182659 0.185945 0.195977 -0.200173 -0.0260506 0.189253 0.186161 0.186493 0.193574 0.177667 0.185163 0.199403
5250000 0.18286 0.189362 0.192623 0.0 0.0 0.0 0.186161 0.186493 0.193574 0.179144 0.192831 0.191549
5250000 0.183844 0.192276 0.188971 0.0 0.0 0.0 0.18919 0.19189 0.186031 0.179144 0.192831 0.191549
5250000 0.185953 0.188917 0.206976 0.0 0.0 0.0 0.187394 0.188471 0.202099 0.184741 0.189508 0.211065
5250000 0.185456 0.193219 0.210948 0.0 0.0 0.0 0.18621 0.197421 0.210833 0.184741 0.189508 0.211065
5250000 0.184054 0.191022 0.203564 0.0 0.0 0.0 0.180532 0.193944 0.205106 0.187394 0.188471 0.202099
5250000 0.185055 0.195091 0.204265 0.0 0.0 0.0 0.180532 0.193944 0.205106 0.188183 0.19608 0.203682
5250000 0.187677 0.188298 0.213419 0.0 0.0 0.0 0.19181 0.186882 0.216751 0.184741 0.189508 0.211065
5250000 0.198006 0.184286 0.181819 0.0 0.0 0.0 0.199426 0.17913 0.182588 0.197065 0.187902 0.181305
5250000 0.19354 0.184135 0.18476 0.0 0.0 0.0 0.195715 0.185307 0.188055 0.191314 0.183173 0.181383
5250000 0.190404 0.186796 0.183379 0.0 0.0 0.0 0.18919 0.19189 0.186031 0.191314 0.183173 0.181383
5250000 0.185829 0.179218 0.192342 0.0 0.0 0.0 0.185682 0.180331 0.189076 0.18605 0.177781 0.197414
5250000 0.189117 0.179922 0.190542 0.0 0.0 0.0 0.185682 0.180331 0.189076 0.192667 0.179734 0.192053
5250000 0.195452 0.180109 0.194899 0.0 0.0 0.0 0.192667 0.179734 0.192053 0.198031 0.180681 0.197535
5250000 0.192464 0.181535 0.195501 0.0 0.0 0.0 0.192667 0.179734 0.192053 0.192272 0.183437 0.198727
5250000 0.192811 0.183256 0.201959 0.0 0.0 0.0 0.192272 0.183437 0.198727 0.193611 0.183267 0.206755
5250000 0.189631 0.184646 0.196496 0.0 0.0 0.0 0.186161 0.186493 0.193574 0.192272 0.183437 0.198727
5250000 0.196707 0.180009 0.191447 0.0 0.0 0.0 0.192667 0.179734 0.192053 0.200684 0.180509 0.190844
5250000 0.199314 0.180482 0.194292 0.0 0.0 0.0 0.200684 0.180509 0.190844 0.198031 0.180681 0.197535
5250000 0.200312 0.181669 0.199587 0.0 0.0 0.0 0.203029 0.183094 0.202025 0.198031 0.180681 0.197535
5250000 0.194113 0.17873 0.20383 0.0 0.0 0.0 0.194582 0.174693 0.201079 0.193611 0.183267 0.206755
5250000 0.189241 0.182188 0.209553 0.0 0.0 0.0 0.185287 0.181439 0.212082 0.193611 0.183267 0.206755
5250000 0.194768 0.18101 0.210985 0.0 0.0 0.0 0.195554 0.179671 0.21386 0.193611 0.183267 0.206755
5250000 0.194126 0.182304 0.214959 0.0 0.0 0.0 0.195554 0.179671 0.21386 0.19181 0.186882 0.216751
5250000 0.192754 0.18487 0.211509 0.0 0.0 0.0 0.19181 0.186882 0.216751 0.193611 0.183267 0.206755
5250000 0.197279 0.184276 0.209746 0.0 0.0 0.0 0.200811 0.185473 0.212627 0.193611 0.183267 0.206755
5250000 0.203508 0.179467 0.219145 0.0 0.0 0.0 0.199174 0.181237 0.221005 0.209428 0.177328 0.216611
5250000 0.203199 0.184283 0.219651 0.0 0.0 0.0 0.199174 0.181237 0.221005 0.206047 0.186638 0.2187
5250000 0.19408 0.189299 0.183097 0.0 0.0 0.0 0.18919 0.19189 0.186031 0.197065 0.187902 0.181305
5250000 0.198297 0.193499 0.181504 0.0 0.0 0.0 0.199572 0.193291 0.185545 0.197147 0.193905 0.177857
5250000 0.199943 0.187294 0.182888 -0.0360036 0.00585711 -0.0129476 0.202971 0.186655 0.184555 0.197065 0.187902 0.181305
5250000 0.194148 0.187177 0.192191 0.0 0.0 0.0 0.192939 0.188812 0.195379 0.195715 0.185307 0.188055
5250000 0.197653 0.189209 0.186793 0.0 0.0 0.0 0.195715 0.185307 0.188055 0.199572 0.193291 0.185545
5250000 0.190585 0.1912 0.195555 0.0 0.0 0.0 0.192939 0.188812 0.195379 0.187169 0.194922 0.195794
5250000 0.194061 0.191431 0.194318 0.0 0.0 0.0 0.192939 0.188812 0.195379 0.195696 0.195497 0.192761
5250000 0.18749 0.188861 0.190264 0.535676 0.5673 -0.91173 0.186161 0.186493 0.193574 0.18919 0.19189 0.186031
5250000 0.195209 0.192589 0.18575 0.0 0.0 0.0 0.199572 0.193291 0.185545 0.18919 0.19189 0.186031
5250000 0.188083 0.19344 0.191389 0.0 0.0 0.0 0.187169 0.194922 0.195794 0.18919 0.19189 0.186031
5250000 0.192755 0.193754 0.18972 0.0 0.0 0.0 0.18919 0.19189 0.186031 0.195696 0.195497 0.192761
5250000 0.191428 0.195096 0.194281 0.0 0.0 0.0 0.187169 0.194922 0.195794 0.195696 0.195497 0.192761
5250000 0.190679 0.188568 0.198124 0.0 0.0 0.0 0.192939 0.188812 0.195379 0.187394 0.188471 0.202099
5250000 0.186764 0.187341 0.197726 0.0 0.0 0.0 0.186161 0.186493 0.193574 0.187394 0.188471 0.202099
5250000 0.190995 0.193554 0.198484 0.0 0.0 0.0 0.187169 0.194922 0.195794 0.193883 0.192709 0.2005
5250000 0.187757 0.195476 0.200352 0.0 0.0 0.0 0.187169 0.194922 0.195794 0.188183 0.19608 0.203682
5250000 0.194658 0.1938 0.197184 0.0 0.0 0.0 0.195696 0.195497 0.192761 0.193883 0.192709 0.2005
5250000 0.186068 0.199844 0.196098 0.0 0.0 0.0 0.187169 0.194922 0.195794 0.184842 0.20556 0.196433
5250000 0.199583 0.18591 0.186191 0.0 0.0 0.0 0.195715 0.185307 0.188055 0.202971 0.186655 0.184555
5250000 0.201305 0.191174 0.181682 0.0 0.0 0.0 0.199572 0.193291 0.185545 0.202682 0.189698 0.178614
5250000 0.201372 0.189657 0.185023 0.0 0.0 0.0 0.199572 0.193291 0.185545 0.202971 0.186655 0.184555
5250000 0.201793 0.195953 0.188573 0.0 0.0 0.0 0.203983 0.198795 0.19155 0.199572 0.193291 0.185545
5250000 0.20014 0.197155 0.192113 0.0 0.0 0.0 0.203983 0.198795 0.19155 0.195696 0.195497 0.192761
5250000 0.195734 0.190797 0.206748 0.0 0.0 0.0 0.191964 0.191942 0.208672 0.199556 0.189864 0.204796
5250000 0.190988 0.194312 0.202121 0.0 0.0 0.0 0.188183 0.19608 0.203682 0.193883 0.192709 0.2005
5250000 0.193025 0.19226 0.204155 0.0 0.0 0.0 0.191964 0.191942 0.208672 0.193883 0.192709 0.2005
5250000 0.195277 0.194716 0.202957 0.0 0.0 0.0 0.196679 0.196937 0.205408 0.193883 0.192709 0.2005
5250000 0.187298 0.196568 0.206899 0.0 0.0 0.0 0.18621 0.197421 0.210833 0.188183 0.19608 0.203682
5250000 0.189622 0.19639 0.213282 0.0 0.0 0.0 0.18621 0.197421 0.210833 0.192651 0.195685 0.215457
5250000 0.192309 0.192043 0.215973 0.0 0.0 0.0 0.19181 0.186882 0.216751 0.192651 0.195685 0.215457
5250000 0.194558 0.196764 0.218277 0.0 0.0 0.0 0.196428 0.197822 0.221042 0.192651 0.195685 0.215457
5250000 0.19505 0.198744 0.215406 0.0 0.0 0.0 0.192651 0.195685 0.215457 0.19758 0.20218 0.215363
5250000 0.186257 0.199548 0.214333 0.0 0.0 0.0 0.18621 0.197421 0.210833 0.186317 0.202918 0.219419
5250000 0.190246 0.198318 0.216955 0.0 0.0 0.0 0.192651 0.195685 0.215457 0.186317 0.202918 0.219419
5250000 0.200205 0.188842 0.200239 0.0 0.0 0.0 0.200974 0.18789 0.194899 0.199556 0.189864 0.204796
5250000 0.197293 0.194169 0.200007 0.0 0.0 0.0 0.201848 0.196363 0.199336 0.193883 0.192709 0.2005
5250000 0.198895 0.196579 0.202804 0.0 0.0 0.0 0.201848 0.196363 0.199336 0.196679 0.196937 0.205408
5250000 0.203445 0.189469 0.206945 0.0 0.0 0.0 0.20646 0.189362 0.208605 0.199556 0.189864 0.204796
5250000 0.200153 0.18765 0.208542 0.0 0.0 0.0 0.200811 0.185473 0.212627 0.199556 0.189864 0.204796
5250000 0.19606 0.193208 0.210338 0.0 0.0 0.0 0.191964 0.191942 0.208672 0.200719 0.194893 0.212232
5250000 0.198357 0.196088 0.208242 -1.55829 0.383618 -2.01628 0.200719 0.194893 0.212232 0.196679 0.196937 0.205408
5250000 0.196091 0.195237 0.214078 0.0 0.0 0.0 0.200719 0.194893 0.212232 0.192651 0.195685 0.215457
5250000 0.196614 0.186015 0.214547 0.0 0.0 0.0 0.200811 0.185473 0.212627 0.19181 0.186882 0.216751
5250000 0.199709 0.188738 0.216566 0.0 0.0 0.0 0.200811 0.185473 0.212627 0.198879 0.19141 0.219551
5250000 0.201215 0.194198 0.219766 0.0 0.0 0.0 0.203913 0.197657 0.22001 0.198879 0.19141 0.219551
5250000 0.200621 0.199898 0.217591 0.0 0.0 0.0 0.203913 0.197657 0.22001 0.19758 0.20218 0.215363
5250000 0.206234 0.178692 0.190766 0.0 0.0 0.0 0.207712 0.183491 0.190432 0.204847 0.174385 0.191074
5250000 0.210507 0.179577 0.197013 0.0 0.0 0.0 0.208221 0.181711 0.197464 0.215562 0.17526 0.196019
5250000 0.214186 0.181219 0.199124 0.0 0.0 0.0 0.213394 0.184879 0.200934 0.215562 0.17526 0.196019
5250000 0.205911 0.182206 0.199489 0.0 0.0 0.0 0.208221 0.181711 0.197464 0.203029 0.183094 0.202025
5250000 0.209405 0.184822 0.18684 0.0 0.0 0.0 0.207712 0.183491 0.190432 0.211586 0.186789 0.182226
5250000 0.205124 0.185101 0.187232 0.0 0.0 0.0 0.207712 0.183491 0.190432 0.202971 0.186655 0.184555
5250000 0.205474 0.179892 0.207618 0.0 0.0 0.0 0.20107 0.176811 0.208114 0.208993 0.182557 0.20722
5250000 0.214258 0.188721 0.201177 0.0 0.0 0.0 0.213394 0.184879 0.200934 0.215459 0.194264 0.201512
5250000 0.208047 0.186084 0.204244 0.0 0.0 0.0 0.208993 0.182557 0.20722 0.207115 0.189827 0.201276
5250000 0.209338 0.184639 0.210658 0.0 0.0 0.0 0.209602 0.186371 0.213182 0.208993 0.182557 0.20722
5250000 0.20516 0.183807 0.209749 0.0 0.0 0.0 0.200811 0.185473 0.212627 0.208993 0.182557 0.20722
5250000 0.212738 0.180795 0.206253 0.0 0.0 0.0 0.208993 0.182557 0.20722 0.216009 0.179477 0.205409
5250000 0.215932 0.185691 0.203943 0.0 0.0 0.0 0.219059 0.18695 0.20764 0.213394 0.184879 0.200934
5250000 0.204349 0.182011 0.214261 0.0 0.0 0.0 0.200811 0.185473 0.212627 0.209428 0.177328 0.216611
5250000 0.202817 0.188146 0.181425 0.0 0.0 0.0 0.202971 0.186655 0.184555 0.202682 0.189698 0.178614
5250000 0.206363 0.186593 0.183642 0.0 0.0 0.0 0.211586 0.186789 0.182226 0.202971 0.186655 0.184555
5250000 0.205248 0.198489 0.1874 0.0 0.0 0.0 0.203983 0.198795 0.19155 0.207453 0.198262 0.180177
5250000 0.212524 0.196002 0.184735 0.0 0.0 0.0 0.216163 0.194575 0.187994 0.207453 0.198262 0.180177
5250000 0.209791 0.19022 0.191541 0.0 0.0 0.0 0.212724 0.189001 0.194093 0.206805 0.191693 0.188929
5250000 0.20143 0.19222 0.197228 0.0 0.0 0.0 0.200974 0.18789 0.194899 0.201848 0.196363 0.199336
5250000 0.207386 0.196926 0.192948 0.0 0.0 0.0 0.210071 0.195653 0.194046 0.203983 0.198795 0.19155
5250000 0.209909 0.189301 0.197694 0.0 0.0 0.0 0.212724 0.189001 0.194093 0.207115 0.189827 0.201276
5250000 0.213899 0.191161 0.197298 0.0 0.0 0.0 0.212724 0.189001 0.194093 0.215459 0.194264 0.201512
5250000 0.204618 0.192807 0.200359 0.0 0.0 0.0 0.201848 0.196363 0.199336 0.207115 0.189827 0.201276
5250000 0.204939 0.196373 0.203257 0.0 0.0 0.0 0.201848 0.196363 0.199336 0.207851 0.196599 0.206941
5250000 0.212026 0.195037 0.196761 0.0 0.0 0.0 0.210071 0.195653 0.194046 0.215459 0.194264 0.201512
5250000 0.20617 0.200264 0.194447 0.0 0.0 0.0 0.203983 0.198795 0.19155 0.208833 0.202291 0.197961
5250000 0.211126 0.192913 0.1885 0.0 0.0 0.0 0.216163 0.194575 0.187994 0.206805 0.191693 0.188929
5250000 0.212428 0.195124 0.191704 0.0 0.0 0.0 0.210071 0.195653 0.194046 0.216163 0.194575 0.187994
5250000 0.215537 0.197239 0.192022 0.0 0.0 0.0 0.216163 0.194575 0.187994 0.215143 0.199117 0.19458
5250000 0.207471 0.193024 0.204048 0.0 0.0 0.0 0.207115 0.189827 0.201276 0.207851 0.196599 0.206941
5250000 0.204115 0.191507 0.210088 0.0 0.0 0.0 0.20646 0.189362 0.208605 0.200719 0.194893 0.212232
5250000 0.209581 0.190275 0.208972 0.0 0.0 0.0 0.20646 0.189362 0.208605 0.212597 0.191377 0.209326
5250000 0.206145 0.185903 0.212965 0.0 0.0 0.0 0.209602 0.186371 0.213182 0.200811 0.185473 0.212627
5250000 0.211052 0.188686 0.211312 0.0 0.0 0.0 0.209602 0.186371 0.213182 0.212597 0.191377 0.209326
5250000 0.21366 0.19234 0.206417 0.0 0.0 0.0 0.212597 0.191377 0.209326 0.215459 0.194264 0.201512
5250000 0.207943 0.186378 0.215751 0.0 0.0 0.0 0.209602 0.186371 0.213182 0.206047 0.186638 0.2187
5250000 0.201256 0.199068 0.2091 0.0 0.0 0.0 0.200719 0.194893 0.212232 0.201856 0.203937 0.205625
5250000 0.203903 0.198356 0.212897 0.0 0.0 0.0 0.200719 0.194893 0.212232 0.206528 0.20141 0.213442
5250000 0.213957 0.194391 0.209977 0.0 0.0 0.0 0.212597 0.191377 0.209326 0.216726 0.20086 0.211306
5250000 0.188992 0.203252 0.198039 -10.4088 6.66285 -6.34478 0.192896 0.201083 0.19955 0.184842 0.20556 0.196433
5250000 0.18312 0.212737 0.193944 -6.72444 -2.16619 0.792055 0.186361 0.213256 0.193725 0.179357 0.212134 0.194198
5250000 0.19669 0.198578 0.189614 -6.72122 -19.889 14.7625 0.197755 0.201882 0.18624 0.195696 0.195497 0.192761
5250000 0.194326 0.198229 0.196083 9.63596 -14.5089 -25.2184 0.192896 0.201083 0.19955 0.195696 0.195497 0.192761
5250000 0.192688 0.202006 0.204169 -0.169547 6.25936 17.0306 0.192896 0.201083 0.19955 0.192486 0.202905 0.208664
5250000 0.190566 0.204843 0.189853 -22.7468 -57.354 6.27942 0.191756 0.209158 0.189918 0.18945 0.200797 0.189792
5250000 0.19918 0.205195 0.183009 7.51596 18.5621 -24.6517 0.197755 0.201882 0.18624 0.200584 0.20846 0.179824
5250000 0.192914 0.206138 0.21189 -3.32852 -14.8485 -20.2961 0.193346 0.209403 0.215147 0.192486 0.202905 0.208664
5250000 0.188585 0.214439 0.185551 -7.32233 -13.2007 -13.8315 0.189836 0.217937 0.18834 0.187666 0.21187 0.183501
5250000 0.188645 0.211521 0.192113 2.9905 -1.54362 -1.70433 0.186361 0.213256 0.193725 0.191756 0.209158 0.189918
5250000 0.194525 0.212258 0.191588 14.8235 16.5331 13.3308 0.191756 0.209158 0.189918 0.197063 0.215101 0.193119
5250000 0.187769 0.215775 0.195302 10.1866 12.9678 10.9446 0.186361 0.213256 0.193725 0.189745 0.21931 0.197517
5250000 0.197096 0.215345 0.197221 -0.120231 -1.01636 10.3393 0.197063 0.215101 0.193119 0.197136 0.215628 0.201981
5250000 0.19338 0.217499 0.199713 -6.71948 2.44798 -5.13168 0.197136 0.215628 0.201981 0.189745 0.21931 0.197517
5250000 0.196053 0.212733 0.213402 7.50308 10.2554 -7.58427 0.193346 0.209403 0.215147 0.198951 0.216297 0.211535
5250000 0.191542 0.213658 0.215408 -52.2943 87.1859 -2.01534 0.193346 0.209403 0.215147 0.189311 0.218919 0.21573
5250000 0.201349 0.213434 0.20156 15.4474 -7.63606 -4.32278 0.197136 0.215628 0.201981 0.204912 0.211579 0.201204
5250000 0.201249 0.217599 0.203375 17.5437 9.86883 3.06859 0.197136 0.215628 0.201981 0.20528 0.21953 0.20474
5250000 0.201121 0.21 0.219273 -16.6317 19.9301 13.2042 0.202938 0.207371 0.217044 0.199532 0.212298 0.221221
5250000 0.205262 0.199261 0.198664 -6.20585 -3.83715 0.688055 0.208833 0.202291 0.197961 0.201848 0.196363 0.199336
5250000 0.214665 0.20108 0.192243 0.821652 -44.5161 46.0203 0.213857 0.204403 0.188285 0.215143 0.199117 0.19458
5250000 0.209686 0.203703 0.202397 -7.04495 -10.3397 -22.2127 0.210246 0.20463 0.205311 0.208833 0.202291 0.197961
5250000 0.210335 0.206589 0.185085 14.201 -5.29675 11.3178 0.208065 0.207997 0.183023 0.213857 0.204403 0.188285
5250000 0.208552 0.2061 0.195165 -2.06535 -16.6819 12.8364 0.208355 0.208786 0.193193 0.208833 0.202291 0.197961
5250000 0.21414 0.207007 0.192817 2.57377 -12.7812 -26.4797 0.214304 0.20851 0.195434 0.213857 0.204403 0.188285
5250000 0.205184 0.199863 0.206355 24.1765 -29.9213 -0.789863 0.201856 0.203937 0.205625 0.207851 0.196599 0.206941
5250000 0.203593 0.208281 0.203112 12.4557 23.649 -19.271 0.201856 0.203937 0.205625 0.204912 0.211579 0.201204
5250000 0.209519 0.207066 0.207099 -6.32634 13.4982 13.0959 0.210246 0.20463 0.205311 0.208216 0.211435 0.210306
5250000 0.204723 0.204406 0.215253 15.4229 -21.8341 -19.2339 0.202938 0.207371 0.217044 0.206528 0.20141 0.213442
5250000 0.212345 0.203409 0.207252 11.8952 -9.65648 15.2654 0.210246 0.20463 0.205311 0.216726 0.20086 0.211306
5250000 0.204967 0.208189 0.181698 -8.9295 1.57879 -2.66321 0.208065 0.207997 0.183023 0.200584 0.20846 0.179824
5250000 0.203293 0.217066 0.182269 9.07067 -5.0145 30.7326 0.201409 0.217524 0.178246 0.205934 0.216424 0.187908
5250000 0.211948 0.215403 0.189315 -37.3758 9.53998 -3.48354 0.215491 0.214802 0.190144 0.205934 0.216424 0.187908
5250000 0.213049 0.211185 0.196065 -10.3731 36.5397 8.17877 0.214304 0.20851 0.195434 0.21125 0.215018 0.196968
5250000 0.207513 0.211441 0.191356 -8.65956 16.3453 -13.8248 0.208355 0.208786 0.193193 0.205934 0.216424 0.187908
5250000 0.207967 0.213237 0.199162 -22.5356 -9.79402 19.571 0.21125 0.215018 0.196968 0.204912 0.211579 0.201204
5250000 0.212836 0.218282 0.199334 -8.10144 -14.6184 -14.9791 0.214366 0.221428 0.201616 0.21125 0.215018 0.196968
5250000 0.21594 0.215746 0.207891 6.60896 -5.11084 -7.40185 0.214546 0.217284 0.210123 0.218418 0.213011 0.203924
5250000 0.207164 0.199097 0.210316 0.154697 -15.2644 -21.8623 0.206528 0.20141 0.213442 0.207851 0.196599 0.206941
5250000 0.20012 0.214875 0.186172 12.93 1.29811 4.34655 0.196567 0.213928 0.185111 0.205934 0.216424 0.187908
5250000 0.19482 0.21412 0.181712 2.24232 0.486834 4.0324 0.192981 0.214322 0.178134 0.196567 0.213928 0.185111
5250000 0.207149 0.204374 0.205427 -3.36702 -0.571011 0.590621 0.210246 0.20463 0.205311 0.201856 0.203937 0.205625
5250000 0.212309 0.215217 0.210187 -13.9756 -10.9081 2.79946 0.214546 0.217284 0.210123 0.208216 0.211435 0.210306
5250000 0.181811 0.202622 0.193726 4.75819 3.35924 3.07024 0.179974 0.200841 0.192085 0.184842 0.20556 0.196433
5250000 0.207862 0.204763 0.182078 0.32029 -5.88059 -2.47541 0.208065 0.207997 0.183023 0.207453 0.198262 0.180177
5250000 0.215662 0.215532 0.212353 1.83641 -3.01476 5.25332 0.214546 0.217284 0.210123 0.217868 0.212066 0.216764
5250000 0.18489 0.218217 0.204256 2.85388 -7.33254 3.12826 0.183681 0.221773 0.203395 0.186953 0.212149 0.205724
5250000 0.216879 0.199394 0.200723 -4.02263 -35.6436 6.45574 0.218093 0.203777 0.200048 0.215459 0.194264 0.201512
5250000 0.215807 0.206633 0.197265 -18.854 15.7567 -18.7676 0.218093 0.203777 0.200048 0.214304 0.20851 0.195434
5250000 0.210381 0.201202 0.212635 14.1599 0.419415 -1.00383 0.206528 0.20141 0.213442 0.216726 0.20086 0.211306
5250000 0.204385 0.217124 0.193937 -0.401211 0.292047 4.09663 0.205934 0.216424 0.187908 0.203573 0.217492 0.197101
5250000 0.201204 0.200172 0.189181 0.446168 -0.229376 0.270267 0.197755 0.201882 0.18624 0.203983 0.198795 0.19155
5250000 0.206682 0.206517 0.185723 -1.32897 -1.2501 3.43175 0.208065 0.207997 0.183023 0.205337 0.20508 0.188347
5250000 0.200577 0.215625 0.191055 2.98955 0.333322 -2.4427 0.197063 0.215101 0.193119 0.205934 0.216424 0.187908
5250000 0.1958 0.208821 0.204878 -1.02341 -1.40597 -11.6146 0.196092 0.209681 0.207873 0.195516 0.207981 0.201954
5250000 0.197198 0.212242 0.209291 -15.6243 -38.5429 -13.4494 0.198951 0.216297 0.211535 0.196092 0.209681 0.207873
5250000 0.187802 0.215196 0.191493 7.14302 7.15135 -7.42962 0.186361 0.213256 0.193725 0.189836 0.217937 0.18834
5250000 0.185759 0.210207 0.194797 -0.70681 -24.0993 7.72807 0.186361 0.213256 0.193725 0.184842 0.20556 0.196433
5250000 0.194485 0.205268 0.201009 23.7612 63.8004 10.7317 0.192896 0.201083 0.19955 0.195516 0.207981 0.201954
5250000 0.196829 0.203383 0.207255 -1.47806 -0.121167 0.232511 0.201856 0.203937 0.205625 0.192486 0.202905 0.208664
5250000 0.194513 0.207485 0.219201 0.260682 -1.18603 2.23308 0.193346 0.209403 0.215147 0.195672 0.205581 0.223225
5250000 0.191969 0.210133 0.194289 -0.0 -0.0 0.0 0.191756 0.209158 0.189918 0.192123 0.210841 0.197463
5250000 0.190412 0.211274 0.200198 -0.000451364 0.000266522 0.000928646 0.192123 0.210841 0.197463 0.186953 0.212149 0.205724
5250000 0.210559 0.206277 0.199851 0.0 -0.0 -0.0 0.208833 0.202291 0.197961 0.211662 0.208824 0.201059
5250000 0.196293 0.203581 0.19744 2.81872 1.56985 -2.11055 0.192896 0.201083 0.19955 0.200125 0.206399 0.195059
5250000 0.203349 0.205583 0.190907 -1.1579 -0.00685706 1.54884 0.205337 0.20508 0.188347 0.200125 0.206399 0.195059
5250000 0.202847 0.209345 0.198553 1.538 2.14742 1.77746 0.200125 0.206399 0.195059 0.204912 0.211579 0.201204
5250000 0.218833 0.215894 0.199354 0.384934 -2.77051 5.16594 0.219133 0.217982 0.196045 0.218418 0.213011 0.203924
5250000 0.194103 0.204217 0.184081 -7.20005 5.41338 -6.25253 0.197755 0.201882 0.18624 0.191365 0.205968 0.182463
5250000 0.18666 0.20369 0.188572 -9.87468 12.7852 -7.1294 0.18945 0.200797 0.189792 0.183896 0.206556 0.187364
5250000 0.19823 0.207551 0.207039 10.5168 -9.69945 -6.45778 0.196092 0.209681 0.207873 0.201856 0.203937 0.205625
5250000 0.204174 0.214837 0.198943 0.212111 -3.83593 3.10132 0.203573 0.217492 0.197101 0.204912 0.211579 0.201204
5250000 0.198699 0.199668 0.205493 -13.9788 -26.0671 1.19462 0.201856 0.203937 0.205625 0.196679 0.196937 0.205408
5250000 0.201852 0.199848 0.202229 2.73937e-05 -0.00396333 -0.00452609 0.201856 0.203937 0.205625 0.201848 0.196363 0.199336
5250000 0.207817 0.212813 0.215693 -0.183449 1.30145 12.6896 0.208216 0.211435 0.210306 0.207475 0.213991 0.220299
5250000 0.217178 0.209038 0.194654 2.04043 0.552201 -0.264744 0.214304 0.20851 0.195434 0.221967 0.209918 0.193354
5250000 0.198754 0.197159 0.185858 4.88688 -13.6571 -2.39576 0.197755 0.201882 0.18624 0.199572 0.193291 0.185545
5250000 0.20511 0.209043 0.214271 2.8921 3.27705 -5.3442 0.202938 0.207371 0.217044 0.208216 0.211435 0.210306
5250000 0.184325 0.206104 0.191477 -0.75019 6.83072 -26.8714 0.184842 0.20556 0.196433 0.183896 0.206556 0.187364
5250000 0.206619 0.215838 0.207279 -0.702315 2.70504 -2.4199 0.208216 0.211435 0.210306 0.20528 0.21953 0.20474
5250000 0.193143 0.210478 0.20718 -9.82441 2.57397 -4.07702 0.196092 0.209681 0.207873 0.186953 0.212149 0.205724
5250000 0.190238 0.206535 0.217036 -29.0652 -18.8529 14.2925 0.193346 0.209403 0.215147 0.186317 0.202918 0.219419
5250000 0.200208 0.204726 0.216187 -20.4697 -16.4944 -9.71632 0.202938 0.207371 0.217044 0.19758 0.20218 0.215363
5250000 0.194351 0.211731 0.187326 5.01621 7.22896 -5.64431 0.191756 0.209158 0.189918 0.196567 0.213928 0.185111
5250000 0.211477 0.208641 0.194369 2.57998 -0.48168 1.28444 0.208355 0.208786 0.193193 0.214304 0.20851 0.195434
5250000 0.193528 0.215738 0.186569 -6.97641 4.23737 4.99808 0.196567 0.213928 0.185111 0.189836 0.217937 0.18834
5250000 0.196148 0.210968 0.201965 -15.5364 -63.0044 -10.3866 0.197136 0.215628 0.201981 0.195516 0.207981 0.201954
5250000 0.184553 0.215985 0.193394 -2.53274 4.36503 0.234169 0.186361 0.213256 0.193725 0.182299 0.219385 0.192982
5250000 0.195094 0.198674 0.202954 12.3927 -8.96297 14.1034 0.192896 0.201083 0.19955 0.196679 0.196937 0.205408
5250000 0.185755 0.208411 0.200452 -4.23093 -16.0951 -31.6592 0.186953 0.212149 0.205724 0.184842 0.20556 0.196433
5250000 0.195685 0.205412 0.215266 31.4595 -69.0161 -7.26165 0.193346 0.209403 0.215147 0.19758 0.20218 0.215363
5250000 0.198354 0.211495 0.182759 3.72834 -7.69324 -5.87542 0.196567 0.213928 0.185111 0.200584 0.20846 0.179824
5250000 0.198398 0.211308 0.193965 2.17501 -11.9337 2.13836 0.197063 0.215101 0.193119 0.200125 0.206399 0.195059
5250000 0.197832 0.206504 0.203295 6.59854 -4.42984 5.57183 0.195516 0.207981 0.201954 0.201856 0.203937 0.205625
5250000 0.182965 0.215178 0.20146 0.000746498 -0.000769832 0.000736098 0.181106 0.216589 0.199472 0.186953 0.212149 0.205724
5250000 0.204959 0.207596 0.207909 -7.05122 -6.36092 -3.40507 0.208216 0.211435 0.210306 0.201856 0.203937 0.205625
5250000 0.190814 0.213467 0.189144 -9.29992 32.0311 -0.99896 0.191756 0.209158 0.189918 0.189836 0.217937 0.18834
5250000 0.188213 0.215766 0.211071 0.0761599 1.069 1.41307 0.186953 0.212149 0.205724 0.189311 0.218919 0.21573
5250000 0.181617 0.217785 0.196696 0.000536255 0.000919675 -0.00362986 0.181106 0.216589 0.199472 0.182299 0.219385 0.192982
5250000 0.181276 0.211495 0.202472 4.52872 -0.287634 2.41105 0.178642 0.211192 0.200963 0.186953 0.212149 0.205724
5250000 0.216033 0.197254 0.205952 0.99965 -10.7646 -16.8356 0.216726 0.20086 0.211306 0.215459 0.194264 0.201512
5250000 0.218242 0.208016 0.201828 1.95565 9.31123 4.17384 0.218093 0.203777 0.200048 0.218418 0.213011 0.203924
5250000 0.194894 0.199477 0.206794 10.0039 -11.8888 -4.53216 0.192486 0.202905 0.208664 0.196679 0.196937 0.205408
5250000 0.194629 0.206933 0.208194 -14.5937 -24.8233 -1.44851 0.196092 0.209681 0.207873 0.192486 0.202905 0.208664
5250000 0.205082 0.215262 0.202842 -0.84801 -4.25993 -1.54816 0.20528 0.21953 0.20474 0.204912 0.211579 0.201204
5250000 0.214083 0.210325 0.202086 -0.000249482 -0.000220265 -0.000124648 0.218418 0.213011 0.203924 0.211662 0.208824 0.201059
5250000 0.20498 0.210349 0.218509 16.9105 24.6583 6.89617 0.202938 0.207371 0.217044 0.207475 0.213991 0.220299
5250000 0.207076 0.217564 0.217169 0.519006 -5.07848 3.18499 0.206703 0.220907 0.214241 0.207475 0.213991 0.220299
5250000 0.183082 0.216704 0.208467 -1.09011 0.954293 0.526527 0.186953 0.212149 0.205724 0.18086 0.219317 0.21004
5250000 0.189783 0.218076 0.205967 -14.1143 -42.0234 2.90163 0.191837 0.222379 0.206143 0.186953 0.212149 0.205724
5250000 0.209076 0.215593 0.193263 3.19963 -0.178759 4.16497 0.205934 0.216424 0.187908 0.21125 0.215018 0.196968
5250000 0.210497 0.20708 0.191282 2.44646 -1.91933 -3.00213 0.208355 0.208786 0.193193 0.213857 0.204403 0.188285
5250000 0.203312 0.214009 0.210956 7.61466 -3.75006 0.336726 0.198951 0.216297 0.211535 0.208216 0.211435 0.210306
5250000 0.204731 0.204226 0.196594 -3.91864 1.43227 -0.676457 0.208833 0.202291 0.197961 0.200125 0.206399 0.195059
5250000 0.193873 0.209366 0.199779 0.00672453 -0.00429521 0.00628083 0.192123 0.210841 0.197463 0.195516 0.207981 0.201954
5250000 0.210964 0.206756 0.203156 0.00108114 0.00177898 -0.00208915 0.210246 0.20463 0.205311 0.211662 0.208824 0.201059
5250000 0.180326 0.214494 0.197121 0.0 0.0 0.0 0.181106 0.216589 0.199472 0.179357 0.212134 0.194198
5250000 0.187881 0.206128 0.184749 0.0 0.0 0.0 0.191365 0.205968 0.182463 0.183896 0.206556 0.187364
5250000 0.181728 0.209182 0.195166 0.0 0.0 0.0 0.179357 0.212134 0.194198 0.184842 0.20556 0.196433
5250000 0.187677 0.207696 0.188596 0.0 0.0 0.0 0.191756 0.209158 0.189918 0.183896 0.206556 0.187364
5250000 0.180987 0.208949 0.19925 0.0 0.0 0.0 0.178642 0.211192 0.200963 0.184842 0.20556 0.196433
5250000 0.181863 0.204548 0.200379 0.0 0.0 0.0 0.17877 0.203725 0.204474 0.184842 0.20556 0.196433
5250000 0.182387 0.207337 0.205026 0.0 0.0 0.0 0.186953 0.212149 0.205724 0.17877 0.203725 0.204474
5250000 0.193467 0.196111 0.200108 0.0 0.0 0.0 0.192896 0.201083 0.19955 0.193883 0.192709 0.2005
5250000 0.190123 0.198025 0.201983 0.0 0.0 0.0 0.192896 0.201083 0.19955 0.188183 0.19608 0.203682
5250000 0.18943 0.210585 0.186278 0.0 0.0 0.0 0.191756 0.209158 0.189918 0.187666 0.21187 0.183501
5250000 0.191536 0.207283 0.185802 0.0 0.0 0.0 0.191756 0.209158 0.189918 0.191365 0.205968 0.182463
5250000 0.190474 0.203458 0.185863 0.0 0.0 0.0 0.18945 0.200797 0.189792 0.191365 0.205968 0.182463
5250000 0.197831 0.201055 0.181439 0.0 0.0 0.0 0.197882 0.200692 0.178219 0.197755 0.201882 0.18624
5250000 0.19558 0.207787 0.192269 0.0 0.0 0.0 0.191756 0.209158 0.189918 0.200125 0.206399 0.195059
5250000 0.18849 0.207349 0.192995 0.0 0.0 0.0 0.191756 0.209158 0.189918 0.184842 0.20556 0.196433
5250000 0.194636 0.205549 0.188151 0.0 0.0 0.0 0.197755 0.201882 0.18624 0.191756 0.209158 0.189918
5250000 0.196802 0.214384 0.188974 0.0 0.0 0.0 0.197063 0.215101 0.193119 0.196567 0.213928 0.185111
5250000 0.189259 0.211937 0.195606 0.0 0.0 0.0 0.186361 0.213256 0.193725 0.192123 0.210841 0.197463
5250000 0.194306 0.212619 0.195542 0.0 0.0 0.0 0.192123 0.210841 0.197463 0.197063 0.215101 0.193119
5250000 0.195162 0.20905 0.196549 0.0 0.0 0.0 0.192123 0.210841 0.197463 0.200125 0.206399 0.195059
5250000 0.189258 0.208657 0.197058 0.0 0.0 0.0 0.192123 0.210841 0.197463 0.184842 0.20556 0.196433
5250000 0.198883 0.203925 0.190441 0.0 0.0 0.0 0.197755 0.201882 0.18624 0.200125 0.206399 0.195059
5250000 0.187347 0.202857 0.192822 0.0 0.0 0.0 0.18945 0.200797 0.189792 0.184842 0.20556 0.196433
5250000 0.193306 0.201189 0.188142 0.0 0.0 0.0 0.197755 0.201882 0.18624 0.18945 0.200797 0.189792
5250000 0.191073 0.200821 0.194391 0.0 0.0 0.0 0.192896 0.201083 0.19955 0.18945 0.200797 0.189792
5250000 0.194157 0.212678 0.199294 0.0 0.0 0.0 0.192123 0.210841 0.197463 0.197136 0.215628 0.201981
5250000 0.197197 0.207296 0.199436 0.0 0.0 0.0 0.195516 0.207981 0.201954 0.200125 0.206399 0.195059
5250000 0.195664 0.217722 0.183591 0.0 0.0 0.0 0.194527 0.222768 0.181662 0.196567 0.213928 0.185111
5250000 0.191141 0.214239 0.197484 0.0 0.0 0.0 0.192123 0.210841 0.197463 0.189745 0.21931 0.197517
5250000 0.193667 0.216322 0.190876 0.0 0.0 0.0 0.197063 0.215101 0.193119 0.189836 0.217937 0.18834
5250000 0.193613 0.216976 0.195188 0.0 0.0 0.0 0.197063 0.215101 0.193119 0.189745 0.21931 0.197517
5250000 0.201793 0.200262 0.183715 0.0 0.0 0.0 0.197755 0.201882 0.18624 0.207453 0.198262 0.180177
5250000 0.201054 0.200867 0.197369 0.0 0.0 0.0 0.200125 0.206399 0.195059 0.201848 0.196363 0.199336
5250000 0.197462 0.198564 0.199441 0.0 0.0 0.0 0.192896 0.201083 0.19955 0.201848 0.196363 0.199336
5250000 0.205179 0.207756 0.193912 0.0 0.0 0.0 0.208355 0.208786 0.193193 0.200125 0.206399 0.195059
5250000 0.202274 0.203675 0.187495 0.0 0.0 0.0 0.197755 0.201882 0.18624 0.205337 0.20508 0.188347
5250000 0.20099 0.205058 0.200342 0.0 0.0 0.0 0.200125 0.206399 0.195059 0.201856 0.203937 0.205625
5250000 0.197108 0.202315 0.202405 0.0 0.0 0.0 0.192896 0.201083 0.19955 0.201856 0.203937 0.205625
5250000 0.198799 0.215477 0.181947 0.0 0.0 0.0 0.201409 0.217524 0.178246 0.196567 0.213928 0.185111
5250000 0.200674 0.216322 0.195332 0.0 0.0 0.0 0.197063 0.215101 0.193119 0.203573 0.217492 0.197101
5250000 0.194983 0.20946 0.210805 0.0 0.0 0.0 0.193346 0.209403 0.215147 0.196092 0.209681 0.207873
5250000 0.190703 0.210432 0.211249 0.0 0.0 0.0 0.193346 0.209403 0.215147 0.186953 0.212149 0.205724
5250000 0.196504 0.211929 0.205536 0.0 0.0 0.0 0.196092 0.209681 0.207873 0.197136 0.215628 0.201981
5250000 0.192798 0.209197 0.203149 0.0 0.0 0.0 0.186953 0.212149 0.205724 0.195516 0.207981 0.201954
5250000 0.194304 0.205843 0.204635 0.0 0.0 0.0 0.195516 0.207981 0.201954 0.192486 0.202905 0.208664
5250000 0.192853 0.214059 0.203553 0.0 0.0 0.0 0.186953 0.212149 0.205724 0.197136 0.215628 0.201981
5250000 0.190212 0.206705 0.207455 1.12727 -1.43217 0.309132 0.186953 0.212149 0.205724 0.192486 0.202905 0.208664
5250000 0.195288 0.202397 0.212345 0.0 0.0 0.0 0.192486 0.202905 0.208664 0.19758 0.20218 0.215363
5250000 0.196908 0.210964 0.218643 0.0 0.0 0.0 0.193346 0.209403 0.215147 0.199532 0.212298 0.221221
5250000 0.196724 0.2036 0.21889 0.0 0.0 0.0 0.195672 0.205581 0.223225 0.19758 0.20218 0.215363
5250000 0.188593 0.216252 0.200901 0.0 0.0 0.0 0.186953 0.212149 0.205724 0.189745 0.21931 0.197517
5250000 0.198023 0.215848 0.206662 0.0 0.0 0.0 0.198951 0.216297 0.211535 0.197136 0.215628 0.201981
5250000 0.201943 0.201695 0.214423 0.0 0.0 0.0 0.206528 0.20141 0.213442 0.19758 0.20218 0.215363
5250000 0.198554 0.208191 0.216175 0.0 0.0 0.0 0.193346 0.209403 0.215147 0.202938 0.207371 0.217044
5250000 0.200942 0.216625 0.199092 0.0 0.0 0.0 0.197136 0.215628 0.201981 0.203573 0.217492 0.197101
5250000 0.199605 0.206441 0.219877 0.0 0.0 0.0 0.202938 0.207371 0.217044 0.195672 0.205581 0.223225
5250000 0.199419 0.218227 0.216058 0.0 0.0 0.0 0.198951 0.216297 0.211535 0.199852 0.220215 0.220245
5250000 0.194479 0.217406 0.213478 0.0 0.0 0.0 0.198951 0.216297 0.211535 0.189311 0.218919 0.21573
5250000 0.202206 0.217853 0.208035 0.0 0.0 0.0 0.198951 0.216297 0.211535 0.20528 0.21953 0.20474
5250000 0.206025 0.202745 0.185685 0.0 0.0 0.0 0.205337 0.20508 0.188347 0.207453 0.198262 0.180177
5250000 0.212647 0.200259 0.195916 0.0 0.0 0.0 0.208833 0.202291 0.197961 0.215143 0.199117 0.19458
5250000 0.216326 0.200878 0.196779 0.0 0.0 0.0 0.218093 0.203777 0.200048 0.215143 0.199117 0.19458
5250000 0.211929 0.198423 0.199623 0.0 0.0 0.0 0.208833 0.202291 0.197961 0.215459 0.194264 0.201512
5250000 0.209232 0.201129 0.206 0.0 0.0 0.0 0.210246 0.20463 0.205311 0.207851 0.196599 0.206941
5250000 0.211362 0.198175 0.208671 0.0 0.0 0.0 0.216726 0.20086 0.211306 0.207851 0.196599 0.206941
5250000 0.208452 0.197534 0.214998 0.0 0.0 0.0 0.206528 0.20141 0.213442 0.21078 0.1931 0.216877
5250000 0.207317 0.210838 0.184736 0.0 0.0 0.0 0.208065 0.207997 0.183023 0.205934 0.216424 0.187908
5250000 0.211365 0.213805 0.184678 0.0 0.0 0.0 0.205934 0.216424 0.187908 0.215371 0.212066 0.182295
5250000 0.207374 0.214395 0.182106 0.0 0.0 0.0 0.205934 0.216424 0.187908 0.208176 0.213444 0.178894
5250000 0.213539 0.214793 0.193284 0.0 0.0 0.0 0.215491 0.214802 0.190144 0.21125 0.215018 0.196968
5250000 0.212169 0.205977 0.19642 0.0 0.0 0.0 0.208833 0.202291 0.197961 0.214304 0.20851 0.195434
5250000 0.209613 0.211389 0.194837 0.0 0.0 0.0 0.208355 0.208786 0.193193 0.21125 0.215018 0.196968
5250000 0.206831 0.206805 0.190748 0.0 0.0 0.0 0.208355 0.208786 0.193193 0.205337 0.20508 0.188347
5250000 0.208616 0.204707 0.188323 0.0 0.0 0.0 0.205337 0.20508 0.188347 0.213857 0.204403 0.188285
5250000 0.211215 0.203184 0.193368 0.0 0.0 0.0 0.208833 0.202291 0.197961 0.213857 0.204403 0.188285
5250000 0.212974 0.20856 0.198247 0.0 0.0 0.0 0.214304 0.20851 0.195434 0.211662 0.208824 0.201059
5250000 0.211483 0.211265 0.199378 0.0 0.0 0.0 0.21125 0.215018 0.196968 0.211662 0.208824 0.201059
5250000 0.205542 0.202957 0.201571 0.0 0.0 0.0 0.208833 0.202291 0.197961 0.201856 0.203937 0.205625
5250000 0.21429 0.218293 0.191694 0.0 0.0 0.0 0.215491 0.214802 0.190144 0.213009 0.222255 0.193348
5250000 0.20688 0.216318 0.197046 0.0 0.0 0.0 0.203573 0.217492 0.197101 0.21125 0.215018 0.196968
5250000 0.213526 0.202933 0.19902 0.0 0.0 0.0 0.218093 0.203777 0.200048 0.208833 0.202291 0.197961
5250000 0.21443 0.214016 0.20006 0.0 0.0 0.0 0.218418 0.213011 0.203924 0.21125 0.215018 0.196968
5250000 0.217253 0.216234 0.193006 0.0 0.0 0.0 0.219133 0.217982 0.196045 0.215491 0.214802 0.190144
5250000 0.215385 0.216464 0.196486 0.0 0.0 0.0 0.219133 0.217982 0.196045 0.21125 0.215018 0.196968
5250000 0.208758 0.209898 0.201121 0.0 0.0 0.0 0.211662 0.208824 0.201059 0.204912 0.211579 0.201204
5250000 0.206296 0.21141 0.205023 0.0 0.0 0.0 0.208216 0.211435 0.210306 0.204912 0.211579 0.201204
5250000 0.207225 0.205452 0.212143 0.0 0.0 0.0 0.208216 0.211435 0.210306 0.206528 0.20141 0.213442
5250000 0.204537 0.202376 0.210112 0.0 0.0 0.0 0.206528 0.20141 0.213442 0.201856 0.203937 0.205625
5250000 0.208266 0.202492 0.216781 0.0 0.0 0.0 0.210719 0.204277 0.221477 0.206528 0.20141 0.213442
5250000 0.207373 0.216589 0.21249 0.0 0.0 0.0 0.208216 0.211435 0.210306 0.206703 0.220907 0.214241
5250000 0.214203 0.206713 0.200658 0.0 0.0 0.0 0.218093 0.203777 0.200048 0.211662 0.208824 0.201059
5250000 0.213383 0.212123 0.207068 0.0 0.0 0.0 0.208216 0.211435 0.210306 0.218418 0.213011 0.203924
5250000 0.21285 0.211629 0.213407 0.0 0.0 0.0 0.208216 0.211435 0.210306 0.217868 0.212066 0.216764
5250000 0.206148 0.205985 0.218874 0.0 0.0 0.0 0.202938 0.207371 0.217044 0.210719 0.204277 0.221477
5250000 0.204273 0.218226 0.200255 0.0 0.0 0.0 0.20528 0.21953 0.20474 0.203573 0.217492 0.197101
5250000 0.216124 0.217655 0.20262 0.0 0.0 0.0 0.214366 0.221428 0.201616 0.218418 0.213011 0.203924
5250000 0.217522 0.202455 0.204717 0.0 0.0 0.0 0.218093 0.203777 0.200048 0.216726 0.20086 0.211306
