# ts x y z Fx Fy Fz x1 y1 z1 x2 y2 z2
3568750 0.185844 0.196958 0.187844 13.8936 3.11146 10.3192 0.182538 0.195891 0.185996 0.189373 0.198096 0.189816
3568750 0.183396 0.194293 0.19708 -15.052 6.91744 2.37078 0.187177 0.192193 0.195826 0.180624 0.195833 0.197999
3568750 0.188955 0.200571 0.198069 -10.3395 7.06754 -6.06497 0.192875 0.198408 0.199548 0.184787 0.20287 0.196496
3568750 0.194439 0.182991 0.181403 13.95 10.6971 -2.822 0.191344 0.180288 0.18146 0.196953 0.185187 0.181357
3568750 0.198111 0.187678 0.183254 -6.6918 -11.8382 -12.6805 0.199486 0.190637 0.185507 0.196953 0.185187 0.181357
3568750 0.194065 0.179497 0.190223 -2.4524 -3.14032 2.41953 0.195628 0.182519 0.188089 0.192707 0.176871 0.192077
3568750 0.185905 0.180286 0.191117 -1.97503 24.0428 21.6768 0.185744 0.177544 0.189167 0.18611 0.183768 0.193593
3568750 0.1929 0.185338 0.187231 -7.33504 5.47607 -2.25829 0.195628 0.182519 0.188089 0.189182 0.189181 0.186062
3568750 0.19796 0.183701 0.191137 1.89373 0.887456 3.39993 0.195628 0.182519 0.188089 0.200861 0.185171 0.194928
3568750 0.188232 0.181044 0.214168 13.5923 8.72496 10.9559 0.185337 0.178523 0.212083 0.191762 0.184117 0.216709
3568750 0.197695 0.191657 0.188895 -6.21897 4.17653 8.90415 0.199486 0.190637 0.185507 0.195655 0.192818 0.192753
3568750 0.192401 0.195552 0.191232 -21.9684 16.0317 -5.49398 0.195655 0.192818 0.192753 0.189373 0.198096 0.189816
3568750 0.196611 0.195908 0.189601 -3.85571 -13.3774 9.82526 0.197636 0.199221 0.186222 0.195655 0.192818 0.192753
3568750 0.194295 0.195553 0.196077 8.96228 -14.0098 -24.3614 0.192875 0.198408 0.199548 0.195655 0.192818 0.192753
3568750 0.195062 0.195984 0.202949 6.36602 -5.30095 6.78327 0.192875 0.198408 0.199548 0.19664 0.194236 0.205401
3568750 0.192653 0.199335 0.204165 1.65242 4.29206 16.1004 0.192875 0.198408 0.199548 0.192437 0.200237 0.208659
3568750 0.196221 0.200953 0.19741 0.329282 0.16943 -0.177286 0.192875 0.198408 0.199548 0.199995 0.203823 0.194998
3568750 0.198127 0.189187 0.193786 -30.6037 35.7744 -17.1627 0.200861 0.185171 0.194928 0.195655 0.192818 0.192753
3568750 0.202413 0.192456 0.183543 7.29823 4.94641 -7.02973 0.199486 0.190637 0.185507 0.207419 0.195569 0.180185
3568750 0.20299 0.189821 0.187177 5.78957 -0.667943 1.90764 0.199486 0.190637 0.185507 0.206682 0.188963 0.188937
3568750 0.199082 0.202559 0.183025 4.94091 10.9079 -14.4606 0.197636 0.199221 0.186222 0.200508 0.205849 0.179874
3568750 0.189124 0.197274 0.209794 19.5427 12.4761 -5.35377 0.186216 0.194673 0.210791 0.192437 0.200237 0.208659
3568750 0.199583 0.190153 0.21648 -2.40582 -2.53812 5.58668 0.200614 0.1922 0.212276 0.198824 0.188646 0.219572
3568750 0.200716 0.180747 0.192618 -0.0919971 -5.6816 -4.2215 0.200861 0.185171 0.194928 0.200617 0.177703 0.191029
3568750 0.210154 0.183558 0.192351 7.4489 11.8732 6.36969 0.207616 0.180742 0.190518 0.212619 0.186293 0.194131
3568750 0.202023 0.182429 0.198935 3.18439 -4.13144 8.03444 0.200861 0.185171 0.194928 0.202917 0.180322 0.202016
3568750 0.20426 0.186201 0.198436 13.0879 4.29234 9.86745 0.200861 0.185171 0.194928 0.207032 0.18704 0.201298
3568750 0.211149 0.190107 0.194031 2.82847 -10.8069 1.54379 0.210044 0.192974 0.193955 0.212619 0.186293 0.194131
3568750 0.214191 0.188846 0.19135 -7.67952 -8.58094 13.0208 0.216059 0.19188 0.188045 0.212619 0.186293 0.194131
3568750 0.205795 0.180067 0.204543 -0.943182 0.265697 -0.747865 0.208862 0.179795 0.207235 0.202917 0.180322 0.202016
3568750 0.206718 0.186823 0.205353 0.868563 1.19369 -5.91929 0.206463 0.186646 0.208641 0.207032 0.18704 0.201298
3568750 0.200885 0.178623 0.210462 0.0397828 -10.7406 -7.75284 0.200736 0.182767 0.212564 0.201049 0.174052 0.208145
3568750 0.20805 0.185036 0.211048 5.1755 -4.70195 10.2402 0.206463 0.186646 0.208641 0.209495 0.18357 0.21324
3568750 0.204085 0.185035 0.21027 -6.21308 -3.23882 5.24135 0.206463 0.186646 0.208641 0.200736 0.182767 0.212564
3568750 0.210612 0.188978 0.201405 -17.1719 -9.29683 -3.64931 0.215345 0.191539 0.201545 0.207032 0.18704 0.201298
3568750 0.207009 0.189816 0.207896 4.13259 14.5772 -1.64571 0.206463 0.186646 0.208641 0.207712 0.193902 0.206935
3568750 0.212277 0.183471 0.214377 5.23024 -0.284509 1.22741 0.209495 0.18357 0.21324 0.216001 0.183339 0.215899
3568750 0.205184 0.196523 0.198649 -5.10862 -3.55457 0.212551 0.208731 0.199573 0.197914 0.201792 0.193606 0.199352
3568750 0.208619 0.191273 0.191828 -5.41563 -5.71429 -5.53612 0.210044 0.192974 0.193955 0.206682 0.188963 0.188937
3568750 0.212572 0.19469 0.194286 3.98313 3.12869 1.2992 0.210044 0.192974 0.193955 0.215115 0.196417 0.194619
3568750 0.209527 0.195571 0.195513 -3.98622 11.4064 8.98829 0.210044 0.192974 0.193955 0.208731 0.199573 0.197914
3568750 0.218019 0.195376 0.194827 -6.77582 1.58114 0.290889 0.221885 0.19399 0.195105 0.215115 0.196417 0.194619
3568750 0.211083 0.192858 0.204555 -21.2002 2.46771 16.0554 0.215345 0.191539 0.201545 0.207712 0.193902 0.206935
3568750 0.217258 0.187655 0.204744 -7.47403 21.9823 -22.0757 0.21897 0.184179 0.207608 0.215345 0.191539 0.201545
3568750 0.207093 0.192824 0.218547 23.9554 -12.9379 -6.6358 0.203951 0.194947 0.220003 0.210775 0.190335 0.216842
3568750 0.207038 0.196425 0.210296 0.708656 -3.69042 -6.76867 0.206414 0.198762 0.213408 0.207712 0.193902 0.206935
3568750 0.205201 0.196884 0.216655 1.39725 1.40627 -2.35738 0.203951 0.194947 0.220003 0.206414 0.198762 0.213408
3568750 0.203737 0.18339 0.216061 2.33033 0.74054 2.10288 0.200736 0.182767 0.212564 0.205965 0.183852 0.218657
3568750 0.202419 0.193686 0.216456 0.864734 1.39952 3.01736 0.200614 0.1922 0.212276 0.203951 0.194947 0.220003
3568750 0.194551 0.191978 0.206847 11.367 8.94717 -8.18016 0.191966 0.189184 0.208637 0.19664 0.194236 0.205401
3568750 0.189028 0.191988 0.209737 -6.09209 5.47289 0.894466 0.191966 0.189184 0.208637 0.186216 0.194673 0.210791
3568750 0.208799 0.186811 0.186048 -2.47598 2.96241 4.9932 0.211539 0.184029 0.182311 0.206682 0.188963 0.188937
3568750 0.191876 0.186948 0.212199 1.42126 -5.31405 9.1673 0.191966 0.189184 0.208637 0.191762 0.184117 0.216709
3568750 0.199149 0.180746 0.196475 -9.9685 -24.55 4.20259 0.200861 0.185171 0.194928 0.19804 0.177882 0.197476
3568750 0.195608 0.181154 0.218902 -3.79523 2.23272 -1.43993 0.199133 0.178439 0.220912 0.191762 0.184117 0.216709
3568750 0.21108 0.180907 0.203983 -0.958156 -0.789097 1.40738 0.21321 0.181975 0.200859 0.208862 0.179795 0.207235
3568750 0.181811 0.199901 0.193764 4.64466 3.49926 2.97033 0.180007 0.1981 0.192108 0.184787 0.20287 0.196496
3568750 0.19872 0.193212 0.196048 1.10834 0.19358 1.65473 0.195655 0.192818 0.192753 0.201792 0.193606 0.199352
3568750 0.219051 0.192928 0.197896 -8.21727 -3.21795 11.194 0.221885 0.19399 0.195105 0.215345 0.191539 0.201545
3568750 0.21673 0.182585 0.199221 -1.23092 -0.12084 0.801739 0.222472 0.18358 0.196547 0.21321 0.181975 0.200859
3568750 0.205201 0.192631 0.190284 0.265468 -0.488509 -0.266281 0.203818 0.196057 0.191542 0.206682 0.188963 0.188937
3568750 0.211859 0.189374 0.212303 0.0 0.0 0.0 0.212585 0.18873 0.209262 0.210775 0.190335 0.216842
3568750 0.215128 0.186918 0.208603 -0.00717294 0.00356632 0.00201852 0.21897 0.184179 0.207608 0.212585 0.18873 0.209262
3568750 0.193945 0.201544 0.184116 -4.40748 2.73124 -3.61161 0.197636 0.199221 0.186222 0.191178 0.203285 0.182537
3568750 0.210177 0.184462 0.201075 -6.62283 5.96296 -0.866133 0.21321 0.181975 0.200859 0.207032 0.18704 0.201298
3568750 0.217186 0.179875 0.206369 -3.04315 -9.94753 -4.27401 0.21897 0.184179 0.207608 0.215869 0.176697 0.205455
3568750 0.211006 0.199037 0.184783 6.03951 4.85549 5.33329 0.207419 0.195569 0.180185 0.213776 0.201714 0.188333
3568750 0.210269 0.198548 0.212612 2.18488 -0.0691488 -0.823588 0.206414 0.198762 0.213408 0.216619 0.198197 0.211301
3568750 0.209577 0.187706 0.208957 0.00576555 0.00231752 0.00155514 0.206463 0.186646 0.208641 0.212585 0.18873 0.209262
3568750 0.20288 0.194923 0.195157 -0.399765 -0.209006 1.01207 0.203818 0.196057 0.191542 0.201792 0.193606 0.199352
3568750 0.182626 0.18318 0.19601 -4.15408 -0.0459004 2.33643 0.18611 0.183768 0.193593 0.177657 0.182343 0.199456
3568750 0.20403 0.187236 0.191666 2.03176 1.02036 -2.58328 0.200861 0.185171 0.194928 0.206682 0.188963 0.188937
3568750 0.19038 0.183184 0.204338 -8.72964 5.28866 -4.82616 0.193585 0.180495 0.206754 0.187385 0.185698 0.202081
3568750 0.183249 0.184271 0.200965 4.64874 1.22894 1.98899 0.177657 0.182343 0.199456 0.187385 0.185698 0.202081
3568750 0.187281 0.188949 0.19895 -0.956701 -5.97651 6.9685 0.187177 0.192193 0.195826 0.187385 0.185698 0.202081
3568750 0.196553 0.183396 0.214496 -7.60976 2.49709 3.29261 0.200736 0.182767 0.212564 0.191762 0.184117 0.216709
3568750 0.189756 0.187503 0.205475 -0.821683 -1.00848 -1.62997 0.191966 0.189184 0.208637 0.187385 0.185698 0.202081
3568750 0.20106 0.197469 0.189168 0.333752 -0.149365 0.200363 0.197636 0.199221 0.186222 0.203818 0.196057 0.191542
3568750 0.204593 0.199467 0.189808 0.169133 0.963661 -0.312003 0.203818 0.196057 0.191542 0.205245 0.202332 0.18835
3568750 0.210336 0.203613 0.199796 0.334253 0.549234 0.255132 0.208731 0.199573 0.197914 0.211362 0.206194 0.200999
3568750 0.20376 0.179068 0.190799 -2.98455 -1.03526 -0.229776 0.207616 0.180742 0.190518 0.200617 0.177703 0.191029
3568750 0.186731 0.184707 0.197724 0.326743 0.835524 2.06804 0.18611 0.183768 0.193593 0.187385 0.185698 0.202081
3568750 0.197331 0.179757 0.185723 2.19466 -5.30538 -5.11861 0.195628 0.182519 0.188089 0.199466 0.176297 0.182759
3568750 0.211399 0.178871 0.183919 -0.357349 7.11507 -3.38641 0.211274 0.174225 0.185368 0.211539 0.184029 0.182311
3568750 0.184047 0.188364 0.203543 2.31384 -2.24035 -0.653773 0.18053 0.191173 0.205082 0.187385 0.185698 0.202081
3568750 0.214605 0.179206 0.20327 10.2907 -15.049 11.0805 0.21321 0.181975 0.200859 0.215869 0.176697 0.205455
3568750 0.212921 0.18409 0.197563 -0.573994 6.65097 -15.0364 0.21321 0.181975 0.200859 0.212619 0.186293 0.194131
3568750 0.215199 0.194638 0.197145 -2.04673 6.21425 -10.3824 0.215345 0.191539 0.201545 0.215115 0.196417 0.194619
3568750 0.194409 0.202618 0.201002 14.956 33.6038 6.31827 0.192875 0.198408 0.199548 0.195403 0.205348 0.201945
3568750 0.207802 0.179629 0.194577 -0.0611242 -0.217427 1.64763 0.207616 0.180742 0.190518 0.207937 0.17882 0.197526
3568750 0.210246 0.180202 0.198986 1.40298 0.695944 1.1689 0.207937 0.17882 0.197526 0.21321 0.181975 0.200859
3568750 0.186529 0.200946 0.188617 -6.90075 9.48496 -4.25353 0.189373 0.198096 0.189816 0.183712 0.203769 0.187429
3568750 0.201487 0.180787 0.183799 1.43827 2.24733 0.76409 0.199466 0.176297 0.182759 0.202898 0.183923 0.184525
3568750 0.196722 0.184025 0.205744 -16.1893 -13.209 3.95487 0.199491 0.187143 0.204852 0.193585 0.180495 0.206754
3568750 0.203349 0.18709 0.203034 9.78526 0.949612 -6.24972 0.199491 0.187143 0.204852 0.207032 0.18704 0.201298
3568750 0.20002 0.189526 0.20835 -0.00306884 -3.36985 -6.18741 0.200614 0.1922 0.212276 0.199491 0.187143 0.204852
3568750 0.200607 0.190278 0.202184 0.775911 4.79917 -4.58326 0.199491 0.187143 0.204852 0.201792 0.193606 0.199352
3568750 0.19001 0.18513 0.194721 -0.0 0.0 0.0 0.192838 0.186119 0.195539 0.18611 0.183768 0.193593
3568750 0.193306 0.188006 0.197962 0.000273759 0.00122524 0.0022034 0.192838 0.186119 0.195539 0.193817 0.190069 0.200612
3568750 0.195914 0.185756 0.195305 0.00687214 -0.000219536 0.000399339 0.192838 0.186119 0.195539 0.200861 0.185171 0.194928
3568750 0.185038 0.182841 0.211478 -0.00283876 0.0123797 -0.0013404 0.185337 0.178523 0.212083 0.184779 0.186576 0.210955
3568750 0.191056 0.188192 0.201243 0.0 -0.0 -0.0 0.187385 0.185698 0.202081 0.193817 0.190069 0.200612
3568750 0.187859 0.1901 0.202973 -4.7085e-05 0.0036092 0.000339445 0.187385 0.185698 0.202081 0.188205 0.193312 0.203624
3568750 0.196332 0.188772 0.202491 -0.0 -0.0 -0.0 0.199491 0.187143 0.204852 0.193817 0.190069 0.200612
3568750 0.197768 0.198444 0.181441 1.62714e-05 0.00037137 0.00114179 0.197856 0.197922 0.178231 0.197636 0.199221 0.186222
3568750 0.189856 0.191499 0.205825 0.0 -0.0 -0.0 0.191966 0.189184 0.208637 0.188205 0.193312 0.203624
3568750 0.196918 0.197222 0.218286 1.53961 3.28208 -5.51932 0.196461 0.195099 0.221033 0.197407 0.199497 0.215342
3568750 0.198816 0.196291 0.213995 -3.52507 12.3546 6.45297 0.200614 0.1922 0.212276 0.197407 0.199497 0.215342
3568750 0.204627 0.186225 0.18654 1.7375 2.04468 1.33221 0.202898 0.183923 0.184525 0.206682 0.188963 0.188937
3568750 0.216457 0.185236 0.195072 -8.57113 0.939142 -2.36744 0.222472 0.18358 0.196547 0.212619 0.186293 0.194131
3568750 0.183608 0.193068 0.208173 6.93422 6.5875 8.06595 0.18053 0.191173 0.205082 0.186216 0.194673 0.210791
3568750 0.188313 0.195247 0.192716 1.6057 10.0829 -8.64891 0.187177 0.192193 0.195826 0.189373 0.198096 0.189816
3568750 0.204525 0.182769 0.192536 -15.7335 9.64127 11.281 0.207616 0.180742 0.190518 0.200861 0.185171 0.194928
3568750 0.18663 0.187873 0.194681 -6.9884 -30.0064 -4.17221 0.187177 0.192193 0.195826 0.18611 0.183768 0.193593
3568750 0.213248 0.193662 0.214497 7.54881 7.82437 -7.94907 0.210775 0.190335 0.216842 0.216619 0.198197 0.211301
3568750 0.198653 0.194502 0.185829 2.1283 -6.25754 0.182228 0.197636 0.199221 0.186222 0.199486 0.190637 0.185507
3568750 0.21496 0.196613 0.188183 -2.21146 5.47852 -0.0175348 0.216059 0.19188 0.188045 0.213776 0.201714 0.188333
3568750 0.197905 0.191089 0.205158 -4.64642 8.83368 -0.497371 0.199491 0.187143 0.204852 0.19664 0.194236 0.205401
3568750 0.19985 0.184571 0.182901 -2.46146 0.913327 -1.70946 0.202898 0.183923 0.184525 0.196953 0.185187 0.181357
3568750 0.19258 0.183453 0.197111 -0.000447823 -0.00252619 0.00205521 0.192838 0.186119 0.195539 0.192308 0.180652 0.198762
3568750 0.189961 0.19523 0.197645 15.5754 16.1435 14.4667 0.187177 0.192193 0.195826 0.192875 0.198408 0.199548
3568750 0.209461 0.180749 0.214279 1.3667 -11.8294 3.05039 0.209495 0.18357 0.21324 0.209385 0.174492 0.216585
3568750 0.20571 0.179486 0.199518 -0.338069 0.0520763 0.376011 0.207937 0.17882 0.197526 0.202917 0.180322 0.202016
3568750 0.182277 0.198628 0.197402 11.2268 14.5114 -1.50425 0.180624 0.195833 0.197999 0.184787 0.20287 0.196496
3568750 0.206303 0.183964 0.183652 -2.37709 -0.157343 1.01033 0.211539 0.184029 0.182311 0.202898 0.183923 0.184525
3568750 0.204372 0.193101 0.209449 7.71589 0.598666 -4.66706 0.200614 0.1922 0.212276 0.207712 0.193902 0.206935
3568750 0.204913 0.183581 0.201668 -1.91239 -2.8515 0.85551 0.207032 0.18704 0.201298 0.202917 0.180322 0.202016
3568750 0.183316 0.191135 0.193757 -0.0 0.0 0.0 0.187177 0.192193 0.195826 0.179195 0.190006 0.191549
3568750 0.19235 0.189358 0.215951 -0.000134189 0.00370004 -0.00077107 0.191762 0.184117 0.216709 0.192745 0.19287 0.215443
3568750 0.218599 0.187905 0.199263 -8.40221 9.14119 8.41918 0.222472 0.18358 0.196547 0.215345 0.191539 0.201545
3568750 0.192823 0.180589 0.201982 0.000917765 0.000556639 0.00420011 0.192308 0.180652 0.198762 0.193585 0.180495 0.206754
3568750 0.18929 0.194225 0.188186 -0.843795 11.2007 6.60622 0.189182 0.189181 0.186062 0.189373 0.198096 0.189816
3568750 0.20999 0.186189 0.214634 1.6579 4.34102 2.35124 0.209495 0.18357 0.21324 0.210775 0.190335 0.216842
3568750 0.192719 0.185139 0.20776 3.26446 -9.94487 -3.27147 0.191966 0.189184 0.208637 0.193585 0.180495 0.206754
3568750 0.192387 0.191178 0.212319 0.000276406 0.00793922 0.0108016 0.191966 0.189184 0.208637 0.192745 0.19287 0.215443
3568750 0.194621 0.193996 0.218265 -0.0 0.0 -0.0 0.196461 0.195099 0.221033 0.192745 0.19287 0.215443
3568750 0.195187 0.179261 0.198116 -0.0 0.0 -0.0 0.192308 0.180652 0.198762 0.19804 0.177882 0.197476
3568750 0.207535 0.183585 0.208013 0.724824 -1.33231 -0.307533 0.206463 0.186646 0.208641 0.208862 0.179795 0.207235
3568750 0.18818 0.18781 0.209858 -0.00254578 -0.000498538 0.000636576 0.191966 0.189184 0.208637 0.184779 0.186576 0.210955
3568750 0.202714 0.185561 0.18142 0.0 0.0 0.0 0.202898 0.183923 0.184525 0.202549 0.187028 0.178642
3568750 0.200676 0.187415 0.212422 -0.680039 -7.4084 1.12717 0.200614 0.1922 0.212276 0.200736 0.182767 0.212564
3568750 0.182472 0.182355 0.191312 0.0 0.0 0.0 0.18611 0.183768 0.193593 0.178546 0.180994 0.188852
3568750 0.180586 0.193846 0.200902 0.0 0.0 0.0 0.18053 0.191173 0.205082 0.180624 0.195833 0.197999
3568750 0.182854 0.186627 0.19263 0.0 0.0 0.0 0.18611 0.183768 0.193593 0.179195 0.190006 0.191549
3568750 0.183866 0.189541 0.188983 0.0 0.0 0.0 0.189182 0.189181 0.186062 0.179195 0.190006 0.191549
3568750 0.1829 0.188531 0.208354 0.0 0.0 0.0 0.18053 0.191173 0.205082 0.184779 0.186576 0.210955
3568750 0.187679 0.185475 0.213342 0.0 0.0 0.0 0.191762 0.184117 0.216709 0.184779 0.186576 0.210955
3568750 0.185969 0.186096 0.206911 0.0 0.0 0.0 0.187385 0.185698 0.202081 0.184779 0.186576 0.210955
3568750 0.185478 0.190414 0.210874 0.0 0.0 0.0 0.186216 0.194673 0.210791 0.184779 0.186576 0.210955
3568750 0.185067 0.192358 0.20422 0.0 0.0 0.0 0.18053 0.191173 0.205082 0.188205 0.193312 0.203624
3568750 0.186046 0.19717 0.196143 0.0 0.0 0.0 0.187177 0.192193 0.195826 0.184787 0.20287 0.196496
3568750 0.187282 0.200197 0.192862 0.0 0.0 0.0 0.189373 0.198096 0.189816 0.184787 0.20287 0.196496
3568750 0.193511 0.181337 0.184815 0.0 0.0 0.0 0.195628 0.182519 0.188089 0.191344 0.180288 0.18146
3568750 0.197955 0.181562 0.181919 0.0 0.0 0.0 0.199466 0.176297 0.182759 0.196953 0.185187 0.181357
3568750 0.190417 0.184024 0.183436 0.0 0.0 0.0 0.189182 0.189181 0.186062 0.191344 0.180288 0.18146
3568750 0.186096 0.179752 0.195327 0.0 0.0 0.0 0.18611 0.183768 0.193593 0.186078 0.175005 0.197454
3568750 0.192502 0.178746 0.195532 0.0 0.0 0.0 0.192707 0.176871 0.192077 0.192308 0.180652 0.198762
3568750 0.189628 0.181922 0.196526 0.0 0.0 0.0 0.18611 0.183768 0.193593 0.192308 0.180652 0.198762
3568750 0.19635 0.183897 0.184415 0.0 0.0 0.0 0.195628 0.182519 0.188089 0.196953 0.185187 0.181357
3568750 0.197567 0.186525 0.18679 0.0 0.0 0.0 0.195628 0.182519 0.188089 0.199486 0.190637 0.185507
3568750 0.187458 0.186067 0.190288 0.0 0.0 0.0 0.18611 0.183768 0.193593 0.189182 0.189181 0.186062
3568750 0.190245 0.18269 0.200153 0.0 0.0 0.0 0.192308 0.180652 0.198762 0.187385 0.185698 0.202081
3568750 0.199504 0.183189 0.186189 0.0 0.0 0.0 0.195628 0.182519 0.188089 0.202898 0.183923 0.184525
3568750 0.198315 0.179844 0.189676 0.0 0.0 0.0 0.195628 0.182519 0.188089 0.200617 0.177703 0.191029
3568750 0.200268 0.178918 0.19955 0.0 0.0 0.0 0.202917 0.180322 0.202016 0.19804 0.177882 0.197476
3568750 0.189255 0.179379 0.209551 0.0 0.0 0.0 0.185337 0.178523 0.212083 0.193585 0.180495 0.206754
3568750 0.194067 0.179572 0.214891 0.0 0.0 0.0 0.195488 0.176903 0.213773 0.191762 0.184117 0.216709
3568750 0.192718 0.182138 0.211487 0.0 0.0 0.0 0.191762 0.184117 0.216709 0.193585 0.180495 0.206754
3568750 0.197658 0.179249 0.213271 0.0 0.0 0.0 0.195488 0.176903 0.213773 0.200736 0.182767 0.212564
3568750 0.197229 0.181574 0.209713 0.0 0.0 0.0 0.200736 0.182767 0.212564 0.193585 0.180495 0.206754
3568750 0.196013 0.186765 0.218432 0.0 0.0 0.0 0.191762 0.184117 0.216709 0.198824 0.188646 0.219572
3568750 0.199953 0.180576 0.216635 0.0 0.0 0.0 0.199133 0.178439 0.220912 0.200736 0.182767 0.212564
3568750 0.203134 0.18153 0.21959 0.0 0.0 0.0 0.199133 0.178439 0.220912 0.205965 0.183852 0.218657
3568750 0.194007 0.186623 0.183142 0.0 0.0 0.0 0.189182 0.189181 0.186062 0.196953 0.185187 0.181357
3568750 0.198304 0.190808 0.18145 0.0 0.0 0.0 0.199486 0.190637 0.185507 0.197237 0.191111 0.177785
3568750 0.190528 0.188521 0.195658 0.0 0.0 0.0 0.192838 0.186119 0.195539 0.187177 0.192193 0.195826
3568750 0.193985 0.188773 0.194406 0.0 0.0 0.0 0.192838 0.186119 0.195539 0.195655 0.192818 0.192753
3568750 0.195156 0.189949 0.185741 0.0 0.0 0.0 0.199486 0.190637 0.185507 0.189182 0.189181 0.186062
3568750 0.188082 0.190756 0.191419 0.0 0.0 0.0 0.187177 0.192193 0.195826 0.189182 0.189181 0.186062
3568750 0.192729 0.191098 0.189729 0.0 0.0 0.0 0.189182 0.189181 0.186062 0.195655 0.192818 0.192753
3568750 0.191411 0.192429 0.194292 0.0 0.0 0.0 0.187177 0.192193 0.195826 0.195655 0.192818 0.192753
3568750 0.191023 0.198167 0.194402 0.0 0.0 0.0 0.192875 0.198408 0.199548 0.189373 0.198096 0.189816
3568750 0.193212 0.198542 0.188147 0.0 0.0 0.0 0.197636 0.199221 0.186222 0.189373 0.198096 0.189816
3568750 0.190616 0.185871 0.198206 0.0 0.0 0.0 0.192838 0.186119 0.195539 0.187385 0.185698 0.202081
3568750 0.190962 0.190907 0.198556 0.0 0.0 0.0 0.187177 0.192193 0.195826 0.193817 0.190069 0.200612
3568750 0.187772 0.192761 0.20033 0.0 0.0 0.0 0.187177 0.192193 0.195826 0.188205 0.193312 0.203624
3568750 0.194605 0.191174 0.19724 0.0 0.0 0.0 0.195655 0.192818 0.192753 0.193817 0.190069 0.200612
3568750 0.193421 0.193486 0.200167 0.0 0.0 0.0 0.192875 0.198408 0.199548 0.193817 0.190069 0.200612
3568750 0.190127 0.195331 0.201947 0.0 0.0 0.0 0.192875 0.198408 0.199548 0.188205 0.193312 0.203624
3568750 0.190341 0.200803 0.185912 0.0 0.0 0.0 0.189373 0.198096 0.189816 0.191178 0.203285 0.182537
3568750 0.194532 0.202907 0.188177 0.0 0.0 0.0 0.197636 0.199221 0.186222 0.191662 0.206465 0.189985
3568750 0.198759 0.201339 0.190403 0.0 0.0 0.0 0.197636 0.199221 0.186222 0.199995 0.203823 0.194998
3568750 0.201295 0.187 0.184987 0.0 0.0 0.0 0.199486 0.190637 0.185507 0.202898 0.183923 0.184525
3568750 0.201193 0.188547 0.181678 0.0 0.0 0.0 0.199486 0.190637 0.185507 0.202549 0.187028 0.178642
3568750 0.201711 0.197624 0.183708 0.0 0.0 0.0 0.197636 0.199221 0.186222 0.207419 0.195569 0.180185
3568750 0.201669 0.193293 0.18855 0.0 0.0 0.0 0.203818 0.196057 0.191542 0.199486 0.190637 0.185507
3568750 0.200034 0.19448 0.192104 0.0 0.0 0.0 0.203818 0.196057 0.191542 0.195655 0.192818 0.192753
3568750 0.197423 0.195882 0.199448 0.0 0.0 0.0 0.192875 0.198408 0.199548 0.201792 0.193606 0.199352
3568750 0.202172 0.200999 0.187491 0.0 0.0 0.0 0.197636 0.199221 0.186222 0.205245 0.202332 0.18835
3568750 0.197058 0.199679 0.202359 0.0 0.0 0.0 0.192875 0.198408 0.199548 0.201775 0.201271 0.205529
3568750 0.195703 0.188092 0.206757 0.0 0.0 0.0 0.191966 0.189184 0.208637 0.199491 0.187143 0.204852
3568750 0.190969 0.191639 0.202142 0.0 0.0 0.0 0.188205 0.193312 0.203624 0.193817 0.190069 0.200612
3568750 0.192991 0.189598 0.204197 0.0 0.0 0.0 0.191966 0.189184 0.208637 0.193817 0.190069 0.200612
3568750 0.195227 0.192076 0.203005 0.0 0.0 0.0 0.19664 0.194236 0.205401 0.193817 0.190069 0.200612
3568750 0.187312 0.193845 0.206847 0.0 0.0 0.0 0.186216 0.194673 0.210791 0.188205 0.193312 0.203624
3568750 0.189681 0.193637 0.213256 0.0 0.0 0.0 0.186216 0.194673 0.210791 0.192745 0.19287 0.215443
3568750 0.195018 0.196023 0.215393 0.0 0.0 0.0 0.192745 0.19287 0.215443 0.197407 0.199497 0.215342
3568750 0.186281 0.196815 0.214285 0.0 0.0 0.0 0.186216 0.194673 0.210791 0.186369 0.200117 0.219358
3568750 0.195806 0.190666 0.21752 0.0 0.0 0.0 0.192745 0.19287 0.215443 0.198824 0.188646 0.219572
3568750 0.190331 0.195539 0.216926 0.0 0.0 0.0 0.192745 0.19287 0.215443 0.186369 0.200117 0.219358
3568750 0.201293 0.183474 0.203359 0.0 0.0 0.0 0.199491 0.187143 0.204852 0.202917 0.180322 0.202016
3568750 0.200086 0.184972 0.208541 0.0 0.0 0.0 0.200736 0.182767 0.212564 0.199491 0.187143 0.204852
3568750 0.20012 0.186157 0.20028 0.0 0.0 0.0 0.200861 0.185171 0.194928 0.199491 0.187143 0.204852
3568750 0.197234 0.19151 0.200073 0.0 0.0 0.0 0.201792 0.193606 0.199352 0.193817 0.190069 0.200612
3568750 0.198849 0.193889 0.202806 0.0 0.0 0.0 0.201792 0.193606 0.199352 0.19664 0.194236 0.205401
3568750 0.20342 0.186786 0.206988 0.0 0.0 0.0 0.206463 0.186646 0.208641 0.199491 0.187143 0.204852
3568750 0.196011 0.190517 0.210338 0.0 0.0 0.0 0.191966 0.189184 0.208637 0.200614 0.1922 0.212276
3568750 0.198289 0.193314 0.208255 0.0 0.0 0.0 0.200614 0.1922 0.212276 0.19664 0.194236 0.205401
3568750 0.196107 0.192506 0.21409 0.0 0.0 0.0 0.200614 0.1922 0.212276 0.192745 0.19287 0.215443
3568750 0.200548 0.197236 0.217579 0.0 0.0 0.0 0.203951 0.194947 0.220003 0.197407 0.199497 0.215342
3568750 0.199648 0.186034 0.21655 0.0 0.0 0.0 0.200736 0.182767 0.212564 0.198824 0.188646 0.219572
3568750 0.201205 0.191495 0.219772 0.0 0.0 0.0 0.203951 0.194947 0.220003 0.198824 0.188646 0.219572
3568750 0.202199 0.199268 0.193004 0.0 0.0 0.0 0.203818 0.196057 0.191542 0.199995 0.203823 0.194998
3568750 0.204615 0.2015 0.196539 0.0 0.0 0.0 0.208731 0.199573 0.197914 0.199995 0.203823 0.194998
3568750 0.209333 0.182103 0.186925 0.0 0.0 0.0 0.207616 0.180742 0.190518 0.211539 0.184029 0.182311
3568750 0.205043 0.182398 0.187252 0.0 0.0 0.0 0.207616 0.180742 0.190518 0.202898 0.183923 0.184525
3568750 0.207145 0.184791 0.189726 0.0 0.0 0.0 0.207616 0.180742 0.190518 0.206682 0.188963 0.188937
3568750 0.209225 0.181893 0.210695 0.0 0.0 0.0 0.209495 0.18357 0.21324 0.208862 0.179795 0.207235
3568750 0.205058 0.181108 0.209728 0.0 0.0 0.0 0.200736 0.182767 0.212564 0.208862 0.179795 0.207235
3568750 0.206054 0.183177 0.212973 0.0 0.0 0.0 0.209495 0.18357 0.21324 0.200736 0.182767 0.212564
3568750 0.207851 0.183623 0.215761 0.0 0.0 0.0 0.209495 0.18357 0.21324 0.205965 0.183852 0.218657
3568750 0.204288 0.179289 0.214214 0.0 0.0 0.0 0.200736 0.182767 0.212564 0.209385 0.174492 0.216585
3568750 0.214109 0.185931 0.201149 0.0 0.0 0.0 0.21321 0.181975 0.200859 0.215345 0.191539 0.201545
3568750 0.207943 0.183347 0.204261 0.0 0.0 0.0 0.208862 0.179795 0.207235 0.207032 0.18704 0.201298
3568750 0.210994 0.185996 0.211309 0.0 0.0 0.0 0.209495 0.18357 0.21324 0.212585 0.18873 0.209262
3568750 0.215795 0.182886 0.203889 0.0 0.0 0.0 0.21897 0.184179 0.207608 0.21321 0.181975 0.200859
3568750 0.20713 0.180581 0.21795 0.0 0.0 0.0 0.205965 0.183852 0.218657 0.209385 0.174492 0.216585
3568750 0.207986 0.186498 0.217893 0.0 0.0 0.0 0.205965 0.183852 0.218657 0.210775 0.190335 0.216842
3568750 0.206962 0.191404 0.185603 0.0 0.0 0.0 0.207419 0.195569 0.180185 0.206682 0.188963 0.188937
3568750 0.205132 0.195803 0.187396 0.0 0.0 0.0 0.203818 0.196057 0.191542 0.207419 0.195569 0.180185
3568750 0.212451 0.193344 0.184765 0.0 0.0 0.0 0.216059 0.19188 0.188045 0.207419 0.195569 0.180185
3568750 0.20968 0.187536 0.191563 0.0 0.0 0.0 0.212619 0.186293 0.194131 0.206682 0.188963 0.188937
3568750 0.201348 0.189517 0.197248 0.0 0.0 0.0 0.200861 0.185171 0.194928 0.201792 0.193606 0.199352
3568750 0.207299 0.194255 0.192893 0.0 0.0 0.0 0.210044 0.192974 0.193955 0.203818 0.196057 0.191542
3568750 0.206036 0.197569 0.194421 0.0 0.0 0.0 0.203818 0.196057 0.191542 0.208731 0.199573 0.197914
3568750 0.212592 0.197587 0.19592 0.0 0.0 0.0 0.208731 0.199573 0.197914 0.215115 0.196417 0.194619
3568750 0.209818 0.186589 0.197723 0.0 0.0 0.0 0.212619 0.186293 0.194131 0.207032 0.18704 0.201298
3568750 0.213794 0.188479 0.197332 0.0 0.0 0.0 0.212619 0.186293 0.194131 0.215345 0.191539 0.201545
3568750 0.20455 0.190072 0.200377 0.0 0.0 0.0 0.201792 0.193606 0.199352 0.207032 0.18704 0.201298
3568750 0.204842 0.193682 0.203259 0.0 0.0 0.0 0.201792 0.193606 0.199352 0.207712 0.193902 0.206935
3568750 0.211969 0.192374 0.196715 0.0 0.0 0.0 0.210044 0.192974 0.193955 0.215345 0.191539 0.201545
3568750 0.211825 0.195736 0.199613 0.0 0.0 0.0 0.208731 0.199573 0.197914 0.215345 0.191539 0.201545
3568750 0.21208 0.203326 0.196424 0.0 0.0 0.0 0.208731 0.199573 0.197914 0.214221 0.205846 0.19547
3568750 0.211126 0.200514 0.193366 0.0 0.0 0.0 0.208731 0.199573 0.197914 0.213776 0.201714 0.188333
3568750 0.205452 0.200298 0.201502 0.0 0.0 0.0 0.208731 0.199573 0.197914 0.201775 0.201271 0.205529
3568750 0.211014 0.190234 0.188526 0.0 0.0 0.0 0.216059 0.19188 0.188045 0.206682 0.188963 0.188937
3568750 0.212372 0.192473 0.191667 0.0 0.0 0.0 0.210044 0.192974 0.193955 0.216059 0.19188 0.188045
3568750 0.215481 0.194576 0.192063 0.0 0.0 0.0 0.216059 0.19188 0.188045 0.215115 0.196417 0.194619
3568750 0.207362 0.190318 0.204053 0.0 0.0 0.0 0.207032 0.18704 0.201298 0.207712 0.193902 0.206935
3568750 0.204075 0.188838 0.210126 0.0 0.0 0.0 0.206463 0.186646 0.208641 0.200614 0.1922 0.212276
3568750 0.203793 0.195723 0.212896 0.0 0.0 0.0 0.200614 0.1922 0.212276 0.206414 0.198762 0.213408
3568750 0.210496 0.19087 0.208263 0.0 0.0 0.0 0.212585 0.18873 0.209262 0.207712 0.193902 0.206935
3568750 0.213611 0.189698 0.20639 0.0 0.0 0.0 0.212585 0.18873 0.209262 0.215345 0.191539 0.201545
3568750 0.208387 0.194869 0.214962 0.0 0.0 0.0 0.206414 0.198762 0.213408 0.210775 0.190335 0.216842
3568750 0.201163 0.196424 0.209077 0.0 0.0 0.0 0.200614 0.1922 0.212276 0.201775 0.201271 0.205529
3568750 0.204436 0.199755 0.210051 0.0 0.0 0.0 0.206414 0.198762 0.213408 0.201775 0.201271 0.205529
3568750 0.213914 0.191774 0.209933 0.0 0.0 0.0 0.212585 0.18873 0.209262 0.216619 0.198197 0.211301
3568750 0.211237 0.195527 0.208663 0.0 0.0 0.0 0.216619 0.198197 0.211301 0.207712 0.193902 0.206935
3568750 0.215921 0.19448 0.205968 0.0 0.0 0.0 0.216619 0.198197 0.211301 0.215345 0.191539 0.201545
3568750 0.183108 0.210059 0.194031 -3.57425 -1.01031 0.593002 0.186351 0.210591 0.193879 0.179343 0.209441 0.194207
3568750 0.190481 0.202146 0.189898 -14.0492 -33.8146 2.79022 0.191662 0.206465 0.189985 0.189373 0.198096 0.189816
3568750 0.192842 0.203491 0.211868 1.16575 -15.2374 -17.5531 0.193252 0.206775 0.215108 0.192437 0.200237 0.208659
3568750 0.196765 0.200716 0.207208 -9.79348 -1.20459 1.62604 0.201775 0.201271 0.205529 0.192437 0.200237 0.208659
3568750 0.188369 0.211718 0.185602 -1.91462 -9.86691 -8.96 0.189678 0.215223 0.188358 0.187408 0.209144 0.183577
3568750 0.1886 0.208844 0.192231 2.53431 -1.33071 -1.52561 0.186351 0.210591 0.193879 0.191662 0.206465 0.189985
3568750 0.194386 0.209625 0.191617 12.0081 12.6602 10.1193 0.191662 0.206465 0.189985 0.196883 0.212523 0.193113
3568750 0.187753 0.213156 0.195387 7.08116 9.22392 7.30705 0.186351 0.210591 0.193879 0.189721 0.216756 0.197503
3568750 0.196967 0.212739 0.197215 -1.27797 0.914618 9.54805 0.196883 0.212523 0.193113 0.197064 0.21299 0.201977
3568750 0.193333 0.214904 0.199703 -6.63654 2.51484 -5.11324 0.197064 0.21299 0.201977 0.189721 0.216756 0.197503
3568750 0.191999 0.217622 0.185124 -3.40803 -2.64146 5.38923 0.194416 0.22012 0.181758 0.189678 0.215223 0.188358
3568750 0.197395 0.216476 0.192121 3.06843 14.6447 -6.05128 0.196883 0.212523 0.193113 0.197989 0.221066 0.190969
3568750 0.190776 0.218273 0.201735 -0.252992 -1.16168 -3.30641 0.191868 0.219841 0.20611 0.189721 0.216756 0.197503
3568750 0.19597 0.210101 0.213372 11.6656 10.1211 -6.15708 0.193252 0.206775 0.215108 0.198879 0.21366 0.211513
3568750 0.191504 0.211056 0.215368 -23.9241 39.8523 4.63044 0.193252 0.206775 0.215108 0.189343 0.21635 0.215688
3568750 0.198602 0.217258 0.200505 3.45877 8.66602 -4.73141 0.197064 0.21299 0.201977 0.199828 0.220661 0.199331
3568750 0.202952 0.216125 0.212896 10.5273 9.03794 4.06721 0.198879 0.21366 0.211513 0.206616 0.218342 0.21414
3568750 0.201274 0.210796 0.201532 12.727 -6.1587 -3.60112 0.197064 0.21299 0.201977 0.204835 0.208939 0.201155
3568750 0.201152 0.214991 0.203404 11.4846 5.84934 1.89421 0.197064 0.21299 0.201977 0.205159 0.216951 0.204802
3568750 0.19072 0.218255 0.210463 -3.61371 -2.57235 13.6551 0.191868 0.219841 0.20611 0.189343 0.21635 0.215688
3568750 0.201009 0.207388 0.219185 -3.35315 4.66795 5.68505 0.202761 0.204752 0.216908 0.199477 0.209692 0.221175
3568750 0.214618 0.198384 0.192285 0.264732 -9.56134 12.9616 0.213776 0.201714 0.188333 0.215115 0.196417 0.194619
3568750 0.209598 0.200999 0.202344 -4.04355 -4.90503 -11.4317 0.210168 0.201936 0.205254 0.208731 0.199573 0.197914
3568750 0.210256 0.203894 0.185127 11.8889 -4.40102 10.3705 0.207988 0.205299 0.18306 0.213776 0.201714 0.188333
3568750 0.208461 0.203422 0.19517 -1.12306 -10.9816 9.30043 0.20827 0.206136 0.193236 0.208731 0.199573 0.197914
3568750 0.214058 0.204334 0.192858 1.52383 -7.86324 -16.4863 0.214221 0.205846 0.19547 0.213776 0.201714 0.188333
3568750 0.205071 0.19718 0.206309 17.7335 -18.8917 0.201567 0.201775 0.201271 0.205529 0.207712 0.193902 0.206935
3568750 0.203515 0.20563 0.203043 7.03465 22.4471 -17.2317 0.201775 0.201271 0.205529 0.204835 0.208939 0.201155
3568750 0.20944 0.204383 0.20703 -3.02436 6.90235 6.79383 0.210168 0.201936 0.205254 0.208135 0.208769 0.210214
3568750 0.204577 0.201773 0.215168 4.48949 -6.17449 -2.5532 0.202761 0.204752 0.216908 0.206414 0.198762 0.213408
3568750 0.212257 0.200725 0.207212 7.58074 -6.67816 9.12997 0.210168 0.201936 0.205254 0.216619 0.198197 0.211301
3568750 0.20489 0.205527 0.181741 -8.60535 1.61503 -2.54783 0.207988 0.205299 0.18306 0.200508 0.205849 0.179874
3568750 0.203203 0.214461 0.182368 4.21403 -1.16645 14.7874 0.201333 0.214922 0.178338 0.205825 0.213813 0.188018
3568750 0.211854 0.212794 0.18937 -11.2362 1.5012 -4.43269 0.215407 0.212193 0.190167 0.205825 0.213813 0.188018
3568750 0.212994 0.208534 0.196107 -7.02963 25.7319 5.42196 0.214221 0.205846 0.19547 0.211236 0.212385 0.197019
3568750 0.20742 0.208805 0.191422 -6.25411 11.512 -8.66311 0.20827 0.206136 0.193236 0.205825 0.213813 0.188018
3568750 0.207921 0.2106 0.199161 -22.8756 -7.44313 14.9239 0.211236 0.212385 0.197019 0.204835 0.208939 0.201155
3568750 0.212793 0.2157 0.199334 -4.52314 -11.9019 -10.944 0.214295 0.218896 0.201565 0.211236 0.212385 0.197019
3568750 0.212151 0.216193 0.19517 2.60182 24.8299 -15.3003 0.211236 0.212385 0.197019 0.212986 0.219666 0.193483
3568750 0.210077 0.218188 0.216949 -7.74161 0.226999 -8.63512 0.213256 0.218046 0.219531 0.206616 0.218342 0.21414
3568750 0.215732 0.213136 0.20785 2.99564 -2.23507 -4.51335 0.214377 0.21472 0.210075 0.218141 0.210322 0.203895
3568750 0.200022 0.212231 0.186273 6.07425 0.661533 2.11402 0.196476 0.211263 0.185206 0.205825 0.213813 0.188018
3568750 0.194731 0.211485 0.181807 0.65537 -0.309141 1.77739 0.192896 0.211719 0.178229 0.196476 0.211263 0.185206
3568750 0.207069 0.201691 0.205355 -4.3143 -0.771467 0.698148 0.210168 0.201936 0.205254 0.201775 0.201271 0.205529
3568750 0.212171 0.212616 0.210124 -0.917686 -1.04164 -0.162549 0.214377 0.21472 0.210075 0.208135 0.208769 0.210214
3568750 0.193406 0.213051 0.18663 -4.13188 2.364 2.85021 0.196476 0.211263 0.185206 0.189678 0.215223 0.188358
3568750 0.198269 0.208855 0.182834 1.89625 -3.77857 -2.86673 0.196476 0.211263 0.185206 0.200508 0.205849 0.179874
3568750 0.207799 0.202066 0.182105 -0.0678203 -2.81034 -0.372632 0.207988 0.205299 0.18306 0.207419 0.195569 0.180185
3568750 0.215521 0.212954 0.21228 5.11238 -5.29777 6.59827 0.214377 0.21472 0.210075 0.217784 0.209462 0.216641
3568750 0.198644 0.196981 0.205451 -12.3394 -14.3303 -2.89026 0.201775 0.201271 0.205529 0.19664 0.194236 0.205401
3568750 0.184891 0.215612 0.204263 4.25314 -8.81466 1.27743 0.183705 0.219174 0.203399 0.186915 0.209532 0.205736
3568750 0.216752 0.196673 0.200753 -10.0967 -24.0428 6.43403 0.217954 0.20106 0.200077 0.215345 0.191539 0.201545
3568750 0.215702 0.203948 0.197297 -14.0062 12.1582 -13.2222 0.217954 0.20106 0.200077 0.214221 0.205846 0.19547
3568750 0.1842 0.203361 0.191542 -2.4884 4.04949 -15.5492 0.184787 0.20287 0.196496 0.183712 0.203769 0.187429
3568750 0.18578 0.216721 0.195095 -3.45007 0.468871 -1.69132 0.189721 0.216756 0.197503 0.182281 0.21669 0.192958
3568750 0.181255 0.208763 0.202475 0.197661 -0.00880283 0.106846 0.178629 0.208406 0.200962 0.186915 0.209532 0.205736
3568750 0.181697 0.2066 0.195196 1.88429 -1.65811 0.55836 0.179343 0.209441 0.194207 0.184787 0.20287 0.196496
3568750 0.191395 0.204708 0.185871 -0.395088 -0.697911 -1.63772 0.191662 0.206465 0.189985 0.191178 0.203285 0.182537
3568750 0.19449 0.204827 0.219125 2.06284 -6.12714 15.1048 0.193252 0.206775 0.215108 0.195719 0.202892 0.223111
3568750 0.204225 0.214537 0.19403 -0.473785 0.292401 4.34856 0.205825 0.213813 0.188018 0.203386 0.214917 0.197186
3568750 0.197954 0.213319 0.206652 -1.46108 -0.286017 -4.03925 0.198879 0.21366 0.211513 0.197064 0.21299 0.201977
3568750 0.191926 0.207563 0.194323 -0.0 -0.0 0.0 0.191662 0.206465 0.189985 0.192117 0.208361 0.197474
3568750 0.190395 0.208748 0.20021 -0.0010126 0.000568517 0.00175719 0.192117 0.208361 0.197474 0.186915 0.209532 0.205736
3568750 0.206597 0.203794 0.185743 -0.49481 -0.417854 1.16181 0.207988 0.205299 0.18306 0.205245 0.202332 0.18835
3568750 0.213488 0.212281 0.193318 -1.55665 -0.221218 3.58126 0.215407 0.212193 0.190167 0.211236 0.212385 0.197019
3568750 0.213788 0.207619 0.202037 0.0 0.0 0.0 0.218141 0.210322 0.203895 0.211362 0.206194 0.200999
3568750 0.200426 0.213034 0.191094 6.6383 1.44013 -5.28261 0.196883 0.212523 0.193113 0.205825 0.213813 0.188018
3568750 0.203242 0.202901 0.190886 -0.360899 0.0343828 0.56613 0.205245 0.202332 0.18835 0.199995 0.203823 0.194998
3568750 0.181832 0.201933 0.200437 4.19923 0.505633 -4.38751 0.178765 0.20096 0.204529 0.184787 0.20287 0.196496
3568750 0.202748 0.206732 0.198499 0.135374 0.202358 0.177176 0.199995 0.203823 0.194998 0.204835 0.208939 0.201155
3568750 0.194919 0.20692 0.210788 3.16105 -1.08258 -7.8743 0.193252 0.206775 0.215108 0.196046 0.207018 0.207868
3568750 0.195721 0.206173 0.20487 0.0335392 -1.30247 -8.14639 0.196046 0.207018 0.207868 0.195403 0.205348 0.201945
3568750 0.197143 0.209589 0.209279 -6.42315 -12.3705 -4.69732 0.198879 0.21366 0.211513 0.196046 0.207018 0.207868
3568750 0.218673 0.21323 0.199352 -0.196099 -1.65221 3.71506 0.219057 0.215335 0.196064 0.218141 0.210322 0.203895
3568750 0.212989 0.217296 0.209229 -4.40696 10.1789 -4.92875 0.214377 0.21472 0.210075 0.211521 0.220022 0.208334
3568750 0.18773 0.212511 0.191591 3.22757 3.38424 -3.55835 0.186351 0.210591 0.193879 0.189678 0.215223 0.188358
3568750 0.185732 0.207532 0.194916 -0.651752 -15.7792 6.21811 0.186351 0.210591 0.193879 0.184787 0.20287 0.196496
3568750 0.198171 0.204886 0.207 8.3056 -6.0744 -3.61212 0.196046 0.207018 0.207868 0.201775 0.201271 0.205529
3568750 0.204037 0.212233 0.198968 0.251588 -4.29542 3.14393 0.203386 0.214917 0.197186 0.204835 0.208939 0.201155
3568750 0.201736 0.21758 0.19818 -3.87956 4.74938 1.3129 0.203386 0.214917 0.197186 0.199828 0.220661 0.199331
3568750 0.182905 0.212449 0.201415 0.00222614 -0.00205877 0.00202243 0.181036 0.213809 0.199401 0.186915 0.209532 0.205736
3568750 0.190208 0.203831 0.216988 -16.785 -11.4196 9.77893 0.193252 0.206775 0.215108 0.186369 0.200117 0.219358
3568750 0.207742 0.210196 0.21559 -2.39483 2.21219 10.4245 0.208135 0.208769 0.210214 0.207407 0.211416 0.220185
3568750 0.182303 0.21796 0.206777 -0.843968 -0.779229 1.48036 0.183705 0.219174 0.203399 0.18093 0.216771 0.210084
3568750 0.194467 0.216415 0.204043 16.6456 -16.4706 -8.74897 0.191868 0.219841 0.20611 0.197064 0.21299 0.201977
3568750 0.206516 0.213219 0.207271 -2.65656 5.46168 -5.01891 0.208135 0.208769 0.210214 0.205159 0.216951 0.204802
3568750 0.204972 0.206405 0.214153 0.643035 0.338384 -0.584155 0.202761 0.204752 0.216908 0.208135 0.208769 0.210214
3568750 0.185708 0.205752 0.200493 -1.50226 -8.10701 -14.9317 0.186915 0.209532 0.205736 0.184787 0.20287 0.196496
3568750 0.194258 0.209053 0.187408 2.07874 3.08733 -2.65642 0.191662 0.206465 0.189985 0.196476 0.211263 0.185206
3568750 0.1931 0.207829 0.20718 -5.39942 2.01216 -2.14097 0.196046 0.207018 0.207868 0.186915 0.209532 0.205736
3568750 0.19824 0.208731 0.193934 0.137859 -0.408305 0.16169 0.196883 0.212523 0.193113 0.199995 0.203823 0.194998
3568750 0.196052 0.208333 0.201958 -5.94662 -33.9202 -5.47058 0.197064 0.21299 0.201977 0.195403 0.205348 0.201945
3568750 0.211393 0.205984 0.194408 3.50059 -0.559434 1.85312 0.20827 0.206136 0.193236 0.214221 0.205846 0.19547
3568750 0.21709 0.20638 0.194676 2.79391 0.997079 -0.951625 0.214221 0.205846 0.19547 0.22187 0.20727 0.193354
3568750 0.217176 0.213716 0.193025 -1.53032 -0.911071 -1.756 0.219057 0.215335 0.196064 0.215407 0.212193 0.190167
3568750 0.195547 0.202754 0.215237 10.9763 -13.7464 -0.0984463 0.193252 0.206775 0.215108 0.197407 0.199497 0.215342
3568750 0.210773 0.204094 0.203098 0.835399 1.79754 -2.40164 0.210168 0.201936 0.205254 0.211362 0.206194 0.200999
3568750 0.21131 0.20874 0.199363 0.385752 -2.39421 1.97299 0.211236 0.212385 0.197019 0.211362 0.206194 0.200999
3568750 0.184539 0.213306 0.193469 -2.62902 4.4836 0.117966 0.186351 0.210591 0.193879 0.182281 0.21669 0.192958
3568750 0.19773 0.203859 0.203254 2.41469 -1.67227 2.00064 0.195403 0.205348 0.201945 0.201775 0.201271 0.205529
3568750 0.181569 0.215042 0.196645 0.00111052 0.00181481 -0.00680378 0.181036 0.213809 0.199401 0.182281 0.21669 0.192958
3568750 0.188213 0.213175 0.211054 0.967835 5.28604 9.95583 0.186915 0.209532 0.205736 0.189343 0.21635 0.215688
3568750 0.204878 0.20493 0.207815 -2.76488 -3.28863 -1.26374 0.208135 0.208769 0.210214 0.201775 0.201271 0.205529
3568750 0.216751 0.217059 0.198728 5.78052 -2.71596 -6.75243 0.214295 0.218896 0.201565 0.219057 0.215335 0.196064
3568750 0.190688 0.210764 0.189186 -5.05045 16.6445 -0.653605 0.191662 0.206465 0.189985 0.189678 0.215223 0.188358
3568750 0.209023 0.212969 0.193338 1.20925 -0.307797 1.4378 0.205825 0.213813 0.188018 0.211236 0.212385 0.197019
3568750 0.21804 0.205312 0.20183 0.240411 5.9039 3.61122 0.217954 0.20106 0.200077 0.218141 0.210322 0.203895
3568750 0.206999 0.214993 0.217062 -0.454939 -5.06225 4.89169 0.206616 0.218342 0.21414 0.207407 0.211416 0.220185
3568750 0.193812 0.206807 0.19978 0.00502296 -0.00331394 0.00487103 0.192117 0.208361 0.197474 0.195403 0.205348 0.201945
3568750 0.183112 0.214132 0.208499 -0.356832 0.303632 0.217956 0.186915 0.209532 0.205736 0.18093 0.216771 0.210084
3568750 0.194582 0.204267 0.208189 -2.07488 -4.42695 -0.233194 0.196046 0.207018 0.207868 0.192437 0.200237 0.208659
3568750 0.180281 0.211787 0.197086 0.0 0.0 0.0 0.181036 0.213809 0.199401 0.179343 0.209441 0.194207
3568750 0.180958 0.206234 0.199272 0.0 0.0 0.0 0.178629 0.208406 0.200962 0.184787 0.20287 0.196496
3568750 0.182218 0.216109 0.20117 0.0 0.0 0.0 0.181036 0.213809 0.199401 0.183705 0.219174 0.203399
3568750 0.187698 0.203433 0.184817 0.0 0.0 0.0 0.191178 0.203285 0.182537 0.183712 0.203769 0.187429
3568750 0.187538 0.20499 0.188661 0.0 0.0 0.0 0.191662 0.206465 0.189985 0.183712 0.203769 0.187429
3568750 0.188416 0.204693 0.193059 0.0 0.0 0.0 0.191662 0.206465 0.189985 0.184787 0.20287 0.196496
3568750 0.189231 0.206127 0.197089 0.0 0.0 0.0 0.192117 0.208361 0.197474 0.184787 0.20287 0.196496
3568750 0.182366 0.204671 0.205063 0.0 0.0 0.0 0.186915 0.209532 0.205736 0.178765 0.20096 0.204529
3568750 0.185747 0.215927 0.190801 0.0 0.0 0.0 0.189678 0.215223 0.188358 0.182281 0.21669 0.192958
3568750 0.186441 0.218001 0.200716 0.0 0.0 0.0 0.183705 0.219174 0.203399 0.189721 0.216756 0.197503
3568750 0.184271 0.216531 0.212309 0.0 0.0 0.0 0.18093 0.216771 0.210084 0.189343 0.21635 0.215688
3568750 0.19485 0.196714 0.206786 0.0 0.0 0.0 0.192437 0.200237 0.208659 0.19664 0.194236 0.205401
3568750 0.195169 0.199754 0.212334 0.0 0.0 0.0 0.192437 0.200237 0.208659 0.197407 0.199497 0.215342
3568750 0.194215 0.20323 0.204628 0.0 0.0 0.0 0.195403 0.205348 0.201945 0.192437 0.200237 0.208659
3568750 0.190166 0.203983 0.207457 0.0 0.0 0.0 0.186915 0.209532 0.205736 0.192437 0.200237 0.208659
3568750 0.196648 0.200947 0.218831 0.0 0.0 0.0 0.195719 0.202892 0.223111 0.197407 0.199497 0.215342
3568750 0.200031 0.201998 0.216109 0.0 0.0 0.0 0.202761 0.204752 0.216908 0.197407 0.199497 0.215342
3568750 0.189245 0.207909 0.18635 0.0 0.0 0.0 0.191662 0.206465 0.189985 0.187408 0.209144 0.183577
3568750 0.19547 0.205182 0.192277 0.0 0.0 0.0 0.191662 0.206465 0.189985 0.199995 0.203823 0.194998
3568750 0.19667 0.211796 0.18902 0.0 0.0 0.0 0.196883 0.212523 0.193113 0.196476 0.211263 0.185206
3568750 0.189249 0.209397 0.195687 0.0 0.0 0.0 0.186351 0.210591 0.193879 0.192117 0.208361 0.197474
3568750 0.194222 0.210128 0.195546 0.0 0.0 0.0 0.192117 0.208361 0.197474 0.196883 0.212523 0.193113
3568750 0.195107 0.206566 0.196533 0.0 0.0 0.0 0.192117 0.208361 0.197474 0.199995 0.203823 0.194998
3568750 0.1935 0.213715 0.190881 0.0 0.0 0.0 0.196883 0.212523 0.193113 0.189678 0.215223 0.188358
3568750 0.194123 0.210166 0.1993 0.0 0.0 0.0 0.192117 0.208361 0.197474 0.197064 0.21299 0.201977
3568750 0.197077 0.204717 0.199408 0.0 0.0 0.0 0.195403 0.205348 0.201945 0.199995 0.203823 0.194998
3568750 0.195565 0.2151 0.183686 0.0 0.0 0.0 0.194416 0.22012 0.181758 0.196476 0.211263 0.185206
3568750 0.191126 0.21176 0.197485 0.0 0.0 0.0 0.192117 0.208361 0.197474 0.189721 0.216756 0.197503
3568750 0.193509 0.214443 0.195179 0.0 0.0 0.0 0.196883 0.212523 0.193113 0.189721 0.216756 0.197503
3568750 0.189698 0.215918 0.192945 0.0 0.0 0.0 0.189678 0.215223 0.188358 0.189721 0.216756 0.197503
3568750 0.193776 0.218032 0.189647 0.0 0.0 0.0 0.197989 0.221066 0.190969 0.189678 0.215223 0.188358
3568750 0.200965 0.198229 0.197349 0.0 0.0 0.0 0.199995 0.203823 0.194998 0.201792 0.193606 0.199352
3568750 0.198716 0.212876 0.182039 0.0 0.0 0.0 0.201333 0.214922 0.178338 0.196476 0.211263 0.185206
3568750 0.200493 0.21378 0.195376 0.0 0.0 0.0 0.196883 0.212523 0.193113 0.203386 0.214917 0.197186
3568750 0.205077 0.205169 0.193916 0.0 0.0 0.0 0.20827 0.206136 0.193236 0.199995 0.203823 0.194998
3568750 0.200883 0.202472 0.200264 0.0 0.0 0.0 0.199995 0.203823 0.194998 0.201775 0.201271 0.205529
3568750 0.190631 0.20784 0.211233 0.0 0.0 0.0 0.193252 0.206775 0.215108 0.186915 0.209532 0.205736
3568750 0.196448 0.20931 0.205532 0.0 0.0 0.0 0.196046 0.207018 0.207868 0.197064 0.21299 0.201977
3568750 0.192707 0.206601 0.203147 0.0 0.0 0.0 0.186915 0.209532 0.205736 0.195403 0.205348 0.201945
3568750 0.192795 0.211462 0.203557 0.0 0.0 0.0 0.186915 0.209532 0.205736 0.197064 0.21299 0.201977
3568750 0.196837 0.208381 0.218602 0.0 0.0 0.0 0.193252 0.206775 0.215108 0.199477 0.209692 0.221175
3568750 0.188562 0.213702 0.200899 0.0 0.0 0.0 0.186915 0.209532 0.205736 0.189721 0.216756 0.197503
3568750 0.189784 0.215432 0.205952 0.0 0.0 0.0 0.191868 0.219841 0.20611 0.186915 0.209532 0.205736
3568750 0.195305 0.216736 0.208759 0.0 0.0 0.0 0.198879 0.21366 0.211513 0.191868 0.219841 0.20611
3568750 0.199363 0.215638 0.216004 0.0 0.0 0.0 0.198879 0.21366 0.211513 0.199813 0.217609 0.220157
3568750 0.194454 0.214834 0.213449 0.0 0.0 0.0 0.198879 0.21366 0.211513 0.189343 0.21635 0.215688
3568750 0.200804 0.214057 0.199141 0.0 0.0 0.0 0.197064 0.21299 0.201977 0.203386 0.214917 0.197186
3568750 0.203234 0.211283 0.2109 0.0 0.0 0.0 0.198879 0.21366 0.211513 0.208135 0.208769 0.210214
3568750 0.198414 0.205601 0.216084 0.0 0.0 0.0 0.193252 0.206775 0.215108 0.202761 0.204752 0.216908
3568750 0.202109 0.21528 0.208058 0.0 0.0 0.0 0.198879 0.21366 0.211513 0.205159 0.216951 0.204802
3568750 0.19953 0.203823 0.219752 0.0 0.0 0.0 0.202761 0.204752 0.216908 0.195719 0.202892 0.223111
3568750 0.201374 0.217856 0.189695 0.0 0.0 0.0 0.197989 0.221066 0.190969 0.205825 0.213813 0.188018
3568750 0.195161 0.216976 0.21817 0.0 0.0 0.0 0.199813 0.217609 0.220157 0.189343 0.21635 0.215688
3568750 0.20326 0.217906 0.217107 0.0 0.0 0.0 0.199813 0.217609 0.220157 0.206616 0.218342 0.21414
3568750 0.205953 0.200052 0.18569 0.0 0.0 0.0 0.205245 0.202332 0.18835 0.207419 0.195569 0.180185
3568750 0.201783 0.197056 0.202193 0.0 0.0 0.0 0.201775 0.201271 0.205529 0.201792 0.193606 0.199352
3568750 0.216255 0.198206 0.196813 0.0 0.0 0.0 0.217954 0.20106 0.200077 0.215115 0.196417 0.194619
3568750 0.213408 0.20025 0.199011 0.0 0.0 0.0 0.217954 0.20106 0.200077 0.208731 0.199573 0.197914
3568750 0.209129 0.198469 0.205962 0.0 0.0 0.0 0.210168 0.201936 0.205254 0.207712 0.193902 0.206935
3568750 0.207124 0.202831 0.212084 0.0 0.0 0.0 0.208135 0.208769 0.210214 0.206414 0.198762 0.213408
3568750 0.208167 0.199908 0.216729 0.0 0.0 0.0 0.210638 0.201702 0.221404 0.206414 0.198762 0.213408
3568750 0.207231 0.208205 0.184798 0.0 0.0 0.0 0.207988 0.205299 0.18306 0.205825 0.213813 0.188018
3568750 0.211235 0.2112 0.184755 0.0 0.0 0.0 0.205825 0.213813 0.188018 0.215222 0.209404 0.182349
3568750 0.207248 0.211749 0.182148 0.0 0.0 0.0 0.205825 0.213813 0.188018 0.208037 0.210723 0.178898
3568750 0.20956 0.20878 0.194884 0.0 0.0 0.0 0.20827 0.206136 0.193236 0.211236 0.212385 0.197019
3568750 0.206743 0.204141 0.190772 0.0 0.0 0.0 0.20827 0.206136 0.193236 0.205245 0.202332 0.18835
3568750 0.210412 0.204339 0.191329 0.0 0.0 0.0 0.20827 0.206136 0.193236 0.213776 0.201714 0.188333
3568750 0.206769 0.213751 0.197115 0.0 0.0 0.0 0.203386 0.214917 0.197186 0.211236 0.212385 0.197019
3568750 0.208529 0.202018 0.188344 0.0 0.0 0.0 0.205245 0.202332 0.18835 0.213776 0.201714 0.188333
3568750 0.212789 0.205945 0.198235 0.0 0.0 0.0 0.214221 0.205846 0.19547 0.211362 0.206194 0.200999
3568750 0.214236 0.215727 0.19177 0.0 0.0 0.0 0.215407 0.212193 0.190167 0.212986 0.219666 0.193483
3568750 0.210214 0.217328 0.191371 0.0 0.0 0.0 0.205825 0.213813 0.188018 0.212986 0.219666 0.193483
3568750 0.204115 0.215683 0.20033 0.0 0.0 0.0 0.205159 0.216951 0.204802 0.203386 0.214917 0.197186
3568750 0.21534 0.213859 0.196519 0.0 0.0 0.0 0.219057 0.215335 0.196064 0.211236 0.212385 0.197019
3568750 0.214302 0.211392 0.200075 0.0 0.0 0.0 0.218141 0.210322 0.203895 0.211236 0.212385 0.197019
3568750 0.210222 0.207025 0.204241 0.0 0.0 0.0 0.208135 0.208769 0.210214 0.211362 0.206194 0.200999
3568750 0.20856 0.207296 0.201065 0.0 0.0 0.0 0.211362 0.206194 0.200999 0.204835 0.208939 0.201155
3568750 0.206218 0.208793 0.204956 0.0 0.0 0.0 0.208135 0.208769 0.210214 0.204835 0.208939 0.201155
3568750 0.207289 0.214013 0.212394 0.0 0.0 0.0 0.208135 0.208769 0.210214 0.206616 0.218342 0.21414
3568750 0.204983 0.212576 0.202843 0.0 0.0 0.0 0.205159 0.216951 0.204802 0.204835 0.208939 0.201155
3568750 0.213974 0.20408 0.200633 0.0 0.0 0.0 0.217954 0.20106 0.200077 0.211362 0.206194 0.200999
3568750 0.213206 0.20948 0.207009 0.0 0.0 0.0 0.208135 0.208769 0.210214 0.218141 0.210322 0.203895
3568750 0.21277 0.209027 0.2133 0.0 0.0 0.0 0.208135 0.208769 0.210214 0.217784 0.209462 0.216641
3568750 0.215916 0.217195 0.210816 0.0 0.0 0.0 0.214377 0.21472 0.210075 0.218069 0.220828 0.211853
3568750 0.20485 0.207675 0.218381 0.0 0.0 0.0 0.202761 0.204752 0.216908 0.207407 0.211416 0.220185
3568750 0.206011 0.203417 0.218763 0.0 0.0 0.0 0.202761 0.204752 0.216908 0.210638 0.201702 0.221404
3568750 0.216031 0.217418 0.19478 0.0 0.0 0.0 0.219057 0.215335 0.196064 0.212986 0.219666 0.193483
3568750 0.205903 0.217588 0.209581 0.0 0.0 0.0 0.206616 0.218342 0.21414 0.205159 0.216951 0.204802
3568750 0.209981 0.217905 0.203093 0.0 0.0 0.0 0.214295 0.218896 0.201565 0.205159 0.216951 0.204802
3568750 0.215967 0.215088 0.20258 0.0 0.0 0.0 0.214295 0.218896 0.201565 0.218141 0.210322 0.203895
3568750 0.217398 0.199795 0.204732 0.0 0.0 0.0 0.217954 0.20106 0.200077 0.216619 0.198197 0.211301
