# ts x y z Fx Fy Fz x1 y1 z1 x2 y2 z2
600000 0.182141 0.178805 0.198402 -31.7505 28.4384 3.42137 0.18608 0.175459 0.197516 0.177558 0.182698 0.199433
600000 0.181757 0.200212 0.193846 0.197877 0.133421 0.144643 0.179942 0.198431 0.192178 0.184749 0.203149 0.196597
600000 0.182201 0.198925 0.197483 13.0907 16.9702 -1.42943 0.180522 0.196143 0.198067 0.184749 0.203149 0.196597
600000 0.183263 0.191457 0.19382 -2.78961 -0.310221 -1.65822 0.187108 0.192565 0.195891 0.179159 0.190275 0.19161
600000 0.185722 0.197255 0.187859 13.6378 4.07099 10.5359 0.182398 0.196189 0.186044 0.189271 0.198394 0.189797
600000 0.183308 0.19463 0.197146 -15.4201 7.37835 2.27011 0.187108 0.192565 0.195891 0.180522 0.196143 0.198067
600000 0.188956 0.200875 0.198102 -9.04431 3.42797 -2.08357 0.192913 0.198736 0.199517 0.184749 0.203149 0.196597
600000 0.186393 0.201239 0.188667 -7.21743 9.46158 -4.47692 0.189271 0.198394 0.189797 0.183544 0.204057 0.187548
600000 0.183512 0.193411 0.20819 15.6453 6.46525 11.5559 0.18039 0.191463 0.205178 0.186156 0.19506 0.210741
600000 0.194405 0.183282 0.181422 21.662 13.4681 -0.230389 0.191302 0.180588 0.181448 0.196926 0.18547 0.1814
600000 0.19724 0.180095 0.185856 5.31553 -10.1131 -10.9668 0.195526 0.182891 0.188172 0.199389 0.176592 0.182955
600000 0.198075 0.188006 0.183241 -3.39262 -14.1518 -9.9939 0.199441 0.191019 0.185427 0.196926 0.18547 0.1814
600000 0.199849 0.184862 0.182897 -1.60187 0.0523799 -0.737581 0.202926 0.184223 0.184472 0.196926 0.18547 0.1814
600000 0.201471 0.181085 0.183848 1.69163 2.49815 0.550669 0.199389 0.176592 0.182955 0.202926 0.184223 0.184472
600000 0.194032 0.179818 0.19028 -3.6485 -5.04321 3.41399 0.195526 0.182891 0.188172 0.192734 0.177146 0.192112
600000 0.185876 0.180702 0.191096 -2.89926 20.4251 16.8107 0.185744 0.177987 0.189106 0.186043 0.184151 0.193622
600000 0.192829 0.185706 0.187209 -13.0093 10.5196 -6.00084 0.195526 0.182891 0.188172 0.189154 0.189542 0.185896
600000 0.186562 0.188251 0.194727 -10.5417 -38.2001 -14.094 0.187108 0.192565 0.195891 0.186043 0.184151 0.193622
600000 0.197853 0.184057 0.191229 4.55178 1.02633 5.96475 0.195526 0.182891 0.188172 0.200748 0.185507 0.195031
600000 0.196674 0.184396 0.205797 -16.0341 -13.0185 4.15933 0.199448 0.187514 0.204925 0.193532 0.180864 0.206785
600000 0.188255 0.181379 0.214302 12.3024 7.58519 8.19522 0.185392 0.178807 0.212236 0.191745 0.184514 0.216822
600000 0.197853 0.191458 0.205221 -6.65658 11.2189 0.270412 0.199448 0.187514 0.204925 0.196582 0.194602 0.205457
600000 0.203298 0.187458 0.203091 12.3832 1.47428 -7.68062 0.199448 0.187514 0.204925 0.206974 0.187405 0.20134
600000 0.200523 0.190633 0.20222 0.581742 4.55919 -3.73308 0.199448 0.187514 0.204925 0.201663 0.193944 0.199349
600000 0.19996 0.189907 0.208419 -0.545539 -5.79826 -6.22997 0.200534 0.192593 0.212341 0.199448 0.187514 0.204925
600000 0.195976 0.187261 0.218533 6.33645 2.74028 2.35187 0.191745 0.184514 0.216822 0.198775 0.189077 0.219664
600000 0.196526 0.183795 0.214585 -2.27934 0.670123 0.83438 0.2007 0.183168 0.212632 0.191745 0.184514 0.216822
600000 0.18922 0.19455 0.188103 -0.920848 17.3682 10.968 0.189154 0.189542 0.185896 0.189271 0.198394 0.189797
600000 0.197644 0.192013 0.188821 -4.89449 1.16723 10.3893 0.199441 0.191019 0.185427 0.195599 0.193144 0.192685
600000 0.188227 0.195581 0.192738 2.42991 12.0173 -9.67181 0.187108 0.192565 0.195891 0.189271 0.198394 0.189797
600000 0.189944 0.19558 0.197663 24.0445 20.0992 9.43621 0.187108 0.192565 0.195891 0.192913 0.198736 0.199517
600000 0.192321 0.195864 0.191189 -18.3622 14.7937 -4.28273 0.195599 0.193144 0.192685 0.189271 0.198394 0.189797
600000 0.196531 0.196253 0.189545 -2.96347 -11.4729 8.33359 0.19753 0.199587 0.186178 0.195599 0.193144 0.192685
600000 0.194285 0.19588 0.196027 6.98867 -15.9176 -13.9684 0.192913 0.198736 0.199517 0.195599 0.193144 0.192685
600000 0.195044 0.196334 0.202968 4.67222 -8.545 9.85842 0.192913 0.198736 0.199517 0.196582 0.194602 0.205457
600000 0.192642 0.19969 0.204127 0.0697932 0.604244 10.2284 0.192913 0.198736 0.199517 0.192379 0.200619 0.208613
600000 0.196256 0.201271 0.197363 3.43977 1.96181 -1.53363 0.192913 0.198736 0.199517 0.200026 0.20413 0.194932
600000 0.194364 0.202967 0.200997 13.9662 32.7379 17.7768 0.192913 0.198736 0.199517 0.195304 0.20571 0.201956
600000 0.198044 0.189517 0.193799 -26.1381 27.8629 -11.2008 0.200748 0.185507 0.195031 0.195599 0.193144 0.192685
600000 0.202372 0.192855 0.183485 7.39552 3.00823 -5.08802 0.199441 0.191019 0.185427 0.207386 0.195995 0.180164
600000 0.202933 0.190193 0.187117 5.42369 -1.22365 1.60908 0.199441 0.191019 0.185427 0.206612 0.189324 0.188897
600000 0.198627 0.193543 0.196013 1.2779 0.446989 1.76612 0.195599 0.193144 0.192685 0.201663 0.193944 0.199349
600000 0.200929 0.197808 0.189137 0.218723 -0.113898 0.134229 0.19753 0.199587 0.186178 0.203667 0.196375 0.191522
600000 0.199043 0.202953 0.183042 5.12344 10.1711 -13.2251 0.19753 0.199587 0.186178 0.200534 0.206271 0.179951
600000 0.189065 0.197659 0.209746 34.9108 24.0213 -6.42583 0.186156 0.19506 0.210741 0.192379 0.200619 0.208613
600000 0.196755 0.197524 0.218553 6.64397 21.7582 -24.6856 0.19649 0.195492 0.221389 0.197039 0.199702 0.215513
600000 0.198575 0.196578 0.214119 -15.8562 43.281 25.6453 0.200534 0.192593 0.212341 0.197039 0.199702 0.215513
600000 0.199521 0.190568 0.21656 -0.488447 -1.31987 3.97758 0.200534 0.192593 0.212341 0.198775 0.189077 0.219664
600000 0.213913 0.178829 0.199127 1.16804 -3.7352 -2.63525 0.213094 0.182278 0.200822 0.215318 0.172912 0.196219
600000 0.218951 0.178583 0.196444 -25.0101 -31.3322 3.48279 0.222406 0.183976 0.196658 0.215318 0.172912 0.196219
600000 0.20461 0.186553 0.186493 1.69035 1.61848 1.8845 0.202926 0.184223 0.184472 0.206612 0.189324 0.188897
600000 0.200656 0.181057 0.192771 -0.80968 -11.8614 -8.5464 0.200748 0.185507 0.195031 0.200593 0.177995 0.191216
600000 0.210045 0.183988 0.192409 12.3623 9.7627 7.42614 0.207526 0.181155 0.190576 0.212491 0.186738 0.194189
600000 0.204424 0.183146 0.192614 -7.93545 5.29291 7.45233 0.207526 0.181155 0.190576 0.200748 0.185507 0.195031
600000 0.212798 0.184463 0.197573 0.49747 8.99491 -17.7541 0.213094 0.182278 0.200822 0.212491 0.186738 0.194189
600000 0.201929 0.182789 0.19905 1.97668 -2.97616 3.85257 0.200748 0.185507 0.195031 0.202837 0.1807 0.202139
600000 0.204177 0.186552 0.198506 14.4702 5.4248 11.0005 0.200748 0.185507 0.195031 0.206974 0.187405 0.20134
600000 0.207067 0.185256 0.189733 0.237563 9.52708 -2.83561 0.207526 0.181155 0.190576 0.206612 0.189324 0.188897
600000 0.211151 0.190591 0.193892 2.35159 -4.37118 0.335849 0.210144 0.193487 0.193668 0.212491 0.186738 0.194189
600000 0.213687 0.188988 0.197389 1.02507 3.79399 5.95108 0.212491 0.186738 0.194189 0.215261 0.191949 0.201602
600000 0.214126 0.189235 0.191394 -6.63516 -12.6757 17.9173 0.216069 0.192202 0.188072 0.212491 0.186738 0.194189
600000 0.205745 0.180445 0.204632 -1.17047 -0.0261352 -1.3197 0.208843 0.180174 0.207289 0.202837 0.1807 0.202139
600000 0.210089 0.184795 0.201076 -8.38474 7.59559 -1.01124 0.213094 0.182278 0.200822 0.206974 0.187405 0.20134
600000 0.211011 0.181247 0.203991 -0.941263 -0.812731 1.97881 0.213094 0.182278 0.200822 0.208843 0.180174 0.207289
600000 0.214447 0.17958 0.203334 11.2352 -16.1624 13.005 0.213094 0.182278 0.200822 0.215674 0.177135 0.205611
600000 0.206673 0.187194 0.205396 0.973654 0.928267 -5.3261 0.206429 0.187022 0.208685 0.206974 0.187405 0.20134
600000 0.200836 0.179011 0.210559 0.0918388 -36.0091 -25.6504 0.2007 0.183168 0.212632 0.200986 0.174427 0.208273
600000 0.208032 0.185439 0.2111 4.36028 -2.72836 6.28283 0.206429 0.187022 0.208685 0.20949 0.183997 0.213299
600000 0.20405 0.185421 0.210325 -2.71409 -1.95539 2.68112 0.206429 0.187022 0.208685 0.2007 0.183168 0.212632
600000 0.209422 0.181179 0.214349 -1.89073 -9.6685 3.5702 0.20949 0.183997 0.213299 0.20927 0.174932 0.216677
600000 0.210543 0.189362 0.201453 -19.245 -6.87017 -0.625108 0.215261 0.191949 0.201602 0.206974 0.187405 0.20134
600000 0.206961 0.1902 0.20796 2.2125 7.22196 -0.983624 0.206429 0.187022 0.208685 0.207647 0.194296 0.207026
600000 0.209967 0.186589 0.214747 0.0424838 5.32441 2.66145 0.20949 0.183997 0.213299 0.210721 0.190693 0.217041
600000 0.216632 0.182923 0.19924 -0.7005 -0.096092 0.451512 0.222406 0.183976 0.196658 0.213094 0.182278 0.200822
600000 0.212263 0.183882 0.21446 1.07971 -0.0444673 0.26199 0.20949 0.183997 0.213299 0.215973 0.18373 0.216015
600000 0.20507 0.196841 0.198644 -8.0593 -4.93486 1.11339 0.208634 0.19987 0.197905 0.201663 0.193944 0.199349
600000 0.205089 0.19297 0.190254 3.38099 -6.19273 -3.47064 0.203667 0.196375 0.191522 0.206612 0.189324 0.188897
600000 0.208647 0.191722 0.191646 -3.25694 -4.63847 -6.62755 0.210144 0.193487 0.193668 0.206612 0.189324 0.188897
600000 0.204565 0.199754 0.189787 0.0564471 0.324698 -0.110666 0.203667 0.196375 0.191522 0.205319 0.202595 0.188329
600000 0.212641 0.195199 0.1942 3.91805 3.4499 1.50263 0.210144 0.193487 0.193668 0.215153 0.19692 0.194736
600000 0.20955 0.196 0.195336 -1.24334 5.23315 4.8347 0.210144 0.193487 0.193668 0.208634 0.19987 0.197905
600000 0.212578 0.198086 0.195988 12.4424 -3.1976 -5.63957 0.208634 0.19987 0.197905 0.215153 0.19692 0.194736
600000 0.218039 0.195835 0.19495 -18.5848 8.88696 1.31153 0.221881 0.194391 0.195236 0.215153 0.19692 0.194736
600000 0.214996 0.19694 0.188183 -8.57644 24.6393 3.55622 0.216069 0.192202 0.188072 0.21384 0.202046 0.188303
600000 0.204299 0.193495 0.209527 22.3408 5.2601 -11.6522 0.200534 0.192593 0.212341 0.207647 0.194296 0.207026
600000 0.210479 0.191433 0.208406 -3.88449 5.5132 -2.51705 0.212601 0.189287 0.209441 0.207647 0.194296 0.207026
600000 0.211009 0.19326 0.204631 -19.0001 7.10193 18.8815 0.215261 0.191949 0.201602 0.207647 0.194296 0.207026
600000 0.211847 0.189851 0.212491 -0.780076 0.743365 2.21724 0.212601 0.189287 0.209441 0.210721 0.190693 0.217041
600000 0.215094 0.187421 0.208747 -5.9476 3.39458 2.29869 0.218861 0.184601 0.207698 0.212601 0.189287 0.209441
600000 0.21716 0.188072 0.204818 -6.53863 10.2758 -11.9229 0.218861 0.184601 0.207698 0.215261 0.191949 0.201602
600000 0.219013 0.193333 0.197995 -0.50028 -0.214845 0.670191 0.221881 0.194391 0.195236 0.215261 0.191949 0.201602
600000 0.207051 0.193273 0.218635 24.3726 -14.3041 -14.7543 0.20392 0.195474 0.219995 0.210721 0.190693 0.217041
600000 0.182546 0.183552 0.196017 -2.21294 -0.291878 2.07767 0.186043 0.184151 0.193622 0.177558 0.182698 0.199433
600000 0.211346 0.179191 0.184027 -0.257746 6.94848 -3.27958 0.211113 0.174553 0.185485 0.211604 0.184342 0.182407
600000 0.206345 0.18427 0.183658 -0.819532 0.122644 0.21485 0.211604 0.184342 0.182407 0.202926 0.184223 0.184472
600000 0.21114 0.195992 0.208772 -7.28035 -4.66539 -5.20766 0.216467 0.198578 0.211434 0.207647 0.194296 0.207026
600000 0.201232 0.183927 0.203459 0.710657 -1.1658 -0.726154 0.199448 0.187514 0.204925 0.202837 0.1807 0.202139
600000 0.193763 0.201864 0.184158 -3.77509 2.87453 -2.96065 0.19753 0.199587 0.186178 0.190939 0.203571 0.182644
600000 0.203707 0.179415 0.190928 -8.9525 -4.21789 -0.737216 0.207526 0.181155 0.190576 0.200593 0.177995 0.191216
600000 0.211028 0.19941 0.184757 7.61595 10.3533 14.2366 0.207386 0.195995 0.180164 0.21384 0.202046 0.188303
600000 0.194939 0.178791 0.182126 -0.762813 0.413164 -0.0098197 0.199389 0.176592 0.182955 0.191302 0.180588 0.181448
600000 0.2101 0.199035 0.212632 0.39649 0.0249585 -0.0394824 0.206235 0.199312 0.213359 0.216467 0.198578 0.211434
600000 0.1903 0.183531 0.204379 -0.0158507 0.00900158 -0.0119127 0.193532 0.180864 0.206785 0.187279 0.186025 0.20213
600000 0.183146 0.18461 0.200983 0.0153514 0.00263088 0.00473776 0.177558 0.182698 0.199433 0.187279 0.186025 0.20213
600000 0.206914 0.196901 0.210314 0.16488 -0.287978 -0.388308 0.206235 0.199312 0.213359 0.207647 0.194296 0.207026
600000 0.205095 0.197422 0.216626 0.0369327 0.0400898 -0.106692 0.20392 0.195474 0.219995 0.206235 0.199312 0.213359
600000 0.203691 0.183791 0.216138 3.64416 1.75194 4.70227 0.2007 0.183168 0.212632 0.205911 0.184254 0.21874
600000 0.202366 0.194151 0.216481 1.64234 1.77455 6.12266 0.200534 0.192593 0.212341 0.20392 0.195474 0.219995
600000 0.194503 0.192342 0.206918 5.39646 4.16422 -3.6382 0.191932 0.189546 0.208725 0.196582 0.194602 0.205457
600000 0.207508 0.183963 0.208062 0.500226 -0.921296 -0.171064 0.206429 0.187022 0.208685 0.208843 0.180174 0.207289
600000 0.192677 0.185504 0.207822 1.86318 -6.08716 -0.672011 0.191932 0.189546 0.208725 0.193532 0.180864 0.206785
600000 0.188981 0.192363 0.209755 -3.76835 3.71886 0.474716 0.191932 0.189546 0.208725 0.186156 0.19506 0.210741
600000 0.208788 0.187151 0.186067 -1.37332 1.61301 2.62953 0.211604 0.184342 0.182407 0.206612 0.189324 0.188897
600000 0.19858 0.194877 0.185765 0.952317 -6.48126 -1.50922 0.19753 0.199587 0.186178 0.199441 0.191019 0.185427
600000 0.191849 0.187325 0.212299 0.550031 -2.24535 4.49967 0.191932 0.189546 0.208725 0.191745 0.184514 0.216822
600000 0.199924 0.181018 0.216682 2.14927 3.04769 -8.63278 0.19911 0.178762 0.220932 0.2007 0.183168 0.212632
600000 0.218523 0.18831 0.199345 -16.3388 14.3638 13.3952 0.222406 0.183976 0.196658 0.215261 0.191949 0.201602
600000 0.199119 0.181049 0.196577 -9.97332 -18.2099 5.30479 0.200748 0.185507 0.195031 0.198066 0.178164 0.197578
600000 0.200247 0.179323 0.199663 -0.335382 -0.124425 -0.236154 0.202837 0.1807 0.202139 0.198066 0.178164 0.197578
600000 0.217028 0.180307 0.206498 -2.04374 -6.09564 -2.65086 0.218861 0.184601 0.207698 0.215674 0.177135 0.205611
600000 0.213152 0.19403 0.214669 12.6238 11.946 -10.2218 0.210721 0.190693 0.217041 0.216467 0.198578 0.211434
600000 0.182812 0.188873 0.20835 0.00702509 -0.00567997 0.0103942 0.18039 0.191463 0.205178 0.184737 0.186816 0.210871
600000 0.185041 0.183101 0.211504 -0.00165135 0.0258515 -0.000273151 0.185392 0.178807 0.212236 0.184737 0.186816 0.210871
600000 0.18996 0.178907 0.198293 0.00961049 0.00615855 0.00213786 0.18608 0.175459 0.197516 0.192372 0.181049 0.198776
600000 0.189923 0.185549 0.194775 -0.0 0.0 0.0 0.192737 0.186564 0.195612 0.186043 0.184151 0.193622
600000 0.192839 0.180975 0.202004 0.000852502 0.00071388 0.00520172 0.192372 0.181049 0.198776 0.193532 0.180864 0.206785
600000 0.193203 0.188407 0.198068 0.000465554 0.00106545 0.00198977 0.192737 0.186564 0.195612 0.193713 0.190422 0.200755
600000 0.195808 0.186159 0.195389 0.00656368 -0.000180509 0.000318068 0.192737 0.186564 0.195612 0.200748 0.185507 0.195031
600000 0.192385 0.189745 0.216036 0.00135383 0.00539166 -0.0014191 0.191745 0.184514 0.216822 0.192814 0.193251 0.215509
600000 0.197712 0.198858 0.181392 -1.35948e-05 0.000305388 0.00095957 0.197835 0.198368 0.178178 0.19753 0.199587 0.186178
600000 0.196255 0.189133 0.202603 -0.0 -0.0 -0.0 0.199448 0.187514 0.204925 0.193713 0.190422 0.200755
600000 0.189757 0.191833 0.205942 -0.000268822 0.000187827 -0.000327195 0.191932 0.189546 0.208725 0.188054 0.193624 0.203762
600000 0.200618 0.187811 0.212489 -1.35461 -45.6605 8.42669 0.200534 0.192593 0.212341 0.2007 0.183168 0.212632
600000 0.207057 0.181075 0.218037 2.6393 -8.34836 -3.28864 0.205911 0.184254 0.21874 0.20927 0.174932 0.216677
600000 0.210407 0.203852 0.199762 0.0 -0.0 -0.0 0.208634 0.19987 0.197905 0.21154 0.206396 0.200948
600000 0.188141 0.188108 0.209856 -0.00287606 -0.000662303 0.00112348 0.191932 0.189546 0.208725 0.184737 0.186816 0.210871
600000 0.195232 0.1796 0.198174 0.0 0.0 -0.0 0.192372 0.181049 0.198776 0.198066 0.178164 0.197578
600000 0.195588 0.181512 0.218967 -3.066 2.43855 -2.52646 0.19911 0.178762 0.220932 0.191745 0.184514 0.216822
600000 0.201228 0.189932 0.197296 -0.459854 6.55692 3.4526 0.200748 0.185507 0.195031 0.201663 0.193944 0.199349
600000 0.198223 0.193768 0.208316 -5.32682 1.3774 -6.96128 0.200534 0.192593 0.212341 0.196582 0.194602 0.205457
600000 0.207932 0.18696 0.218026 3.50812 4.54011 -2.20018 0.205911 0.184254 0.21874 0.210721 0.190693 0.217041
600000 0.186645 0.185063 0.197762 0.000670696 0.000284709 0.00245825 0.186043 0.184151 0.193622 0.187279 0.186025 0.20213
600000 0.190951 0.188534 0.201345 0.00244395 0.0011988 -0.00069125 0.187279 0.186025 0.20213 0.193713 0.190422 0.200755
600000 0.187727 0.190419 0.203074 -0.000100375 0.00368064 0.000427516 0.187279 0.186025 0.20213 0.188054 0.193624 0.203762
600000 0.192559 0.183874 0.197155 -0.000190558 -0.00198834 0.00160481 0.192737 0.186564 0.195612 0.192372 0.181049 0.198776
600000 0.194619 0.178735 0.210984 -1.15608 1.13786 -2.83746 0.195357 0.177289 0.213835 0.193532 0.180864 0.206785
600000 0.204579 0.201877 0.196505 -8.94301 3.38183 -4.38338 0.208634 0.19987 0.197905 0.200026 0.20413 0.194932
600000 0.18606 0.180246 0.195372 2.81969 -17.6534 9.75572 0.186043 0.184151 0.193622 0.18608 0.175459 0.197516
600000 0.202126 0.199657 0.192965 -3.37826 5.71329 3.73388 0.203667 0.196375 0.191522 0.200026 0.20413 0.194932
600000 0.215192 0.195107 0.197241 -0.0472714 2.51122 -2.51166 0.215261 0.191949 0.201602 0.215153 0.19692 0.194736
600000 0.182409 0.182718 0.191303 0.0 0.0 0.0 0.186043 0.184151 0.193622 0.178484 0.181303 0.1888
600000 0.180469 0.194164 0.200981 0.0 0.0 0.0 0.18039 0.191463 0.205178 0.180522 0.196143 0.198067
600000 0.182803 0.186973 0.192675 0.0 0.0 0.0 0.186043 0.184151 0.193622 0.179159 0.190275 0.19161
600000 0.183833 0.18987 0.188939 0.0 0.0 0.0 0.189154 0.189542 0.185896 0.179159 0.190275 0.19161
600000 0.187646 0.185795 0.213339 0.0 0.0 0.0 0.191745 0.184514 0.216822 0.184737 0.186816 0.210871
600000 0.185896 0.186392 0.206887 0.0 0.0 0.0 0.187279 0.186025 0.20213 0.184737 0.186816 0.210871
600000 0.185425 0.190742 0.210807 0.0 0.0 0.0 0.186156 0.19506 0.210741 0.184737 0.186816 0.210871
600000 0.183925 0.188612 0.203615 0.0 0.0 0.0 0.18039 0.191463 0.205178 0.187279 0.186025 0.20213
600000 0.18492 0.19268 0.204343 0.0 0.0 0.0 0.18039 0.191463 0.205178 0.188054 0.193624 0.203762
600000 0.185992 0.197514 0.196225 0.0 0.0 0.0 0.187108 0.192565 0.195891 0.184749 0.203149 0.196597
600000 0.187208 0.200502 0.192898 0.0 0.0 0.0 0.189271 0.198394 0.189797 0.184749 0.203149 0.196597
600000 0.193439 0.18169 0.184851 0.0 0.0 0.0 0.195526 0.182891 0.188172 0.191302 0.180588 0.181448
600000 0.197909 0.181865 0.182023 0.0 0.0 0.0 0.199389 0.176592 0.182955 0.196926 0.18547 0.1814
600000 0.190381 0.184366 0.183359 0.0 0.0 0.0 0.189154 0.189542 0.185896 0.191302 0.180588 0.181448
600000 0.192548 0.179102 0.195557 0.0 0.0 0.0 0.192734 0.177146 0.192112 0.192372 0.181049 0.198776
600000 0.189636 0.18233 0.196547 0.0 0.0 0.0 0.186043 0.184151 0.193622 0.192372 0.181049 0.198776
600000 0.196289 0.184237 0.184476 0.0 0.0 0.0 0.195526 0.182891 0.188172 0.196926 0.18547 0.1814
600000 0.197494 0.186918 0.186791 0.0 0.0 0.0 0.195526 0.182891 0.188172 0.199441 0.191019 0.185427
600000 0.18741 0.186455 0.190233 0.0 0.0 0.0 0.186043 0.184151 0.193622 0.189154 0.189542 0.185896
600000 0.190236 0.183077 0.200182 0.0 0.0 0.0 0.192372 0.181049 0.198776 0.187279 0.186025 0.20213
600000 0.199471 0.183539 0.186201 0.0 0.0 0.0 0.195526 0.182891 0.188172 0.202926 0.184223 0.184472
600000 0.198255 0.18019 0.189815 0.0 0.0 0.0 0.195526 0.182891 0.188172 0.200593 0.177995 0.191216
600000 0.189258 0.179719 0.209647 0.0 0.0 0.0 0.185392 0.178807 0.212236 0.193532 0.180864 0.206785
600000 0.193978 0.179979 0.214973 0.0 0.0 0.0 0.195357 0.177289 0.213835 0.191745 0.184514 0.216822
600000 0.192681 0.182537 0.211558 0.0 0.0 0.0 0.191745 0.184514 0.216822 0.193532 0.180864 0.206785
600000 0.197565 0.179658 0.213336 0.0 0.0 0.0 0.195357 0.177289 0.213835 0.2007 0.183168 0.212632
600000 0.197184 0.181977 0.209764 0.0 0.0 0.0 0.2007 0.183168 0.212632 0.193532 0.180864 0.206785
600000 0.203093 0.181915 0.219646 0.0 0.0 0.0 0.19911 0.178762 0.220932 0.205911 0.184254 0.21874
600000 0.193981 0.186951 0.183105 0.0 0.0 0.0 0.189154 0.189542 0.185896 0.196926 0.18547 0.1814
600000 0.198116 0.191252 0.181525 0.0 0.0 0.0 0.199441 0.191019 0.185427 0.196921 0.19158 0.177999
600000 0.19044 0.188955 0.195729 0.0 0.0 0.0 0.192737 0.186564 0.195612 0.187108 0.192565 0.195891
600000 0.193902 0.189187 0.194423 0.0 0.0 0.0 0.192737 0.186564 0.195612 0.195599 0.193144 0.192685
600000 0.195117 0.190338 0.185625 0.0 0.0 0.0 0.199441 0.191019 0.185427 0.189154 0.189542 0.185896
600000 0.188032 0.191139 0.19138 0.0 0.0 0.0 0.187108 0.192565 0.195891 0.189154 0.189542 0.185896
600000 0.192685 0.191455 0.189617 0.0 0.0 0.0 0.189154 0.189542 0.185896 0.195599 0.193144 0.192685
600000 0.191349 0.192793 0.19429 0.0 0.0 0.0 0.187108 0.192565 0.195891 0.195599 0.193144 0.192685
600000 0.193107 0.198888 0.188116 0.0 0.0 0.0 0.19753 0.199587 0.186178 0.189271 0.198394 0.189797
600000 0.190986 0.198495 0.194377 0.0 0.0 0.0 0.192913 0.198736 0.199517 0.189271 0.198394 0.189797
600000 0.190513 0.186287 0.198272 0.0 0.0 0.0 0.192737 0.186564 0.195612 0.187279 0.186025 0.20213
600000 0.187195 0.189239 0.199007 0.0 0.0 0.0 0.187108 0.192565 0.195891 0.187279 0.186025 0.20213
600000 0.190873 0.191287 0.198667 0.0 0.0 0.0 0.187108 0.192565 0.195891 0.193713 0.190422 0.200755
600000 0.187656 0.193117 0.200439 0.0 0.0 0.0 0.187108 0.192565 0.195891 0.188054 0.193624 0.203762
600000 0.194521 0.191535 0.197294 0.0 0.0 0.0 0.195599 0.193144 0.192685 0.193713 0.190422 0.200755
600000 0.193377 0.193848 0.200239 0.0 0.0 0.0 0.192913 0.198736 0.199517 0.193713 0.190422 0.200755
600000 0.190054 0.195668 0.202017 0.0 0.0 0.0 0.192913 0.198736 0.199517 0.188054 0.193624 0.203762
600000 0.190163 0.20111 0.185961 0.0 0.0 0.0 0.189271 0.198394 0.189797 0.190939 0.203571 0.182644
600000 0.19441 0.203256 0.188204 0.0 0.0 0.0 0.19753 0.199587 0.186178 0.191526 0.206767 0.190079
600000 0.198719 0.201693 0.19035 0.0 0.0 0.0 0.19753 0.199587 0.186178 0.200026 0.20413 0.194932
600000 0.201287 0.187354 0.184922 0.0 0.0 0.0 0.199441 0.191019 0.185427 0.202926 0.184223 0.184472
600000 0.201052 0.189057 0.181582 0.0 0.0 0.0 0.199441 0.191019 0.185427 0.202329 0.18761 0.178529
600000 0.201634 0.198031 0.183673 0.0 0.0 0.0 0.19753 0.199587 0.186178 0.207386 0.195995 0.180164
600000 0.201569 0.193658 0.1885 0.0 0.0 0.0 0.203667 0.196375 0.191522 0.199441 0.191019 0.185427
600000 0.199926 0.194817 0.192062 0.0 0.0 0.0 0.203667 0.196375 0.191522 0.195599 0.193144 0.192685
600000 0.197377 0.196231 0.199431 0.0 0.0 0.0 0.192913 0.198736 0.199517 0.201663 0.193944 0.199349
600000 0.202173 0.201319 0.18746 0.0 0.0 0.0 0.19753 0.199587 0.186178 0.205319 0.202595 0.188329
600000 0.197051 0.200043 0.20232 0.0 0.0 0.0 0.192913 0.198736 0.199517 0.201716 0.201642 0.205482
600000 0.189688 0.187787 0.205545 0.0 0.0 0.0 0.191932 0.189546 0.208725 0.187279 0.186025 0.20213
600000 0.195663 0.188476 0.206839 0.0 0.0 0.0 0.191932 0.189546 0.208725 0.199448 0.187514 0.204925
600000 0.190841 0.191992 0.202285 0.0 0.0 0.0 0.188054 0.193624 0.203762 0.193713 0.190422 0.200755
600000 0.192917 0.189974 0.204318 0.0 0.0 0.0 0.191932 0.189546 0.208725 0.193713 0.190422 0.200755
600000 0.195144 0.192455 0.203107 0.0 0.0 0.0 0.196582 0.194602 0.205457 0.193713 0.190422 0.200755
600000 0.187202 0.19421 0.206903 0.0 0.0 0.0 0.186156 0.19506 0.210741 0.188054 0.193624 0.203762
600000 0.192409 0.19155 0.212395 7.9176e-05 0.000153971 0.000249658 0.191932 0.189546 0.208725 0.192814 0.193251 0.215509
600000 0.189685 0.194039 0.21327 0.0 0.0 0.0 0.186156 0.19506 0.210741 0.192814 0.193251 0.215509
600000 0.194869 0.196334 0.215512 0.0 0.0 0.0 0.192814 0.193251 0.215509 0.197039 0.199702 0.215513
600000 0.194668 0.194321 0.218478 0.0 0.0 0.0 0.19649 0.195492 0.221389 0.192814 0.193251 0.215509
600000 0.195811 0.191088 0.217601 0.0 0.0 0.0 0.192814 0.193251 0.215509 0.198775 0.189077 0.219664
600000 0.186223 0.197209 0.214277 0.0 0.0 0.0 0.186156 0.19506 0.210741 0.186317 0.200479 0.219409
600000 0.190349 0.195928 0.216988 0.0 0.0 0.0 0.192814 0.193251 0.215509 0.186317 0.200479 0.219409
600000 0.200045 0.185375 0.208612 0.0 0.0 0.0 0.2007 0.183168 0.212632 0.199448 0.187514 0.204925
600000 0.200044 0.186529 0.200367 0.0 0.0 0.0 0.200748 0.185507 0.195031 0.199448 0.187514 0.204925
600000 0.197119 0.191875 0.200155 0.0 0.0 0.0 0.201663 0.193944 0.199349 0.193713 0.190422 0.200755
600000 0.19876 0.19426 0.202838 0.0 0.0 0.0 0.201663 0.193944 0.199349 0.196582 0.194602 0.205457
600000 0.203381 0.187177 0.207045 0.0 0.0 0.0 0.206429 0.187022 0.208685 0.199448 0.187514 0.204925
600000 0.195954 0.19091 0.210417 0.0 0.0 0.0 0.191932 0.189546 0.208725 0.200534 0.192593 0.212341
600000 0.196108 0.192908 0.214157 0.0 0.0 0.0 0.200534 0.192593 0.212341 0.192814 0.193251 0.215509
600000 0.20034 0.197611 0.217665 0.0 0.0 0.0 0.20392 0.195474 0.219995 0.197039 0.199702 0.215513
600000 0.199603 0.186469 0.216632 0.0 0.0 0.0 0.2007 0.183168 0.212632 0.198775 0.189077 0.219664
600000 0.201163 0.191986 0.219818 0.0 0.0 0.0 0.20392 0.195474 0.219995 0.198775 0.189077 0.219664
600000 0.20931 0.182489 0.187001 0.0 0.0 0.0 0.207526 0.181155 0.190576 0.211604 0.184342 0.182407
600000 0.205016 0.182765 0.187251 0.0 0.0 0.0 0.207526 0.181155 0.190576 0.202926 0.184223 0.184472
600000 0.202611 0.185949 0.181339 0.0 0.0 0.0 0.202926 0.184223 0.184472 0.202329 0.18761 0.178529
600000 0.207616 0.179799 0.194614 0.0 0.0 0.0 0.207526 0.181155 0.190576 0.207687 0.178924 0.197544
600000 0.205531 0.179648 0.199585 0.0 0.0 0.0 0.207687 0.178924 0.197544 0.202837 0.1807 0.202139
600000 0.210051 0.180329 0.198981 0.0 0.0 0.0 0.207687 0.178924 0.197544 0.213094 0.182278 0.200822
600000 0.209213 0.182314 0.210752 0.0 0.0 0.0 0.20949 0.183997 0.213299 0.208843 0.180174 0.207289
600000 0.20503 0.181514 0.209789 0.0 0.0 0.0 0.2007 0.183168 0.212632 0.208843 0.180174 0.207289
600000 0.206036 0.183609 0.213037 0.0 0.0 0.0 0.20949 0.183997 0.213299 0.2007 0.183168 0.212632
600000 0.207823 0.184053 0.215832 0.0 0.0 0.0 0.20949 0.183997 0.213299 0.205911 0.184254 0.21874
600000 0.20422 0.179723 0.214293 0.0 0.0 0.0 0.2007 0.183168 0.212632 0.20927 0.174932 0.216677
600000 0.20484 0.183892 0.201753 0.0 0.0 0.0 0.206974 0.187405 0.20134 0.202837 0.1807 0.202139
600000 0.214005 0.186296 0.201152 0.0 0.0 0.0 0.213094 0.182278 0.200822 0.215261 0.191949 0.201602
600000 0.207903 0.183736 0.204309 0.0 0.0 0.0 0.208843 0.180174 0.207289 0.206974 0.187405 0.20134
600000 0.210998 0.186502 0.211426 0.0 0.0 0.0 0.20949 0.183997 0.213299 0.212601 0.189287 0.209441
600000 0.21568 0.183259 0.20391 0.0 0.0 0.0 0.218861 0.184601 0.207698 0.213094 0.182278 0.200822
600000 0.206905 0.191806 0.185571 0.0 0.0 0.0 0.207386 0.195995 0.180164 0.206612 0.189324 0.188897
600000 0.205023 0.196177 0.187376 0.0 0.0 0.0 0.203667 0.196375 0.191522 0.207386 0.195995 0.180164
600000 0.212443 0.193726 0.184773 0.0 0.0 0.0 0.216069 0.192202 0.188072 0.207386 0.195995 0.180164
600000 0.20958 0.187956 0.191573 0.0 0.0 0.0 0.212491 0.186738 0.194189 0.206612 0.189324 0.188897
600000 0.203938 0.187524 0.191693 0.0 0.0 0.0 0.200748 0.185507 0.195031 0.206612 0.189324 0.188897
600000 0.202738 0.195189 0.195146 0.0 0.0 0.0 0.203667 0.196375 0.191522 0.201663 0.193944 0.199349
600000 0.207289 0.194699 0.192723 0.0 0.0 0.0 0.210144 0.193487 0.193668 0.203667 0.196375 0.191522
600000 0.205909 0.197894 0.194406 0.0 0.0 0.0 0.203667 0.196375 0.191522 0.208634 0.19987 0.197905
600000 0.209724 0.187011 0.197773 0.0 0.0 0.0 0.212491 0.186738 0.194189 0.206974 0.187405 0.20134
600000 0.204458 0.19044 0.200397 0.0 0.0 0.0 0.201663 0.193944 0.199349 0.206974 0.187405 0.20134
600000 0.204746 0.194065 0.203306 0.0 0.0 0.0 0.201663 0.193944 0.199349 0.207647 0.194296 0.207026
600000 0.212002 0.192868 0.196553 0.0 0.0 0.0 0.210144 0.193487 0.193668 0.215261 0.191949 0.201602
600000 0.211733 0.196104 0.199635 0.0 0.0 0.0 0.208634 0.19987 0.197905 0.215261 0.191949 0.201602
600000 0.211996 0.203609 0.196434 0.0 0.0 0.0 0.208634 0.19987 0.197905 0.214146 0.206093 0.195494
600000 0.211104 0.200844 0.193346 0.0 0.0 0.0 0.208634 0.19987 0.197905 0.21384 0.202046 0.188303
600000 0.205372 0.200646 0.201474 0.0 0.0 0.0 0.208634 0.19987 0.197905 0.201716 0.201642 0.205482
600000 0.216351 0.185601 0.195153 0.0 0.0 0.0 0.222406 0.183976 0.196658 0.212491 0.186738 0.194189
600000 0.210981 0.190593 0.188518 0.0 0.0 0.0 0.216069 0.192202 0.188072 0.206612 0.189324 0.188897
600000 0.212438 0.192929 0.191502 0.0 0.0 0.0 0.210144 0.193487 0.193668 0.216069 0.192202 0.188072
600000 0.215508 0.195025 0.192146 0.0 0.0 0.0 0.216069 0.192202 0.188072 0.215153 0.19692 0.194736
600000 0.2073 0.190714 0.20412 0.0 0.0 0.0 0.206974 0.187405 0.20134 0.207647 0.194296 0.207026
600000 0.204021 0.189236 0.210179 0.0 0.0 0.0 0.206429 0.187022 0.208685 0.200534 0.192593 0.212341
600000 0.209567 0.188114 0.209069 0.0 0.0 0.0 0.206429 0.187022 0.208685 0.212601 0.189287 0.209441
600000 0.203658 0.196218 0.212899 0.0 0.0 0.0 0.200534 0.192593 0.212341 0.206235 0.199312 0.213359
600000 0.213588 0.190217 0.206524 0.0 0.0 0.0 0.212601 0.189287 0.209441 0.215261 0.191949 0.201602
600000 0.201091 0.196822 0.209089 0.0 0.0 0.0 0.200534 0.192593 0.212341 0.201716 0.201642 0.205482
600000 0.204308 0.200245 0.210003 0.0 0.0 0.0 0.206235 0.199312 0.213359 0.201716 0.201642 0.205482
600000 0.213872 0.192289 0.210097 0.0 0.0 0.0 0.212601 0.189287 0.209441 0.216467 0.198578 0.211434
600000 0.215805 0.194894 0.20606 0.0 0.0 0.0 0.216467 0.198578 0.211434 0.215261 0.191949 0.201602
600000 0.18409 0.203645 0.191653 -1.12882 4.3606 -17.5613 0.184749 0.203149 0.196597 0.183544 0.204057 0.187548
600000 0.185643 0.207824 0.195024 -1.94025 -9.67219 5.10684 0.18623 0.210891 0.193991 0.184749 0.203149 0.196597
600000 0.185638 0.206059 0.200581 -4.26421 -9.10126 -17.8093 0.186805 0.209876 0.205806 0.184749 0.203149 0.196597
600000 0.18299 0.210343 0.194128 -9.16195 -1.11131 1.80464 0.18623 0.210891 0.193991 0.179227 0.209705 0.194286
600000 0.185621 0.217011 0.195243 -8.45062 1.50484 -5.28145 0.189551 0.217051 0.197666 0.182131 0.216976 0.193091
600000 0.181143 0.209077 0.202555 0.100172 -0.00426336 0.057109 0.178516 0.208707 0.201047 0.186805 0.209876 0.205806
600000 0.184821 0.215973 0.204354 6.68344 -12.9281 3.42139 0.183659 0.219546 0.203503 0.186805 0.209876 0.205806
600000 0.190362 0.202446 0.189933 -16.9377 -40.2999 2.24638 0.191526 0.206767 0.190079 0.189271 0.198394 0.189797
600000 0.192776 0.203856 0.211841 -0.823619 -16.3734 -11.9834 0.193176 0.207124 0.215099 0.192379 0.200619 0.208613
600000 0.194535 0.204644 0.20817 -5.91991 -13.09 3.52868 0.196007 0.207391 0.207868 0.192379 0.200619 0.208613
600000 0.190088 0.204424 0.207459 7.56594 -10.7987 5.55495 0.186805 0.209876 0.205806 0.192379 0.200619 0.208613
600000 0.19531 0.203023 0.215328 36.456 -52.6874 9.51405 0.193176 0.207124 0.215099 0.197039 0.199702 0.215513
600000 0.196706 0.201093 0.207162 -16.4703 -4.16093 7.46756 0.201716 0.201642 0.205482 0.192379 0.200619 0.208613
600000 0.199566 0.202441 0.215966 -1.38039 -1.43031 0.0718399 0.202191 0.205286 0.216436 0.197039 0.199702 0.215513
600000 0.194408 0.205229 0.219145 0.596304 -0.872831 2.88696 0.193176 0.207124 0.215099 0.19563 0.203349 0.223161
600000 0.188227 0.212038 0.185753 -2.71316 -9.12818 -9.38413 0.189572 0.21554 0.188494 0.187238 0.209464 0.18374
600000 0.19819 0.209024 0.193957 3.36664 -16.6583 2.76727 0.196772 0.212806 0.193203 0.200026 0.20413 0.194932
600000 0.188472 0.209146 0.192335 7.81774 -5.22918 -3.78784 0.18623 0.210891 0.193991 0.191526 0.206767 0.190079
600000 0.194263 0.209917 0.191709 9.22586 10.9252 8.38928 0.191526 0.206767 0.190079 0.196772 0.212806 0.193203
600000 0.190567 0.211074 0.189301 -4.70706 15.8903 -0.520033 0.191526 0.206767 0.190079 0.189572 0.21554 0.188494
600000 0.187611 0.213454 0.19552 7.52015 11.9701 10.3473 0.18623 0.210891 0.193991 0.189551 0.217051 0.197666
600000 0.196864 0.213058 0.197304 -0.608519 1.2159 6.83571 0.196772 0.212806 0.193203 0.196971 0.21335 0.202064
600000 0.1932 0.215231 0.199829 -12.4484 3.84864 -5.90961 0.196971 0.21335 0.202064 0.189551 0.217051 0.197666
600000 0.19184 0.217914 0.185204 -3.0394 -3.14024 6.04789 0.194201 0.220384 0.181779 0.189572 0.21554 0.188494
600000 0.197238 0.216762 0.192205 4.96498 24.3272 -9.98919 0.196772 0.212806 0.193203 0.197778 0.221356 0.191046
600000 0.2033 0.20318 0.190848 -0.0680397 0.00245445 0.0883973 0.205319 0.202595 0.188329 0.200026 0.20413 0.194932
600000 0.200307 0.21333 0.191173 0.0385084 0.00289436 -0.0301917 0.196772 0.212806 0.193203 0.205696 0.214129 0.188079
600000 0.195947 0.210427 0.213401 5.96159 5.91357 -2.0787 0.193176 0.207124 0.215099 0.198912 0.213962 0.211583
600000 0.195652 0.20654 0.204876 -0.951722 -5.62761 -12.2568 0.196007 0.207391 0.207868 0.195304 0.20571 0.201956
600000 0.197132 0.209935 0.209306 -9.3399 -16.029 -12.8031 0.198912 0.213962 0.211583 0.196007 0.207391 0.207868
600000 0.195955 0.208694 0.201998 -6.00822 -33.4263 4.80758 0.196971 0.21335 0.202064 0.195304 0.20571 0.201956
600000 0.191426 0.2114 0.215393 -40.9934 70.0141 11.2087 0.193176 0.207124 0.215099 0.189262 0.216687 0.215755
600000 0.188118 0.213515 0.211122 0.811686 7.56173 12.6768 0.186805 0.209876 0.205806 0.189262 0.216687 0.215755
600000 0.198489 0.217621 0.200578 3.79512 6.83237 -2.41248 0.196971 0.21335 0.202064 0.199699 0.221026 0.199393
600000 0.194397 0.216789 0.204135 15.965 -15.183 -12.1223 0.191822 0.22023 0.206207 0.196971 0.21335 0.202064
600000 0.197646 0.204224 0.203244 2.86653 -1.59916 0.961899 0.195304 0.20571 0.201956 0.201716 0.201642 0.205482
600000 0.202901 0.216566 0.212958 8.8776 7.32412 1.92089 0.198912 0.213962 0.211583 0.206489 0.218908 0.214195
600000 0.201184 0.211175 0.201559 14.1587 -6.85968 0.797772 0.196971 0.21335 0.202064 0.204748 0.209335 0.201133
600000 0.201046 0.215371 0.203496 14.4891 4.89693 6.49154 0.196971 0.21335 0.202064 0.205041 0.217352 0.2049
600000 0.200763 0.207846 0.219008 -0.899356 1.21407 1.02973 0.202191 0.205286 0.216436 0.199515 0.210085 0.221256
600000 0.201745 0.218028 0.198262 -6.82374 8.04097 4.80054 0.203513 0.215437 0.197283 0.199699 0.221026 0.199393
600000 0.214665 0.198823 0.192348 2.57351 -6.06021 10.5986 0.21384 0.202046 0.188303 0.215153 0.19692 0.194736
600000 0.209528 0.2013 0.202329 -4.52503 -5.87888 -13.0325 0.210115 0.202239 0.205234 0.208634 0.19987 0.197905
600000 0.206655 0.204126 0.185754 -0.131063 -0.108417 0.284748 0.208029 0.205703 0.183103 0.205319 0.202595 0.188329
600000 0.210306 0.204269 0.185141 4.30332 -3.26029 5.48184 0.208029 0.205703 0.183103 0.21384 0.202046 0.188303
600000 0.208397 0.203684 0.19511 -1.04708 -8.00049 6.46429 0.20823 0.206373 0.193139 0.208634 0.19987 0.197905
600000 0.214034 0.204611 0.192862 -5.11422 -15.9653 -23.8704 0.214146 0.206093 0.195494 0.21384 0.202046 0.188303
600000 0.205009 0.197564 0.206339 20.868 -18.9801 3.30186 0.201716 0.201642 0.205482 0.207647 0.194296 0.207026
600000 0.203439 0.206015 0.20301 15.4949 25.2491 -14.4939 0.201716 0.201642 0.205482 0.204748 0.209335 0.201133
600000 0.209416 0.204703 0.206996 -2.9922 8.18513 8.12576 0.210115 0.202239 0.205234 0.208162 0.209122 0.210156
600000 0.204202 0.202315 0.214906 0.25566 -0.461062 -0.316658 0.202191 0.205286 0.216436 0.206235 0.199312 0.213359
600000 0.212172 0.201053 0.207242 6.92445 -6.01566 8.93406 0.210115 0.202239 0.205234 0.216467 0.198578 0.211434
600000 0.216663 0.197098 0.200902 -12.2347 -33.7178 -0.191371 0.217861 0.201496 0.200303 0.215261 0.191949 0.201602
600000 0.204925 0.205938 0.181798 -4.79236 0.298774 -1.16951 0.208029 0.205703 0.183103 0.200534 0.206271 0.179951
600000 0.203102 0.214841 0.182422 2.19715 -1.58213 5.32438 0.201252 0.215349 0.178388 0.205696 0.214129 0.188079
600000 0.211746 0.21314 0.189356 -11.4743 1.56496 -4.38558 0.215311 0.212557 0.190109 0.205696 0.214129 0.188079
600000 0.213429 0.212606 0.193283 -1.2993 -0.181842 1.67615 0.215311 0.212557 0.190109 0.211219 0.212664 0.197011
600000 0.212943 0.208793 0.196118 -18.5032 28.5925 8.92792 0.214146 0.206093 0.195494 0.211219 0.212664 0.197011
600000 0.207349 0.20907 0.191379 -3.21384 7.94094 -7.27108 0.20823 0.206373 0.193139 0.205696 0.214129 0.188079
600000 0.204264 0.214986 0.194115 -0.605876 1.37913 7.97314 0.205696 0.214129 0.188079 0.203513 0.215437 0.197283
600000 0.207868 0.21094 0.199146 -21.0227 -10.1599 18.5993 0.211219 0.212664 0.197011 0.204748 0.209335 0.201133
600000 0.212723 0.215985 0.199351 -10.0862 -15.7832 -9.56323 0.214172 0.219188 0.201607 0.211219 0.212664 0.197011
600000 0.204068 0.212697 0.199012 1.24558 -6.97847 6.11006 0.203513 0.215437 0.197283 0.204748 0.209335 0.201133
600000 0.212067 0.216505 0.195198 9.93099 24.23 -13.2273 0.211219 0.212664 0.197011 0.21284 0.220008 0.193545
600000 0.21562 0.204269 0.197402 -9.42661 16.6026 -19.1079 0.217861 0.201496 0.200303 0.214146 0.206093 0.195494
600000 0.21804 0.210495 0.191492 9.51683 -6.45127 2.73317 0.215311 0.212557 0.190109 0.221766 0.207679 0.193381
600000 0.206464 0.213598 0.207297 -2.41901 4.66434 -4.12104 0.208162 0.209122 0.210156 0.205041 0.217352 0.2049
600000 0.207754 0.210607 0.215515 -1.56747 1.41841 7.01828 0.208162 0.209122 0.210156 0.207405 0.211877 0.220096
600000 0.206932 0.21551 0.217048 0.149014 -10.9068 11.9009 0.206489 0.218908 0.214195 0.207405 0.211877 0.220096
600000 0.212892 0.217767 0.209239 -2.45628 4.76023 -2.49607 0.21429 0.215192 0.210077 0.211413 0.22049 0.208352
600000 0.216652 0.217422 0.198744 2.1591 -1.19221 -1.77142 0.214172 0.219188 0.201607 0.21898 0.215764 0.196056
600000 0.215699 0.213614 0.207882 1.38807 -0.975227 -1.77416 0.21429 0.215192 0.210077 0.218205 0.210809 0.20398
600000 0.215476 0.213421 0.212256 1.81115 -2.52032 4.37363 0.21429 0.215192 0.210077 0.217823 0.209919 0.216565
600000 0.215921 0.217878 0.194805 -8.52241 4.68262 -4.71931 0.21898 0.215764 0.196056 0.21284 0.220008 0.193545
600000 0.194793 0.197163 0.2068 3.56302 -6.06324 -4.29909 0.192379 0.200619 0.208613 0.196582 0.194602 0.205457
600000 0.184405 0.2136 0.193591 -1.10152 1.64352 0.0723176 0.18623 0.210891 0.193991 0.182131 0.216976 0.193091
600000 0.210414 0.204689 0.191256 1.06921 -1.11911 -1.31067 0.20823 0.206373 0.193139 0.21384 0.202046 0.188303
600000 0.218019 0.205772 0.201991 2.71735 13.3762 6.19577 0.217861 0.201496 0.200303 0.218205 0.210809 0.20398
600000 0.194124 0.209354 0.187504 7.38493 10.5528 -7.96881 0.191526 0.206767 0.190079 0.196343 0.211563 0.185305
600000 0.182237 0.218324 0.206869 -1.17992 -1.52253 2.67046 0.183659 0.219546 0.203503 0.180845 0.217127 0.210166
600000 0.198585 0.197349 0.205467 -4.90497 -6.17613 -1.24133 0.201716 0.201642 0.205482 0.196582 0.194602 0.205457
600000 0.203178 0.218459 0.217151 0.531605 -0.0381083 -0.445977 0.199776 0.217998 0.220187 0.206489 0.218908 0.214195
600000 0.187615 0.212818 0.191713 2.59258 3.59151 -3.07227 0.18623 0.210891 0.193991 0.189572 0.21554 0.188494
600000 0.19989 0.212536 0.186357 20.9811 2.42856 4.73809 0.196343 0.211563 0.185305 0.205696 0.214129 0.188079
600000 0.204649 0.206864 0.213852 0.783658 0.592037 -1.17388 0.202191 0.205286 0.216436 0.208162 0.209122 0.210156
600000 0.181778 0.202223 0.20053 0.799059 0.0613638 -0.889572 0.178693 0.201261 0.204612 0.184749 0.203149 0.196597
600000 0.199361 0.21606 0.216055 0.00619507 0.625435 0.970152 0.198912 0.213962 0.211583 0.199776 0.217998 0.220187
600000 0.194734 0.211774 0.18184 6.92355 1.77829 16.2008 0.193041 0.211995 0.178194 0.196343 0.211563 0.185305
600000 0.207815 0.202477 0.182126 -0.0145826 -0.176498 -0.0241496 0.208029 0.205703 0.183103 0.207386 0.195995 0.180164
600000 0.198124 0.205259 0.206983 2.75185 -2.80881 -0.505848 0.196007 0.207391 0.207868 0.201716 0.201642 0.205482
600000 0.207014 0.202018 0.205325 -1.89378 -0.373331 0.250926 0.210115 0.202239 0.205234 0.201716 0.201642 0.205482
600000 0.183018 0.214483 0.208576 -2.52514 2.26933 1.27154 0.186805 0.209876 0.205806 0.180845 0.217127 0.210166
600000 0.217004 0.206688 0.194701 1.47669 0.078568 -0.311328 0.214146 0.206093 0.195494 0.221766 0.207679 0.193381
600000 0.215928 0.21554 0.20264 7.46532 -11.4863 5.02091 0.214172 0.219188 0.201607 0.218205 0.210809 0.20398
600000 0.212124 0.213047 0.210105 -0.759892 -0.654805 0.153592 0.21429 0.215192 0.210077 0.208162 0.209122 0.210156
600000 0.190143 0.204185 0.217005 -9.6355 -7.09017 6.971 0.193176 0.207124 0.215099 0.186317 0.200479 0.219409
600000 0.203266 0.211683 0.210911 2.22253 -0.744111 -0.370097 0.198912 0.213962 0.211583 0.208162 0.209122 0.210156
600000 0.181394 0.215367 0.196791 0.000370682 0.000946872 -0.00342341 0.180843 0.214165 0.199557 0.182131 0.216976 0.193091
600000 0.182738 0.212801 0.201544 0.000822278 -0.000857393 0.000877453 0.180843 0.214165 0.199557 0.186805 0.209876 0.205806
600000 0.191806 0.207935 0.194397 -0.0 -0.0 0.0 0.191526 0.206767 0.190079 0.192009 0.208783 0.197534
600000 0.188418 0.214091 0.201024 3.27661 4.82822 -6.58267 0.186805 0.209876 0.205806 0.189551 0.217051 0.197666
600000 0.190286 0.209145 0.200273 -0.00330025 0.000817238 0.00381032 0.192009 0.208783 0.197534 0.186805 0.209876 0.205806
600000 0.193285 0.213359 0.186745 -3.50691 1.5716 2.149 0.196343 0.211563 0.185305 0.189572 0.21554 0.188494
600000 0.191201 0.205002 0.185971 -0.12124 -0.214784 -0.791681 0.191526 0.206767 0.190079 0.190939 0.203571 0.182644
600000 0.201687 0.197486 0.202171 -0.497408 -3.15216 -3.19266 0.201716 0.201642 0.205482 0.201663 0.193944 0.199349
600000 0.193708 0.207198 0.199815 0.0 0.0 0.0 0.192009 0.208783 0.197534 0.195304 0.20571 0.201956
600000 0.212843 0.206244 0.19822 0.0 0.0 0.0 0.214146 0.206093 0.195494 0.21154 0.206396 0.200948
600000 0.181615 0.206811 0.195286 0.0 0.0 0.0 0.179227 0.209705 0.194286 0.184749 0.203149 0.196597
600000 0.180873 0.206543 0.199364 0.0 0.0 0.0 0.178516 0.208707 0.201047 0.184749 0.203149 0.196597
600000 0.182089 0.216489 0.201305 0.0 0.0 0.0 0.180843 0.214165 0.199557 0.183659 0.219546 0.203503
600000 0.18749 0.203735 0.18493 0.0 0.0 0.0 0.190939 0.203571 0.182644 0.183544 0.204057 0.187548
600000 0.187384 0.205301 0.188767 0.0 0.0 0.0 0.191526 0.206767 0.190079 0.183544 0.204057 0.187548
600000 0.188326 0.205 0.193155 0.0 0.0 0.0 0.191526 0.206767 0.190079 0.184749 0.203149 0.196597
600000 0.18915 0.206507 0.197165 0.0 0.0 0.0 0.192009 0.208783 0.197534 0.184749 0.203149 0.196597
600000 0.182278 0.205007 0.20514 0.0 0.0 0.0 0.186805 0.209876 0.205806 0.178693 0.201261 0.204612
600000 0.185617 0.216243 0.190936 0.0 0.0 0.0 0.189572 0.21554 0.188494 0.182131 0.216976 0.193091
600000 0.186338 0.218355 0.200849 0.0 0.0 0.0 0.183659 0.219546 0.203503 0.189551 0.217051 0.197666
600000 0.194939 0.200055 0.212408 0.0 0.0 0.0 0.192379 0.200619 0.208613 0.197039 0.199702 0.215513
600000 0.196403 0.20128 0.218949 0.0 0.0 0.0 0.19563 0.203349 0.223161 0.197039 0.199702 0.215513
600000 0.18909 0.208237 0.186483 0.0 0.0 0.0 0.191526 0.206767 0.190079 0.187238 0.209464 0.18374
600000 0.195411 0.205502 0.192298 0.0 0.0 0.0 0.191526 0.206767 0.190079 0.200026 0.20413 0.194932
600000 0.196547 0.212104 0.189114 0.0 0.0 0.0 0.196772 0.212806 0.193203 0.196343 0.211563 0.185305
600000 0.189134 0.209774 0.195773 0.0 0.0 0.0 0.18623 0.210891 0.193991 0.192009 0.208783 0.197534
600000 0.194112 0.210503 0.19562 0.0 0.0 0.0 0.192009 0.208783 0.197534 0.196772 0.212806 0.193203
600000 0.195051 0.206959 0.196546 0.0 0.0 0.0 0.192009 0.208783 0.197534 0.200026 0.20413 0.194932
600000 0.193391 0.21403 0.190993 0.0 0.0 0.0 0.196772 0.212806 0.193203 0.189572 0.21554 0.188494
600000 0.194019 0.210578 0.199371 0.0 0.0 0.0 0.192009 0.208783 0.197534 0.196971 0.21335 0.202064
600000 0.197026 0.205075 0.199392 0.0 0.0 0.0 0.195304 0.20571 0.201956 0.200026 0.20413 0.194932
600000 0.195395 0.2154 0.183749 0.0 0.0 0.0 0.194201 0.220384 0.181779 0.196343 0.211563 0.185305
600000 0.19099 0.212145 0.197589 0.0 0.0 0.0 0.192009 0.208783 0.197534 0.189551 0.217051 0.197666
600000 0.193369 0.214747 0.195305 0.0 0.0 0.0 0.196772 0.212806 0.193203 0.189551 0.217051 0.197666
600000 0.189559 0.216241 0.193095 0.0 0.0 0.0 0.189572 0.21554 0.188494 0.189551 0.217051 0.197666
600000 0.193618 0.218352 0.189754 0.0 0.0 0.0 0.197778 0.221356 0.191046 0.189572 0.21554 0.188494
600000 0.20091 0.198568 0.197317 0.0 0.0 0.0 0.200026 0.20413 0.194932 0.201663 0.193944 0.199349
600000 0.198206 0.20915 0.182924 0.0 0.0 0.0 0.196343 0.211563 0.185305 0.200534 0.206271 0.179951
600000 0.198606 0.213251 0.182114 0.0 0.0 0.0 0.201252 0.215349 0.178388 0.196343 0.211563 0.185305
600000 0.200514 0.214209 0.19547 0.0 0.0 0.0 0.196772 0.212806 0.193203 0.203513 0.215437 0.197283
600000 0.205064 0.20545 0.19383 0.0 0.0 0.0 0.20823 0.206373 0.193139 0.200026 0.20413 0.194932
600000 0.202709 0.207031 0.198457 0.0 0.0 0.0 0.200026 0.20413 0.194932 0.204748 0.209335 0.201133
600000 0.20087 0.202826 0.200208 0.0 0.0 0.0 0.200026 0.20413 0.194932 0.201716 0.201642 0.205482
600000 0.194865 0.207225 0.210784 0.0 0.0 0.0 0.193176 0.207124 0.215099 0.196007 0.207391 0.207868
600000 0.190541 0.208203 0.211257 0.0 0.0 0.0 0.193176 0.207124 0.215099 0.186805 0.209876 0.205806
600000 0.193037 0.208135 0.207202 0.0 0.0 0.0 0.196007 0.207391 0.207868 0.186805 0.209876 0.205806
600000 0.196388 0.209695 0.205567 0.0 0.0 0.0 0.196007 0.207391 0.207868 0.196971 0.21335 0.202064
600000 0.192605 0.206974 0.203178 0.0 0.0 0.0 0.186805 0.209876 0.205806 0.195304 0.20571 0.201956
600000 0.194133 0.203616 0.204617 0.0 0.0 0.0 0.195304 0.20571 0.201956 0.192379 0.200619 0.208613
600000 0.192695 0.211831 0.203637 0.0 0.0 0.0 0.186805 0.209876 0.205806 0.196971 0.21335 0.202064
600000 0.19792 0.213592 0.20673 0.0 0.0 0.0 0.198912 0.213962 0.211583 0.196971 0.21335 0.202064
600000 0.196828 0.208771 0.218646 0.0 0.0 0.0 0.193176 0.207124 0.215099 0.199515 0.210085 0.221256
600000 0.189712 0.215819 0.206038 0.0 0.0 0.0 0.191822 0.22023 0.206207 0.186805 0.209876 0.205806
600000 0.195299 0.217099 0.208843 0.0 0.0 0.0 0.198912 0.213962 0.211583 0.191822 0.22023 0.206207
600000 0.194434 0.215169 0.213517 0.0 0.0 0.0 0.198912 0.213962 0.211583 0.189262 0.216687 0.215755
600000 0.20084 0.214528 0.199234 0.0 0.0 0.0 0.196971 0.21335 0.202064 0.203513 0.215437 0.197283
600000 0.198068 0.206067 0.215822 0.0 0.0 0.0 0.193176 0.207124 0.215099 0.202191 0.205286 0.216436
600000 0.202064 0.215649 0.208142 0.0 0.0 0.0 0.198912 0.213962 0.211583 0.205041 0.217352 0.2049
600000 0.199178 0.204337 0.219518 0.0 0.0 0.0 0.202191 0.205286 0.216436 0.19563 0.203349 0.223161
600000 0.201197 0.218173 0.189765 0.0 0.0 0.0 0.197778 0.221356 0.191046 0.205696 0.214129 0.188079
600000 0.195104 0.217357 0.218217 0.0 0.0 0.0 0.199776 0.217998 0.220187 0.189262 0.216687 0.215755
600000 0.205992 0.200383 0.185669 0.0 0.0 0.0 0.205319 0.202595 0.188329 0.207386 0.195995 0.180164
600000 0.216239 0.198699 0.196975 0.0 0.0 0.0 0.217861 0.201496 0.200303 0.215153 0.19692 0.194736
600000 0.213312 0.200635 0.199122 0.0 0.0 0.0 0.217861 0.201496 0.200303 0.208634 0.19987 0.197905
600000 0.209071 0.198826 0.20599 0.0 0.0 0.0 0.210115 0.202239 0.205234 0.207647 0.194296 0.207026
600000 0.20703 0.203316 0.212031 0.0 0.0 0.0 0.208162 0.209122 0.210156 0.206235 0.199312 0.213359
600000 0.208069 0.200445 0.216693 0.0 0.0 0.0 0.210656 0.202181 0.221383 0.206235 0.199312 0.213359
600000 0.202765 0.209612 0.183469 0.0 0.0 0.0 0.205696 0.214129 0.188079 0.200534 0.206271 0.179951
600000 0.20721 0.208595 0.184847 0.0 0.0 0.0 0.208029 0.205703 0.183103 0.205696 0.214129 0.188079
600000 0.21113 0.211544 0.184752 0.0 0.0 0.0 0.205696 0.214129 0.188079 0.215137 0.209742 0.182299
600000 0.207133 0.212125 0.182179 0.0 0.0 0.0 0.205696 0.214129 0.188079 0.207932 0.211108 0.178913
600000 0.211332 0.206167 0.194375 0.0 0.0 0.0 0.20823 0.206373 0.193139 0.214146 0.206093 0.195494
600000 0.209529 0.209052 0.194825 0.0 0.0 0.0 0.20823 0.206373 0.193139 0.211219 0.212664 0.197011
600000 0.20676 0.204407 0.190712 0.0 0.0 0.0 0.20823 0.206373 0.193139 0.205319 0.202595 0.188329
600000 0.208959 0.213205 0.19336 0.0 0.0 0.0 0.205696 0.214129 0.188079 0.211219 0.212664 0.197011
600000 0.206834 0.214183 0.197167 0.0 0.0 0.0 0.203513 0.215437 0.197283 0.211219 0.212664 0.197011
600000 0.208599 0.202323 0.18832 0.0 0.0 0.0 0.205319 0.202595 0.188329 0.21384 0.202046 0.188303
600000 0.211404 0.208916 0.19933 0.0 0.0 0.0 0.211219 0.212664 0.197011 0.21154 0.206396 0.200948
600000 0.214115 0.216098 0.19177 0.0 0.0 0.0 0.215311 0.212557 0.190109 0.21284 0.220008 0.193545
600000 0.210073 0.217676 0.191432 0.0 0.0 0.0 0.205696 0.214129 0.188079 0.21284 0.220008 0.193545
600000 0.20414 0.21617 0.200428 0.0 0.0 0.0 0.205041 0.217352 0.2049 0.203513 0.215437 0.197283
600000 0.214321 0.211781 0.200109 0.0 0.0 0.0 0.218205 0.210809 0.20398 0.211219 0.212664 0.197011
600000 0.217086 0.214054 0.192992 0.0 0.0 0.0 0.21898 0.215764 0.196056 0.215311 0.212557 0.190109
600000 0.21529 0.214233 0.196511 0.0 0.0 0.0 0.21898 0.215764 0.196056 0.211219 0.212664 0.197011
600000 0.208624 0.207598 0.201027 0.0 0.0 0.0 0.21154 0.206396 0.200948 0.204748 0.209335 0.201133
600000 0.210837 0.204346 0.203062 0.00180065 0.0031175 -0.00418449 0.210115 0.202239 0.205234 0.21154 0.206396 0.200948
600000 0.206178 0.209187 0.204919 0.0 0.0 0.0 0.208162 0.209122 0.210156 0.204748 0.209335 0.201133
600000 0.204858 0.205233 0.20776 0.0 0.0 0.0 0.208162 0.209122 0.210156 0.201716 0.201642 0.205482
600000 0.20723 0.214501 0.212398 0.0 0.0 0.0 0.208162 0.209122 0.210156 0.206489 0.218908 0.214195
600000 0.204881 0.21299 0.202877 0.0 0.0 0.0 0.205041 0.217352 0.2049 0.204748 0.209335 0.201133
600000 0.211996 0.204191 0.210745 0.0 0.0 0.0 0.208162 0.209122 0.210156 0.216467 0.198578 0.211434
600000 0.213922 0.207919 0.202034 0.0 0.0 0.0 0.218205 0.210809 0.20398 0.21154 0.206396 0.200948
600000 0.214043 0.204393 0.200693 0.0 0.0 0.0 0.217861 0.201496 0.200303 0.21154 0.206396 0.200948
600000 0.213251 0.209918 0.207022 0.0 0.0 0.0 0.208162 0.209122 0.210156 0.218205 0.210809 0.20398
600000 0.213237 0.201879 0.203245 0.0 0.0 0.0 0.210115 0.202239 0.205234 0.217861 0.201496 0.200303
600000 0.212801 0.209446 0.213233 0.0 0.0 0.0 0.208162 0.209122 0.210156 0.217823 0.209919 0.216565
600000 0.215836 0.217687 0.21079 0.0 0.0 0.0 0.21429 0.215192 0.210077 0.218003 0.221308 0.211787
600000 0.204534 0.208193 0.218079 0.0 0.0 0.0 0.202191 0.205286 0.216436 0.207405 0.211877 0.220096
600000 0.205681 0.203945 0.218475 0.0 0.0 0.0 0.202191 0.205286 0.216436 0.210656 0.202181 0.221383
600000 0.205779 0.218091 0.209656 0.0 0.0 0.0 0.206489 0.218908 0.214195 0.205041 0.217352 0.2049
600000 0.20986 0.218264 0.203162 0.0 0.0 0.0 0.214172 0.219188 0.201607 0.205041 0.217352 0.2049
600000 0.217279 0.200226 0.20492 0.0 0.0 0.0 0.217861 0.201496 0.200303 0.216467 0.198578 0.211434
600000 0.219721 0.204388 0.197001 0.0 0.0 0.0 0.217861 0.201496 0.200303 0.221766 0.207679 0.193381
600000 0.21865 0.213625 0.199383 0.0 0.0 0.0 0.21898 0.215764 0.196056 0.218205 0.210809 0.20398
