# ts x y z Fx Fy Fz x1 y1 z1 x2 y2 z2
1743750 0.185817 0.193627 0.18788 2.2965 0.469573 0.901566 0.182509 0.192528 0.186052 0.189349 0.1948 0.189832
1743750 0.183433 0.190973 0.197136 -3.65305 1.71989 0.589563 0.187208 0.188879 0.195848 0.180665 0.192508 0.19808
1743750 0.188952 0.197312 0.198076 -3.19552 1.10536 -1.08132 0.192894 0.195161 0.199516 0.184761 0.1996 0.196545
1743750 0.183649 0.189737 0.208145 1.74715 1.2179 2.44162 0.180548 0.187836 0.205079 0.186275 0.191347 0.210742
1743750 0.194408 0.179611 0.181466 3.56446 4.48093 -0.136565 0.191373 0.176839 0.181545 0.196873 0.181863 0.181403
1743750 0.19804 0.184385 0.183254 -3.9203 -5.51343 -4.99795 0.199426 0.18738 0.185454 0.196873 0.181863 0.181403
1743750 0.199787 0.181229 0.182906 -1.11646 0.361424 -0.410933 0.202854 0.180561 0.184489 0.196873 0.181863 0.181403
1743750 0.192865 0.182017 0.187253 -1.42723 1.14804 -0.236082 0.195569 0.179179 0.188125 0.189178 0.185886 0.186063
1743750 0.197882 0.18036 0.191188 1.38922 0.569809 2.437 0.195569 0.179179 0.188125 0.200759 0.181829 0.194998
1743750 0.196601 0.179991 0.214431 -2.5257 -0.0459968 1.13615 0.200778 0.179335 0.212494 0.191817 0.180743 0.216651
1743750 0.197663 0.188385 0.188862 -4.71338 2.23093 6.32207 0.199426 0.18738 0.185454 0.195656 0.18953 0.192742
1743750 0.192389 0.19226 0.191235 -5.01791 3.25066 -2.90937 0.195656 0.18953 0.192742 0.189349 0.1948 0.189832
1743750 0.196575 0.192638 0.189596 -0.184473 -0.432159 0.603501 0.197562 0.195972 0.186221 0.195656 0.18953 0.192742
1743750 0.194305 0.192285 0.196056 3.23625 -4.56838 -7.76539 0.192894 0.195161 0.199516 0.195656 0.18953 0.192742
1743750 0.195062 0.192731 0.202927 0.849459 -0.714947 0.914358 0.192894 0.195161 0.199516 0.196626 0.190979 0.205387
1743750 0.19263 0.196119 0.204125 0.423336 0.64784 5.47731 0.192894 0.195161 0.199516 0.192373 0.197051 0.208612
1743750 0.196201 0.197744 0.197363 0.493399 0.277192 -0.235643 0.192894 0.195161 0.199516 0.19993 0.200659 0.194934
1743750 0.198079 0.185873 0.193813 -6.62451 7.1471 -2.21709 0.200759 0.181829 0.194998 0.195656 0.18953 0.192742
1743750 0.202365 0.189216 0.183523 5.36622 2.87535 -4.69649 0.199426 0.18738 0.185454 0.207391 0.192357 0.18022
1743750 0.202906 0.186519 0.187154 1.19828 -0.0832863 0.538625 0.199426 0.18738 0.185454 0.206572 0.185612 0.188945
1743750 0.199036 0.199342 0.183068 0.395133 0.554481 -0.56614 0.197562 0.195972 0.186221 0.200489 0.202664 0.17996
1743750 0.189126 0.194013 0.209747 6.07934 4.05564 -1.89404 0.186275 0.191347 0.210742 0.192373 0.197051 0.208612
1743750 0.1967 0.197517 0.207153 -3.34256 -0.940923 1.20993 0.20171 0.198056 0.205463 0.192373 0.197051 0.208612
1743750 0.199535 0.186896 0.216504 -0.130595 -0.620064 0.926581 0.200527 0.188971 0.212303 0.198805 0.18537 0.219595
1743750 0.204552 0.182869 0.186524 0.741773 1.45285 1.40764 0.202854 0.180561 0.184489 0.206572 0.185612 0.188945
1743750 0.21006 0.180295 0.19239 3.13856 2.5289 2.11911 0.207553 0.177439 0.190574 0.212494 0.18307 0.194154
1743750 0.212792 0.180774 0.197526 -0.428658 1.52809 -3.20041 0.213079 0.178569 0.200766 0.212494 0.18307 0.194154
1743750 0.201942 0.179069 0.198988 0.621145 -1.85442 3.64438 0.200759 0.181829 0.194998 0.20285 0.176948 0.202055
1743750 0.204178 0.182863 0.198487 3.51084 0.450939 4.33826 0.200759 0.181829 0.194998 0.206968 0.183707 0.201334
1743750 0.21107 0.186898 0.193948 0.588857 -2.59676 0.367918 0.209999 0.189776 0.193794 0.212494 0.18307 0.194154
1743750 0.21369 0.185302 0.197367 0.314764 1.27405 1.87028 0.212494 0.18307 0.194154 0.215264 0.188241 0.201596
1743750 0.214081 0.18561 0.191367 -1.51033 -2.57567 2.00872 0.215966 0.188629 0.188055 0.212494 0.18307 0.194154
1743750 0.206684 0.183539 0.205394 0.462926 0.352573 -2.38997 0.206454 0.183403 0.208686 0.206968 0.183707 0.201334
1743750 0.208024 0.181726 0.21106 1.26688 -0.933151 2.00376 0.206454 0.183403 0.208686 0.209453 0.180199 0.213221
1743750 0.204096 0.181713 0.210268 -2.5736 -1.25402 1.80743 0.206454 0.183403 0.208686 0.200778 0.179335 0.212494
1743750 0.210541 0.185659 0.201447 -4.12068 -2.68817 0.545983 0.215264 0.188241 0.201596 0.206968 0.183707 0.201334
1743750 0.20696 0.186577 0.207923 0.981252 3.44661 -0.454161 0.206454 0.183403 0.208686 0.207613 0.190667 0.20694
1743750 0.212228 0.180107 0.214379 2.80648 -0.231608 0.699847 0.209453 0.180199 0.213221 0.215941 0.179985 0.215928
1743750 0.205121 0.193212 0.198651 -3.75485 -2.47095 0.354665 0.208641 0.196287 0.197887 0.201755 0.190271 0.199381
1743750 0.208546 0.188011 0.191738 -2.30769 -1.84077 -2.52848 0.209999 0.189776 0.193794 0.206572 0.185612 0.188945
1743750 0.212528 0.191464 0.194243 1.87658 1.09486 0.657759 0.209999 0.189776 0.193794 0.215073 0.193162 0.194695
1743750 0.209464 0.192339 0.195405 -0.951916 3.25225 2.83609 0.209999 0.189776 0.193794 0.208641 0.196287 0.197887
1743750 0.214591 0.195139 0.192365 0.442482 -1.04071 1.67556 0.213773 0.198487 0.18842 0.215073 0.193162 0.194695
1743750 0.209525 0.197753 0.202303 -0.0785366 -0.824733 -2.55111 0.210105 0.198715 0.205203 0.208641 0.196287 0.197887
1743750 0.217974 0.19211 0.194908 -1.10267 0.607645 -0.047214 0.221836 0.190709 0.195192 0.215073 0.193162 0.194695
1743750 0.204278 0.189869 0.209464 0.618875 0.045584 -0.379944 0.200527 0.188971 0.212303 0.207613 0.190667 0.20694
1743750 0.204987 0.193954 0.206283 3.21947 -2.93449 0.827469 0.20171 0.198056 0.205463 0.207613 0.190667 0.20694
1743750 0.210991 0.189596 0.20458 -3.47336 0.826562 3.22788 0.215264 0.188241 0.201596 0.207613 0.190667 0.20694
1743750 0.203451 0.202425 0.202992 4.00794 6.51211 -3.65625 0.20171 0.198056 0.205463 0.204773 0.205743 0.201116
1743750 0.209374 0.201165 0.206975 -0.389271 1.57726 1.54528 0.210105 0.198715 0.205203 0.208064 0.205557 0.210152
1743750 0.217169 0.184336 0.204778 -2.60381 4.9979 -5.68207 0.218874 0.180841 0.207626 0.215264 0.188241 0.201596
1743750 0.212171 0.197499 0.207184 3.17792 -1.30062 2.25714 0.210105 0.198715 0.205203 0.216485 0.194959 0.211319
1743750 0.207089 0.189548 0.218557 3.50212 -1.87827 -2.08393 0.203959 0.191707 0.219993 0.210757 0.187018 0.216874
1743750 0.182636 0.179851 0.196009 -0.82871 -0.273218 0.480736 0.186101 0.180466 0.19357 0.177695 0.178973 0.199486
1743750 0.206273 0.180594 0.183673 -0.624154 -0.0897876 0.0917925 0.211531 0.180644 0.182418 0.202854 0.180561 0.184489
1743750 0.21013 0.195341 0.212597 0.751812 0.0767904 -0.150097 0.206271 0.195573 0.213372 0.216485 0.194959 0.211319
1743750 0.206916 0.193214 0.21028 0.807419 -1.3988 -2.18049 0.206271 0.195573 0.213372 0.207613 0.190667 0.20694
1743750 0.205133 0.193669 0.216632 0.345697 0.327153 -0.663106 0.203959 0.191707 0.219993 0.206271 0.195573 0.213372
1743750 0.203741 0.179973 0.21602 3.13338 -0.0509459 3.33657 0.200778 0.179335 0.212494 0.205942 0.180447 0.218638
1743750 0.202384 0.190451 0.216462 0.39639 0.168296 0.973647 0.200527 0.188971 0.212303 0.203959 0.191707 0.219993
1743750 0.194568 0.188685 0.206823 4.11536 3.598 -3.37917 0.192021 0.185846 0.2086 0.196626 0.190979 0.205387
1743750 0.207006 0.198472 0.205299 -1.04604 -0.141442 -0.124711 0.210105 0.198715 0.205203 0.20171 0.198056 0.205463
1743750 0.189086 0.188656 0.209694 -2.2629 1.67849 0.461562 0.192021 0.185846 0.2086 0.186275 0.191347 0.210742
1743750 0.208734 0.183446 0.186099 -0.933106 0.614404 0.949641 0.211531 0.180644 0.182418 0.206572 0.185612 0.188945
1743750 0.191931 0.183594 0.212153 -0.805834 -2.91401 6.2265 0.192021 0.185846 0.2086 0.191817 0.180743 0.216651
1743750 0.198246 0.190145 0.208259 -0.327412 0.0622231 -0.606361 0.200527 0.188971 0.212303 0.196626 0.190979 0.205387
1743750 0.215143 0.191367 0.197212 0.0732637 0.434596 -0.798065 0.215264 0.188241 0.201596 0.215073 0.193162 0.194695
1743750 0.198826 0.190675 0.202811 -0.560766 -0.0594373 0.649093 0.201755 0.190271 0.199381 0.196626 0.190979 0.205387
1743750 0.196281 0.180644 0.184455 0.147961 2.16673 -4.68713 0.195569 0.179179 0.188125 0.196873 0.181863 0.181403
1743750 0.181817 0.196583 0.193828 0.714794 0.547212 0.728131 0.180032 0.194755 0.192181 0.184761 0.1996 0.196545
1743750 0.198702 0.1899 0.196057 1.01801 -0.115463 1.17075 0.195656 0.18953 0.192742 0.201755 0.190271 0.199381
1743750 0.218988 0.18964 0.197967 -3.54818 -0.515425 3.41358 0.221836 0.190709 0.195192 0.215264 0.188241 0.201596
1743750 0.203224 0.199612 0.19089 -0.374767 0.0322909 0.519409 0.205256 0.198966 0.188396 0.19993 0.200659 0.194934
1743750 0.216622 0.179201 0.199189 -1.44333 -0.461637 0.864117 0.222404 0.180233 0.196615 0.213079 0.178569 0.200766
1743750 0.202793 0.191577 0.19517 -0.109384 -0.323805 0.699659 0.203688 0.192702 0.191542 0.201755 0.190271 0.199381
1743750 0.20508 0.189278 0.190287 0.378861 -0.825212 -0.473343 0.203688 0.192702 0.191542 0.206572 0.185612 0.188945
1743750 0.20454 0.196105 0.189832 0.387208 0.865977 -0.493275 0.203688 0.192702 0.191542 0.205256 0.198966 0.188396
1743750 0.183292 0.18091 0.200966 2.59602 1.05009 1.17049 0.177695 0.178973 0.199486 0.187432 0.182342 0.202061
1743750 0.190419 0.179803 0.204303 -3.3019 1.90319 -2.12004 0.193614 0.177086 0.206701 0.187432 0.182342 0.202061
1743750 0.191427 0.189204 0.194297 0.955423 0.00359564 -0.516274 0.187208 0.188879 0.195848 0.195656 0.18953 0.192742
1743750 0.18732 0.185614 0.198951 -0.414221 -2.46847 2.12935 0.187208 0.188879 0.195848 0.187432 0.182342 0.202061
1743750 0.189807 0.184156 0.205446 -3.28947 -1.47333 -3.83194 0.192021 0.185846 0.2086 0.187432 0.182342 0.202061
1743750 0.19861 0.19374 0.205417 -3.39551 -4.49577 -0.941456 0.20171 0.198056 0.205463 0.196626 0.190979 0.205387
1743750 0.210699 0.200854 0.203025 0.610137 1.13346 -1.30184 0.210105 0.198715 0.205203 0.211276 0.202936 0.200905
1743750 0.190284 0.179443 0.200096 -0.011599 0.00826241 0.00738099 0.192344 0.177349 0.198677 0.187432 0.182342 0.202061
1743750 0.207818 0.180314 0.215743 -1.2945 0.0942611 1.43605 0.209453 0.180199 0.213221 0.205942 0.180447 0.218638
1743750 0.186749 0.181379 0.197702 0.194986 0.374925 3.91138 0.186101 0.180466 0.19357 0.187432 0.182342 0.202061
1743750 0.213181 0.190378 0.214523 0.858635 0.853361 -0.586343 0.210757 0.187018 0.216874 0.216485 0.194959 0.211319
1743750 0.209192 0.178607 0.210682 -0.0928276 -0.598288 -1.40272 0.209453 0.180199 0.213221 0.208836 0.176442 0.20723
1743750 0.186472 0.197624 0.188648 -3.98284 3.87985 -0.710658 0.189349 0.1948 0.189832 0.183622 0.200422 0.187475
1743750 0.187451 0.182845 0.190276 0.548268 0.589941 -1.12453 0.186101 0.180466 0.19357 0.189178 0.185886 0.186063
1743750 0.194366 0.199397 0.200974 1.14397 3.47509 1.86869 0.192894 0.195161 0.199516 0.19532 0.202143 0.201919
1743750 0.181834 0.198635 0.200502 0.548687 0.0321759 -0.734279 0.178796 0.197633 0.20461 0.184761 0.1996 0.196545
1743750 0.188316 0.191943 0.192735 1.13582 3.0312 -4.26093 0.187208 0.188879 0.195848 0.189349 0.1948 0.189832
1743750 0.210078 0.181092 0.201045 -0.196059 0.124786 0.0375057 0.213079 0.178569 0.200766 0.206968 0.183707 0.201334
1743750 0.196707 0.180676 0.205755 -3.21495 -2.72871 1.04442 0.199438 0.183844 0.204919 0.193614 0.177086 0.206701
1743750 0.20329 0.183774 0.203085 0.289053 -0.0514121 -0.116851 0.199438 0.183844 0.204919 0.206968 0.183707 0.201334
1743750 0.199951 0.18626 0.208398 0.0348587 -0.61078 -0.979965 0.200527 0.188971 0.212303 0.199438 0.183844 0.204919
1743750 0.200562 0.186962 0.202232 0.923989 2.7931 -3.27322 0.199438 0.183844 0.204919 0.201755 0.190271 0.199381
1743750 0.189959 0.181891 0.194763 -0.00406243 -0.00112529 -0.000621294 0.192757 0.182925 0.195628 0.186101 0.180466 0.19357
1743750 0.19325 0.184803 0.198053 0.000326207 0.001511 0.00270919 0.192757 0.182925 0.195628 0.193789 0.186856 0.200705
1743750 0.197747 0.195291 0.181428 -0.00255865 0.00151524 0.0128554 0.197871 0.194835 0.178209 0.197562 0.195972 0.186221
1743750 0.209565 0.184473 0.208986 -0.0 0.0 0.0 0.206454 0.183403 0.208686 0.212571 0.185507 0.209276
1743750 0.216161 0.195028 0.196909 -0.49776 -0.905936 -0.770275 0.217778 0.197803 0.200203 0.215073 0.193162 0.194695
1743750 0.211843 0.186113 0.212325 -0.000997771 0.000361741 0.0024626 0.212571 0.185507 0.209276 0.210757 0.187018 0.216874
1743750 0.21662 0.193398 0.200845 -1.6699 -4.41148 1.25982 0.217778 0.197803 0.200203 0.215264 0.188241 0.201596
1743750 0.215575 0.200714 0.197403 -1.92869 1.72064 -2.18558 0.217778 0.197803 0.200203 0.214127 0.202627 0.195562
1743750 0.186641 0.184565 0.19468 -1.03505 -3.82275 -1.47808 0.187208 0.188879 0.195848 0.186101 0.180466 0.19357
1743750 0.195825 0.182505 0.195387 0.00539656 -0.000579108 0.000424373 0.192757 0.182925 0.195628 0.200759 0.181829 0.194998
1743750 0.185085 0.179368 0.211477 0.000136466 0.0113686 -0.00323016 0.185415 0.175055 0.212103 0.184799 0.183098 0.210935
1743750 0.19106 0.184918 0.201287 0.0025314 0.00130756 -0.000731397 0.187432 0.182342 0.202061 0.193789 0.186856 0.200705
1743750 0.187865 0.186745 0.20297 0.00109762 0.00468526 0.00147006 0.187432 0.182342 0.202061 0.188181 0.189957 0.203633
1743750 0.196293 0.185521 0.202572 -0.00300208 0.0010006 -0.00247188 0.199438 0.183844 0.204919 0.193789 0.186856 0.200705
1743750 0.189867 0.188152 0.205814 -0.0 0.0 0.0 0.192021 0.185846 0.2086 0.188181 0.189957 0.203633
1743750 0.194992 0.196567 0.212351 0.00324937 0.000298608 0.00491345 0.192373 0.197051 0.208612 0.197134 0.19617 0.215409
1743750 0.196799 0.193916 0.218392 0.00185012 0.00738869 -0.00743657 0.196487 0.191812 0.221176 0.197134 0.19617 0.215409
1743750 0.198625 0.193007 0.214045 -0.00326412 0.00545693 0.0035011 0.200527 0.188971 0.212303 0.197134 0.19617 0.215409
1743750 0.202641 0.182241 0.181409 -0.000326222 0.000697294 -0.0012872 0.202854 0.180561 0.184489 0.20245 0.183745 0.178652
1743750 0.20706 0.181542 0.189756 -0.183523 1.48124 -0.551598 0.207553 0.177439 0.190574 0.206572 0.185612 0.188945
1743750 0.215082 0.183649 0.208619 -0.00755176 0.00435216 0.000840591 0.218874 0.180841 0.207626 0.212571 0.185507 0.209276
1743750 0.192399 0.185988 0.215915 0.0014083 0.00583832 -0.00145451 0.191817 0.180743 0.216651 0.192789 0.189504 0.215423
1743750 0.192727 0.187883 0.189723 1.38638 1.02746 1.19935 0.189178 0.185886 0.186063 0.195656 0.18953 0.192742
1743750 0.200955 0.194161 0.189168 0.125406 -0.0462172 0.130638 0.197562 0.195972 0.186221 0.203688 0.192702 0.191542
1743750 0.210249 0.200344 0.199728 1.04505 1.89988 1.2158 0.208641 0.196287 0.197887 0.211276 0.202936 0.200905
1743750 0.192556 0.180205 0.197115 -0.000461523 -0.0032453 0.0024786 0.192757 0.182925 0.195628 0.192344 0.177349 0.198677
1743750 0.193164 0.195344 0.188155 -0.1073 -0.0290351 0.0345079 0.197562 0.195972 0.186221 0.189349 0.1948 0.189832
1743750 0.217869 0.202077 0.201904 0.123338 1.44885 0.845694 0.217778 0.197803 0.200203 0.217977 0.207112 0.203908
1743750 0.184139 0.200049 0.191589 -0.0622747 0.148884 -0.586615 0.184761 0.1996 0.196545 0.183622 0.200422 0.187475
1743750 0.185058 0.189089 0.204224 0.000587519 0.000229713 -3.66465e-05 0.180548 0.187836 0.205079 0.188181 0.189957 0.203633
1743750 0.200079 0.181687 0.208543 -0.052153 0.422813 -0.961907 0.200778 0.179335 0.212494 0.199438 0.183844 0.204919
1743750 0.192436 0.187825 0.212291 5.38809e-05 0.000233482 0.000309144 0.192021 0.185846 0.2086 0.192789 0.189504 0.215423
1743750 0.196094 0.189269 0.21409 0.0 0.0 0.0 0.200527 0.188971 0.212303 0.192789 0.189504 0.215423
1743750 0.182489 0.179045 0.191321 0.0 0.0 0.0 0.186101 0.180466 0.19357 0.178593 0.177542 0.188895
1743750 0.182292 0.195311 0.19747 0.0 0.0 0.0 0.180665 0.192508 0.19808 0.184761 0.1996 0.196545
1743750 0.180618 0.19058 0.200948 0.0 0.0 0.0 0.180548 0.187836 0.205079 0.180665 0.192508 0.19808
1743750 0.182882 0.183322 0.192622 0.0 0.0 0.0 0.186101 0.180466 0.19357 0.179265 0.18656 0.191558
1743750 0.1839 0.186231 0.188988 0.0 0.0 0.0 0.189178 0.185886 0.186063 0.179265 0.18656 0.191558
1743750 0.183366 0.187743 0.193772 0.0 0.0 0.0 0.187208 0.188879 0.195848 0.179265 0.18656 0.191558
1743750 0.18605 0.19394 0.196177 0.0 0.0 0.0 0.187208 0.188879 0.195848 0.184761 0.1996 0.196545
1743750 0.187257 0.196976 0.192893 0.0 0.0 0.0 0.189349 0.1948 0.189832 0.184761 0.1996 0.196545
1743750 0.182918 0.185181 0.208342 0.0 0.0 0.0 0.180548 0.187836 0.205079 0.184799 0.183098 0.210935
1743750 0.184081 0.185003 0.20353 0.0 0.0 0.0 0.180548 0.187836 0.205079 0.187432 0.182342 0.202061
1743750 0.187577 0.200183 0.184884 0.0 0.0 0.0 0.191027 0.199998 0.182624 0.183622 0.200422 0.187475
1743750 0.193957 0.183373 0.183169 0.0 0.0 0.0 0.189178 0.185886 0.186063 0.196873 0.181863 0.181403
1743750 0.190431 0.180705 0.183483 0.0 0.0 0.0 0.189178 0.185886 0.186063 0.191373 0.176839 0.181545
1743750 0.189645 0.178682 0.196468 0.0 0.0 0.0 0.186101 0.180466 0.19357 0.192344 0.177349 0.198677
1743750 0.190587 0.182673 0.19825 0.0 0.0 0.0 0.192757 0.182925 0.195628 0.187432 0.182342 0.202061
1743750 0.197509 0.183291 0.186782 0.0 0.0 0.0 0.195569 0.179179 0.188125 0.199426 0.18738 0.185454
1743750 0.190493 0.18534 0.195719 0.0 0.0 0.0 0.192757 0.182925 0.195628 0.187208 0.188879 0.195848
1743750 0.193938 0.185602 0.194454 0.0 0.0 0.0 0.192757 0.182925 0.195628 0.195656 0.18953 0.192742
1743750 0.199454 0.179902 0.186186 0.0 0.0 0.0 0.195569 0.179179 0.188125 0.202854 0.180561 0.184489
1743750 0.186 0.182739 0.206892 0.0 0.0 0.0 0.187432 0.182342 0.202061 0.184799 0.183098 0.210935
1743750 0.187713 0.182106 0.213307 0.0 0.0 0.0 0.191817 0.180743 0.216651 0.184799 0.183098 0.210935
1743750 0.19276 0.178811 0.211433 0.0 0.0 0.0 0.191817 0.180743 0.216651 0.193614 0.177086 0.206701
1743750 0.188217 0.184384 0.20983 0.0 0.0 0.0 0.192021 0.185846 0.2086 0.184799 0.183098 0.210935
1743750 0.185515 0.187076 0.210842 0.0 0.0 0.0 0.186275 0.191347 0.210742 0.184799 0.183098 0.210935
1743750 0.192763 0.181755 0.207716 0.0 0.0 0.0 0.192021 0.185846 0.2086 0.193614 0.177086 0.206701
1743750 0.195704 0.184839 0.206771 0.0 0.0 0.0 0.192021 0.185846 0.2086 0.199438 0.183844 0.204919
1743750 0.197873 0.187801 0.205179 0.0 0.0 0.0 0.199438 0.183844 0.204919 0.196626 0.190979 0.205387
1743750 0.200046 0.182902 0.200348 0.0 0.0 0.0 0.200759 0.181829 0.194998 0.199438 0.183844 0.204919
1743750 0.201234 0.1802 0.203411 0.0 0.0 0.0 0.199438 0.183844 0.204919 0.20285 0.176948 0.202055
1743750 0.203392 0.183582 0.207042 0.0 0.0 0.0 0.206454 0.183403 0.208686 0.199438 0.183844 0.204919
1743750 0.196023 0.183514 0.218422 0.0 0.0 0.0 0.191817 0.180743 0.216651 0.198805 0.18537 0.219595
1743750 0.198226 0.187586 0.181458 0.0 0.0 0.0 0.199426 0.18738 0.185454 0.197139 0.187799 0.177849
1743750 0.190249 0.197576 0.185966 0.0 0.0 0.0 0.189349 0.1948 0.189832 0.191027 0.199998 0.182624
1743750 0.193827 0.19826 0.184166 0.0 0.0 0.0 0.197562 0.195972 0.186221 0.191027 0.199998 0.182624
1743750 0.19512 0.186739 0.18571 0.0 0.0 0.0 0.199426 0.18738 0.185454 0.189178 0.185886 0.186063
1743750 0.188097 0.187514 0.19143 0.0 0.0 0.0 0.187208 0.188879 0.195848 0.189178 0.185886 0.186063
1743750 0.189275 0.190916 0.188196 0.0 0.0 0.0 0.189178 0.185886 0.186063 0.189349 0.1948 0.189832
1743750 0.198587 0.191235 0.1858 0.0 0.0 0.0 0.197562 0.195972 0.186221 0.199426 0.18738 0.185454
1743750 0.189987 0.191935 0.197639 0.0 0.0 0.0 0.187208 0.188879 0.195848 0.192894 0.195161 0.199516
1743750 0.19102 0.194957 0.194396 0.0 0.0 0.0 0.192894 0.195161 0.199516 0.189349 0.1948 0.189832
1743750 0.190961 0.187713 0.198617 0.0 0.0 0.0 0.187208 0.188879 0.195848 0.193789 0.186856 0.200705
1743750 0.187771 0.189488 0.200344 0.0 0.0 0.0 0.187208 0.188879 0.195848 0.188181 0.189957 0.203633
1743750 0.19459 0.187991 0.197287 0.0 0.0 0.0 0.195656 0.18953 0.192742 0.193789 0.186856 0.200705
1743750 0.193415 0.190321 0.200207 0.0 0.0 0.0 0.192894 0.195161 0.199516 0.193789 0.186856 0.200705
1743750 0.19012 0.192084 0.201939 0.0 0.0 0.0 0.192894 0.195161 0.199516 0.188181 0.189957 0.203633
1743750 0.194473 0.199702 0.188218 0.0 0.0 0.0 0.197562 0.195972 0.186221 0.191614 0.203179 0.190064
1743750 0.198691 0.198193 0.190374 0.0 0.0 0.0 0.197562 0.195972 0.186221 0.19993 0.200659 0.194934
1743750 0.201114 0.185339 0.18166 0.0 0.0 0.0 0.199426 0.18738 0.185454 0.20245 0.183745 0.178652
1743750 0.201244 0.18375 0.184942 0.0 0.0 0.0 0.199426 0.18738 0.185454 0.202854 0.180561 0.184489
1743750 0.201656 0.194453 0.183722 0.0 0.0 0.0 0.197562 0.195972 0.186221 0.207391 0.192357 0.18022
1743750 0.201575 0.190049 0.188523 0.0 0.0 0.0 0.203688 0.192702 0.191542 0.199426 0.18738 0.185454
1743750 0.199965 0.191218 0.192098 0.0 0.0 0.0 0.203688 0.192702 0.191542 0.195656 0.18953 0.192742
1743750 0.197415 0.192653 0.199447 0.0 0.0 0.0 0.192894 0.195161 0.199516 0.201755 0.190271 0.199381
1743750 0.202149 0.197744 0.187518 0.0 0.0 0.0 0.197562 0.195972 0.186221 0.205256 0.198966 0.188396
1743750 0.197039 0.196509 0.202312 0.0 0.0 0.0 0.192894 0.195161 0.199516 0.20171 0.198056 0.205463
1743750 0.190943 0.188417 0.202191 0.0 0.0 0.0 0.188181 0.189957 0.203633 0.193789 0.186856 0.200705
1743750 0.192999 0.186392 0.204231 0.0 0.0 0.0 0.192021 0.185846 0.2086 0.193789 0.186856 0.200705
1743750 0.195207 0.188904 0.203045 0.0 0.0 0.0 0.196626 0.190979 0.205387 0.193789 0.186856 0.200705
1743750 0.187324 0.190568 0.20683 0.0 0.0 0.0 0.186275 0.191347 0.210742 0.188181 0.189957 0.203633
1743750 0.189729 0.190356 0.213224 0.0 0.0 0.0 0.186275 0.191347 0.210742 0.192789 0.189504 0.215423
1743750 0.194816 0.19355 0.20676 0.0 0.0 0.0 0.192373 0.197051 0.208612 0.196626 0.190979 0.205387
1743750 0.194907 0.19274 0.215416 0.0 0.0 0.0 0.192789 0.189504 0.215423 0.197134 0.19617 0.215409
1743750 0.18634 0.193537 0.214246 0.0 0.0 0.0 0.186275 0.191347 0.210742 0.186431 0.196749 0.219331
1743750 0.194656 0.190655 0.218327 0.0 0.0 0.0 0.196487 0.191812 0.221176 0.192789 0.189504 0.215423
1743750 0.195817 0.187409 0.217522 0.0 0.0 0.0 0.192789 0.189504 0.215423 0.198805 0.18537 0.219595
1743750 0.190379 0.192237 0.216904 0.0 0.0 0.0 0.192789 0.189504 0.215423 0.186431 0.196749 0.219331
1743750 0.196517 0.197728 0.218828 0.0 0.0 0.0 0.195759 0.199667 0.223019 0.197134 0.19617 0.215409
1743750 0.197204 0.188307 0.200138 0.0 0.0 0.0 0.201755 0.190271 0.199381 0.193789 0.186856 0.200705
1743750 0.196 0.187294 0.210331 0.0 0.0 0.0 0.192021 0.185846 0.2086 0.200527 0.188971 0.212303
1743750 0.199656 0.182754 0.216533 0.0 0.0 0.0 0.200778 0.179335 0.212494 0.198805 0.18537 0.219595
1743750 0.201199 0.188299 0.219779 0.0 0.0 0.0 0.203959 0.191707 0.219993 0.198805 0.18537 0.219595
1743750 0.202098 0.196056 0.192977 0.0 0.0 0.0 0.203688 0.192702 0.191542 0.19993 0.200659 0.194934
1743750 0.204538 0.198333 0.196495 0.0 0.0 0.0 0.208641 0.196287 0.197887 0.19993 0.200659 0.194934
1743750 0.209296 0.178828 0.187002 0.0 0.0 0.0 0.207553 0.177439 0.190574 0.211531 0.180644 0.182418
1743750 0.204991 0.179127 0.187257 0.0 0.0 0.0 0.207553 0.177439 0.190574 0.202854 0.180561 0.184489
1743750 0.204444 0.179433 0.192598 0.0 0.0 0.0 0.207553 0.177439 0.190574 0.200759 0.181829 0.194998
1743750 0.209725 0.183376 0.197751 0.0 0.0 0.0 0.212494 0.18307 0.194154 0.206968 0.183707 0.201334
1743750 0.209564 0.184314 0.191577 0.0 0.0 0.0 0.212494 0.18307 0.194154 0.206572 0.185612 0.188945
1743750 0.201281 0.186243 0.197297 0.0 0.0 0.0 0.200759 0.181829 0.194998 0.201755 0.190271 0.199381
1743750 0.203923 0.183875 0.191702 0.0 0.0 0.0 0.200759 0.181829 0.194998 0.206572 0.185612 0.188945
1743750 0.216354 0.181951 0.195112 0.0 0.0 0.0 0.222404 0.180233 0.196615 0.212494 0.18307 0.194154
1743750 0.204847 0.180213 0.201705 0.0 0.0 0.0 0.206968 0.183707 0.201334 0.20285 0.176948 0.202055
1743750 0.2079 0.180068 0.204275 0.0 0.0 0.0 0.208836 0.176442 0.20723 0.206968 0.183707 0.201334
1743750 0.207518 0.18028 0.208035 0.0 0.0 0.0 0.206454 0.183403 0.208686 0.208836 0.176442 0.20723
1743750 0.206046 0.179846 0.212935 0.0 0.0 0.0 0.209453 0.180199 0.213221 0.200778 0.179335 0.212494
1743750 0.204499 0.186802 0.200409 0.0 0.0 0.0 0.201755 0.190271 0.199381 0.206968 0.183707 0.201334
1743750 0.214 0.182636 0.201116 0.0 0.0 0.0 0.213079 0.178569 0.200766 0.215264 0.188241 0.201596
1743750 0.207283 0.187097 0.204074 0.0 0.0 0.0 0.206968 0.183707 0.201334 0.207613 0.190667 0.20694
1743750 0.204034 0.185663 0.210162 0.0 0.0 0.0 0.206454 0.183403 0.208686 0.200527 0.188971 0.212303
1743750 0.210966 0.182761 0.211307 0.0 0.0 0.0 0.209453 0.180199 0.213221 0.212571 0.185507 0.209276
1743750 0.200655 0.184068 0.212399 0.0 0.0 0.0 0.200527 0.188971 0.212303 0.200778 0.179335 0.212494
1743750 0.209958 0.182825 0.214634 0.0 0.0 0.0 0.209453 0.180199 0.213221 0.210757 0.187018 0.216874
1743750 0.215681 0.179576 0.203846 0.0 0.0 0.0 0.218874 0.180841 0.207626 0.213079 0.178569 0.200766
1743750 0.207966 0.183195 0.217896 0.0 0.0 0.0 0.205942 0.180447 0.218638 0.210757 0.187018 0.216874
1743750 0.206884 0.188169 0.18562 0.0 0.0 0.0 0.207391 0.192357 0.18022 0.206572 0.185612 0.188945
1743750 0.20504 0.192562 0.187408 0.0 0.0 0.0 0.203688 0.192702 0.191542 0.207391 0.192357 0.18022
1743750 0.210993 0.195804 0.184848 0.0 0.0 0.0 0.207391 0.192357 0.18022 0.213773 0.198487 0.18842
1743750 0.205952 0.196799 0.185731 0.0 0.0 0.0 0.205256 0.198966 0.188396 0.207391 0.192357 0.18022
1743750 0.212386 0.190172 0.184785 0.0 0.0 0.0 0.215966 0.188629 0.188055 0.207391 0.192357 0.18022
1743750 0.207218 0.191052 0.192801 0.0 0.0 0.0 0.209999 0.189776 0.193794 0.203688 0.192702 0.191542
1743750 0.205925 0.194308 0.194408 0.0 0.0 0.0 0.203688 0.192702 0.191542 0.208641 0.196287 0.197887
1743750 0.212531 0.194384 0.195956 0.0 0.0 0.0 0.208641 0.196287 0.197887 0.215073 0.193162 0.194695
1743750 0.211077 0.197319 0.193392 0.0 0.0 0.0 0.208641 0.196287 0.197887 0.213773 0.198487 0.18842
1743750 0.208536 0.198769 0.188405 0.0 0.0 0.0 0.205256 0.198966 0.188396 0.213773 0.198487 0.18842
1743750 0.204774 0.190462 0.203276 0.0 0.0 0.0 0.201755 0.190271 0.199381 0.207613 0.190667 0.20694
1743750 0.201735 0.193839 0.202179 0.0 0.0 0.0 0.20171 0.198056 0.205463 0.201755 0.190271 0.199381
1743750 0.211912 0.189205 0.196629 0.0 0.0 0.0 0.209999 0.189776 0.193794 0.215264 0.188241 0.201596
1743750 0.21174 0.192509 0.199622 0.0 0.0 0.0 0.208641 0.196287 0.197887 0.215264 0.188241 0.201596
1743750 0.205374 0.197108 0.201457 0.0 0.0 0.0 0.208641 0.196287 0.197887 0.20171 0.198056 0.205463
1743750 0.211989 0.200144 0.196469 0.0 0.0 0.0 0.208641 0.196287 0.197887 0.214127 0.202627 0.195562
1743750 0.210914 0.186993 0.188534 0.0 0.0 0.0 0.215966 0.188629 0.188055 0.206572 0.185612 0.188945
1743750 0.21231 0.189318 0.191571 0.0 0.0 0.0 0.209999 0.189776 0.193794 0.215966 0.188629 0.188055
1743750 0.21542 0.191387 0.192113 0.0 0.0 0.0 0.215966 0.188629 0.188055 0.215073 0.193162 0.194695
1743750 0.21491 0.193361 0.188231 0.0 0.0 0.0 0.215966 0.188629 0.188055 0.213773 0.198487 0.18842
1743750 0.213275 0.197043 0.199062 0.0 0.0 0.0 0.217778 0.197803 0.200203 0.208641 0.196287 0.197887
1743750 0.203677 0.192578 0.212889 0.0 0.0 0.0 0.200527 0.188971 0.212303 0.206271 0.195573 0.213372
1743750 0.201088 0.193264 0.209061 0.0 0.0 0.0 0.200527 0.188971 0.212303 0.20171 0.198056 0.205463
1743750 0.210447 0.187705 0.208275 0.0 0.0 0.0 0.212571 0.185507 0.209276 0.207613 0.190667 0.20694
1743750 0.213573 0.186511 0.206418 0.0 0.0 0.0 0.212571 0.185507 0.209276 0.215264 0.188241 0.201596
1743750 0.209053 0.195305 0.205935 0.0 0.0 0.0 0.210105 0.198715 0.205203 0.207613 0.190667 0.20694
1743750 0.204328 0.196617 0.210003 0.0 0.0 0.0 0.206271 0.195573 0.213372 0.20171 0.198056 0.205463
1743750 0.208052 0.196804 0.216671 0.0 0.0 0.0 0.210558 0.198568 0.221312 0.206271 0.195573 0.213372
1743750 0.218523 0.184571 0.199322 0.0 0.0 0.0 0.222404 0.180233 0.196615 0.215264 0.188241 0.201596
1743750 0.213861 0.188609 0.209949 0.0 0.0 0.0 0.212571 0.185507 0.209276 0.216485 0.194959 0.211319
1743750 0.211127 0.192354 0.208674 0.0 0.0 0.0 0.216485 0.194959 0.211319 0.207613 0.190667 0.20694
1743750 0.215818 0.191273 0.206004 0.0 0.0 0.0 0.216485 0.194959 0.211319 0.215264 0.188241 0.201596
1743750 0.2132 0.198334 0.203186 0.0 0.0 0.0 0.210105 0.198715 0.205203 0.217778 0.197803 0.200203
1743750 0.213856 0.200886 0.200626 0.0 0.0 0.0 0.217778 0.197803 0.200203 0.211276 0.202936 0.200905
1743750 0.217241 0.196611 0.204813 0.0 0.0 0.0 0.217778 0.197803 0.200203 0.216485 0.194959 0.211319
1743750 0.219679 0.200786 0.196961 0.0 0.0 0.0 0.217778 0.197803 0.200203 0.221762 0.204079 0.193409
1743750 0.18311 0.206825 0.194102 -1.12913 -0.25274 -0.123957 0.186353 0.207366 0.193963 0.179345 0.206197 0.194263
1743750 0.185753 0.213519 0.195093 -1.89897 -0.0192014 -0.780836 0.189693 0.2136 0.197501 0.182255 0.213447 0.192955
1743750 0.181206 0.205461 0.202501 0.0503236 -0.00145383 0.0285138 0.178582 0.205055 0.200996 0.186861 0.206336 0.205743
1743750 0.181179 0.218347 0.198054 0.896655 0.396015 -0.0633349 0.178321 0.216706 0.198667 0.184009 0.219972 0.197447
1743750 0.183865 0.218133 0.200207 0.000414288 0.00134409 -0.00272622 0.183698 0.215998 0.203411 0.184009 0.219972 0.197447
1743750 0.190445 0.198855 0.189945 -0.98164 -6.42229 -0.909896 0.191614 0.203179 0.190064 0.189349 0.1948 0.189832
1743750 0.192756 0.200302 0.211829 -1.84777 -5.29726 -6.0309 0.193141 0.203584 0.215078 0.192373 0.197051 0.208612
1743750 0.194532 0.201076 0.208151 -0.526031 -0.814371 0.234796 0.196006 0.203823 0.207837 0.192373 0.197051 0.208612
1743750 0.194455 0.201618 0.219063 0.718039 -1.64615 4.27281 0.193141 0.203584 0.215078 0.195759 0.199667 0.223019
1743750 0.188245 0.208466 0.185665 -1.30321 -2.48715 -2.60803 0.189568 0.212003 0.188374 0.187273 0.205868 0.183674
1743750 0.18858 0.205593 0.192313 0.959144 -0.537714 -0.764463 0.186353 0.207366 0.193963 0.191614 0.203179 0.190064
1743750 0.19429 0.206398 0.191664 4.97577 4.28205 2.78755 0.191614 0.203179 0.190064 0.196744 0.209349 0.193131
1743750 0.187742 0.20996 0.195435 0.655813 0.838467 0.488126 0.186353 0.207366 0.193963 0.189693 0.2136 0.197501
1743750 0.196863 0.209552 0.197234 -0.404747 0.37359 3.39683 0.196744 0.209349 0.193131 0.197001 0.209787 0.201996
1743750 0.193288 0.211725 0.199712 -1.16014 0.371171 -0.594623 0.197001 0.209787 0.201996 0.189693 0.2136 0.197501
1743750 0.191875 0.214424 0.185146 -0.927682 -0.741928 1.49134 0.194278 0.216944 0.181785 0.189568 0.212003 0.188374
1743750 0.197249 0.213311 0.192167 0.613647 5.67931 -2.37803 0.196744 0.209349 0.193131 0.197835 0.217911 0.191047
1743750 0.190762 0.215131 0.201725 -0.393721 -0.945799 -3.63708 0.191868 0.216714 0.206091 0.189693 0.2136 0.197501
1743750 0.19589 0.206898 0.213364 1.45299 2.32329 -1.43033 0.193141 0.203584 0.215078 0.198832 0.210446 0.21153
1743750 0.195658 0.202973 0.204842 -0.241997 -0.290661 -0.855674 0.196006 0.203823 0.207837 0.19532 0.202143 0.201919
1743750 0.1971 0.206387 0.209266 -0.286433 -1.24895 -0.646918 0.198832 0.210446 0.21153 0.196006 0.203823 0.207837
1743750 0.191452 0.20789 0.215344 -5.039 8.61996 0.235569 0.193141 0.203584 0.215078 0.189362 0.213216 0.215674
1743750 0.198513 0.214076 0.200553 0.94162 1.70289 -0.645703 0.197001 0.209787 0.201996 0.199718 0.217495 0.199401
1743750 0.194435 0.213249 0.204043 1.42571 -1.37531 -1.08768 0.191868 0.216714 0.206091 0.197001 0.209787 0.201996
1743750 0.20287 0.212984 0.21289 1.83906 0.785325 0.681045 0.198832 0.210446 0.21153 0.206502 0.215267 0.214113
1743750 0.201212 0.207596 0.201519 2.33495 -0.895504 0.0269564 0.197001 0.209787 0.201996 0.204773 0.205743 0.201116
1743750 0.201066 0.21182 0.203448 1.6098 0.509333 0.645756 0.197001 0.209787 0.201996 0.20505 0.213812 0.204871
1743750 0.190729 0.215124 0.210446 -1.26396 -0.800461 4.0056 0.191868 0.216714 0.206091 0.189362 0.213216 0.215674
1743750 0.200844 0.204213 0.219044 -0.885225 2.04704 2.20777 0.202439 0.201574 0.216657 0.199448 0.20652 0.221131
1743750 0.198883 0.217679 0.195696 0.272669 -0.0468042 4.04325 0.197835 0.217911 0.191047 0.199718 0.217495 0.199401
1743750 0.210239 0.200663 0.185223 1.24586 -1.08777 1.06763 0.207961 0.202066 0.183163 0.213773 0.198487 0.18842
1743750 0.208385 0.200155 0.195166 0.391726 -3.17551 3.06927 0.208205 0.202881 0.193248 0.208641 0.196287 0.197887
1743750 0.213997 0.201112 0.192948 -0.153604 -0.594689 -1.51109 0.214127 0.202627 0.195562 0.213773 0.198487 0.18842
1743750 0.204345 0.19859 0.215024 1.83197 -2.0892 -1.03811 0.202439 0.201574 0.216657 0.206271 0.195573 0.213372
1743750 0.204867 0.202314 0.181837 -0.509364 0.0129571 -0.315903 0.207961 0.202066 0.183163 0.200489 0.202664 0.17996
1743750 0.203113 0.211284 0.182457 1.18642 -0.85716 3.13918 0.201244 0.211768 0.178428 0.205733 0.210605 0.188106
1743750 0.211778 0.209617 0.189414 -3.72648 1.25153 -0.812509 0.21534 0.209035 0.190185 0.205733 0.210605 0.188106
1743750 0.212932 0.205336 0.196181 -1.49025 3.00954 0.180098 0.214127 0.202627 0.195562 0.21122 0.209217 0.197068
1743750 0.207345 0.205567 0.19146 -1.83184 4.13733 -2.11396 0.208205 0.202881 0.193248 0.205733 0.210605 0.188106
1743750 0.207881 0.207418 0.199164 -4.88349 -2.27751 4.14847 0.21122 0.209217 0.197068 0.204773 0.205743 0.201116
1743750 0.212726 0.212563 0.199374 -3.50405 -5.46673 -5.09183 0.214179 0.215788 0.201597 0.21122 0.209217 0.197068
1743750 0.2121 0.213051 0.195248 0.869828 2.26402 -1.42442 0.21122 0.209217 0.197068 0.212903 0.216548 0.193589
1743750 0.218055 0.20694 0.191548 4.73943 -2.50639 2.1439 0.21534 0.209035 0.190185 0.221762 0.204079 0.193409
1743750 0.206425 0.210047 0.207279 -0.749512 1.61882 -1.45543 0.208064 0.205557 0.210152 0.20505 0.213812 0.204871
1743750 0.207686 0.207035 0.215516 -0.0785262 0.137996 0.366152 0.208064 0.205557 0.210152 0.207363 0.208299 0.220102
1743750 0.209992 0.215097 0.216887 -1.40254 -0.174686 -0.955793 0.213198 0.214941 0.219436 0.206502 0.215267 0.214113
1743750 0.206079 0.217665 0.202428 -0.413949 -0.987858 0.835857 0.207081 0.221415 0.200049 0.20505 0.213812 0.204871
1743750 0.208813 0.215665 0.206939 2.01971 0.990996 0.694693 0.20505 0.213812 0.204871 0.211407 0.216943 0.208365
1743750 0.212614 0.21644 0.205418 -0.678825 0.631781 1.84114 0.214179 0.215788 0.201597 0.211407 0.216943 0.208365
1743750 0.215575 0.209981 0.20783 0.873006 -0.66337 -1.27476 0.214224 0.211594 0.210036 0.217977 0.207112 0.203908
1743750 0.21211 0.217607 0.189863 0.0170361 -0.11139 0.353754 0.211376 0.218585 0.18642 0.212903 0.216548 0.193589
1743750 0.214921 0.217802 0.186835 -0.203221 0.0576409 -0.0565509 0.220621 0.216545 0.187503 0.211376 0.218585 0.18642
1743750 0.214242 0.217279 0.209865 -2.84456 -0.0959333 -2.05521 0.217982 0.217722 0.211844 0.211407 0.216943 0.208365
1743750 0.199934 0.209005 0.186361 2.41391 0.337224 0.461166 0.19639 0.208027 0.185295 0.205733 0.210605 0.188106
1743750 0.204754 0.203213 0.21398 0.347443 0.209982 -0.282606 0.202439 0.201574 0.216657 0.208064 0.205557 0.210152
1743750 0.194696 0.208227 0.181868 0.517188 -0.168235 0.817909 0.192913 0.208438 0.178261 0.19639 0.208027 0.185295
1743750 0.216991 0.203172 0.194755 1.16714 0.420345 -0.409607 0.214127 0.202627 0.195562 0.221762 0.204079 0.193409
1743750 0.212047 0.20946 0.210077 -0.351377 -0.282334 0.062662 0.214224 0.211594 0.210036 0.208064 0.205557 0.210152
1743750 0.203178 0.208144 0.210881 0.651321 -0.343162 0.0202221 0.198832 0.210446 0.21153 0.208064 0.205557 0.210152
1743750 0.193309 0.209823 0.186685 -2.65409 1.08948 1.45086 0.19639 0.208027 0.185295 0.189568 0.212003 0.188374
1743750 0.184267 0.216749 0.191594 -2.32098 -3.28984 2.12018 0.186417 0.220278 0.19014 0.182255 0.213447 0.192955
1743750 0.189631 0.212804 0.192953 -0.200695 0.655702 2.15974 0.189568 0.212003 0.188374 0.189693 0.2136 0.197501
1743750 0.198214 0.205641 0.182921 1.47716 -1.35714 -1.89279 0.19639 0.208027 0.185295 0.200489 0.202664 0.17996
1743750 0.213445 0.209119 0.19335 -3.06684 0.874154 4.34784 0.21534 0.209035 0.190185 0.21122 0.209217 0.197068
1743750 0.19129 0.201422 0.185954 0.277586 -1.21786 -3.03818 0.191614 0.203179 0.190064 0.191027 0.199998 0.182624
1743750 0.212697 0.205931 0.213234 1.56809 0.00181466 0.743344 0.208064 0.205557 0.210152 0.217706 0.206336 0.216565
1743750 0.199336 0.212523 0.216006 -0.140772 1.34061 3.59364 0.198832 0.210446 0.21153 0.199802 0.214442 0.220141
1743750 0.204243 0.211423 0.194135 -0.176833 0.365791 1.66004 0.205733 0.210605 0.188106 0.203461 0.211852 0.1973
1743750 0.20405 0.209109 0.199013 0.44412 -1.95675 1.71318 0.203461 0.211852 0.1973 0.204773 0.205743 0.201116
1743750 0.206589 0.200494 0.185817 -0.572539 -0.401992 1.03336 0.207961 0.202066 0.183163 0.205256 0.198966 0.188396
1743750 0.197899 0.21011 0.206671 -0.863472 -0.744979 -3.33073 0.198832 0.210446 0.21153 0.197001 0.209787 0.201996
1743750 0.207772 0.19884 0.182185 -0.273584 -1.56345 -0.691116 0.207961 0.202066 0.183163 0.207391 0.192357 0.18022
1743750 0.191899 0.204405 0.194366 0.00586235 0.00712594 0.0578248 0.191614 0.203179 0.190064 0.192106 0.205295 0.197491
1743750 0.190369 0.20564 0.200224 -0.0144108 0.00701962 0.0305743 0.192106 0.205295 0.197491 0.186861 0.206336 0.205743
1743750 0.192738 0.208336 0.203572 0.674445 0.192619 -0.372732 0.186861 0.206336 0.205743 0.197001 0.209787 0.201996
1743750 0.215394 0.209828 0.212229 1.24644 -1.33427 1.53984 0.214224 0.211594 0.210036 0.217706 0.206336 0.216565
1743750 0.218543 0.210046 0.199385 -0.0310439 -0.669347 1.41823 0.218952 0.212169 0.196111 0.217977 0.207112 0.203908
1743750 0.204302 0.215801 0.184915 -1.94014 4.85631 -2.27704 0.205733 0.210605 0.188106 0.203508 0.218687 0.183143
1743750 0.204811 0.201716 0.207751 -0.709129 -0.700047 -0.657904 0.208064 0.205557 0.210152 0.20171 0.198056 0.205463
1743750 0.200305 0.209847 0.19114 1.49452 0.255908 -1.18213 0.196744 0.209349 0.193131 0.205733 0.210605 0.188106
1743750 0.185682 0.21277 0.190808 -0.963378 0.373656 0.56885 0.189568 0.212003 0.188374 0.182255 0.213447 0.192955
1743750 0.213677 0.204433 0.201981 -0.907576 -0.645955 -0.244446 0.217977 0.207112 0.203908 0.211276 0.202936 0.200905
1743750 0.181687 0.203344 0.19525 2.37093 -2.12047 1.05591 0.179345 0.206197 0.194263 0.184761 0.1996 0.196545
1743750 0.218265 0.216416 0.202209 1.53577 0.477558 0.144399 0.214179 0.215788 0.201597 0.224692 0.217404 0.203171
1743750 0.201726 0.214468 0.198274 -1.57347 1.9753 1.18077 0.203461 0.211852 0.1973 0.199718 0.217495 0.199401
1743750 0.18231 0.214799 0.206801 -0.037591 -0.0365113 0.148593 0.183698 0.215998 0.203411 0.180951 0.213625 0.21012
1743750 0.194092 0.207117 0.199319 0.0285608 0.0245504 0.0177173 0.192106 0.205295 0.197491 0.197001 0.209787 0.201996
1743750 0.211253 0.205519 0.199327 0.291392 -2.41102 1.95777 0.21122 0.209217 0.197068 0.211276 0.202936 0.200905
1743750 0.187347 0.216318 0.204608 1.58697 -0.0286267 0.312286 0.183698 0.215998 0.203411 0.191868 0.216714 0.206091
1743750 0.212855 0.214193 0.209224 -1.0754 2.60421 -1.19703 0.214224 0.211594 0.210036 0.211407 0.216943 0.208365
1743750 0.217091 0.210554 0.193057 -0.219445 -0.289714 -0.3826 0.218952 0.212169 0.196111 0.21534 0.209035 0.190185
1743750 0.190174 0.200561 0.216958 -3.05763 -2.19655 1.80941 0.193141 0.203584 0.215078 0.186431 0.196749 0.219331
1743750 0.180823 0.216377 0.200874 -1.18303 0.0102879 -1.35196 0.183698 0.215998 0.203411 0.178321 0.216706 0.198667
1743750 0.184867 0.212428 0.204273 0.270944 -0.550646 0.0914639 0.183698 0.215998 0.203411 0.186861 0.206336 0.205743
1743750 0.211312 0.202748 0.194462 1.36435 -0.234125 0.722234 0.208205 0.202881 0.193248 0.214127 0.202627 0.195562
1743750 0.185669 0.202514 0.200525 -0.142507 -0.238676 -0.432314 0.186861 0.206336 0.205743 0.184761 0.1996 0.196545
1743750 0.182793 0.209175 0.201425 0.00210649 -0.000905816 0.00186953 0.180897 0.210499 0.199412 0.186861 0.206336 0.205743
1743750 0.18315 0.216691 0.210206 0.00370439 0.00484666 -0.000816543 0.180951 0.213625 0.21012 0.18524 0.219603 0.210287
1743750 0.198933 0.21531 0.212496 0.000375215 0.00756304 0.00278322 0.198832 0.210446 0.21153 0.199008 0.218954 0.21322
1743750 0.199363 0.216934 0.216319 3.09148e-05 0.000406075 -0.000535161 0.199802 0.214442 0.220141 0.199008 0.218954 0.21322
1743750 0.186826 0.217145 0.21236 -0.00103224 0.00245628 -0.00165019 0.189362 0.213216 0.215674 0.18524 0.219603 0.210287
1743750 0.20211 0.215843 0.201855 -0.823768 0.809843 -1.18299 0.20505 0.213812 0.204871 0.199718 0.217495 0.199401
1743750 0.188082 0.218364 0.208487 -0.00142329 0.00094908 0.00110845 0.191868 0.216714 0.206091 0.18524 0.219603 0.210287
1743750 0.19419 0.205794 0.187491 0.713801 0.487535 -0.602206 0.191614 0.203179 0.190064 0.19639 0.208027 0.185295
1743750 0.202684 0.20355 0.198449 0.0915582 0.131681 0.114083 0.19993 0.200659 0.194934 0.204773 0.205743 0.201116
1743750 0.216008 0.216547 0.191141 -0.539088 -0.0293993 0.306038 0.220621 0.216545 0.187503 0.212903 0.216548 0.193589
1743750 0.187946 0.216263 0.189283 1.54594 -3.99242 -0.163934 0.186417 0.220278 0.19014 0.189568 0.212003 0.188374
1743750 0.195976 0.205128 0.201949 -1.053 -3.55715 0.492316 0.197001 0.209787 0.201996 0.19532 0.202143 0.201919
1743750 0.208976 0.209785 0.193403 0.798452 -0.484439 1.47464 0.205733 0.210605 0.188106 0.21122 0.209217 0.197068
1743750 0.198133 0.205561 0.193917 0.164915 -0.461238 0.179275 0.196744 0.209349 0.193131 0.19993 0.200659 0.194934
1743750 0.190694 0.218109 0.197448 0.0693792 0.198872 0.020172 0.189693 0.2136 0.197501 0.191784 0.223023 0.19739
1743750 0.209297 0.215645 0.187041 0.700495 0.760132 -0.283212 0.205733 0.210605 0.188106 0.211376 0.218585 0.18642
1743750 0.18092 0.202978 0.199312 0.0 0.0 0.0 0.178582 0.205055 0.200996 0.184761 0.1996 0.196545
1743750 0.18838 0.201477 0.193123 0.0 0.0 0.0 0.191614 0.203179 0.190064 0.184761 0.1996 0.196545
1743750 0.185723 0.204277 0.194986 0.0 0.0 0.0 0.186353 0.207366 0.193963 0.184761 0.1996 0.196545
1743750 0.189215 0.203041 0.197119 0.0 0.0 0.0 0.192106 0.205295 0.197491 0.184761 0.1996 0.196545
1743750 0.18236 0.201465 0.20511 0.0 0.0 0.0 0.186861 0.206336 0.205743 0.178796 0.197633 0.20461
1743750 0.181478 0.211748 0.19665 0.0 0.0 0.0 0.180897 0.210499 0.199412 0.182255 0.213447 0.192955
1743750 0.183224 0.217042 0.195438 0.0 0.0 0.0 0.184009 0.219972 0.197447 0.182255 0.213447 0.192955
1743750 0.182139 0.212923 0.201183 0.0 0.0 0.0 0.180897 0.210499 0.199412 0.183698 0.215998 0.203411
1743750 0.184529 0.210061 0.193514 0.0 0.0 0.0 0.186353 0.207366 0.193963 0.182255 0.213447 0.192955
1743750 0.187471 0.201737 0.188722 0.0 0.0 0.0 0.191614 0.203179 0.190064 0.183622 0.200422 0.187475
1743750 0.183106 0.210955 0.208523 0.0 0.0 0.0 0.186861 0.206336 0.205743 0.180951 0.213625 0.21012
1743750 0.184291 0.21345 0.212324 0.0 0.0 0.0 0.180951 0.213625 0.21012 0.189362 0.213216 0.215674
1743750 0.186386 0.217296 0.19747 0.0 0.0 0.0 0.189693 0.2136 0.197501 0.184009 0.219972 0.197447
1743750 0.186426 0.214895 0.200723 0.0 0.0 0.0 0.183698 0.215998 0.203411 0.189693 0.2136 0.197501
1743750 0.184497 0.217853 0.206973 0.0 0.0 0.0 0.183698 0.215998 0.203411 0.18524 0.219603 0.210287
1743750 0.195347 0.199475 0.21526 0.0 0.0 0.0 0.193141 0.203584 0.215078 0.197134 0.19617 0.215409
1743750 0.194142 0.200095 0.204594 0.0 0.0 0.0 0.19532 0.202143 0.201919 0.192373 0.197051 0.208612
1743750 0.190108 0.200855 0.207432 0.0 0.0 0.0 0.186861 0.206336 0.205743 0.192373 0.197051 0.208612
1743750 0.199737 0.198808 0.216021 0.0 0.0 0.0 0.202439 0.201574 0.216657 0.197134 0.19617 0.215409
1743750 0.199375 0.200687 0.219576 0.0 0.0 0.0 0.202439 0.201574 0.216657 0.195759 0.199667 0.223019
1743750 0.189151 0.204692 0.186438 0.0 0.0 0.0 0.191614 0.203179 0.190064 0.187273 0.205868 0.183674
1743750 0.19061 0.207498 0.189235 0.0 0.0 0.0 0.191614 0.203179 0.190064 0.189568 0.212003 0.188374
1743750 0.195417 0.202014 0.192291 0.0 0.0 0.0 0.191614 0.203179 0.190064 0.19993 0.200659 0.194934
1743750 0.196561 0.208652 0.189073 0.0 0.0 0.0 0.196744 0.209349 0.193131 0.19639 0.208027 0.185295
1743750 0.189246 0.206313 0.195736 0.0 0.0 0.0 0.186353 0.207366 0.193963 0.192106 0.205295 0.197491
1743750 0.187686 0.209276 0.191647 0.0 0.0 0.0 0.186353 0.207366 0.193963 0.189568 0.212003 0.188374
1743750 0.194156 0.207075 0.195564 0.0 0.0 0.0 0.192106 0.205295 0.197491 0.196744 0.209349 0.193131
1743750 0.191109 0.208717 0.197495 0.0 0.0 0.0 0.192106 0.205295 0.197491 0.189693 0.2136 0.197501
1743750 0.195077 0.203523 0.19652 0.0 0.0 0.0 0.192106 0.205295 0.197491 0.19993 0.200659 0.194934
1743750 0.193377 0.210583 0.190899 0.0 0.0 0.0 0.196744 0.209349 0.193131 0.189568 0.212003 0.188374
1743750 0.193424 0.211339 0.195189 0.0 0.0 0.0 0.196744 0.209349 0.193131 0.189693 0.2136 0.197501
1743750 0.193764 0.203657 0.199774 0.0 0.0 0.0 0.192106 0.205295 0.197491 0.19532 0.202143 0.201919
1743750 0.188525 0.210591 0.200901 0.0 0.0 0.0 0.186861 0.206336 0.205743 0.189693 0.2136 0.197501
1743750 0.197002 0.201589 0.199369 0.0 0.0 0.0 0.19532 0.202143 0.201919 0.19993 0.200659 0.194934
1743750 0.195457 0.211953 0.183745 0.0 0.0 0.0 0.194278 0.216944 0.181785 0.19639 0.208027 0.185295
1743750 0.193648 0.214907 0.189693 0.0 0.0 0.0 0.197835 0.217911 0.191047 0.189568 0.212003 0.188374
1743750 0.188012 0.217015 0.193723 0.0 0.0 0.0 0.186417 0.220278 0.19014 0.189693 0.2136 0.197501
1743750 0.20082 0.199344 0.2002 0.0 0.0 0.0 0.19993 0.200659 0.194934 0.20171 0.198056 0.205463
1743750 0.19863 0.20974 0.182126 0.0 0.0 0.0 0.201244 0.211768 0.178428 0.19639 0.208027 0.185295
1743750 0.200476 0.210727 0.195447 0.0 0.0 0.0 0.196744 0.209349 0.193131 0.203461 0.211852 0.1973
1743750 0.205014 0.202012 0.193898 0.0 0.0 0.0 0.208205 0.202881 0.193248 0.19993 0.200659 0.194934
1743750 0.19485 0.203714 0.210757 0.0 0.0 0.0 0.193141 0.203584 0.215078 0.196006 0.203823 0.207837
1743750 0.190545 0.204709 0.211218 0.0 0.0 0.0 0.193141 0.203584 0.215078 0.186861 0.206336 0.205743
1743750 0.193055 0.204621 0.207161 0.0 0.0 0.0 0.196006 0.203823 0.207837 0.186861 0.206336 0.205743
1743750 0.1964 0.206174 0.205522 0.0 0.0 0.0 0.196006 0.203823 0.207837 0.197001 0.209787 0.201996
1743750 0.192635 0.203461 0.203132 0.0 0.0 0.0 0.186861 0.206336 0.205743 0.19532 0.202143 0.201919
1743750 0.196775 0.205263 0.218565 0.0 0.0 0.0 0.193141 0.203584 0.215078 0.199448 0.20652 0.221131
1743750 0.188198 0.21 0.211049 0.0 0.0 0.0 0.186861 0.206336 0.205743 0.189362 0.213216 0.215674
1743750 0.194439 0.211719 0.213452 0.0 0.0 0.0 0.198832 0.210446 0.21153 0.189362 0.213216 0.215674
1743750 0.189762 0.212337 0.205944 0.0 0.0 0.0 0.191868 0.216714 0.206091 0.186861 0.206336 0.205743
1743750 0.195284 0.213628 0.208758 0.0 0.0 0.0 0.198832 0.210446 0.21153 0.191868 0.216714 0.206091
1743750 0.198121 0.201671 0.206956 0.0 0.0 0.0 0.196006 0.203823 0.207837 0.20171 0.198056 0.205463
1743750 0.197653 0.200638 0.203213 0.0 0.0 0.0 0.19532 0.202143 0.201919 0.20171 0.198056 0.205463
1743750 0.200826 0.210997 0.199216 0.0 0.0 0.0 0.197001 0.209787 0.201996 0.203461 0.211852 0.1973
1743750 0.202033 0.212166 0.208102 0.0 0.0 0.0 0.198832 0.210446 0.21153 0.20505 0.213812 0.204871
1743750 0.198191 0.20248 0.215935 0.0 0.0 0.0 0.193141 0.203584 0.215078 0.202439 0.201574 0.216657
1743750 0.195164 0.213885 0.218156 0.0 0.0 0.0 0.199802 0.214442 0.220141 0.189362 0.213216 0.215674
1743750 0.203197 0.214848 0.217086 0.0 0.0 0.0 0.199802 0.214442 0.220141 0.206502 0.215267 0.214113
1743750 0.196069 0.217419 0.186449 0.0 0.0 0.0 0.194278 0.216944 0.181785 0.197835 0.217911 0.191047
1743750 0.199648 0.217946 0.182575 0.0 0.0 0.0 0.194278 0.216944 0.181785 0.203508 0.218687 0.183143
1743750 0.201249 0.21474 0.189776 0.0 0.0 0.0 0.197835 0.217911 0.191047 0.205733 0.210605 0.188106
1743750 0.202414 0.217267 0.213625 0.0 0.0 0.0 0.206502 0.215267 0.214113 0.199008 0.218954 0.21322
1743750 0.210372 0.201158 0.191369 0.0 0.0 0.0 0.208205 0.202881 0.193248 0.213773 0.198487 0.18842
1743750 0.206717 0.200893 0.1908 0.0 0.0 0.0 0.208205 0.202881 0.193248 0.205256 0.198966 0.188396
1743750 0.207013 0.199695 0.212038 0.0 0.0 0.0 0.208064 0.205557 0.210152 0.206271 0.195573 0.213372
1743750 0.205792 0.20032 0.218579 0.0 0.0 0.0 0.202439 0.201574 0.216657 0.210558 0.198568 0.221312
1743750 0.202757 0.206087 0.183485 0.0 0.0 0.0 0.205733 0.210605 0.188106 0.200489 0.202664 0.17996
1743750 0.207181 0.205044 0.184895 0.0 0.0 0.0 0.207961 0.202066 0.183163 0.205733 0.210605 0.188106
1743750 0.211151 0.208086 0.184801 0.0 0.0 0.0 0.205733 0.210605 0.188106 0.215141 0.206251 0.182365
1743750 0.207129 0.20859 0.182245 0.0 0.0 0.0 0.205733 0.210605 0.188106 0.207902 0.207495 0.179002
1743750 0.202517 0.215645 0.181079 0.0 0.0 0.0 0.201244 0.211768 0.178428 0.203508 0.218687 0.183143
1743750 0.209517 0.205626 0.19491 0.0 0.0 0.0 0.208205 0.202881 0.193248 0.21122 0.209217 0.197068
1743750 0.206807 0.210703 0.1972 0.0 0.0 0.0 0.203461 0.211852 0.1973 0.21122 0.209217 0.197068
1743750 0.212702 0.202769 0.198232 0.0 0.0 0.0 0.214127 0.202627 0.195562 0.211276 0.202936 0.200905
1743750 0.204117 0.212649 0.200425 0.0 0.0 0.0 0.20505 0.213812 0.204871 0.203461 0.211852 0.1973
1743750 0.214163 0.212651 0.191829 0.0 0.0 0.0 0.21534 0.209035 0.190185 0.212903 0.216548 0.193589
1743750 0.210129 0.214237 0.191468 0.0 0.0 0.0 0.205733 0.210605 0.188106 0.212903 0.216548 0.193589
1743750 0.206004 0.216584 0.19029 0.0 0.0 0.0 0.205733 0.210605 0.188106 0.206175 0.220366 0.191665
1743750 0.215278 0.210755 0.196566 0.0 0.0 0.0 0.218952 0.212169 0.196111 0.21122 0.209217 0.197068
1743750 0.214222 0.20827 0.200107 0.0 0.0 0.0 0.217977 0.207112 0.203908 0.21122 0.209217 0.197068
1743750 0.208488 0.204126 0.200995 0.0 0.0 0.0 0.211276 0.202936 0.200905 0.204773 0.205743 0.201116
1743750 0.206155 0.205652 0.204908 0.0 0.0 0.0 0.208064 0.205557 0.210152 0.204773 0.205743 0.201116
1743750 0.207196 0.21094 0.212352 0.0 0.0 0.0 0.208064 0.205557 0.210152 0.206502 0.215267 0.214113
1743750 0.204902 0.209468 0.202855 0.0 0.0 0.0 0.20505 0.213812 0.204871 0.204773 0.205743 0.201116
1743750 0.205793 0.214545 0.2096 0.0 0.0 0.0 0.206502 0.215267 0.214113 0.20505 0.213812 0.204871
1743750 0.206918 0.211899 0.217008 0.00151862 -0.270299 0.302228 0.206502 0.215267 0.214113 0.207363 0.208299 0.220102
1743750 0.209871 0.214844 0.203142 0.0 0.0 0.0 0.214179 0.215788 0.201597 0.20505 0.213812 0.204871
1743750 0.209349 0.216228 0.210776 0.0 0.0 0.0 0.206502 0.215267 0.214113 0.211407 0.216943 0.208365
1743750 0.213091 0.206333 0.206985 0.0 0.0 0.0 0.208064 0.205557 0.210152 0.217977 0.207112 0.203908
1743750 0.215793 0.21414 0.21079 0.0 0.0 0.0 0.214224 0.211594 0.210036 0.217982 0.217722 0.211844
1743750 0.204655 0.204587 0.218207 0.0 0.0 0.0 0.202439 0.201574 0.216657 0.207363 0.208299 0.220102
1743750 0.209535 0.218448 0.192627 0.0 0.0 0.0 0.206175 0.220366 0.191665 0.212903 0.216548 0.193589
1743750 0.213523 0.216167 0.197482 0.0 0.0 0.0 0.214179 0.215788 0.201597 0.212903 0.216548 0.193589
1743750 0.210781 0.21847 0.200857 0.0 0.0 0.0 0.214179 0.215788 0.201597 0.207081 0.221415 0.200049
1743750 0.215939 0.214339 0.194855 0.0 0.0 0.0 0.218952 0.212169 0.196111 0.212903 0.216548 0.193589
1743750 0.216641 0.21391 0.198768 0.0 0.0 0.0 0.214179 0.215788 0.201597 0.218952 0.212169 0.196111
1743750 0.215832 0.211999 0.202603 0.0 0.0 0.0 0.214179 0.215788 0.201597 0.217977 0.207112 0.203908
1743750 0.219938 0.205528 0.198468 0.0 0.0 0.0 0.217977 0.207112 0.203908 0.221762 0.204079 0.193409
