# ts x y z Fx Fy Fz x1 y1 z1 x2 y2 z2
3362500 0.185868 0.194618 0.187884 1.51427 0.22893 0.750901 0.182574 0.193511 0.186035 0.189384 0.195801 0.189859
3362500 0.183438 0.191973 0.197093 -3.95136 1.79122 0.645197 0.187211 0.189855 0.195838 0.180672 0.193525 0.198013
3362500 0.188947 0.198309 0.198051 -5.68534 3.03506 -3.31229 0.192869 0.196142 0.19952 0.184776 0.200613 0.19649
3362500 0.194441 0.180611 0.181459 5.8391 5.05353 -1.32729 0.191379 0.177868 0.18151 0.196928 0.182839 0.181417
3362500 0.198093 0.185348 0.183287 -4.52081 -7.51925 -7.83586 0.199477 0.188328 0.185508 0.196928 0.182839 0.181417
3362500 0.192894 0.182964 0.187256 -3.5189 2.67227 -1.01552 0.195594 0.180118 0.188119 0.189215 0.186843 0.18608
3362500 0.19792 0.181319 0.191164 1.80578 0.948745 3.31647 0.195594 0.180118 0.188119 0.200812 0.182813 0.194952
3362500 0.188271 0.178621 0.214133 7.98938 4.79898 5.24572 0.185379 0.176081 0.212065 0.191797 0.181717 0.216653
3362500 0.197697 0.189347 0.188903 -5.44662 3.8368 8.02914 0.199477 0.188328 0.185508 0.195671 0.190507 0.192768
3362500 0.192414 0.193249 0.191261 -7.0747 4.28704 -3.55786 0.195671 0.190507 0.192768 0.189384 0.195801 0.189859
3362500 0.196619 0.193599 0.189614 -1.54783 -2.77396 2.86985 0.197635 0.196915 0.186233 0.195671 0.190507 0.192768
3362500 0.1943 0.193264 0.196071 6.13841 -8.21159 -13.7325 0.192869 0.196142 0.19952 0.195671 0.190507 0.192768
3362500 0.195054 0.19371 0.202917 2.23131 -1.79802 2.40222 0.192869 0.196142 0.19952 0.19663 0.191956 0.205368
3362500 0.192634 0.197072 0.204136 0.866215 1.61587 7.78366 0.192869 0.196142 0.19952 0.192404 0.197977 0.20863
3362500 0.196191 0.198712 0.197372 0.215624 0.117487 -0.105734 0.192869 0.196142 0.19952 0.199938 0.20161 0.194951
3362500 0.198112 0.186853 0.193805 -11.7741 13.5728 -6.25557 0.200812 0.182813 0.194952 0.195671 0.190507 0.192768
3362500 0.202411 0.190163 0.183569 6.84157 4.26234 -6.37743 0.199477 0.188328 0.185508 0.207429 0.193302 0.180253
3362500 0.202968 0.187499 0.187201 2.14511 -0.189542 0.799566 0.199477 0.188328 0.185508 0.206645 0.186625 0.188984
3362500 0.199084 0.200277 0.183061 1.44946 2.48043 -3.25043 0.197635 0.196915 0.186233 0.200513 0.203592 0.179934
3362500 0.18914 0.194964 0.209778 10.1654 6.68662 -3.07896 0.186275 0.192318 0.210786 0.192404 0.197977 0.20863
3362500 0.196729 0.198458 0.20717 -6.37467 -0.661222 1.06885 0.201736 0.199015 0.205479 0.192404 0.197977 0.20863
3362500 0.199559 0.187856 0.216472 -0.116174 -0.138129 0.445606 0.200546 0.189932 0.212271 0.198833 0.186328 0.219564
3362500 0.210121 0.181209 0.192379 5.60535 5.14391 4.99203 0.207583 0.178382 0.190562 0.212587 0.183954 0.194144
3362500 0.20197 0.180051 0.198947 2.38765 -3.06908 5.62395 0.200812 0.182813 0.194952 0.20286 0.177929 0.202019
3362500 0.204207 0.183846 0.198465 4.54664 0.409822 4.06284 0.200812 0.182813 0.194952 0.206977 0.184688 0.201331
3362500 0.211108 0.187767 0.194069 1.68954 -6.7624 0.812766 0.209997 0.190632 0.194014 0.212587 0.183954 0.194144
3362500 0.214139 0.186534 0.191374 -3.00767 -3.25984 4.64036 0.215983 0.189599 0.188083 0.212587 0.183954 0.194144
3362500 0.206692 0.18451 0.20539 0.394087 0.338162 -2.12386 0.206461 0.184365 0.208683 0.206977 0.184688 0.201331
3362500 0.208031 0.182681 0.211051 1.73603 -1.29793 2.77048 0.206461 0.184365 0.208683 0.20946 0.181148 0.213208
3362500 0.204099 0.182694 0.210275 -3.37506 -1.59692 2.31284 0.206461 0.184365 0.208683 0.200773 0.18034 0.212517
3362500 0.21056 0.186622 0.201434 -5.88444 -4.31584 0.388646 0.215297 0.189179 0.201571 0.206977 0.184688 0.201331
3362500 0.206976 0.187534 0.207903 1.42639 5.33135 -0.631593 0.206461 0.184365 0.208683 0.207639 0.191617 0.206899
3362500 0.212239 0.181064 0.214357 2.63436 -0.32122 0.701833 0.20946 0.181148 0.213208 0.215957 0.180951 0.215894
3362500 0.205169 0.194215 0.19866 -4.30332 -3.01186 0.208393 0.208702 0.197277 0.197904 0.201792 0.191287 0.199383
3362500 0.208576 0.188933 0.191882 -2.74369 -2.4041 -2.8254 0.209997 0.190632 0.194014 0.206645 0.186625 0.188984
3362500 0.212527 0.192349 0.194333 1.34924 0.992802 0.442386 0.209997 0.190632 0.194014 0.215072 0.194076 0.194654
3362500 0.209487 0.193248 0.195545 -2.2055 6.75263 5.31537 0.209997 0.190632 0.194014 0.208702 0.197277 0.197904
3362500 0.214585 0.19607 0.192341 0.571439 -1.86675 3.04068 0.213761 0.199447 0.188422 0.215072 0.194076 0.194654
3362500 0.209565 0.198718 0.202332 -1.44793 -2.15846 -4.54136 0.210132 0.199665 0.205239 0.208702 0.197277 0.197904
3362500 0.21798 0.193045 0.194871 -1.06827 0.569401 -0.0179396 0.221851 0.191671 0.19516 0.215072 0.194076 0.194654
3362500 0.205013 0.194908 0.206267 4.73684 -4.64338 0.309122 0.201736 0.199015 0.205479 0.207639 0.191617 0.206899
3362500 0.21102 0.19054 0.204546 -4.58398 0.834198 3.97908 0.215297 0.189179 0.201571 0.207639 0.191617 0.206899
3362500 0.203481 0.203378 0.203 2.80571 12.7972 -8.1158 0.201736 0.199015 0.205479 0.204806 0.20669 0.201117
3362500 0.209403 0.202118 0.207006 -1.15833 2.7582 2.72064 0.210132 0.199665 0.205239 0.208095 0.206518 0.210172
3362500 0.217214 0.185284 0.204754 -6.57372 10.5639 -12.12 0.218931 0.181796 0.207605 0.215297 0.189179 0.201571
3362500 0.212213 0.198445 0.207203 3.58279 -1.21637 3.30128 0.210132 0.199665 0.205239 0.216557 0.195899 0.211303
3362500 0.207097 0.19049 0.218531 7.45412 -3.41848 -3.34956 0.203962 0.19263 0.21998 0.210772 0.187982 0.216832
3362500 0.206967 0.194141 0.210262 1.06128 -1.98311 -2.56192 0.206345 0.196477 0.213375 0.207639 0.191617 0.206899
3362500 0.205171 0.194583 0.216627 0.799996 0.722977 -1.57486 0.203962 0.19263 0.21998 0.206345 0.196477 0.213375
3362500 0.203755 0.180967 0.216029 3.8854 -0.0485291 3.99977 0.200773 0.18034 0.212517 0.205969 0.181432 0.218637
3362500 0.202393 0.191391 0.216441 0.847134 0.394174 2.26323 0.200546 0.189932 0.212271 0.203962 0.19263 0.21998
3362500 0.194574 0.189669 0.206819 5.43889 4.48739 -4.13228 0.192031 0.18684 0.208616 0.19663 0.191956 0.205368
3362500 0.207032 0.199425 0.205328 -0.880192 -0.179198 0.115943 0.210132 0.199665 0.205239 0.201736 0.199015 0.205479
3362500 0.18909 0.189639 0.209724 -1.60616 1.30305 0.266619 0.192031 0.18684 0.208616 0.186275 0.192318 0.210786
3362500 0.208769 0.184463 0.186107 -1.77964 1.19168 2.33544 0.211517 0.181667 0.182385 0.206645 0.186625 0.188984
3362500 0.191928 0.184579 0.212162 -0.25342 -3.12535 7.21117 0.192031 0.18684 0.208616 0.191797 0.181717 0.216653
3362500 0.19562 0.178736 0.218861 -6.6602 3.59845 -3.07879 0.199123 0.176005 0.220885 0.191797 0.181717 0.216653
3362500 0.211023 0.178518 0.203982 -1.16783 -0.25692 1.70431 0.213148 0.179613 0.200863 0.208812 0.177379 0.207228
3362500 0.181825 0.197608 0.19377 2.30665 2.01623 2.68725 0.180036 0.195786 0.192121 0.184776 0.200613 0.19649
3362500 0.198727 0.190897 0.196071 1.0965 -0.0882361 1.39958 0.195671 0.190507 0.192768 0.201792 0.191287 0.199383
3362500 0.219011 0.190591 0.197938 -5.88235 -0.905863 5.95994 0.221851 0.191671 0.19516 0.215297 0.189179 0.201571
3362500 0.216673 0.180213 0.199231 -0.133964 -0.0424728 0.0820497 0.222424 0.181191 0.196569 0.213148 0.179613 0.200863
3362500 0.205172 0.190301 0.190319 0.241035 -0.491669 -0.276927 0.203796 0.193734 0.191567 0.206645 0.186625 0.188984
3362500 0.198622 0.194711 0.205411 -5.69388 -6.61938 -1.29654 0.201736 0.199015 0.205479 0.19663 0.191956 0.205368
3362500 0.211865 0.187049 0.21229 -0.0 0.0 -0.0 0.212597 0.186424 0.209247 0.210772 0.187982 0.216832
3362500 0.216676 0.194324 0.20079 -4.18108 -9.5532 2.13358 0.217854 0.19872 0.200122 0.215297 0.189179 0.201571
3362500 0.21564 0.201661 0.197366 -6.83999 6.14789 -6.50451 0.217854 0.19872 0.200122 0.214185 0.203595 0.195553
3362500 0.215119 0.184581 0.208593 -0.00503415 0.00261118 0.000883478 0.218931 0.181796 0.207605 0.212597 0.186424 0.209247
3362500 0.193931 0.19924 0.184149 -1.09484 0.761147 -0.908214 0.197635 0.196915 0.186233 0.191154 0.200982 0.182587
3362500 0.210118 0.182105 0.201093 -0.985292 0.588397 0.00702297 0.213148 0.179613 0.200863 0.206977 0.184688 0.201331
3362500 0.211002 0.196769 0.184863 2.16053 1.42926 2.06863 0.207429 0.193302 0.180253 0.213761 0.199447 0.188422
3362500 0.198256 0.191115 0.208235 -0.298523 0.067565 -0.600609 0.200546 0.189932 0.212271 0.19663 0.191956 0.205368
3362500 0.210202 0.196259 0.212592 1.20128 0.123325 -0.209359 0.206345 0.196477 0.213375 0.216557 0.195899 0.211303
3362500 0.196322 0.181604 0.18446 0.132657 2.07004 -5.1611 0.195594 0.180118 0.188119 0.196928 0.182839 0.181417
3362500 0.209582 0.185412 0.208969 -0.0 0.0 0.0 0.206461 0.184365 0.208683 0.212597 0.186424 0.209247
3362500 0.202868 0.192601 0.195185 -0.230304 -0.244124 0.559624 0.203796 0.193734 0.191567 0.201792 0.191287 0.199383
3362500 0.182657 0.180834 0.19602 -0.570002 -0.214392 0.400886 0.186131 0.18143 0.193589 0.177703 0.179983 0.199485
3362500 0.191436 0.190181 0.194305 1.28249 -0.00204113 -0.681868 0.187211 0.189855 0.195838 0.195671 0.190507 0.192768
3362500 0.203988 0.184888 0.191702 0.598334 0.308616 -0.76516 0.200812 0.182813 0.194952 0.206645 0.186625 0.188984
3362500 0.190425 0.180802 0.204318 -7.15247 4.78832 -6.49258 0.193617 0.178085 0.206718 0.187441 0.183342 0.202075
3362500 0.1833 0.181913 0.200974 1.47969 0.428473 0.646998 0.177703 0.179983 0.199485 0.187441 0.183342 0.202075
3362500 0.187484 0.183806 0.190294 0.7519 0.837225 -1.6477 0.186131 0.18143 0.193589 0.189215 0.186843 0.18608
3362500 0.187326 0.186602 0.198953 -0.24739 -2.64392 1.97156 0.187211 0.189855 0.195838 0.187441 0.183342 0.202075
3362500 0.19659 0.180982 0.214445 -3.05917 -0.0585232 1.52786 0.200773 0.18034 0.212517 0.191797 0.181717 0.216653
3362500 0.189817 0.185153 0.205461 -2.46819 -1.20338 -3.82622 0.192031 0.18684 0.208616 0.187441 0.183342 0.202075
3362500 0.201047 0.195153 0.189187 0.165626 -0.0904851 0.199626 0.197635 0.196915 0.186233 0.203796 0.193734 0.191567
3362500 0.204575 0.19714 0.189826 0.205107 0.645221 -0.232185 0.203796 0.193734 0.191567 0.205229 0.200002 0.188364
3362500 0.210287 0.20133 0.199774 0.962996 2.80855 0.765754 0.208702 0.197277 0.197904 0.2113 0.203919 0.200969
3362500 0.203211 0.200615 0.190876 -0.164463 0.014967 0.242399 0.205229 0.200002 0.188364 0.199938 0.20161 0.194951
3362500 0.181854 0.199644 0.200448 3.252 0.20476 -4.12031 0.178819 0.198639 0.204557 0.184776 0.200613 0.19649
3362500 0.207835 0.181281 0.215736 -0.823643 0.0056695 0.929239 0.20946 0.181148 0.213208 0.205969 0.181432 0.218637
3362500 0.197264 0.179234 0.209673 -2.23964 -0.936181 -1.38445 0.200773 0.18034 0.212517 0.193617 0.178085 0.206718
3362500 0.186769 0.18236 0.197719 0.927858 0.437632 7.01121 0.186131 0.18143 0.193589 0.187441 0.183342 0.202075
3362500 0.209185 0.179551 0.210674 -0.0572459 -0.295825 -0.691961 0.20946 0.181148 0.213208 0.208812 0.177379 0.207228
3362500 0.184109 0.186024 0.203521 6.45653 -4.15505 -3.71682 0.1806 0.18885 0.205045 0.187441 0.183342 0.202075
3362500 0.212873 0.18174 0.197571 -1.15079 2.56235 -4.46174 0.213148 0.179613 0.200863 0.212587 0.183954 0.194144
3362500 0.215154 0.192289 0.197177 0.26073 1.3433 -2.37843 0.215297 0.189179 0.201571 0.215072 0.194076 0.194654
3362500 0.194377 0.200367 0.200972 4.55241 8.24145 2.69249 0.192869 0.196142 0.19952 0.195354 0.203105 0.201914
3362500 0.186522 0.19862 0.18863 -5.55766 6.23423 -1.2739 0.189384 0.195801 0.189859 0.183686 0.201412 0.187412
3362500 0.196703 0.18167 0.205737 -7.61829 -6.43437 2.42957 0.199428 0.184835 0.204871 0.193617 0.178085 0.206718
3362500 0.203289 0.18476 0.20306 2.76177 -0.196874 -1.85621 0.199428 0.184835 0.204871 0.206977 0.184688 0.201331
3362500 0.199954 0.187236 0.208357 0.060438 -1.31205 -1.7266 0.200546 0.189932 0.212271 0.199428 0.184835 0.204871
3362500 0.200574 0.187965 0.202209 0.75242 3.95917 -3.94837 0.199428 0.184835 0.204871 0.201792 0.191287 0.199383
3362500 0.199815 0.183763 0.180013 0.00184973 0.000524257 -0.000549112 0.196928 0.182839 0.181417 0.202534 0.184633 0.178691
3362500 0.19 0.18284 0.194764 -0.00684797 -0.00130007 -0.00225467 0.192807 0.183863 0.195617 0.186131 0.18143 0.193589
3362500 0.193273 0.18577 0.198023 0.000491153 0.0015518 0.00147 0.192807 0.183863 0.195617 0.193784 0.187856 0.200656
3362500 0.195876 0.18346 0.195362 0.0105022 0.000302208 -0.000931015 0.192807 0.183863 0.195617 0.200812 0.182813 0.194952
3362500 0.185078 0.180401 0.211476 5.14039e-05 0.00217579 -0.000590763 0.185379 0.176081 0.212065 0.184818 0.184138 0.210966
3362500 0.191061 0.185918 0.201265 0.00274512 0.00135089 -0.00054454 0.187441 0.183342 0.202075 0.193784 0.187856 0.200656
3362500 0.187916 0.187746 0.202957 0.000608288 0.00371399 0.00135795 0.187441 0.183342 0.202075 0.188262 0.190959 0.203601
3362500 0.196286 0.186517 0.202524 -0.0023388 0.000737911 -0.0017684 0.199428 0.184835 0.204871 0.193784 0.187856 0.200656
3362500 0.197786 0.196177 0.181447 0.000147035 0.000931882 0.00309923 0.197887 0.195681 0.178233 0.197635 0.196915 0.186233
3362500 0.189917 0.18915 0.205803 0.0 0.0 0.0 0.192031 0.18684 0.208616 0.188262 0.190959 0.203601
3362500 0.19243 0.188841 0.212297 -0.00153614 0.0113206 0.0218816 0.192031 0.18684 0.208616 0.192769 0.190539 0.21542
3362500 0.19511 0.197566 0.212315 0.00278617 0.000324032 0.00377838 0.192404 0.197977 0.20863 0.197323 0.19723 0.21533
3362500 0.194637 0.191678 0.218242 -0.00784763 -0.0030167 -0.00874739 0.196469 0.192795 0.22101 0.192769 0.190539 0.21542
3362500 0.196881 0.194936 0.218269 0.0 0.0 0.0 0.196469 0.192795 0.22101 0.197323 0.19723 0.21533
3362500 0.198739 0.194023 0.213986 -0.00114335 0.0045423 0.0019027 0.200546 0.189932 0.212271 0.197323 0.19723 0.21533
3362500 0.202692 0.183182 0.181479 -2.43919e-05 7.92858e-05 -0.000119428 0.202867 0.181561 0.184593 0.202534 0.184633 0.178691
3362500 0.204593 0.183874 0.186599 0.643835 1.07755 1.15688 0.202867 0.181561 0.184593 0.206645 0.186625 0.188984
3362500 0.216418 0.182878 0.195088 -5.46261 0.772695 -0.796815 0.222424 0.181191 0.196569 0.212587 0.183954 0.194144
3362500 0.183672 0.190728 0.208154 4.22744 2.83478 3.17064 0.1806 0.18885 0.205045 0.186275 0.192318 0.210786
3362500 0.188335 0.192931 0.192744 1.24294 3.26439 -4.54258 0.187211 0.189855 0.195838 0.189384 0.195801 0.189859
3362500 0.204485 0.18041 0.19257 -5.18624 3.88541 4.89063 0.207583 0.178382 0.190562 0.200812 0.182813 0.194952
3362500 0.213757 0.18621 0.19735 0.849049 1.14039 1.41693 0.212587 0.183954 0.194144 0.215297 0.189179 0.201571
3362500 0.186657 0.185535 0.194685 -0.993527 -4.53031 -1.92564 0.187211 0.189855 0.195838 0.186131 0.18143 0.193589
3362500 0.21322 0.191332 0.214492 2.31623 2.21115 -1.68351 0.210772 0.187982 0.216832 0.216557 0.195899 0.211303
3362500 0.198648 0.192194 0.185834 0.229678 -1.0058 0.0782693 0.197635 0.196915 0.186233 0.199477 0.188328 0.185508
3362500 0.216191 0.195943 0.196852 -0.153559 -0.182318 -0.19465 0.217854 0.19872 0.200122 0.215072 0.194076 0.194654
3362500 0.192752 0.188851 0.189745 3.49421 1.16047 2.96541 0.189215 0.186843 0.18608 0.195671 0.190507 0.192768
3362500 0.201766 0.194843 0.202188 -0.0441164 -0.514217 -0.543234 0.201736 0.199015 0.205479 0.201792 0.191287 0.199383
3362500 0.214913 0.194339 0.188246 -0.843165 2.25608 -0.117402 0.215983 0.189599 0.188083 0.213761 0.199447 0.188422
3362500 0.197871 0.188797 0.205147 -1.65155 2.97325 -0.0755685 0.199428 0.184835 0.204871 0.19663 0.191956 0.205368
3362500 0.198732 0.199064 0.190387 0.0 0.0 0.0 0.197635 0.196915 0.186233 0.199938 0.20161 0.194951
3362500 0.199822 0.182216 0.182965 -0.584272 0.197712 -0.233566 0.202867 0.181561 0.184593 0.196928 0.182839 0.181417
3362500 0.182496 0.179931 0.191323 0.0 0.0 0.0 0.186131 0.18143 0.193589 0.178572 0.178559 0.188877
3362500 0.180644 0.191494 0.200894 0.0 0.0 0.0 0.1806 0.18885 0.205045 0.180672 0.193525 0.198013
3362500 0.182303 0.196226 0.197409 0.0 0.0 0.0 0.180672 0.193525 0.198013 0.184776 0.200613 0.19649
3362500 0.182888 0.18421 0.192619 0.0 0.0 0.0 0.186131 0.18143 0.193589 0.179241 0.187581 0.19153
3362500 0.183906 0.18712 0.188981 0.0 0.0 0.0 0.189215 0.186843 0.18608 0.179241 0.187581 0.19153
3362500 0.183356 0.188638 0.193752 0.0 0.0 0.0 0.187211 0.189855 0.195838 0.179241 0.187581 0.19153
3362500 0.182952 0.186108 0.208344 0.0 0.0 0.0 0.1806 0.18885 0.205045 0.184818 0.184138 0.210966
3362500 0.185129 0.189981 0.204191 0.0 0.0 0.0 0.1806 0.18885 0.205045 0.188262 0.190959 0.203601
3362500 0.187285 0.197883 0.192884 0.0 0.0 0.0 0.189384 0.195801 0.189859 0.184776 0.200613 0.19649
3362500 0.197957 0.179157 0.181987 0.0 0.0 0.0 0.199509 0.1739 0.182839 0.196928 0.182839 0.181417
3362500 0.193512 0.178889 0.184855 0.0 0.0 0.0 0.195594 0.180118 0.188119 0.191379 0.177868 0.18151
3362500 0.194005 0.184242 0.183186 0.0 0.0 0.0 0.189215 0.186843 0.18608 0.196928 0.182839 0.181417
3362500 0.190452 0.181601 0.183472 0.0 0.0 0.0 0.189215 0.186843 0.18608 0.191379 0.177868 0.18151
3362500 0.192561 0.181039 0.197111 0.0 0.0 0.0 0.192807 0.183863 0.195617 0.192305 0.178305 0.198686
3362500 0.189636 0.179539 0.19648 0.0 0.0 0.0 0.186131 0.18143 0.193589 0.192305 0.178305 0.198686
3362500 0.19062 0.183538 0.198247 0.0 0.0 0.0 0.192807 0.183863 0.195617 0.187441 0.183342 0.202075
3362500 0.190265 0.180417 0.200107 -0.000213073 0.000179529 9.34588e-05 0.192305 0.178305 0.198686 0.187441 0.183342 0.202075
3362500 0.197547 0.184133 0.186805 0.0 0.0 0.0 0.195594 0.180118 0.188119 0.199477 0.188328 0.185508
3362500 0.190523 0.186195 0.195705 0.0 0.0 0.0 0.192807 0.183863 0.195617 0.187211 0.189855 0.195838
3362500 0.193973 0.186458 0.194456 0.0 0.0 0.0 0.192807 0.183863 0.195617 0.195671 0.190507 0.192768
3362500 0.199471 0.180771 0.18624 0.0 0.0 0.0 0.195594 0.180118 0.188119 0.202867 0.181561 0.184593
3362500 0.186015 0.183658 0.206915 0.0 0.0 0.0 0.187441 0.183342 0.202075 0.184818 0.184138 0.210966
3362500 0.187716 0.183016 0.213325 0.0 0.0 0.0 0.191797 0.181717 0.216653 0.184818 0.184138 0.210966
3362500 0.192753 0.179695 0.211441 0.0 0.0 0.0 0.191797 0.181717 0.216653 0.193617 0.178085 0.206718
3362500 0.188233 0.1853 0.209853 0.0 0.0 0.0 0.192031 0.18684 0.208616 0.184818 0.184138 0.210966
3362500 0.185525 0.187981 0.210878 0.0 0.0 0.0 0.186275 0.192318 0.210786 0.184818 0.184138 0.210966
3362500 0.192771 0.182649 0.207731 0.0 0.0 0.0 0.192031 0.18684 0.208616 0.193617 0.178085 0.206718
3362500 0.195704 0.18573 0.206755 0.0 0.0 0.0 0.192031 0.18684 0.208616 0.199428 0.184835 0.204871
3362500 0.200063 0.183789 0.200301 0.0 0.0 0.0 0.200812 0.182813 0.194952 0.199428 0.184835 0.204871
3362500 0.201233 0.181084 0.203369 0.0 0.0 0.0 0.199428 0.184835 0.204871 0.20286 0.177929 0.202019
3362500 0.203389 0.184458 0.207018 0.0 0.0 0.0 0.206461 0.184365 0.208683 0.199428 0.184835 0.204871
3362500 0.200071 0.182569 0.208527 0.0 0.0 0.0 0.200773 0.18034 0.212517 0.199428 0.184835 0.204871
3362500 0.192382 0.186884 0.215913 0.0 0.0 0.0 0.191797 0.181717 0.216653 0.192769 0.190539 0.21542
3362500 0.196034 0.184376 0.218403 0.0 0.0 0.0 0.191797 0.181717 0.216653 0.198833 0.186328 0.219564
3362500 0.203134 0.179067 0.219567 0.0 0.0 0.0 0.199123 0.176005 0.220885 0.205969 0.181432 0.218637
3362500 0.198312 0.188447 0.18149 0.0 0.0 0.0 0.199477 0.188328 0.185508 0.197259 0.188771 0.177862
3362500 0.195165 0.18759 0.185749 0.0 0.0 0.0 0.199477 0.188328 0.185508 0.189215 0.186843 0.18608
3362500 0.188116 0.188379 0.191432 0.0 0.0 0.0 0.187211 0.189855 0.195838 0.189215 0.186843 0.18608
3362500 0.189311 0.191797 0.18822 0.0 0.0 0.0 0.189215 0.186843 0.18608 0.189384 0.195801 0.189859
3362500 0.189977 0.192813 0.197635 0.0 0.0 0.0 0.187211 0.189855 0.195838 0.192869 0.196142 0.19952
3362500 0.191028 0.19585 0.194412 0.0 0.0 0.0 0.192869 0.196142 0.19952 0.189384 0.195801 0.189859
3362500 0.193218 0.196205 0.188176 0.0 0.0 0.0 0.197635 0.196915 0.186233 0.189384 0.195801 0.189859
3362500 0.190958 0.188602 0.198584 0.0 0.0 0.0 0.187211 0.189855 0.195838 0.193784 0.187856 0.200656
3362500 0.187819 0.190377 0.20032 0.0 0.0 0.0 0.187211 0.189855 0.195838 0.188262 0.190959 0.203601
3362500 0.194594 0.188881 0.19727 0.0 0.0 0.0 0.195671 0.190507 0.192768 0.193784 0.187856 0.200656
3362500 0.193401 0.191214 0.200179 0.0 0.0 0.0 0.192869 0.196142 0.19952 0.193784 0.187856 0.200656
3362500 0.190159 0.192977 0.201922 0.0 0.0 0.0 0.192869 0.196142 0.19952 0.188262 0.190959 0.203601
3362500 0.190334 0.198467 0.18596 0.0 0.0 0.0 0.189384 0.195801 0.189859 0.191154 0.200982 0.182587
3362500 0.194527 0.200576 0.188204 0.0 0.0 0.0 0.197635 0.196915 0.186233 0.19165 0.204182 0.190026
3362500 0.201182 0.186151 0.181707 0.0 0.0 0.0 0.199477 0.188328 0.185508 0.202534 0.184633 0.178691
3362500 0.201273 0.184625 0.185025 0.0 0.0 0.0 0.199477 0.188328 0.185508 0.202867 0.181561 0.184593
3362500 0.201715 0.195297 0.183743 0.0 0.0 0.0 0.197635 0.196915 0.186233 0.207429 0.193302 0.180253
3362500 0.201654 0.19094 0.188562 0.0 0.0 0.0 0.203796 0.193734 0.191567 0.199477 0.188328 0.185508
3362500 0.20003 0.192124 0.192124 0.0 0.0 0.0 0.203796 0.193734 0.191567 0.195671 0.190507 0.192768
3362500 0.197422 0.193553 0.19945 0.0 0.0 0.0 0.192869 0.196142 0.19952 0.201792 0.191287 0.199383
3362500 0.202163 0.198642 0.187504 0.0 0.0 0.0 0.197635 0.196915 0.186233 0.205229 0.200002 0.188364
3362500 0.197039 0.197382 0.20232 0.0 0.0 0.0 0.192869 0.196142 0.19952 0.201736 0.199015 0.205479
3362500 0.190981 0.189318 0.20215 0.0 0.0 0.0 0.188262 0.190959 0.203601 0.193784 0.187856 0.200656
3362500 0.193001 0.18729 0.20421 0.0 0.0 0.0 0.192031 0.18684 0.208616 0.193784 0.187856 0.200656
3362500 0.195206 0.189793 0.20301 0.0 0.0 0.0 0.19663 0.191956 0.205368 0.193784 0.187856 0.200656
3362500 0.18737 0.191455 0.206832 0.0 0.0 0.0 0.186275 0.192318 0.210786 0.188262 0.190959 0.203601
3362500 0.189721 0.191261 0.213242 0.0 0.0 0.0 0.186275 0.192318 0.210786 0.192769 0.190539 0.21542
3362500 0.194832 0.194407 0.206755 0.0 0.0 0.0 0.192404 0.197977 0.20863 0.19663 0.191956 0.205368
3362500 0.194991 0.193686 0.215374 0.0 0.0 0.0 0.192769 0.190539 0.21542 0.197323 0.19723 0.21533
3362500 0.186351 0.194415 0.214256 0.0 0.0 0.0 0.186275 0.192318 0.210786 0.186455 0.197737 0.219294
3362500 0.195824 0.188304 0.217504 0.0 0.0 0.0 0.192769 0.190539 0.21542 0.198833 0.186328 0.219564
3362500 0.190379 0.193153 0.216887 0.0 0.0 0.0 0.192769 0.190539 0.21542 0.186455 0.197737 0.219294
3362500 0.197216 0.189214 0.20011 0.0 0.0 0.0 0.201792 0.191287 0.199383 0.193784 0.187856 0.200656
3362500 0.198844 0.191556 0.202801 0.0 0.0 0.0 0.201792 0.191287 0.199383 0.19663 0.191956 0.205368
3362500 0.196015 0.188172 0.210324 0.0 0.0 0.0 0.192031 0.18684 0.208616 0.200546 0.189932 0.212271
3362500 0.196093 0.190165 0.214074 0.0 0.0 0.0 0.200546 0.189932 0.212271 0.192769 0.190539 0.21542
3362500 0.199671 0.183629 0.216524 0.0 0.0 0.0 0.200773 0.18034 0.212517 0.198833 0.186328 0.219564
3362500 0.201216 0.189139 0.219756 0.0 0.0 0.0 0.203962 0.19263 0.21998 0.198833 0.186328 0.219564
3362500 0.202163 0.196956 0.192998 0.0 0.0 0.0 0.203796 0.193734 0.191567 0.199938 0.20161 0.194951
3362500 0.204572 0.199208 0.19651 0.0 0.0 0.0 0.208702 0.197277 0.197904 0.199938 0.20161 0.194951
3362500 0.206273 0.181487 0.183726 0.0 0.0 0.0 0.211517 0.181667 0.182385 0.202867 0.181561 0.184593
3362500 0.209305 0.179705 0.186982 0.0 0.0 0.0 0.207583 0.178382 0.190562 0.211517 0.181667 0.182385
3362500 0.20501 0.18 0.18731 0.0 0.0 0.0 0.207583 0.178382 0.190562 0.202867 0.181561 0.184593
3362500 0.209774 0.184208 0.197745 0.0 0.0 0.0 0.212587 0.183954 0.194144 0.206977 0.184688 0.201331
3362500 0.207111 0.182405 0.189771 0.0 0.0 0.0 0.207583 0.178382 0.190562 0.206645 0.186625 0.188984
3362500 0.209646 0.185161 0.191592 0.0 0.0 0.0 0.212587 0.183954 0.194144 0.206645 0.186625 0.188984
3362500 0.201325 0.187143 0.197276 0.0 0.0 0.0 0.200812 0.182813 0.194952 0.201792 0.191287 0.199383
3362500 0.204856 0.181093 0.201684 0.0 0.0 0.0 0.206977 0.184688 0.201331 0.20286 0.177929 0.202019
3362500 0.207891 0.180926 0.204273 0.0 0.0 0.0 0.208812 0.177379 0.207228 0.206977 0.184688 0.201331
3362500 0.207509 0.18113 0.208033 0.0 0.0 0.0 0.206461 0.184365 0.208683 0.208812 0.177379 0.207228
3362500 0.20505 0.178647 0.209702 0.0 0.0 0.0 0.200773 0.18034 0.212517 0.208812 0.177379 0.207228
3362500 0.206048 0.180716 0.212935 0.0 0.0 0.0 0.20946 0.181148 0.213208 0.200773 0.18034 0.212517
3362500 0.204521 0.187699 0.200408 0.0 0.0 0.0 0.201792 0.191287 0.199383 0.206977 0.184688 0.201331
3362500 0.214052 0.183534 0.201162 0.0 0.0 0.0 0.213148 0.179613 0.200863 0.215297 0.189179 0.201571
3362500 0.207299 0.187963 0.204052 0.0 0.0 0.0 0.206977 0.184688 0.201331 0.207639 0.191617 0.206899
3362500 0.204045 0.186525 0.210147 0.0 0.0 0.0 0.206461 0.184365 0.208683 0.200546 0.189932 0.212271
3362500 0.210981 0.183594 0.211284 0.0 0.0 0.0 0.20946 0.181148 0.213208 0.212597 0.186424 0.209247
3362500 0.200662 0.18495 0.212394 0.0 0.0 0.0 0.200546 0.189932 0.212271 0.200773 0.18034 0.212517
3362500 0.209968 0.183679 0.214609 0.0 0.0 0.0 0.20946 0.181148 0.213208 0.210772 0.187982 0.216832
3362500 0.215742 0.180478 0.20389 0.0 0.0 0.0 0.218931 0.181796 0.207605 0.213148 0.179613 0.200863
3362500 0.207988 0.184069 0.217877 0.0 0.0 0.0 0.205969 0.181432 0.218637 0.210772 0.187982 0.216832
3362500 0.206943 0.189056 0.185658 0.0 0.0 0.0 0.207429 0.193302 0.180253 0.206645 0.186625 0.188984
3362500 0.205123 0.193463 0.187436 0.0 0.0 0.0 0.203796 0.193734 0.191567 0.207429 0.193302 0.180253
3362500 0.205946 0.197706 0.185721 0.0 0.0 0.0 0.205229 0.200002 0.188364 0.207429 0.193302 0.180253
3362500 0.21241 0.191034 0.184817 0.0 0.0 0.0 0.215983 0.189599 0.188083 0.207429 0.193302 0.180253
3362500 0.207264 0.191885 0.192937 0.0 0.0 0.0 0.209997 0.190632 0.194014 0.203796 0.193734 0.191567
3362500 0.206012 0.195222 0.194429 0.0 0.0 0.0 0.203796 0.193734 0.191567 0.208702 0.197277 0.197904
3362500 0.212554 0.195228 0.195938 0.0 0.0 0.0 0.208702 0.197277 0.197904 0.215072 0.194076 0.194654
3362500 0.211102 0.198197 0.193402 0.0 0.0 0.0 0.208702 0.197277 0.197904 0.213761 0.199447 0.188422
3362500 0.208514 0.199676 0.188387 0.0 0.0 0.0 0.205229 0.200002 0.188364 0.213761 0.199447 0.188422
3362500 0.204805 0.191345 0.203256 0.0 0.0 0.0 0.201792 0.191287 0.199383 0.207639 0.191617 0.206899
3362500 0.211921 0.18999 0.196762 0.0 0.0 0.0 0.209997 0.190632 0.194014 0.215297 0.189179 0.201571
3362500 0.211787 0.193375 0.199619 0.0 0.0 0.0 0.208702 0.197277 0.197904 0.215297 0.189179 0.201571
3362500 0.205418 0.197985 0.201472 0.0 0.0 0.0 0.208702 0.197277 0.197904 0.201736 0.199015 0.205479
3362500 0.212046 0.201023 0.196471 0.0 0.0 0.0 0.208702 0.197277 0.197904 0.214185 0.203595 0.195553
3362500 0.210959 0.187887 0.188569 0.0 0.0 0.0 0.215983 0.189599 0.188083 0.206645 0.186625 0.188984
3362500 0.212313 0.190119 0.191719 0.0 0.0 0.0 0.209997 0.190632 0.194014 0.215983 0.189599 0.188083
3362500 0.215423 0.192223 0.192101 0.0 0.0 0.0 0.215983 0.189599 0.188083 0.215072 0.194076 0.194654
3362500 0.213342 0.197897 0.199029 0.0 0.0 0.0 0.217854 0.19872 0.200122 0.208702 0.197277 0.197904
3362500 0.2043 0.190711 0.209426 0.0 0.0 0.0 0.200546 0.189932 0.212271 0.207639 0.191617 0.206899
3362500 0.203725 0.193409 0.212875 0.0 0.0 0.0 0.200546 0.189932 0.212271 0.206345 0.196477 0.213375
3362500 0.20111 0.194125 0.20905 0.0 0.0 0.0 0.200546 0.189932 0.212271 0.201736 0.199015 0.205479
3362500 0.210471 0.188535 0.20824 0.0 0.0 0.0 0.212597 0.186424 0.209247 0.207639 0.191617 0.206899
3362500 0.2136 0.187334 0.20639 0.0 0.0 0.0 0.212597 0.186424 0.209247 0.215297 0.189179 0.201571
3362500 0.209079 0.196155 0.205938 0.0 0.0 0.0 0.210132 0.199665 0.205239 0.207639 0.191617 0.206899
3362500 0.20438 0.197447 0.21001 0.0 0.0 0.0 0.206345 0.196477 0.213375 0.201736 0.199015 0.205479
3362500 0.208349 0.192517 0.21494 0.0 0.0 0.0 0.206345 0.196477 0.213375 0.210772 0.187982 0.216832
3362500 0.208106 0.197601 0.216693 0.0 0.0 0.0 0.210589 0.19945 0.221366 0.206345 0.196477 0.213375
3362500 0.210723 0.201709 0.203073 0.0 0.0 0.0 0.210132 0.199665 0.205239 0.2113 0.203919 0.200969
3362500 0.218549 0.185418 0.199289 0.0 0.0 0.0 0.222424 0.181191 0.196569 0.215297 0.189179 0.201571
3362500 0.2139 0.189432 0.209923 0.0 0.0 0.0 0.212597 0.186424 0.209247 0.216557 0.195899 0.211303
3362500 0.211169 0.1932 0.208642 0.0 0.0 0.0 0.216557 0.195899 0.211303 0.207639 0.191617 0.206899
3362500 0.215866 0.192112 0.205982 0.0 0.0 0.0 0.216557 0.195899 0.211303 0.215297 0.189179 0.201571
3362500 0.213899 0.201744 0.200632 0.0 0.0 0.0 0.217854 0.19872 0.200122 0.2113 0.203919 0.200969
3362500 0.217313 0.197437 0.204759 0.0 0.0 0.0 0.217854 0.19872 0.200122 0.216557 0.195899 0.211303
3362500 0.219745 0.201614 0.196913 0.0 0.0 0.0 0.217854 0.19872 0.200122 0.221824 0.205016 0.193395
3362500 0.217941 0.202892 0.201866 0.0 0.0 0.0 0.217854 0.19872 0.200122 0.218052 0.208049 0.203919
3362500 0.183128 0.207819 0.194051 -1.3791 -0.307194 0.26606 0.186373 0.208348 0.193925 0.17936 0.207205 0.194196
3362500 0.182775 0.204713 0.210146 -1.24948 -0.44843 1.23781 0.186898 0.207297 0.20572 0.179958 0.202948 0.213169
3362500 0.190481 0.199856 0.189939 -1.01891 -6.54143 -0.895492 0.19165 0.204182 0.190026 0.189384 0.195801 0.189859
3362500 0.192804 0.201243 0.211829 -2.08012 -7.82685 -10.2189 0.193208 0.20454 0.215059 0.192404 0.197977 0.20863
3362500 0.18834 0.209438 0.185636 -3.70919 -6.56462 -6.63973 0.189639 0.212972 0.18836 0.187385 0.206841 0.183636
3362500 0.188607 0.206584 0.192274 1.11819 -0.59359 -0.798547 0.186373 0.208348 0.193925 0.19165 0.204182 0.190026
3362500 0.194345 0.207381 0.191631 5.78916 4.90814 3.19536 0.19165 0.204182 0.190026 0.196816 0.210315 0.193103
3362500 0.187767 0.210934 0.195407 2.14873 2.89218 2.27995 0.186373 0.208348 0.193925 0.189723 0.214562 0.197488
3362500 0.196919 0.210515 0.197207 -0.454183 0.508492 3.97272 0.196816 0.210315 0.193103 0.197038 0.210747 0.20197
3362500 0.193321 0.212686 0.199692 -1.42164 0.467402 -0.694769 0.197038 0.210747 0.20197 0.189723 0.214562 0.197488
3362500 0.191969 0.215387 0.185144 -1.52911 -1.18485 2.38512 0.194396 0.217901 0.181797 0.189639 0.212972 0.18836
3362500 0.197327 0.214276 0.192136 0.494726 6.51349 -2.67159 0.196816 0.210315 0.193103 0.19792 0.218874 0.191013
3362500 0.190793 0.216086 0.201713 -1.04598 -1.23774 -6.11743 0.1919 0.21766 0.206081 0.189723 0.214562 0.197488
3362500 0.19594 0.207865 0.213341 2.42013 3.69885 -2.44143 0.193208 0.20454 0.215059 0.198864 0.211424 0.211503
3362500 0.191498 0.208837 0.215327 -8.48746 14.2711 0.670836 0.193208 0.20454 0.215059 0.189384 0.214152 0.215658
3362500 0.198557 0.215033 0.200526 1.72205 3.316 -1.57462 0.197038 0.210747 0.20197 0.199768 0.218449 0.199375
3362500 0.202931 0.213914 0.212867 4.15026 1.75111 1.63366 0.198864 0.211424 0.211503 0.206588 0.216153 0.214094
3362500 0.201247 0.208549 0.201508 2.949 -1.19244 0.0908344 0.197038 0.210747 0.20197 0.204806 0.20669 0.201117
3362500 0.201123 0.212757 0.203395 2.86455 0.923896 1.21691 0.197038 0.210747 0.20197 0.205128 0.214726 0.204793
3362500 0.190757 0.216066 0.210434 -1.09795 -0.81616 4.29814 0.1919 0.21766 0.206081 0.189384 0.214152 0.215658
3362500 0.200985 0.20515 0.219131 -1.62891 2.57322 2.99184 0.202731 0.202495 0.21687 0.199459 0.207471 0.221107
3362500 0.210254 0.201628 0.185199 3.31181 -1.88778 2.11886 0.207995 0.203033 0.183122 0.213761 0.199447 0.188422
3362500 0.208436 0.201149 0.195191 -0.26884 -6.83356 6.30448 0.208249 0.203879 0.193279 0.208702 0.197277 0.197904
3362500 0.21403 0.202077 0.192943 0.515672 -3.32619 -7.51985 0.214185 0.203595 0.195553 0.213761 0.199447 0.188422
3362500 0.204528 0.199503 0.215132 2.11468 -2.53755 -2.00608 0.202731 0.202495 0.21687 0.206345 0.196477 0.213375
3362500 0.204896 0.203265 0.181802 -1.62078 0.393495 -0.820169 0.207995 0.203033 0.183122 0.200513 0.203592 0.179934
3362500 0.203169 0.212208 0.182415 0.999683 -0.699114 2.9471 0.201295 0.212671 0.178387 0.205798 0.211558 0.188064
3362500 0.211834 0.210561 0.189405 -4.98033 1.28823 -1.87392 0.215391 0.209973 0.190196 0.205798 0.211558 0.188064
3362500 0.212977 0.206296 0.196174 -3.6761 12.2641 1.448 0.214185 0.203595 0.195553 0.211245 0.210167 0.197063
3362500 0.207397 0.206549 0.191465 -3.97515 7.36939 -5.88664 0.208249 0.203879 0.193279 0.205798 0.211558 0.188064
3362500 0.20791 0.208366 0.199163 -9.63278 -4.06082 7.8245 0.211245 0.210167 0.197063 0.204806 0.20669 0.201117
3362500 0.212778 0.213505 0.199361 -4.84962 -7.71738 -7.32516 0.214257 0.216724 0.201577 0.211245 0.210167 0.197063
3362500 0.212128 0.213994 0.195232 3.05159 7.33724 -4.2275 0.211245 0.210167 0.197063 0.212934 0.217484 0.193562
3362500 0.21811 0.207877 0.191548 5.72868 -3.24755 1.95754 0.215391 0.209973 0.190196 0.221824 0.205016 0.193395
3362500 0.210053 0.215978 0.216898 -3.4479 -0.47026 -2.4958 0.213237 0.215818 0.219475 0.206588 0.216153 0.214094
3362500 0.20888 0.216559 0.206896 1.64372 0.702519 0.58232 0.205128 0.214726 0.204793 0.211468 0.217823 0.208347
3362500 0.212683 0.217344 0.205399 -0.942017 0.900397 2.84807 0.214257 0.216724 0.201577 0.211468 0.217823 0.208347
3362500 0.215655 0.210899 0.207857 1.02031 -0.762684 -1.32127 0.214306 0.212502 0.210072 0.218052 0.208049 0.203919
3362500 0.214293 0.218161 0.209864 -2.48849 -0.537339 -1.84664 0.218021 0.218608 0.211866 0.211468 0.217823 0.208347
3362500 0.199996 0.20997 0.186318 1.84002 0.239453 0.370605 0.19645 0.209 0.18525 0.205798 0.211558 0.188064
3362500 0.194706 0.209197 0.181849 0.164579 -0.0587378 0.263867 0.19287 0.209405 0.178268 0.19645 0.209 0.18525
3362500 0.212111 0.210387 0.210107 -0.389244 -0.311494 0.0708695 0.214306 0.212502 0.210072 0.208095 0.206518 0.210172
3362500 0.193374 0.210794 0.186655 -2.17539 1.16886 1.45078 0.19645 0.209 0.18525 0.189639 0.212972 0.18836
3362500 0.184329 0.217738 0.19155 -3.45027 -4.2617 1.33305 0.186497 0.221255 0.190094 0.1823 0.214446 0.192914
3362500 0.198258 0.206594 0.182885 1.20455 -1.25365 -1.77889 0.19645 0.209 0.18525 0.200513 0.203592 0.179934
3362500 0.207807 0.1998 0.182169 -0.317764 -1.97348 -0.876051 0.207995 0.203033 0.183122 0.207429 0.193302 0.180253
3362500 0.215457 0.210725 0.212264 1.81031 -1.83118 3.14377 0.214306 0.212502 0.210072 0.217733 0.20721 0.216601
3362500 0.184901 0.213386 0.204242 0.373862 -2.28837 0.422962 0.183731 0.216954 0.203375 0.186898 0.207297 0.20572
3362500 0.183181 0.217644 0.210182 1.17827 1.62727 0.376503 0.180977 0.214582 0.210081 0.185274 0.220552 0.210277
3362500 0.18418 0.20105 0.19153 -0.0902194 0.461945 -1.98952 0.184776 0.200613 0.19649 0.183686 0.201412 0.187412
3362500 0.185791 0.214501 0.195065 -0.97336 -0.0116189 -0.838117 0.189723 0.214562 0.197488 0.1823 0.214446 0.192914
3362500 0.181255 0.206449 0.20245 0.0569681 -0.00173884 0.0309084 0.178637 0.206055 0.200932 0.186898 0.207297 0.20572
3362500 0.216047 0.217482 0.191127 -3.31571 0.316233 1.93212 0.220674 0.217478 0.187507 0.212934 0.217484 0.193562
3362500 0.203209 0.209115 0.210876 0.542927 -0.288787 0.0197097 0.198864 0.211424 0.211503 0.208095 0.206518 0.210172
3362500 0.199365 0.213487 0.215985 0.133374 1.48298 4.94749 0.198864 0.211424 0.211503 0.199827 0.215392 0.220127
3362500 0.181702 0.204354 0.195188 3.1632 -2.8727 0.829033 0.17936 0.207205 0.194196 0.184776 0.200613 0.19649
3362500 0.212726 0.20685 0.213261 1.00919 0.0155338 0.47035 0.208095 0.206518 0.210172 0.217733 0.20721 0.216601
3362500 0.191376 0.202414 0.185916 0.388914 -1.50212 -3.9058 0.19165 0.204182 0.190026 0.191154 0.200982 0.182587
3362500 0.194501 0.202571 0.219049 1.15441 -2.99388 7.45512 0.193208 0.20454 0.215059 0.195783 0.200616 0.22301
3362500 0.189681 0.21377 0.192939 -0.596153 0.655385 3.9048 0.189639 0.212972 0.18836 0.189723 0.214562 0.197488
3362500 0.204162 0.212305 0.194064 -0.413925 0.658501 3.25566 0.205798 0.211558 0.188064 0.203304 0.212697 0.197213
3362500 0.197933 0.211079 0.206644 -1.49777 -0.702258 -4.4129 0.198864 0.211424 0.211503 0.197038 0.210747 0.20197
3362500 0.204371 0.216764 0.184889 -2.38705 10.2086 -4.14644 0.205798 0.211558 0.188064 0.203579 0.219656 0.183126
3362500 0.192775 0.209297 0.203547 0.371386 0.193391 -0.181176 0.186898 0.207297 0.20572 0.197038 0.210747 0.20197
3362500 0.191935 0.205371 0.194338 0.000344609 0.000488704 0.00439502 0.19165 0.204182 0.190026 0.192142 0.206235 0.19747
3362500 0.193799 0.204621 0.199762 0.00218801 -0.00139845 0.00230047 0.192142 0.206235 0.19747 0.195354 0.203105 0.201914
3362500 0.190406 0.206587 0.200202 -0.00105424 0.000568256 0.00193641 0.192142 0.206235 0.19747 0.186898 0.207297 0.20572
3362500 0.206592 0.201496 0.18578 -0.354799 -0.258785 0.709311 0.207995 0.203033 0.183122 0.205229 0.200002 0.188364
3362500 0.213484 0.210062 0.193354 -3.03533 0.472068 3.72405 0.215391 0.209973 0.190196 0.211245 0.210167 0.197063
3362500 0.213719 0.205399 0.202026 -2.81739 -1.17531 -0.923241 0.218052 0.208049 0.203919 0.2113 0.203919 0.200969
3362500 0.218342 0.217358 0.202191 2.89039 0.768866 0.0867213 0.214257 0.216724 0.201577 0.224766 0.218355 0.203157
3362500 0.200374 0.210807 0.191107 1.67282 0.326013 -1.32047 0.196816 0.210315 0.193103 0.205798 0.211558 0.188064
3362500 0.202706 0.204499 0.198457 0.0432638 0.0671223 0.0621548 0.199938 0.20161 0.194951 0.204806 0.20669 0.201117
3362500 0.194897 0.20469 0.210745 0.317347 0.046013 -1.4573 0.193208 0.20454 0.215059 0.196038 0.204791 0.20783
3362500 0.195692 0.203938 0.204836 0.0850441 -0.462251 -1.79154 0.196038 0.204791 0.20783 0.195354 0.203105 0.201914
3362500 0.197132 0.207359 0.209252 -1.24784 -2.57483 -0.944733 0.198864 0.211424 0.211503 0.196038 0.204791 0.20783
3362500 0.208516 0.205107 0.201033 -1.03606 0.271606 0.0876573 0.2113 0.203919 0.200969 0.204806 0.20669 0.201117
3362500 0.218622 0.210973 0.199391 0.099967 -1.20138 2.14219 0.219034 0.21309 0.196113 0.218052 0.208049 0.203919
3362500 0.212927 0.215088 0.209234 -1.50362 4.20789 -1.65228 0.214306 0.212502 0.210072 0.211468 0.217823 0.208347
3362500 0.187727 0.210264 0.191619 1.41016 1.35355 -1.659 0.186373 0.208348 0.193925 0.189639 0.212972 0.18836
3362500 0.185741 0.205284 0.194941 -0.322284 -4.24703 1.895 0.186373 0.208348 0.193925 0.184776 0.200613 0.19649
3362500 0.198151 0.202649 0.206958 2.3317 -1.69427 -0.781847 0.196038 0.204791 0.20783 0.201736 0.199015 0.205479
3362500 0.203978 0.21 0.198966 0.35037 -3.75497 2.93461 0.203304 0.212697 0.197213 0.204806 0.20669 0.201117
3362500 0.201665 0.215364 0.198215 -3.3195 3.80272 1.68074 0.203304 0.212697 0.197213 0.199768 0.218449 0.199375
3362500 0.180264 0.209574 0.197054 -0.000924848 -0.00154918 -0.00165745 0.180989 0.211476 0.199348 0.17936 0.207205 0.194196
3362500 0.182868 0.210147 0.201374 0.000494448 -0.000479553 0.000763206 0.180989 0.211476 0.199348 0.186898 0.207297 0.20572
3362500 0.199012 0.216285 0.21248 0.000137008 0.0048285 0.00180086 0.198864 0.211424 0.211503 0.199123 0.219927 0.213211
3362500 0.199438 0.217897 0.216308 -2.94731e-06 0.000107037 -0.000120914 0.199827 0.215392 0.220127 0.199123 0.219927 0.213211
3362500 0.190222 0.201531 0.216932 -5.19011 -3.67254 2.92826 0.193208 0.20454 0.215059 0.186455 0.197737 0.219294
3362500 0.207718 0.207953 0.215548 -0.177044 0.142782 1.03359 0.208095 0.206518 0.210172 0.207397 0.20918 0.220144
3362500 0.18234 0.215756 0.206763 -0.12565 -0.0993559 0.209105 0.183731 0.216954 0.203375 0.180977 0.214582 0.210081
3362500 0.188021 0.217236 0.189253 4.25097 -7.85917 -2.61847 0.186497 0.221255 0.190094 0.189639 0.212972 0.18836
3362500 0.19447 0.214203 0.204025 3.09505 -3.0507 -2.53367 0.1919 0.21766 0.206081 0.197038 0.210747 0.20197
3362500 0.206481 0.210983 0.207246 -1.02653 2.2788 -2.09865 0.208095 0.206518 0.210172 0.205128 0.214726 0.204793
3362500 0.204938 0.204151 0.214114 0.911962 0.695674 -0.829902 0.202731 0.202495 0.21687 0.208095 0.206518 0.210172
3362500 0.185694 0.203505 0.200483 -0.273539 -0.440745 -0.791219 0.186898 0.207297 0.20572 0.184776 0.200613 0.19649
3362500 0.18087 0.217328 0.200821 -0.300346 0.0115519 -0.356235 0.183731 0.216954 0.203375 0.178382 0.217654 0.198598
3362500 0.194239 0.20678 0.18745 0.305904 0.208117 -0.246153 0.19165 0.204182 0.190026 0.19645 0.209 0.18525
3362500 0.193089 0.2056 0.207149 -1.71087 0.434231 -0.6981 0.196038 0.204791 0.20783 0.186898 0.207297 0.20572
3362500 0.186855 0.218089 0.212348 -0.441416 0.496885 -0.579639 0.189384 0.214152 0.215658 0.185274 0.220552 0.210277
3362500 0.198177 0.206521 0.193908 0.0640173 -0.2067 0.0790037 0.196816 0.210315 0.193103 0.199938 0.20161 0.194951
3362500 0.196012 0.20609 0.201936 -0.536107 -8.96796 -0.261964 0.197038 0.210747 0.20197 0.195354 0.203105 0.201914
3362500 0.211364 0.20373 0.194472 2.29556 -0.359863 1.24049 0.208249 0.203879 0.193279 0.214185 0.203595 0.195553
3362500 0.209361 0.216601 0.187006 0.00197856 0.00201641 -0.000508839 0.205798 0.211558 0.188064 0.211439 0.219543 0.186389
3362500 0.21705 0.204128 0.194744 2.01269 0.70021 -0.748257 0.214185 0.203595 0.195553 0.221824 0.205016 0.193395
3362500 0.182391 0.202352 0.20507 0.0 0.0 0.0 0.186898 0.207297 0.20572 0.178819 0.198639 0.204557
3362500 0.181548 0.212636 0.196597 0.0 0.0 0.0 0.180989 0.211476 0.199348 0.1823 0.214446 0.192914
3362500 0.180961 0.203884 0.199251 0.0 0.0 0.0 0.178637 0.206055 0.200932 0.184776 0.200613 0.19649
3362500 0.183282 0.217914 0.195397 0.0 0.0 0.0 0.184078 0.220914 0.197405 0.1823 0.214446 0.192914
3362500 0.182202 0.213793 0.201133 0.0 0.0 0.0 0.180989 0.211476 0.199348 0.183731 0.216954 0.203375
3362500 0.187675 0.201069 0.184836 0.0 0.0 0.0 0.191154 0.200982 0.182587 0.183686 0.201412 0.187412
3362500 0.184562 0.210953 0.193475 0.0 0.0 0.0 0.186373 0.208348 0.193925 0.1823 0.214446 0.192914
3362500 0.18574 0.213646 0.190778 0.0 0.0 0.0 0.189639 0.212972 0.18836 0.1823 0.214446 0.192914
3362500 0.187522 0.202633 0.188671 0.0 0.0 0.0 0.19165 0.204182 0.190026 0.183686 0.201412 0.187412
3362500 0.188408 0.202386 0.193077 0.0 0.0 0.0 0.19165 0.204182 0.190026 0.184776 0.200613 0.19649
3362500 0.189244 0.203914 0.197084 0.0 0.0 0.0 0.192142 0.206235 0.19747 0.184776 0.200613 0.19649
3362500 0.183136 0.211926 0.208491 -0.0543422 0.0492919 0.0275948 0.186898 0.207297 0.20572 0.180977 0.214582 0.210081
3362500 0.184317 0.214303 0.212295 0.0 0.0 0.0 0.180977 0.214582 0.210081 0.189384 0.214152 0.215658
3362500 0.186437 0.218151 0.19744 0.0 0.0 0.0 0.189723 0.214562 0.197488 0.184078 0.220914 0.197405
3362500 0.186457 0.215757 0.200696 0.0 0.0 0.0 0.183731 0.216954 0.203375 0.189723 0.214562 0.197488
3362500 0.187381 0.217161 0.204583 0.0 0.0 0.0 0.183731 0.216954 0.203375 0.1919 0.21766 0.206081
3362500 0.19548 0.200388 0.215207 0.0 0.0 0.0 0.193208 0.20454 0.215059 0.197323 0.19723 0.21533
3362500 0.194564 0.201917 0.208153 0.0 0.0 0.0 0.196038 0.204791 0.20783 0.192404 0.197977 0.20863
3362500 0.194175 0.200945 0.204597 0.0 0.0 0.0 0.195354 0.203105 0.201914 0.192404 0.197977 0.20863
3362500 0.190141 0.201698 0.207433 0.0 0.0 0.0 0.186898 0.207297 0.20572 0.192404 0.197977 0.20863
3362500 0.196632 0.198638 0.218778 0.0 0.0 0.0 0.195783 0.200616 0.22301 0.197323 0.19723 0.21533
3362500 0.199975 0.1997 0.216083 0.0 0.0 0.0 0.202731 0.202495 0.21687 0.197323 0.19723 0.21533
3362500 0.189231 0.205579 0.1864 0.0 0.0 0.0 0.19165 0.204182 0.190026 0.187385 0.206841 0.183636
3362500 0.190663 0.208386 0.189208 0.0 0.0 0.0 0.19165 0.204182 0.190026 0.189639 0.212972 0.18836
3362500 0.19544 0.202895 0.192277 0.0 0.0 0.0 0.19165 0.204182 0.190026 0.199938 0.20161 0.194951
3362500 0.196625 0.209525 0.189038 0.0 0.0 0.0 0.196816 0.210315 0.193103 0.19645 0.209 0.18525
3362500 0.189275 0.207177 0.195707 0.0 0.0 0.0 0.186373 0.208348 0.193925 0.192142 0.206235 0.19747
3362500 0.194208 0.207931 0.19554 0.0 0.0 0.0 0.192142 0.206235 0.19747 0.196816 0.210315 0.193103
3362500 0.191143 0.20957 0.197477 0.0 0.0 0.0 0.192142 0.206235 0.19747 0.189723 0.214562 0.197488
3362500 0.195102 0.204372 0.196512 0.0 0.0 0.0 0.192142 0.206235 0.19747 0.199938 0.20161 0.194951
3362500 0.193446 0.211453 0.190877 0.0 0.0 0.0 0.196816 0.210315 0.193103 0.189639 0.212972 0.18836
3362500 0.193475 0.212207 0.195167 0.0 0.0 0.0 0.196816 0.210315 0.193103 0.189723 0.214562 0.197488
3362500 0.194129 0.207957 0.199295 0.0 0.0 0.0 0.192142 0.206235 0.19747 0.197038 0.210747 0.20197
3362500 0.188558 0.211456 0.200883 0.0 0.0 0.0 0.186898 0.207297 0.20572 0.189723 0.214562 0.197488
3362500 0.197027 0.20245 0.19937 0.0 0.0 0.0 0.195354 0.203105 0.201914 0.199938 0.20161 0.194951
3362500 0.195542 0.212823 0.183726 0.0 0.0 0.0 0.194396 0.217901 0.181797 0.19645 0.209 0.18525
3362500 0.193724 0.215776 0.189669 0.0 0.0 0.0 0.19792 0.218874 0.191013 0.189639 0.212972 0.18836
3362500 0.188068 0.217888 0.193692 0.0 0.0 0.0 0.186497 0.221255 0.190094 0.189723 0.214562 0.197488
3362500 0.200836 0.200203 0.200215 0.0 0.0 0.0 0.199938 0.20161 0.194951 0.201736 0.199015 0.205479
3362500 0.198683 0.210583 0.182085 0.0 0.0 0.0 0.201295 0.212671 0.178387 0.19645 0.209 0.18525
3362500 0.200418 0.21153 0.195387 0.0 0.0 0.0 0.196816 0.210315 0.193103 0.203304 0.212697 0.197213
3362500 0.205042 0.202895 0.193923 0.0 0.0 0.0 0.208249 0.203879 0.193279 0.199938 0.20161 0.194951
3362500 0.190599 0.20557 0.211197 0.0 0.0 0.0 0.193208 0.20454 0.215059 0.186898 0.207297 0.20572
3362500 0.196435 0.207042 0.205506 0.0 0.0 0.0 0.196038 0.204791 0.20783 0.197038 0.210747 0.20197
3362500 0.192671 0.204326 0.20312 0.0 0.0 0.0 0.186898 0.207297 0.20572 0.195354 0.203105 0.201914
3362500 0.196809 0.206119 0.218541 0.0 0.0 0.0 0.193208 0.20454 0.215059 0.199459 0.207471 0.221107
3362500 0.188228 0.210851 0.211029 0.0 0.0 0.0 0.186898 0.207297 0.20572 0.189384 0.214152 0.215658
3362500 0.194467 0.21258 0.21343 0.0 0.0 0.0 0.198864 0.211424 0.211503 0.189384 0.214152 0.215658
3362500 0.189798 0.213193 0.205928 0.0 0.0 0.0 0.1919 0.21766 0.206081 0.186898 0.207297 0.20572
3362500 0.195317 0.214493 0.20874 0.0 0.0 0.0 0.198864 0.211424 0.211503 0.1919 0.21766 0.206081
3362500 0.197684 0.201501 0.203214 0.0 0.0 0.0 0.195354 0.203105 0.201914 0.201736 0.199015 0.205479
3362500 0.200746 0.211792 0.199154 0.0 0.0 0.0 0.197038 0.210747 0.20197 0.203304 0.212697 0.197213
3362500 0.202089 0.213015 0.208048 0.0 0.0 0.0 0.198864 0.211424 0.211503 0.205128 0.214726 0.204793
3362500 0.198379 0.20332 0.21604 0.0 0.0 0.0 0.193208 0.20454 0.215059 0.202731 0.202495 0.21687
3362500 0.195188 0.214733 0.21814 0.0 0.0 0.0 0.199827 0.215392 0.220127 0.189384 0.214152 0.215658
3362500 0.199545 0.201523 0.219683 0.0 0.0 0.0 0.202731 0.202495 0.21687 0.195783 0.200616 0.22301
3362500 0.203253 0.21567 0.217069 0.0 0.0 0.0 0.199827 0.215392 0.220127 0.206588 0.216153 0.214094
3362500 0.196169 0.218284 0.186439 0.0 0.0 0.0 0.194396 0.217901 0.181797 0.19792 0.218874 0.191013
3362500 0.201324 0.215603 0.18974 0.0 0.0 0.0 0.19792 0.218874 0.191013 0.205798 0.211558 0.188064
3362500 0.202171 0.216671 0.201805 0.0 0.0 0.0 0.205128 0.214726 0.204793 0.199768 0.218449 0.199375
3362500 0.202515 0.218104 0.213611 0.0 0.0 0.0 0.206588 0.216153 0.214094 0.199123 0.219927 0.213211
3362500 0.210393 0.202044 0.19139 0.0 0.0 0.0 0.208249 0.203879 0.193279 0.213761 0.199447 0.188422
3362500 0.206725 0.201812 0.1908 0.0 0.0 0.0 0.208249 0.203879 0.193279 0.205229 0.200002 0.188364
3362500 0.207068 0.200525 0.212046 0.0 0.0 0.0 0.208095 0.206518 0.210172 0.206345 0.196477 0.213375
3362500 0.204838 0.202566 0.207766 0.0 0.0 0.0 0.208095 0.206518 0.210172 0.201736 0.199015 0.205479
3362500 0.205975 0.201128 0.218723 0.0 0.0 0.0 0.202731 0.202495 0.21687 0.210589 0.19945 0.221366
3362500 0.207225 0.205909 0.184854 0.0 0.0 0.0 0.207995 0.203033 0.183122 0.205798 0.211558 0.188064
3362500 0.211212 0.20894 0.184787 0.0 0.0 0.0 0.205798 0.211558 0.188064 0.215202 0.207199 0.182372
3362500 0.207208 0.209453 0.182203 0.0 0.0 0.0 0.205798 0.211558 0.188064 0.207991 0.208459 0.178958
3362500 0.202577 0.216488 0.181053 0.0 0.0 0.0 0.201295 0.212671 0.178387 0.203579 0.219656 0.183126
3362500 0.209552 0.206506 0.194927 0.0 0.0 0.0 0.208249 0.203879 0.193279 0.211245 0.210167 0.197063
3362500 0.209017 0.210628 0.193384 0.0 0.0 0.0 0.205798 0.211558 0.188064 0.211245 0.210167 0.197063
3362500 0.206728 0.211497 0.19715 0.0 0.0 0.0 0.203304 0.212697 0.197213 0.211245 0.210167 0.197063
3362500 0.212742 0.203646 0.198261 0.0 0.0 0.0 0.214185 0.203595 0.195553 0.2113 0.203919 0.200969
3362500 0.211277 0.206378 0.199363 0.0 0.0 0.0 0.211245 0.210167 0.197063 0.2113 0.203919 0.200969
3362500 0.204055 0.213426 0.200342 0.0 0.0 0.0 0.205128 0.214726 0.204793 0.203304 0.212697 0.197213
3362500 0.214203 0.213493 0.191823 0.0 0.0 0.0 0.215391 0.209973 0.190196 0.212934 0.217484 0.193562
3362500 0.210171 0.215084 0.191437 0.0 0.0 0.0 0.205798 0.211558 0.188064 0.212934 0.217484 0.193562
3362500 0.206084 0.217419 0.190294 0.0 0.0 0.0 0.205798 0.211558 0.188064 0.206268 0.221284 0.191695
3362500 0.217157 0.211484 0.193064 -0.00222514 -0.00148537 -0.00250886 0.219034 0.21309 0.196113 0.215391 0.209973 0.190196
3362500 0.215332 0.211594 0.196566 0.0 0.0 0.0 0.219034 0.21309 0.196113 0.211245 0.210167 0.197063
3362500 0.214268 0.209118 0.200111 0.0 0.0 0.0 0.218052 0.208049 0.203919 0.211245 0.210167 0.197063
3362500 0.210172 0.204722 0.204204 0.0 0.0 0.0 0.208095 0.206518 0.210172 0.2113 0.203919 0.200969
3362500 0.206186 0.206507 0.204915 0.0 0.0 0.0 0.208095 0.206518 0.210172 0.204806 0.20669 0.201117
3362500 0.204955 0.210302 0.202818 0.0 0.0 0.0 0.205128 0.214726 0.204793 0.204806 0.20669 0.201117
3362500 0.207257 0.211763 0.212348 0.0 0.0 0.0 0.208095 0.206518 0.210172 0.206588 0.216153 0.214094
3362500 0.205874 0.21535 0.209551 0.0 0.0 0.0 0.206588 0.216153 0.214094 0.205128 0.214726 0.204793
3362500 0.209948 0.215674 0.203094 0.0 0.0 0.0 0.214257 0.216724 0.201577 0.205128 0.214726 0.204793
3362500 0.213142 0.207185 0.206999 0.0 0.0 0.0 0.208095 0.206518 0.210172 0.218052 0.208049 0.203919
3362500 0.215854 0.214943 0.210822 0.0 0.0 0.0 0.214306 0.212502 0.210072 0.218021 0.218608 0.211866
3362500 0.204831 0.205394 0.218339 0.0 0.0 0.0 0.202731 0.202495 0.21687 0.207397 0.20918 0.220144
3362500 0.206978 0.212674 0.217015 0.0 0.0 0.0 0.206588 0.216153 0.214094 0.207397 0.20918 0.220144
3362500 0.212154 0.218447 0.189837 0.0 0.0 0.0 0.211439 0.219543 0.186389 0.212934 0.217484 0.193562
3362500 0.213575 0.217008 0.19746 0.0 0.0 0.0 0.214257 0.216724 0.201577 0.212934 0.217484 0.193562
3362500 0.215993 0.215172 0.194844 0.0 0.0 0.0 0.219034 0.21309 0.196113 0.212934 0.217484 0.193562
3362500 0.209419 0.217016 0.210758 0.0 0.0 0.0 0.206588 0.216153 0.214094 0.211468 0.217823 0.208347
3362500 0.216719 0.214743 0.19876 0.0 0.0 0.0 0.214257 0.216724 0.201577 0.219034 0.21309 0.196113
3362500 0.215906 0.21284 0.202598 0.0 0.0 0.0 0.214257 0.216724 0.201577 0.218052 0.208049 0.203919
