# ts x y z Fx Fy Fz x1 y1 z1 x2 y2 z2
5693750 0.182208 0.178937 0.198337 -7.25285 8.45085 3.06647 0.186068 0.175513 0.19739 0.177716 0.18292 0.199438
5693750 0.18342 0.194808 0.197029 -17.4961 11.2906 9.43358 0.187198 0.192692 0.195794 0.180651 0.19636 0.197935
5693750 0.188994 0.201058 0.198041 -15.9484 11.3418 -9.55524 0.192887 0.198886 0.199576 0.184856 0.203367 0.196408
5693750 0.198246 0.188161 0.183284 -2.83299 -10.9321 -7.28489 0.199598 0.191075 0.18561 0.197107 0.185708 0.181326
5693750 0.194102 0.18012 0.190199 -2.12096 -6.15993 4.80741 0.195734 0.183105 0.188066 0.192684 0.177526 0.192052
5693750 0.185932 0.180772 0.191106 1.18767 9.91342 9.75463 0.185728 0.178035 0.189151 0.186192 0.184249 0.193588
5693750 0.192974 0.185898 0.187229 -4.79312 5.9883 -0.689108 0.195734 0.183105 0.188066 0.18921 0.189706 0.186088
5693750 0.198069 0.184248 0.191126 5.54097 4.01243 10.3702 0.195734 0.183105 0.188066 0.200973 0.185669 0.194931
5693750 0.188211 0.181672 0.214162 12.6581 14.8914 12.1974 0.185267 0.179216 0.212069 0.1918 0.184666 0.216714
5693750 0.197769 0.192104 0.188975 -6.1048 6.17505 16.7735 0.199598 0.191075 0.18561 0.195687 0.193276 0.192806
5693750 0.192468 0.196046 0.191268 -6.36779 3.85315 -2.50855 0.195687 0.193276 0.192806 0.189474 0.198623 0.189837
5693750 0.196698 0.196371 0.189678 -2.38705 -15.9461 19.3474 0.197783 0.199689 0.186323 0.195687 0.193276 0.192806
5693750 0.194317 0.196021 0.196118 13.4898 -16.531 -21.2589 0.192887 0.198886 0.199576 0.195687 0.193276 0.192806
5693750 0.192682 0.199807 0.204195 0.487195 4.41574 12.7275 0.192887 0.198886 0.199576 0.192482 0.200703 0.208691
5693750 0.198197 0.189664 0.193815 -18.0222 37.7832 -9.13093 0.200973 0.185669 0.194931 0.195687 0.193276 0.192806
5693750 0.202501 0.192915 0.183632 11.3224 7.0807 -5.08321 0.199598 0.191075 0.18561 0.207467 0.196062 0.180247
5693750 0.203122 0.190298 0.187258 2.32584 -0.349315 1.52559 0.199598 0.191075 0.18561 0.206835 0.189481 0.188993
5693750 0.199188 0.203003 0.183085 5.62959 19.3766 -13.9184 0.197783 0.199689 0.186323 0.200573 0.20627 0.179892
5693750 0.189149 0.197772 0.209852 12.4899 14.3259 -6.97642 0.186223 0.195199 0.210871 0.192482 0.200703 0.208691
5693750 0.199664 0.190666 0.216425 -4.58283 -6.59459 10.7257 0.200745 0.192672 0.212215 0.198869 0.18919 0.219523
5693750 0.20082 0.181284 0.192549 1.92182 -13.2956 -6.97388 0.200973 0.185669 0.194931 0.200715 0.178268 0.190911
5693750 0.210279 0.18407 0.192342 8.58517 12.0328 5.23744 0.207732 0.181274 0.190491 0.212752 0.186785 0.194139
5693750 0.202156 0.182948 0.198947 5.66438 -7.04191 13.1848 0.200973 0.185669 0.194931 0.203065 0.180857 0.202033
5693750 0.20436 0.186757 0.198432 22.2809 5.14197 16.7448 0.200973 0.185669 0.194931 0.207123 0.187644 0.201288
5693750 0.211248 0.190589 0.194116 0.894728 -2.58589 -0.405127 0.210117 0.193448 0.194099 0.212752 0.186785 0.194139
5693750 0.214298 0.189353 0.191356 -4.6221 -8.90548 6.82916 0.216135 0.192404 0.188049 0.212752 0.186785 0.194139
5693750 0.20594 0.180616 0.204561 -12.7983 3.89438 -11.8504 0.209004 0.180358 0.207256 0.203065 0.180857 0.202033
5693750 0.206779 0.187387 0.205337 0.743892 -1.27219 -13.6745 0.206499 0.187179 0.20862 0.207123 0.187644 0.201288
5693750 0.208095 0.18559 0.211036 3.30561 -4.99772 5.60877 0.206499 0.187179 0.20862 0.209548 0.184144 0.213235
5693750 0.204148 0.185544 0.210262 -17.1426 -12.9654 8.23594 0.206499 0.187179 0.20862 0.200837 0.183242 0.212573
5693750 0.210728 0.189534 0.201395 -22.6664 -14.1441 -4.48749 0.215493 0.192032 0.201537 0.207123 0.187644 0.201288
5693750 0.207093 0.19034 0.207873 2.00416 15.6892 -6.25604 0.206499 0.187179 0.20862 0.207859 0.194414 0.206911
5693750 0.205257 0.197066 0.19869 -0.966626 -1.11389 0.309409 0.208823 0.200101 0.197979 0.201848 0.194163 0.19937
5693750 0.208726 0.191766 0.191935 -2.01966 -3.31892 -4.97485 0.210117 0.193448 0.194099 0.206835 0.189481 0.188993
5693750 0.212634 0.195192 0.19437 4.73162 2.64431 -0.204798 0.210117 0.193448 0.194099 0.215165 0.196946 0.194643
5693750 0.209608 0.196067 0.195626 -0.634202 4.7319 1.85376 0.210117 0.193448 0.194099 0.208823 0.200101 0.197979
5693750 0.218074 0.19591 0.194811 -9.5228 1.90322 -1.16999 0.221945 0.194531 0.195034 0.215165 0.196946 0.194643
5693750 0.21123 0.193362 0.204538 -41.5056 11.677 20.029 0.215493 0.192032 0.201537 0.207859 0.194414 0.206911
5693750 0.217363 0.188178 0.204793 -16.1801 43.5 -26.1336 0.219037 0.184727 0.207709 0.215493 0.192032 0.201537
5693750 0.207071 0.19332 0.218593 27.3632 -18.308 -6.72286 0.203894 0.195409 0.220023 0.210793 0.190873 0.216917
5693750 0.207155 0.19688 0.210307 0.168217 -9.49953 -13.8971 0.206503 0.199163 0.213452 0.207859 0.194414 0.206911
5693750 0.205219 0.197315 0.216687 2.84258 4.12964 -5.20609 0.203894 0.195409 0.220023 0.206503 0.199163 0.213452
5693750 0.203815 0.183917 0.216079 6.3694 -0.0838547 8.11312 0.200837 0.183242 0.212573 0.206026 0.184419 0.218682
5693750 0.194595 0.192491 0.206844 7.55553 7.73711 -7.41476 0.191974 0.189739 0.208646 0.196714 0.194715 0.205388
5693750 0.189036 0.192528 0.209783 -5.03321 3.99494 2.78153 0.191974 0.189739 0.208646 0.186223 0.195199 0.210871
5693750 0.208911 0.187341 0.186065 -0.864855 1.27035 1.87651 0.211596 0.184573 0.182277 0.206835 0.189481 0.188993
5693750 0.191897 0.1875 0.212206 -2.69781 -11.451 14.7758 0.191974 0.189739 0.208646 0.1918 0.184666 0.216714
5693750 0.199223 0.181288 0.196566 -2.29057 -10.116 3.00312 0.200973 0.185669 0.194931 0.19809 0.178453 0.197624
5693750 0.195655 0.181753 0.218954 -18.2704 11.4273 -6.63107 0.199187 0.179084 0.221007 0.1918 0.184666 0.216714
5693750 0.211274 0.181582 0.204084 -12.2552 -11.2786 19.9924 0.213454 0.182758 0.201037 0.209004 0.180358 0.207256
5693750 0.181827 0.200429 0.193699 3.04069 4.24337 3.80093 0.179992 0.198649 0.192057 0.184856 0.203367 0.196408
5693750 0.21915 0.193448 0.197852 -22.66 -11.9064 31.7915 0.221945 0.194531 0.195034 0.215493 0.192032 0.201537
5693750 0.205389 0.193163 0.190342 0.0190569 -0.0809863 -0.0211009 0.20404 0.196602 0.191601 0.206835 0.189481 0.188993
5693750 0.215174 0.187437 0.208697 -5.57211 5.36137 2.03551 0.219037 0.184727 0.207709 0.212618 0.18923 0.209351
5693750 0.210346 0.185157 0.20116 -8.34263 5.34016 -1.00198 0.213454 0.182758 0.201037 0.207123 0.187644 0.201288
5693750 0.217311 0.180426 0.206384 -3.08649 -9.92917 -1.47046 0.219037 0.184727 0.207709 0.216036 0.177249 0.205405
5693750 0.211067 0.199547 0.184822 6.39895 8.06193 7.31717 0.207467 0.196062 0.180247 0.213846 0.202238 0.188354
5693750 0.210357 0.198969 0.212649 7.61226 -1.18748 -2.62119 0.206503 0.199163 0.213452 0.216706 0.198648 0.211326
5693750 0.203025 0.195473 0.195197 -0.0283037 -0.0523149 0.103998 0.20404 0.196602 0.191601 0.201848 0.194163 0.19937
5693750 0.201248 0.19798 0.189246 0.0378464 -0.0105778 0.0267878 0.197783 0.199689 0.186323 0.20404 0.196602 0.191601
5693750 0.204753 0.200029 0.189873 0.0044282 0.0796244 -0.0316766 0.20404 0.196602 0.191601 0.205352 0.202909 0.18842
5693750 0.203867 0.179618 0.190722 -8.99813 -5.53457 -0.0581981 0.207732 0.181274 0.190491 0.200715 0.178268 0.190911
5693750 0.211492 0.179413 0.183886 0.0897087 3.30013 -0.477754 0.211399 0.174767 0.185335 0.211596 0.184573 0.182277
5693750 0.21311 0.184731 0.197658 -0.566828 2.99046 -7.69758 0.213454 0.182758 0.201037 0.212752 0.186785 0.194139
5693750 0.194473 0.203077 0.201038 7.18623 18.1619 3.10203 0.192887 0.198886 0.199576 0.195501 0.205793 0.201986
5693750 0.195024 0.179133 0.181996 -18.8997 8.36306 -5.98828 0.199488 0.176908 0.182647 0.191376 0.180951 0.181464
5693750 0.196775 0.184535 0.205747 -5.80677 -7.84985 3.60801 0.199559 0.187623 0.204794 0.193621 0.181039 0.206826
5693750 0.203429 0.187633 0.203 8.96782 -1.27804 -5.28262 0.199559 0.187623 0.204794 0.207123 0.187644 0.201288
5693750 0.200118 0.190002 0.20829 -1.22477 -2.72639 -3.43126 0.200745 0.192672 0.212215 0.199559 0.187623 0.204794
5693750 0.204639 0.183285 0.192522 -11.4535 5.31265 5.47482 0.207732 0.181274 0.190491 0.200973 0.185669 0.194931
5693750 0.216943 0.183275 0.199309 -26.1836 0.7377 12.3491 0.222636 0.184118 0.19649 0.213454 0.182758 0.201037
5693750 0.212314 0.184029 0.214408 5.94072 0.0337513 1.50641 0.209548 0.184144 0.213235 0.216017 0.183875 0.215978
5693750 0.196283 0.201398 0.197478 0.654121 0.659132 -0.565147 0.192887 0.198886 0.199576 0.200114 0.204231 0.195113
5693750 0.202448 0.194152 0.216438 2.2457 1.93988 3.9089 0.200745 0.192672 0.212215 0.203894 0.195409 0.220023
5693750 0.2192 0.17871 0.196262 -4.34586 -9.48911 -1.23072 0.222636 0.184118 0.19649 0.215588 0.173023 0.196022
5693750 0.216602 0.185747 0.195055 -1.50461 0.636881 -0.530531 0.222636 0.184118 0.19649 0.212752 0.186785 0.194139
5693750 0.194144 0.202032 0.184148 -1.34112 0.75672 -0.504098 0.197783 0.199689 0.186323 0.191415 0.203789 0.182518
5693750 0.215285 0.195153 0.197158 -2.18886 12.6487 -25.2015 0.215493 0.192032 0.201537 0.215165 0.196946 0.194643
5693750 0.186719 0.201537 0.188579 -1.47905 1.86411 -1.12244 0.189474 0.198623 0.189837 0.183991 0.204424 0.187333
5693750 0.194539 0.183576 0.181388 9.36694 6.66196 1.40482 0.191376 0.180951 0.181464 0.197107 0.185708 0.181326
5693750 0.214809 0.179868 0.203328 1.77304 -4.28354 2.34865 0.213454 0.182758 0.201037 0.216036 0.177249 0.205405
5693750 0.200671 0.190855 0.202162 0.0 0.0 0.0 0.199559 0.187623 0.204794 0.201848 0.194163 0.19937
5693750 0.201549 0.18135 0.183808 0.000851332 0.00264625 0.000979363 0.199488 0.176908 0.182647 0.202988 0.184453 0.184619
5693750 0.196975 0.197702 0.218298 0.645013 3.10507 -5.58476 0.196405 0.195599 0.221039 0.197585 0.199956 0.21536
5693750 0.198974 0.196755 0.213978 -4.79457 11.3874 2.74797 0.200745 0.192672 0.212215 0.197585 0.199956 0.21536
5693750 0.204745 0.18675 0.186617 0.000302714 0.000463593 0.000273993 0.202988 0.184453 0.184619 0.206835 0.189481 0.188993
5693750 0.208006 0.180364 0.194594 -0.0714243 -1.17573 3.20478 0.207732 0.181274 0.190491 0.208205 0.179703 0.197577
5693750 0.210504 0.18104 0.199092 2.31091 1.98312 1.82279 0.208205 0.179703 0.197577 0.213454 0.182758 0.201037
5693750 0.183621 0.193604 0.208241 4.00109 3.44855 5.65347 0.180549 0.191721 0.205136 0.186223 0.195199 0.210871
5693750 0.188375 0.195761 0.192712 0.441324 2.2959 -1.8435 0.187198 0.192692 0.195794 0.189474 0.198623 0.189837
5693750 0.213295 0.194163 0.214551 4.20176 8.09597 -6.00224 0.210793 0.190873 0.216917 0.216706 0.198648 0.211326
5693750 0.186682 0.188363 0.194663 -0.19043 -10.6895 -1.39393 0.187198 0.192692 0.195794 0.186192 0.184249 0.193588
5693750 0.18232 0.199142 0.197329 7.85773 15.5677 -5.91001 0.180651 0.19636 0.197935 0.184856 0.203367 0.196408
5693750 0.18594 0.19756 0.187828 4.28421 1.6323 3.45125 0.18263 0.196564 0.185946 0.189474 0.198623 0.189837
5693750 0.19511 0.196463 0.202953 9.34885 -8.99489 9.79939 0.192887 0.198886 0.199576 0.196714 0.194715 0.205388
5693750 0.189977 0.195719 0.197642 1.93799 2.91831 1.89829 0.187198 0.192692 0.195794 0.192887 0.198886 0.199576
5693750 0.207076 0.191989 0.18566 -1.11249 -4.13451 4.47198 0.207467 0.196062 0.180247 0.206835 0.189481 0.188993
5693750 0.209499 0.181326 0.214287 0.644058 -5.02745 1.4445 0.209548 0.184144 0.213235 0.209391 0.175077 0.216618
5693750 0.204164 0.187744 0.191698 2.30369 1.41493 -1.64564 0.200973 0.185669 0.194931 0.206835 0.189481 0.188993
5693750 0.215033 0.197138 0.188196 -0.155921 2.02638 0.156108 0.216135 0.192404 0.188049 0.213846 0.202238 0.188354
5693750 0.20451 0.193594 0.209407 11.9355 3.04934 -12.3165 0.200745 0.192672 0.212215 0.207859 0.194414 0.206911
5693750 0.197976 0.191569 0.205124 -2.21038 7.51134 -0.386307 0.199559 0.187623 0.204794 0.196714 0.194715 0.205388
5693750 0.21003 0.186749 0.21466 0.631755 1.77785 0.848833 0.209548 0.184144 0.213235 0.210793 0.190873 0.216917
5693750 0.192741 0.185689 0.207799 0.204725 -2.06915 -0.146828 0.191974 0.189739 0.208646 0.193621 0.181039 0.206826
5693750 0.189359 0.194751 0.188209 -0.801551 5.58784 2.35808 0.18921 0.189706 0.186088 0.189474 0.198623 0.189837
5693750 0.201405 0.184061 0.20334 1.28764 -1.70507 -0.769332 0.199559 0.187623 0.204794 0.203065 0.180857 0.202033
5693750 0.207619 0.184131 0.20801 0.369329 -1.68395 -0.48276 0.206499 0.187179 0.20862 0.209004 0.180358 0.207256
5693750 0.200792 0.187888 0.212397 -0.0470732 -8.34195 -1.00566 0.200745 0.192672 0.212215 0.200837 0.183242 0.212573
5693750 0.207281 0.185394 0.189739 -1.03266 5.2873 -1.75937 0.207732 0.181274 0.190491 0.206835 0.189481 0.188993
5693750 0.218754 0.188419 0.199233 -6.73082 10.1751 7.14292 0.222636 0.184118 0.19649 0.215493 0.192032 0.201537
5693750 0.1974 0.180354 0.185661 2.78534 -3.60464 -2.57741 0.195734 0.183105 0.188066 0.199488 0.176908 0.182647
5693750 0.216043 0.195032 0.205975 -0.57282 -7.96734 -8.6534 0.216706 0.198648 0.211326 0.215493 0.192032 0.201537
5693750 0.197797 0.179809 0.213323 18.7052 23.3538 -9.69215 0.195652 0.177386 0.213851 0.200837 0.183242 0.212573
5693750 0.186136 0.180323 0.195296 -0.423165 -4.73263 1.30666 0.186192 0.184249 0.193588 0.186068 0.175513 0.19739
5693750 0.196055 0.187389 0.218405 2.97299 2.65492 1.14119 0.1918 0.184666 0.216714 0.198869 0.18919 0.219523
5693750 0.208029 0.187131 0.21794 0.744055 0.923467 -0.0753242 0.206026 0.184419 0.218682 0.210793 0.190873 0.216917
5693750 0.211886 0.18989 0.212387 -1.034 0.222196 4.36684 0.212618 0.18923 0.209351 0.210793 0.190873 0.216917
5693750 0.204721 0.202046 0.196629 -2.17673 1.08077 -0.321118 0.208823 0.200101 0.197979 0.200114 0.204231 0.195113
5693750 0.210579 0.191451 0.208306 -2.88732 2.29885 -1.54935 0.212618 0.18923 0.209351 0.207859 0.194414 0.206911
5693750 0.182698 0.183701 0.196 -9.83108 -0.524511 4.95607 0.186192 0.184249 0.193588 0.177716 0.18292 0.199438
5693750 0.187516 0.186644 0.190297 1.74644 6.68762 -8.58714 0.186192 0.184249 0.193588 0.18921 0.189706 0.186088
5693750 0.198388 0.193867 0.208223 -3.34818 1.79447 -8.36097 0.200745 0.192672 0.212215 0.196714 0.194715 0.205388
5693750 0.21266 0.198192 0.195961 0.634735 -0.465763 -0.409886 0.208823 0.200101 0.197979 0.215165 0.196946 0.194643
5693750 0.183311 0.191672 0.193756 -2.34989 -1.09031 -1.37185 0.187198 0.192692 0.195794 0.179162 0.190582 0.191582
5693750 0.20638 0.1845 0.183696 -0.000551172 -7.03691e-05 0.00022366 0.211596 0.184573 0.182277 0.202988 0.184453 0.184619
5693750 0.209611 0.188222 0.208992 3.46252 0.876891 -0.0957919 0.206499 0.187179 0.20862 0.212618 0.18923 0.209351
5693750 0.190107 0.195951 0.202003 -2.22151 -3.41613 2.30935 0.192887 0.198886 0.199576 0.188166 0.1939 0.203699
5693750 0.185049 0.193008 0.204287 3.66802 1.60578 -1.10597 0.180549 0.191721 0.205136 0.188166 0.1939 0.203699
5693750 0.189838 0.192073 0.205872 -1.02573 0.861838 -1.52215 0.191974 0.189739 0.208646 0.188166 0.1939 0.203699
5693750 0.198894 0.201854 0.190512 0.232569 0.834909 1.1648 0.197783 0.199689 0.186323 0.200114 0.204231 0.195113
5693750 0.189798 0.188039 0.205473 -7.53049 -7.52211 -9.35773 0.191974 0.189739 0.208646 0.187462 0.186216 0.202067
5693750 0.183318 0.184814 0.200949 9.79389 5.18922 2.53536 0.177716 0.18292 0.199438 0.187462 0.186216 0.202067
5693750 0.195202 0.179815 0.198116 4.48057 -2.8603 -1.36076 0.192287 0.18119 0.198612 0.19809 0.178453 0.197624
5693750 0.190263 0.183298 0.200061 -2.61328 3.38415 2.85713 0.192287 0.18119 0.198612 0.187462 0.186216 0.202067
5693750 0.191437 0.192984 0.194302 19.6279 4.21709 -5.2764 0.187198 0.192692 0.195794 0.195687 0.193276 0.192806
5693750 0.189903 0.179014 0.198143 1.54253 1.92887 0.273938 0.186068 0.175513 0.19739 0.192287 0.18119 0.198612
5693750 0.18733 0.189458 0.198927 0.717059 -3.09472 3.71335 0.187198 0.192692 0.195794 0.187462 0.186216 0.202067
5693750 0.192759 0.191662 0.189769 3.50808 2.23383 2.76515 0.18921 0.189706 0.186088 0.195687 0.193276 0.192806
5693750 0.198764 0.193719 0.196084 1.19602 -0.0581877 1.54145 0.195687 0.193276 0.192806 0.201848 0.194163 0.19937
5693750 0.200364 0.179552 0.19964 -5.55851 -4.17659 -6.22549 0.203065 0.180857 0.202033 0.19809 0.178453 0.197624
5693750 0.205924 0.180215 0.199554 -0.918276 0.407902 0.961727 0.208205 0.179703 0.197577 0.203065 0.180857 0.202033
5693750 0.209317 0.182539 0.210701 0.0877313 -0.625817 -1.15599 0.209548 0.184144 0.213235 0.209004 0.180358 0.207256
5693750 0.213935 0.18905 0.197333 3.37683 3.80103 7.2005 0.212752 0.186785 0.194139 0.215493 0.192032 0.201537
5693750 0.196484 0.184526 0.184387 2.62901 2.78022 -6.76454 0.195734 0.183105 0.188066 0.197107 0.185708 0.181326
5693750 0.190438 0.183715 0.204366 -1.46469 1.48513 -1.66263 0.193621 0.181039 0.206826 0.187462 0.186216 0.202067
5693750 0.18681 0.185206 0.197715 0.60787 2.09433 5.18977 0.186192 0.184249 0.193588 0.187462 0.186216 0.202067
5693750 0.184998 0.183547 0.211553 0.000242563 0.00249423 -0.000262635 0.185267 0.179216 0.212069 0.184765 0.187294 0.211107
5693750 0.190105 0.185639 0.194631 -0.00640418 -0.00338525 -0.00242125 0.192944 0.186648 0.195387 0.186192 0.184249 0.193588
5693750 0.193405 0.188504 0.197835 7.35337e-05 0.000625384 0.000614181 0.192944 0.186648 0.195387 0.193909 0.190534 0.200512
5693750 0.196022 0.186273 0.195212 0.011204 -0.00265671 -0.00197629 0.192944 0.186648 0.195387 0.200973 0.185669 0.194931
5693750 0.191141 0.18868 0.20118 0.00108631 0.000983689 -0.000192384 0.187462 0.186216 0.202067 0.193909 0.190534 0.200512
5693750 0.196413 0.189243 0.20241 -0.000453573 0.000315783 -0.000289185 0.199559 0.187623 0.204794 0.193909 0.190534 0.200512
5693750 0.192339 0.191766 0.212317 -0.000418286 0.0093704 0.0132264 0.191974 0.189739 0.208646 0.192648 0.193485 0.215431
5693750 0.194545 0.194552 0.218262 -0.0 0.0 -0.0 0.196405 0.195599 0.221039 0.192648 0.193485 0.215431
5693750 0.210509 0.204104 0.199869 0.000415174 0.00180878 0.000834994 0.208823 0.200101 0.197979 0.211587 0.206662 0.201077
5693750 0.198916 0.194478 0.202807 -1.36942 -0.0355354 1.2329 0.201848 0.194163 0.19937 0.196714 0.194715 0.205388
5693750 0.182525 0.183047 0.191297 0.0 0.0 0.0 0.186192 0.184249 0.193588 0.178576 0.181582 0.188836
5693750 0.180607 0.194535 0.200886 0.0 0.0 0.0 0.180549 0.191721 0.205136 0.180651 0.19636 0.197935
5693750 0.182877 0.187312 0.19264 0.0 0.0 0.0 0.186192 0.184249 0.193588 0.179162 0.190582 0.191582
5693750 0.183859 0.190252 0.18901 0.0 0.0 0.0 0.18921 0.189706 0.186088 0.179162 0.190582 0.191582
5693750 0.182895 0.189335 0.208464 0.0 0.0 0.0 0.180549 0.191721 0.205136 0.184765 0.187294 0.211107
5693750 0.187683 0.186285 0.213435 0.0 0.0 0.0 0.1918 0.184666 0.216714 0.184765 0.187294 0.211107
5693750 0.18599 0.186884 0.206987 0.0 0.0 0.0 0.187462 0.186216 0.202067 0.184765 0.187294 0.211107
5693750 0.188172 0.188531 0.209942 0.0 0.0 0.0 0.191974 0.189739 0.208646 0.184765 0.187294 0.211107
5693750 0.185467 0.1912 0.210993 0.0 0.0 0.0 0.186223 0.195199 0.210871 0.184765 0.187294 0.211107
5693750 0.184092 0.188974 0.203558 0.0 0.0 0.0 0.180549 0.191721 0.205136 0.187462 0.186216 0.202067
5693750 0.193581 0.182122 0.184801 0.0 0.0 0.0 0.195734 0.183105 0.188066 0.191376 0.180951 0.181464
5693750 0.198055 0.182278 0.181849 0.0 0.0 0.0 0.199488 0.176908 0.182647 0.197107 0.185708 0.181326
5693750 0.190446 0.184786 0.183443 0.0 0.0 0.0 0.18921 0.189706 0.186088 0.191376 0.180951 0.181464
5693750 0.192476 0.1795 0.195441 0.0 0.0 0.0 0.192684 0.177526 0.192052 0.192287 0.18119 0.198612
5693750 0.189649 0.182591 0.196437 0.0 0.0 0.0 0.186192 0.184249 0.193588 0.192287 0.18119 0.198612
5693750 0.192824 0.181207 0.201917 0.0 0.0 0.0 0.192287 0.18119 0.198612 0.193621 0.181039 0.206826
5693750 0.194163 0.185176 0.192185 0.0 0.0 0.0 0.192944 0.186648 0.195387 0.195734 0.183105 0.188066
5693750 0.19768 0.187193 0.186829 0.0 0.0 0.0 0.195734 0.183105 0.188066 0.199598 0.191075 0.18561
5693750 0.192624 0.184058 0.196952 0.0 0.0 0.0 0.192944 0.186648 0.195387 0.192287 0.18119 0.198612
5693750 0.199606 0.183904 0.186223 0.0 0.0 0.0 0.195734 0.183105 0.188066 0.202988 0.184453 0.184619
5693750 0.198421 0.180579 0.189596 0.0 0.0 0.0 0.195734 0.183105 0.188066 0.200715 0.178268 0.190911
5693750 0.189235 0.180163 0.209574 0.0 0.0 0.0 0.185267 0.179216 0.212069 0.193621 0.181039 0.206826
5693750 0.194832 0.178941 0.211008 0.0 0.0 0.0 0.195652 0.177386 0.213851 0.193621 0.181039 0.206826
5693750 0.194186 0.180239 0.214944 0.0 0.0 0.0 0.195652 0.177386 0.213851 0.1918 0.184666 0.216714
5693750 0.192757 0.182843 0.211524 0.0 0.0 0.0 0.1918 0.184666 0.216714 0.193621 0.181039 0.206826
5693750 0.1973 0.182238 0.209752 0.0 0.0 0.0 0.200837 0.183242 0.212573 0.193621 0.181039 0.206826
5693750 0.192313 0.190017 0.215947 0.0 0.0 0.0 0.1918 0.184666 0.216714 0.192648 0.193485 0.215431
5693750 0.196628 0.183983 0.214506 0.0 0.0 0.0 0.200837 0.183242 0.212573 0.1918 0.184666 0.216714
5693750 0.200034 0.181291 0.216691 0.0 0.0 0.0 0.199187 0.179084 0.221007 0.200837 0.183242 0.212573
5693750 0.203194 0.182287 0.219649 0.0 0.0 0.0 0.199187 0.179084 0.221007 0.206026 0.184419 0.218682
5693750 0.194114 0.187302 0.183126 0.0 0.0 0.0 0.18921 0.189706 0.186088 0.197107 0.185708 0.181326
5693750 0.198319 0.191472 0.181517 0.0 0.0 0.0 0.199598 0.191075 0.18561 0.19716 0.191684 0.17783
5693750 0.197883 0.199035 0.181432 0.0 0.0 0.0 0.197947 0.198467 0.178156 0.197783 0.199689 0.186323
5693750 0.199974 0.185177 0.182925 0.0 0.0 0.0 0.202988 0.184453 0.184619 0.197107 0.185708 0.181326
5693750 0.1906 0.189186 0.195542 0.0 0.0 0.0 0.192944 0.186648 0.195387 0.187198 0.192692 0.195794
5693750 0.194062 0.189348 0.194336 0.0 0.0 0.0 0.192944 0.186648 0.195387 0.195687 0.193276 0.192806
5693750 0.195235 0.190577 0.185808 0.0 0.0 0.0 0.199598 0.191075 0.18561 0.18921 0.189706 0.186088
5693750 0.188105 0.191422 0.191408 0.0 0.0 0.0 0.187198 0.192692 0.195794 0.18921 0.189706 0.186088
5693750 0.198782 0.195029 0.185929 0.0 0.0 0.0 0.197783 0.199689 0.186323 0.199598 0.191075 0.18561
5693750 0.191084 0.198822 0.194424 0.0 0.0 0.0 0.192887 0.198886 0.199576 0.189474 0.198623 0.189837
5693750 0.193335 0.199194 0.188202 0.0 0.0 0.0 0.197783 0.199689 0.186323 0.189474 0.198623 0.189837
5693750 0.19071 0.186543 0.198098 0.0 0.0 0.0 0.192944 0.186648 0.195387 0.187462 0.186216 0.202067
5693750 0.191026 0.191531 0.198475 0.0 0.0 0.0 0.187198 0.192692 0.195794 0.193909 0.190534 0.200512
5693750 0.187754 0.193468 0.200358 0.0 0.0 0.0 0.187198 0.192692 0.195794 0.188166 0.1939 0.203699
5693750 0.194675 0.191779 0.197196 0.0 0.0 0.0 0.195687 0.193276 0.192806 0.193909 0.190534 0.200512
5693750 0.193484 0.194098 0.200112 0.0 0.0 0.0 0.192887 0.198886 0.199576 0.193909 0.190534 0.200512
5693750 0.190519 0.201471 0.185906 0.0 0.0 0.0 0.189474 0.198623 0.189837 0.191415 0.203789 0.182518
5693750 0.186089 0.19782 0.196081 0.0 0.0 0.0 0.187198 0.192692 0.195794 0.184856 0.203367 0.196408
5693750 0.18737 0.200861 0.19283 0.0 0.0 0.0 0.189474 0.198623 0.189837 0.184856 0.203367 0.196408
5693750 0.194686 0.203553 0.18821 0.0 0.0 0.0 0.197783 0.199689 0.186323 0.191817 0.206982 0.189961
5693750 0.201398 0.187642 0.185079 0.0 0.0 0.0 0.199598 0.191075 0.18561 0.202988 0.184453 0.184619
5693750 0.201301 0.189188 0.181649 0.0 0.0 0.0 0.199598 0.191075 0.18561 0.202648 0.187556 0.178511
5693750 0.201818 0.198253 0.183789 0.0 0.0 0.0 0.197783 0.199689 0.186323 0.207467 0.196062 0.180247
5693750 0.201838 0.193936 0.188629 0.0 0.0 0.0 0.20404 0.196602 0.191601 0.199598 0.191075 0.18561
5693750 0.200167 0.195134 0.192158 0.0 0.0 0.0 0.20404 0.196602 0.191601 0.195687 0.193276 0.192806
5693750 0.197458 0.196551 0.19947 0.0 0.0 0.0 0.192887 0.198886 0.199576 0.201848 0.194163 0.19937
5693750 0.202297 0.201682 0.187571 0.0 0.0 0.0 0.197783 0.199689 0.186323 0.205352 0.202909 0.18842
5693750 0.197101 0.200305 0.202433 0.0 0.0 0.0 0.192887 0.198886 0.199576 0.201847 0.20175 0.205654
5693750 0.187865 0.190736 0.203008 0.0 0.0 0.0 0.187462 0.186216 0.202067 0.188166 0.1939 0.203699
5693750 0.19574 0.188764 0.206731 0.0 0.0 0.0 0.191974 0.189739 0.208646 0.199559 0.187623 0.204794
5693750 0.190994 0.192313 0.202123 0.0 0.0 0.0 0.188166 0.1939 0.203699 0.193909 0.190534 0.200512
5693750 0.193045 0.190247 0.204137 0.0 0.0 0.0 0.191974 0.189739 0.208646 0.193909 0.190534 0.200512
5693750 0.195312 0.192692 0.202943 0.0 0.0 0.0 0.196714 0.194715 0.205388 0.193909 0.190534 0.200512
5693750 0.187288 0.194561 0.206924 0.0 0.0 0.0 0.186223 0.195199 0.210871 0.188166 0.1939 0.203699
5693750 0.189632 0.194361 0.213289 0.0 0.0 0.0 0.186223 0.195199 0.210871 0.192648 0.193485 0.215431
5693750 0.195059 0.196708 0.215399 0.0 0.0 0.0 0.192648 0.193485 0.215431 0.197585 0.199956 0.21536
5693750 0.195785 0.191394 0.217491 0.0 0.0 0.0 0.192648 0.193485 0.215431 0.198869 0.18919 0.219523
5693750 0.186253 0.197539 0.214373 0.0 0.0 0.0 0.186223 0.195199 0.210871 0.186304 0.200747 0.219456
5693750 0.190246 0.196308 0.216959 0.0 0.0 0.0 0.192648 0.193485 0.215431 0.186304 0.200747 0.219456
5693750 0.200175 0.185603 0.208517 0.0 0.0 0.0 0.200837 0.183242 0.212573 0.199559 0.187623 0.204794
5693750 0.200215 0.1868 0.200248 0.0 0.0 0.0 0.200973 0.185669 0.194931 0.199559 0.187623 0.204794
5693750 0.197314 0.192158 0.200015 0.0 0.0 0.0 0.201848 0.194163 0.19937 0.193909 0.190534 0.200512
5693750 0.203472 0.187448 0.206947 0.0 0.0 0.0 0.206499 0.187179 0.20862 0.199559 0.187623 0.204794
5693750 0.196075 0.191186 0.210314 0.0 0.0 0.0 0.191974 0.189739 0.208646 0.200745 0.192672 0.212215
5693750 0.196112 0.193207 0.214058 0.0 0.0 0.0 0.200745 0.192672 0.212215 0.192648 0.193485 0.215431
5693750 0.201937 0.199642 0.214431 0.0 0.0 0.0 0.206503 0.199163 0.213452 0.197585 0.199956 0.21536
5693750 0.200615 0.197847 0.217601 0.0 0.0 0.0 0.203894 0.195409 0.220023 0.197585 0.199956 0.21536
5693750 0.199722 0.186702 0.216529 0.0 0.0 0.0 0.200837 0.183242 0.212573 0.198869 0.18919 0.219523
5693750 0.201205 0.192154 0.219755 0.0 0.0 0.0 0.203894 0.195409 0.220023 0.198869 0.18919 0.219523
5693750 0.202379 0.199903 0.193086 0.0 0.0 0.0 0.20404 0.196602 0.191601 0.200114 0.204231 0.195113
5693750 0.209429 0.182795 0.186891 0.0 0.0 0.0 0.207732 0.181274 0.190491 0.211596 0.184573 0.182277
5693750 0.205149 0.183086 0.187285 0.0 0.0 0.0 0.207732 0.181274 0.190491 0.202988 0.184453 0.184619
5693750 0.202811 0.186167 0.181391 0.0 0.0 0.0 0.202988 0.184453 0.184619 0.202648 0.187556 0.178511
5693750 0.214245 0.179254 0.19919 0.0 0.0 0.0 0.213454 0.182758 0.201037 0.215588 0.173023 0.196022
5693750 0.200951 0.179186 0.21044 0.0 0.0 0.0 0.200837 0.183242 0.212573 0.201072 0.174549 0.208083
5693750 0.205187 0.181783 0.209744 0.0 0.0 0.0 0.200837 0.183242 0.212573 0.209004 0.180358 0.207256
5693750 0.206134 0.183868 0.212973 0.0 0.0 0.0 0.209548 0.184144 0.213235 0.200837 0.183242 0.212573
5693750 0.207914 0.18435 0.21577 0.0 0.0 0.0 0.209548 0.184144 0.213235 0.206026 0.184419 0.218682
5693750 0.204353 0.179967 0.214237 0.0 0.0 0.0 0.200837 0.183242 0.212573 0.209391 0.175077 0.216618
5693750 0.205038 0.184227 0.201669 0.0 0.0 0.0 0.207123 0.187644 0.201288 0.203065 0.180857 0.202033
5693750 0.21432 0.186749 0.201247 0.0 0.0 0.0 0.213454 0.182758 0.201037 0.215493 0.192032 0.201537
5693750 0.208066 0.184085 0.204263 0.0 0.0 0.0 0.209004 0.180358 0.207256 0.207123 0.187644 0.201288
5693750 0.211042 0.186687 0.211348 0.0 0.0 0.0 0.209548 0.184144 0.213235 0.212618 0.18923 0.209351
5693750 0.212767 0.178774 0.206265 0.0 0.0 0.0 0.209004 0.180358 0.207256 0.216036 0.177249 0.205405
5693750 0.215967 0.183722 0.204033 0.0 0.0 0.0 0.219037 0.184727 0.207709 0.213454 0.182758 0.201037
5693750 0.207175 0.181312 0.217981 0.0 0.0 0.0 0.206026 0.184419 0.218682 0.209391 0.175077 0.216618
5693750 0.205291 0.196479 0.187453 0.0 0.0 0.0 0.20404 0.196602 0.191601 0.207467 0.196062 0.180247
5693750 0.212521 0.194006 0.184788 0.0 0.0 0.0 0.216135 0.192404 0.188049 0.207467 0.196062 0.180247
5693750 0.209829 0.188195 0.19159 0.0 0.0 0.0 0.212752 0.186785 0.194139 0.206835 0.189481 0.188993
5693750 0.201433 0.190201 0.197258 0.0 0.0 0.0 0.200973 0.185669 0.194931 0.201848 0.194163 0.19937
5693750 0.207442 0.194913 0.192995 0.0 0.0 0.0 0.210117 0.193448 0.194099 0.20404 0.196602 0.191601
5693750 0.206201 0.198255 0.194482 0.0 0.0 0.0 0.20404 0.196602 0.191601 0.208823 0.200101 0.197979
5693750 0.209937 0.187293 0.197719 0.0 0.0 0.0 0.212752 0.186785 0.194139 0.207123 0.187644 0.201288
5693750 0.204625 0.190731 0.20038 0.449824 -0.728854 0.10982 0.201848 0.194163 0.19937 0.207123 0.187644 0.201288
5693750 0.204947 0.194367 0.203255 0.0 0.0 0.0 0.201848 0.194163 0.19937 0.207859 0.194414 0.206911
5693750 0.212076 0.19301 0.196798 0.0 0.0 0.0 0.210117 0.193448 0.194099 0.215493 0.192032 0.201537
5693750 0.211948 0.196399 0.199644 0.0 0.0 0.0 0.208823 0.200101 0.197979 0.215493 0.192032 0.201537
5693750 0.212147 0.203977 0.196472 0.0 0.0 0.0 0.208823 0.200101 0.197979 0.214262 0.206334 0.195512
5693750 0.21121 0.201188 0.193408 0.0 0.0 0.0 0.208823 0.200101 0.197979 0.213846 0.202238 0.188354
5693750 0.205538 0.20095 0.201597 0.0 0.0 0.0 0.208823 0.200101 0.197979 0.201847 0.20175 0.205654
5693750 0.211139 0.190907 0.188553 0.0 0.0 0.0 0.216135 0.192404 0.188049 0.206835 0.189481 0.188993
5693750 0.212454 0.193119 0.191751 0.0 0.0 0.0 0.210117 0.193448 0.194099 0.216135 0.192404 0.188049
5693750 0.215548 0.195256 0.192078 0.0 0.0 0.0 0.216135 0.192404 0.188049 0.215165 0.196946 0.194643
5693750 0.207487 0.19103 0.204035 0.0 0.0 0.0 0.207123 0.187644 0.201288 0.207859 0.194414 0.206911
5693750 0.204152 0.189496 0.210085 0.0 0.0 0.0 0.206499 0.187179 0.20862 0.200745 0.192672 0.212215
5693750 0.203907 0.196306 0.212892 0.0 0.0 0.0 0.200745 0.192672 0.212215 0.206503 0.199163 0.213452
5693750 0.213689 0.190346 0.206443 0.0 0.0 0.0 0.212618 0.18923 0.209351 0.215493 0.192032 0.201537
5693750 0.208448 0.195484 0.21502 0.0 0.0 0.0 0.206503 0.199163 0.213452 0.210793 0.190873 0.216917
5693750 0.20127 0.197049 0.209105 0.0 0.0 0.0 0.200745 0.192672 0.212215 0.201847 0.20175 0.205654
5693750 0.204523 0.200337 0.21013 0.0 0.0 0.0 0.206503 0.199163 0.213452 0.201847 0.20175 0.205654
5693750 0.213966 0.192406 0.210002 0.0 0.0 0.0 0.212618 0.18923 0.209351 0.216706 0.198648 0.211326
5693750 0.211366 0.196165 0.208658 0.0 0.0 0.0 0.216706 0.198648 0.211326 0.207859 0.194414 0.206911
5693750 0.18316 0.210558 0.193963 -6.08813 -1.40004 -0.48151 0.186402 0.211075 0.193744 0.179397 0.209957 0.194217
5693750 0.182752 0.207467 0.210099 -8.38006 -7.74595 9.91066 0.186958 0.209962 0.205705 0.179878 0.205762 0.213102
5693750 0.189532 0.206854 0.183004 -1.29666 3.14405 0.502103 0.191415 0.203789 0.182518 0.18776 0.209737 0.183462
5693750 0.190608 0.202668 0.189897 -5.17285 -11.2203 -0.164878 0.191817 0.206982 0.189961 0.189474 0.198623 0.189837
5693750 0.192921 0.203936 0.211918 -3.94087 -10.6668 -12.3375 0.193365 0.207199 0.215175 0.192482 0.200703 0.208691
5693750 0.188643 0.2123 0.185539 -1.47682 -5.83654 -3.37999 0.189845 0.215787 0.188366 0.18776 0.209737 0.183462
5693750 0.188694 0.209342 0.192143 2.43562 -2.63412 -2.2028 0.186402 0.211075 0.193744 0.191817 0.206982 0.189961
5693750 0.194565 0.210095 0.191641 15.9003 24.1041 8.81331 0.191817 0.206982 0.189961 0.197084 0.212949 0.19318
5693750 0.187799 0.213602 0.195319 3.81975 6.26797 2.64033 0.186402 0.211075 0.193744 0.189761 0.21715 0.197529
5693750 0.197098 0.21318 0.19728 3.78563 -2.08084 34.0925 0.197084 0.212949 0.19318 0.197113 0.213449 0.20204
5693750 0.193377 0.215329 0.199748 -8.75903 6.60357 -5.81942 0.197113 0.213449 0.20204 0.189761 0.21715 0.197529
5693750 0.192141 0.218165 0.1851 -6.34962 -7.86579 7.45973 0.194531 0.22064 0.1817 0.189845 0.215787 0.188366
5693750 0.197558 0.216893 0.192133 5.15258 19.4874 -3.57609 0.197084 0.212949 0.19318 0.198107 0.221471 0.190917
5693750 0.196058 0.210543 0.213433 7.04336 11.4532 -7.26542 0.193365 0.207199 0.215175 0.19894 0.214121 0.211568
5693750 0.191543 0.211451 0.215425 -9.67609 26.2573 -2.6992 0.193365 0.207199 0.215175 0.189291 0.216709 0.215733
5693750 0.203046 0.216522 0.212963 17.4928 7.44417 3.5627 0.19894 0.214121 0.211568 0.20674 0.218682 0.214218
5693750 0.201331 0.211262 0.201619 12.7533 -5.05036 -2.94704 0.197113 0.213449 0.20204 0.204898 0.209413 0.201263
5693750 0.201223 0.215429 0.203429 13.8527 9.50624 4.04226 0.197113 0.213449 0.20204 0.205252 0.21737 0.204791
5693750 0.201125 0.207779 0.219277 -10.4471 14.0432 8.49587 0.202946 0.205149 0.217051 0.199532 0.210079 0.221223
5693750 0.214675 0.198911 0.192308 3.68243 -24.6628 21.5643 0.213846 0.202238 0.188354 0.215165 0.196946 0.194643
5693750 0.209677 0.201517 0.202416 -2.08507 -1.44692 -6.07456 0.210237 0.202447 0.20533 0.208823 0.200101 0.197979
5693750 0.210327 0.204408 0.185142 18.6636 -9.09017 21.4157 0.208059 0.205806 0.183073 0.213846 0.202238 0.188354
5693750 0.208529 0.203927 0.195203 0.482489 -1.89169 1.21999 0.208322 0.206624 0.193246 0.208823 0.200101 0.197979
5693750 0.21411 0.204835 0.192892 2.46242 -11.1197 -21.9948 0.214262 0.206334 0.195512 0.213846 0.202238 0.188354
5693750 0.205185 0.197677 0.206351 15.4723 -25.3322 1.56726 0.201847 0.20175 0.205654 0.207859 0.194414 0.206911
5693750 0.203581 0.206106 0.203158 4.44777 18.0106 -12.5955 0.201847 0.20175 0.205654 0.204898 0.209413 0.201263
5693750 0.209509 0.204886 0.207118 -1.90957 3.74249 2.65847 0.210237 0.202447 0.20533 0.208205 0.209258 0.210323
5693750 0.204715 0.202173 0.215261 8.34741 -14.6609 -5.57867 0.202946 0.205149 0.217051 0.206503 0.199163 0.213452
5693750 0.212332 0.201217 0.207272 2.90692 -2.56718 3.5084 0.210237 0.202447 0.20533 0.216706 0.198648 0.211326
5693750 0.204959 0.205998 0.181755 -21.7032 3.0361 -5.83209 0.208059 0.205806 0.183073 0.200573 0.20627 0.179892
5693750 0.203285 0.2149 0.182334 9.93671 -1.4961 33.0285 0.201386 0.215338 0.178316 0.205947 0.214287 0.187967
5693750 0.211961 0.213254 0.189363 -32.3105 1.45794 -4.05994 0.215505 0.212645 0.190186 0.205947 0.214287 0.187967
5693750 0.213019 0.209017 0.196138 -7.73063 27.7425 5.99676 0.214262 0.206334 0.195512 0.211238 0.212861 0.197036
5693750 0.207496 0.209289 0.19141 -0.744201 2.21955 -1.05842 0.208322 0.206624 0.193246 0.205947 0.214287 0.187967
5693750 0.207954 0.211075 0.199225 -20.89 -9.91378 9.2081 0.211238 0.212861 0.197036 0.204898 0.209413 0.201263
5693750 0.212842 0.216119 0.199398 -5.91237 -20.5882 -12.5175 0.214388 0.21926 0.201676 0.211238 0.212861 0.197036
5693750 0.212149 0.216639 0.195121 1.05972 17.4182 -8.32248 0.211238 0.212861 0.197036 0.21298 0.220085 0.193375
5693750 0.215931 0.213546 0.207914 2.39803 -4.46232 -5.73528 0.214556 0.215089 0.210154 0.218376 0.210802 0.203931
5693750 0.200137 0.21275 0.186202 5.68576 2.12035 2.67089 0.196587 0.211811 0.185124 0.205947 0.214287 0.187967
5693750 0.194776 0.212006 0.181758 0.8612 -0.0459857 1.12957 0.192869 0.212211 0.178215 0.196587 0.211811 0.185124
5693750 0.20714 0.20219 0.20545 -1.48078 -0.0339918 0.277837 0.210237 0.202447 0.20533 0.201847 0.20175 0.205654
5693750 0.212311 0.213028 0.210214 -5.63975 -6.68173 -0.661875 0.214556 0.215089 0.210154 0.208205 0.209258 0.210323
5693750 0.207862 0.202569 0.182134 -0.199337 -1.61717 -0.221454 0.208059 0.205806 0.183073 0.207467 0.196062 0.180247
5693750 0.21566 0.21333 0.212385 1.95592 -3.91904 3.53964 0.214556 0.215089 0.210154 0.217845 0.209853 0.216798
5693750 0.216884 0.197171 0.200745 -4.67991 -21.7152 6.82256 0.218073 0.201562 0.200068 0.215493 0.192032 0.201537
5693750 0.215774 0.204441 0.197319 -15.1562 13.8315 -12.5813 0.218073 0.201562 0.200068 0.214262 0.206334 0.195512
5693750 0.185833 0.217176 0.195103 -7.89142 -0.94609 -6.34948 0.189761 0.21715 0.197529 0.182345 0.217199 0.192949
5693750 0.206686 0.204336 0.185785 -0.0282793 -0.0195958 0.0585853 0.208059 0.205806 0.183073 0.205352 0.202909 0.18842
5693750 0.200595 0.213479 0.191115 20.4235 1.73666 -8.16951 0.197084 0.212949 0.19318 0.205947 0.214287 0.187967
5693750 0.195789 0.206634 0.204911 -0.158867 -0.550903 -4.17003 0.196084 0.207495 0.207907 0.195501 0.205793 0.201986
5693750 0.19719 0.21006 0.209325 -2.54334 -7.14959 -2.53746 0.19894 0.214121 0.211568 0.196084 0.207495 0.207907
5693750 0.187829 0.213028 0.191515 4.86434 5.6863 -9.32283 0.186402 0.211075 0.193744 0.189845 0.215787 0.188366
5693750 0.185789 0.208021 0.194799 -2.79822 -18.4144 3.28891 0.186402 0.211075 0.193744 0.184856 0.203367 0.196408
5693750 0.196822 0.201188 0.207283 -16.1692 -1.63551 2.51453 0.201847 0.20175 0.205654 0.192482 0.200703 0.208691
5693750 0.194526 0.205272 0.219225 6.25212 -9.79662 14.812 0.193365 0.207199 0.215175 0.195679 0.203358 0.223244
5693750 0.203354 0.203413 0.190973 -0.0835756 0.0270437 0.0801212 0.205352 0.202909 0.18842 0.200114 0.204231 0.195113
5693750 0.218812 0.213707 0.199377 -2.44307 -5.60492 8.38079 0.219127 0.21581 0.196081 0.218376 0.210802 0.203931
5693750 0.213114 0.217642 0.209322 -3.04379 4.42371 -0.775715 0.214556 0.215089 0.210154 0.21159 0.220343 0.208443
5693750 0.198701 0.217675 0.200501 0.652243 3.06996 -0.838056 0.197113 0.213449 0.20204 0.199968 0.221045 0.199274
5693750 0.198222 0.205364 0.207072 8.91999 -6.36103 -2.96265 0.196084 0.207495 0.207907 0.201847 0.20175 0.205654
5693750 0.198717 0.19746 0.205491 -5.54358 -9.27548 -1.74682 0.201847 0.20175 0.205654 0.196714 0.194715 0.205388
5693750 0.207814 0.210612 0.215718 0.622127 1.86271 6.85553 0.208205 0.209258 0.210323 0.20748 0.21177 0.22033
5693750 0.217138 0.206849 0.194728 1.48368 0.421824 -0.213073 0.214262 0.206334 0.195512 0.221929 0.207705 0.193423
5693750 0.216832 0.21748 0.19879 0.392927 -0.350185 -0.377951 0.214388 0.21926 0.201676 0.219127 0.21581 0.196081
5693750 0.20511 0.20684 0.214282 1.18323 0.921768 -2.08924 0.202946 0.205149 0.217051 0.208205 0.209258 0.210323
5693750 0.184383 0.203945 0.19145 -0.829661 -0.003466 -4.02749 0.184856 0.203367 0.196408 0.183991 0.204424 0.187333
5693750 0.206599 0.21367 0.207314 -0.790744 3.60027 -1.83148 0.208205 0.209258 0.210323 0.205252 0.21737 0.204791
5693750 0.19314 0.208291 0.207197 -7.71984 3.49714 -2.20052 0.196084 0.207495 0.207907 0.186958 0.209962 0.205705
5693750 0.190243 0.204346 0.217068 -5.34446 -6.30796 2.70037 0.193365 0.207199 0.215175 0.186304 0.200747 0.219456
5693750 0.200215 0.202503 0.216189 -1.96802 -1.9307 -1.10546 0.202946 0.205149 0.217051 0.197585 0.199956 0.21536
5693750 0.211439 0.206472 0.194435 1.07328 -0.176913 0.571342 0.208322 0.206624 0.193246 0.214262 0.206334 0.195512
5693750 0.193542 0.213607 0.186588 -14.408 6.25116 4.59831 0.196587 0.211811 0.185124 0.189845 0.215787 0.188366
5693750 0.182243 0.218337 0.206724 -0.215349 -0.262374 0.874047 0.183668 0.219578 0.203365 0.180848 0.217121 0.210012
5693750 0.196131 0.208783 0.202007 -4.54759 -18.7859 -3.17251 0.197113 0.213449 0.20204 0.195501 0.205793 0.201986
5693750 0.184596 0.213801 0.19339 -4.96032 7.78117 -2.50898 0.186402 0.211075 0.193744 0.182345 0.217199 0.192949
5693750 0.216061 0.217637 0.210883 3.82746 6.44691 0.623223 0.214556 0.215089 0.210154 0.218161 0.221193 0.211901
5693750 0.185765 0.20622 0.20043 -0.643754 -4.37484 -4.65589 0.186958 0.209962 0.205705 0.184856 0.203367 0.196408
5693750 0.194461 0.216834 0.204101 8.68954 -15.5266 -7.0019 0.191807 0.220222 0.206162 0.197113 0.213449 0.20204
5693750 0.195697 0.203198 0.215277 6.01757 -12.4383 -1.6212 0.193365 0.207199 0.215175 0.197585 0.199956 0.21536
5693750 0.198361 0.209346 0.182796 4.99641 -10.5846 -7.9482 0.196587 0.211811 0.185124 0.200573 0.20627 0.179892
5693750 0.198405 0.209149 0.194022 0.784632 -1.46025 0.409435 0.197084 0.212949 0.19318 0.200114 0.204231 0.195113
5693750 0.197819 0.204316 0.203326 2.35357 -1.64506 1.9976 0.195501 0.205793 0.201986 0.201847 0.20175 0.205654
5693750 0.204949 0.205413 0.207932 -3.48186 -5.30535 -2.1837 0.208205 0.209258 0.210323 0.201847 0.20175 0.205654
5693750 0.181267 0.209304 0.202475 2.12771 0.62265 1.10087 0.178626 0.208999 0.200977 0.186958 0.209962 0.205705
5693750 0.218212 0.205804 0.201842 -0.823522 5.94148 2.69593 0.218073 0.201562 0.200068 0.218376 0.210802 0.203931
5693750 0.201497 0.218365 0.189642 1.98161 -1.62847 -0.311957 0.198107 0.221471 0.190917 0.205947 0.214287 0.187967
5693750 0.205062 0.213099 0.202897 -0.352679 -1.84941 -1.05289 0.205252 0.21737 0.204791 0.204898 0.209413 0.201263
5693750 0.204986 0.208128 0.218526 0.100314 0.113945 0.0433611 0.202946 0.205149 0.217051 0.20748 0.21177 0.22033
5693750 0.183075 0.214511 0.208442 -0.277809 0.441882 0.299892 0.186958 0.209962 0.205705 0.180848 0.217121 0.210012
5693750 0.209074 0.213444 0.193327 7.5156 -1.48308 9.14701 0.205947 0.214287 0.187967 0.211238 0.212861 0.197036
5693750 0.203301 0.211832 0.210982 0.422826 -0.296757 -0.0129636 0.19894 0.214121 0.211568 0.208205 0.209258 0.210323
5693750 0.217261 0.214179 0.193043 -13.4127 -8.59251 -25.9352 0.219127 0.21581 0.196081 0.215505 0.212645 0.190186
5693750 0.18776 0.205656 0.188599 -10.0329 -1.83035 -4.36361 0.191817 0.206982 0.189961 0.183991 0.204424 0.187333
5693750 0.181757 0.207107 0.195165 6.73756 -7.67498 0.968448 0.179397 0.209957 0.194217 0.184856 0.203367 0.196408
5693750 0.191595 0.205218 0.185849 -2.87097 -4.89087 -15.1927 0.191817 0.206982 0.189961 0.191415 0.203789 0.182518
5693750 0.194988 0.207376 0.210839 1.52722 -0.477654 -6.01922 0.193365 0.207199 0.215175 0.196084 0.207495 0.207907
5693750 0.198009 0.213778 0.206712 -4.64454 -6.85895 -29.7251 0.19894 0.214121 0.211568 0.197113 0.213449 0.20204
5693750 0.189803 0.216471 0.192963 0.641219 3.29668 10.9508 0.189845 0.215787 0.188366 0.189761 0.21715 0.197529
5693750 0.208623 0.20265 0.188395 0.0119628 6.35868e-05 0.00152583 0.205352 0.202909 0.18842 0.213846 0.202238 0.188354
5693750 0.190475 0.209156 0.200205 -0.00340447 -7.97237e-05 0.004487 0.192215 0.208757 0.197483 0.186958 0.209962 0.205705
5693750 0.199423 0.216136 0.216072 4.36926 6.2619 20.0573 0.19894 0.214121 0.211568 0.199869 0.217999 0.220233
5693750 0.184884 0.216025 0.20423 1.19137 -5.93154 0.816542 0.183668 0.219578 0.203365 0.186958 0.209962 0.205705
5693750 0.182976 0.212963 0.201416 0.000416824 -0.00022816 0.000519919 0.181119 0.214362 0.199416 0.186958 0.209962 0.205705
5693750 0.192048 0.20801 0.194318 9.15743e-05 0.000494881 0.00120533 0.191817 0.206982 0.189961 0.192215 0.208757 0.197483
5693750 0.19391 0.207228 0.199805 0.00470082 -0.00511046 0.0052968 0.192215 0.208757 0.197483 0.195501 0.205793 0.201986
5693750 0.192844 0.211983 0.203581 10.3776 1.75774 -3.19996 0.186958 0.209962 0.205705 0.197113 0.213449 0.20204
5693750 0.204449 0.214994 0.194008 -0.000477045 7.64813e-05 0.00114837 0.205947 0.214287 0.187967 0.203662 0.215365 0.197179
5693750 0.210921 0.204583 0.203175 3.955e-05 0.000412094 -0.000376644 0.210237 0.202447 0.20533 0.211587 0.206662 0.201077
5693750 0.204217 0.212693 0.199012 0.000663709 -0.0017303 0.00104217 0.203662 0.215365 0.197179 0.204898 0.209413 0.201263
5693750 0.21402 0.208146 0.2021 -0.0012118 -0.000485494 -0.000438159 0.218376 0.210802 0.203931 0.211587 0.206662 0.201077
5693750 0.206146 0.203865 0.218874 1.92568 -1.16052 1.00494 0.202946 0.205149 0.217051 0.210696 0.202038 0.221465
5693750 0.181644 0.215576 0.19665 0.0 0.0 0.0 0.181119 0.214362 0.199416 0.182345 0.217199 0.192949
5693750 0.216334 0.198802 0.196824 -0.294269 -0.668909 -0.577189 0.218073 0.201562 0.200068 0.215165 0.196946 0.194643
5693750 0.180353 0.212477 0.197104 0.0 0.0 0.0 0.181119 0.214362 0.199416 0.179397 0.209957 0.194217
5693750 0.182249 0.216748 0.201169 0.0 0.0 0.0 0.181119 0.214362 0.199416 0.183668 0.219578 0.203365
5693750 0.187959 0.204162 0.184758 0.0 0.0 0.0 0.191415 0.203789 0.182518 0.183991 0.204424 0.187333
5693750 0.180984 0.206943 0.199247 0.0 0.0 0.0 0.178626 0.208999 0.200977 0.184856 0.203367 0.196408
5693750 0.181889 0.202531 0.200353 0.0 0.0 0.0 0.178814 0.20151 0.204451 0.184856 0.203367 0.196408
5693750 0.182409 0.205319 0.205004 0.0 0.0 0.0 0.186958 0.209962 0.205705 0.178814 0.20151 0.204451
5693750 0.185861 0.21661 0.190803 0.0 0.0 0.0 0.189845 0.215787 0.188366 0.182345 0.217199 0.192949
5693750 0.194913 0.197337 0.206794 0.0 0.0 0.0 0.192482 0.200703 0.208691 0.196714 0.194715 0.205388
5693750 0.195291 0.200364 0.212361 0.0 0.0 0.0 0.192482 0.200703 0.208691 0.197585 0.199956 0.21536
5693750 0.196728 0.201557 0.218905 0.0 0.0 0.0 0.195679 0.203358 0.223244 0.197585 0.199956 0.21536
5693750 0.189517 0.208622 0.186269 0.0 0.0 0.0 0.191817 0.206982 0.189961 0.18776 0.209737 0.183462
5693750 0.195373 0.204936 0.181379 0.0 0.0 0.0 0.191415 0.203789 0.182518 0.200573 0.20627 0.179892
5693750 0.194392 0.209661 0.187348 0.0 0.0 0.0 0.191817 0.206982 0.189961 0.196587 0.211811 0.185124
5693750 0.195614 0.205798 0.192314 0.0 0.0 0.0 0.191817 0.206982 0.189961 0.200114 0.204231 0.195113
5693750 0.188534 0.205351 0.193 0.0 0.0 0.0 0.191817 0.206982 0.189961 0.184856 0.203367 0.196408
5693750 0.19683 0.212432 0.189008 0.0 0.0 0.0 0.197084 0.212949 0.19318 0.196587 0.211811 0.185124
5693750 0.189323 0.209978 0.19562 0.0 0.0 0.0 0.186402 0.211075 0.193744 0.192215 0.208757 0.197483
5693750 0.194368 0.210677 0.195581 0.0 0.0 0.0 0.192215 0.208757 0.197483 0.197084 0.212949 0.19318
5693750 0.195214 0.207105 0.196582 0.0 0.0 0.0 0.192215 0.208757 0.197483 0.200114 0.204231 0.195113
5693750 0.189317 0.206702 0.197058 0.0 0.0 0.0 0.192215 0.208757 0.197483 0.184856 0.203367 0.196408
5693750 0.194201 0.210726 0.199331 0.0 0.0 0.0 0.192215 0.208757 0.197483 0.197113 0.213449 0.20204
5693750 0.197187 0.205294 0.199478 0.0 0.0 0.0 0.195501 0.205793 0.201986 0.200114 0.204231 0.195113
5693750 0.195681 0.215782 0.183608 0.0 0.0 0.0 0.194531 0.22064 0.1817 0.196587 0.211811 0.185124
5693750 0.190852 0.211379 0.189176 0.0 0.0 0.0 0.191817 0.206982 0.189961 0.189845 0.215787 0.188366
5693750 0.191199 0.212292 0.197502 0.0 0.0 0.0 0.192215 0.208757 0.197483 0.189761 0.21715 0.197529
5693750 0.193691 0.214353 0.190922 0.0 0.0 0.0 0.197084 0.212949 0.19318 0.189845 0.215787 0.188366
5693750 0.193639 0.214997 0.195229 0.0 0.0 0.0 0.197084 0.212949 0.19318 0.189761 0.21715 0.197529
5693750 0.201051 0.198866 0.197412 0.0 0.0 0.0 0.200114 0.204231 0.195113 0.201848 0.194163 0.19937
5693750 0.198804 0.213511 0.18198 0.0 0.0 0.0 0.201386 0.215338 0.178316 0.196587 0.211811 0.185124
5693750 0.200747 0.214364 0.195402 0.0 0.0 0.0 0.197084 0.212949 0.19318 0.203662 0.215365 0.197179
5693750 0.20516 0.205773 0.193966 0.0 0.0 0.0 0.208322 0.206624 0.193246 0.200114 0.204231 0.195113
5693750 0.202836 0.207249 0.198609 0.0 0.0 0.0 0.200114 0.204231 0.195113 0.204898 0.209413 0.201263
5693750 0.200984 0.203061 0.200386 0.0 0.0 0.0 0.200114 0.204231 0.195113 0.201847 0.20175 0.205654
5693750 0.190717 0.208412 0.21126 0.0 0.0 0.0 0.193365 0.207199 0.215175 0.186958 0.209962 0.205705
5693750 0.196493 0.209926 0.205583 0.0 0.0 0.0 0.196084 0.207495 0.207907 0.197113 0.213449 0.20204
5693750 0.194624 0.204812 0.208225 0.0 0.0 0.0 0.196084 0.207495 0.207907 0.192482 0.200703 0.208691
5693750 0.192792 0.207187 0.203167 0.0 0.0 0.0 0.186958 0.209962 0.205705 0.195501 0.205793 0.201986
5693750 0.194296 0.20383 0.204667 0.0 0.0 0.0 0.195501 0.205793 0.201986 0.192482 0.200703 0.208691
5693750 0.190212 0.204581 0.207463 0.0 0.0 0.0 0.186958 0.209962 0.205705 0.192482 0.200703 0.208691
5693750 0.196919 0.208928 0.21866 0.0 0.0 0.0 0.193365 0.207199 0.215175 0.199532 0.210079 0.221223
5693750 0.188605 0.214254 0.200902 0.0 0.0 0.0 0.186958 0.209962 0.205705 0.189761 0.21715 0.197529
5693750 0.189766 0.215975 0.205971 0.0 0.0 0.0 0.191807 0.220222 0.206162 0.186958 0.209962 0.205705
5693750 0.195305 0.217299 0.208815 0.0 0.0 0.0 0.19894 0.214121 0.211568 0.191807 0.220222 0.206162
5693750 0.188203 0.213637 0.211064 0.0 0.0 0.0 0.186958 0.209962 0.205705 0.189291 0.216709 0.215733
5693750 0.194463 0.215391 0.213502 0.0 0.0 0.0 0.19894 0.214121 0.211568 0.189291 0.216709 0.215733
5693750 0.200997 0.214656 0.199162 0.0 0.0 0.0 0.197113 0.213449 0.20204 0.203662 0.215365 0.197179
5693750 0.19857 0.206157 0.216194 0.0 0.0 0.0 0.193365 0.207199 0.215175 0.202946 0.205149 0.217051
5693750 0.202191 0.215864 0.20808 0.0 0.0 0.0 0.19894 0.214121 0.211568 0.205252 0.21737 0.204791
5693750 0.199612 0.204399 0.219893 0.0 0.0 0.0 0.202946 0.205149 0.217051 0.195679 0.203358 0.223244
5693750 0.201951 0.218011 0.19815 0.0 0.0 0.0 0.203662 0.215365 0.197179 0.199968 0.221045 0.199274
5693750 0.195168 0.217495 0.218236 0.0 0.0 0.0 0.199869 0.217999 0.220233 0.189291 0.216709 0.215733
5693750 0.203352 0.218415 0.217189 0.0 0.0 0.0 0.199869 0.217999 0.220233 0.20674 0.218682 0.214218
5693750 0.206043 0.200751 0.185754 0.0 0.0 0.0 0.205352 0.202909 0.18842 0.207467 0.196062 0.180247
5693750 0.201848 0.197728 0.202261 0.0 0.0 0.0 0.201847 0.20175 0.205654 0.201848 0.194163 0.19937
5693750 0.21352 0.200916 0.199039 0.0 0.0 0.0 0.218073 0.201562 0.200068 0.208823 0.200101 0.197979
5693750 0.209236 0.199129 0.205997 0.0 0.0 0.0 0.210237 0.202447 0.20533 0.207859 0.194414 0.206911
5693750 0.207211 0.203416 0.212155 0.0 0.0 0.0 0.208205 0.209258 0.210323 0.206503 0.199163 0.213452
5693750 0.208249 0.20043 0.216781 0.0 0.0 0.0 0.210696 0.202038 0.221465 0.206503 0.199163 0.213452
5693750 0.20732 0.208848 0.184785 0.0 0.0 0.0 0.208059 0.205806 0.183073 0.205947 0.214287 0.187967
5693750 0.211377 0.211833 0.184732 0.0 0.0 0.0 0.205947 0.214287 0.187967 0.215369 0.209904 0.182354
5693750 0.207379 0.212424 0.182178 0.0 0.0 0.0 0.205947 0.214287 0.187967 0.208164 0.211281 0.17898
5693750 0.213545 0.212814 0.193335 0.0 0.0 0.0 0.215505 0.212645 0.190186 0.211238 0.212861 0.197036
5693750 0.209594 0.209409 0.194895 0.0 0.0 0.0 0.208322 0.206624 0.193246 0.211238 0.212861 0.197036
5693750 0.206826 0.204822 0.190811 0.0 0.0 0.0 0.208322 0.206624 0.193246 0.205352 0.202909 0.18842
5693750 0.210475 0.204989 0.19134 0.0 0.0 0.0 0.208322 0.206624 0.193246 0.213846 0.202238 0.188354
5693750 0.206936 0.214357 0.197116 0.0 0.0 0.0 0.203662 0.215365 0.197179 0.211238 0.212861 0.197036
5693750 0.212939 0.206567 0.198291 0.0 0.0 0.0 0.214262 0.206334 0.195512 0.211587 0.206662 0.201077
5693750 0.211457 0.209278 0.199414 0.0 0.0 0.0 0.211238 0.212861 0.197036 0.211587 0.206662 0.201077
5693750 0.214288 0.216306 0.191722 0.0 0.0 0.0 0.215505 0.212645 0.190186 0.21298 0.220085 0.193375
5693750 0.210261 0.217909 0.191278 0.0 0.0 0.0 0.205947 0.214287 0.187967 0.21298 0.220085 0.193375
5693750 0.204326 0.216265 0.20032 0.0 0.0 0.0 0.205252 0.21737 0.204791 0.203662 0.215365 0.197179
5693750 0.214417 0.212018 0.200099 0.0 0.0 0.0 0.218376 0.210802 0.203931 0.211238 0.212861 0.197036
5693750 0.215382 0.214479 0.196532 0.0 0.0 0.0 0.219127 0.21581 0.196081 0.211238 0.212861 0.197036
5693750 0.208733 0.207909 0.201156 0.0 0.0 0.0 0.211587 0.206662 0.201077 0.204898 0.209413 0.201263
5693750 0.206288 0.20942 0.205066 0.0 0.0 0.0 0.208205 0.209258 0.210323 0.204898 0.209413 0.201263
5693750 0.207393 0.214565 0.21249 0.0 0.0 0.0 0.208205 0.209258 0.210323 0.20674 0.218682 0.214218
5693750 0.214177 0.204707 0.200676 0.0 0.0 0.0 0.218073 0.201562 0.200068 0.211587 0.206662 0.201077
5693750 0.213371 0.210115 0.207082 0.0 0.0 0.0 0.208205 0.209258 0.210323 0.218376 0.210802 0.203931
5693750 0.212841 0.209616 0.213436 0.0 0.0 0.0 0.208205 0.209258 0.210323 0.217845 0.209853 0.216798
5693750 0.207099 0.215411 0.217175 0.0 0.0 0.0 0.20674 0.218682 0.214218 0.20748 0.21177 0.22033
5693750 0.216069 0.218008 0.194729 0.0 0.0 0.0 0.219127 0.21581 0.196081 0.21298 0.220085 0.193375
5693750 0.206015 0.218112 0.209618 0.0 0.0 0.0 0.20674 0.218682 0.214218 0.205252 0.21737 0.204791
5693750 0.21008 0.218437 0.203145 0.0 0.0 0.0 0.214388 0.21926 0.201676 0.205252 0.21737 0.204791
5693750 0.216133 0.215648 0.202658 0.0 0.0 0.0 0.214388 0.21926 0.201676 0.218376 0.210802 0.203931
5693750 0.217511 0.200429 0.204736 0.0 0.0 0.0 0.218073 0.201562 0.200068 0.216706 0.198648 0.211326
