# ts x y z Fx Fy Fz x1 y1 z1 x2 y2 z2
37500 0.181767 0.195788 0.193831 0.332002 0.368474 0.231816 0.179985 0.193997 0.19214 0.184707 0.198742 0.196621
37500 0.182202 0.19448 0.197465 0.756894 1.85138 -0.496399 0.180553 0.191673 0.19802 0.184707 0.198742 0.196621
37500 0.18402 0.199153 0.191671 -0.00721102 0.380598 -2.24845 0.184707 0.198742 0.196621 0.18345 0.199495 0.187561
37500 0.183305 0.186915 0.193811 -0.254325 -0.0465967 -0.17604 0.187143 0.188082 0.195864 0.179208 0.185669 0.191621
37500 0.185742 0.192724 0.187852 1.66666 0.361394 1.16521 0.182423 0.191603 0.186058 0.189285 0.193922 0.189768
37500 0.18334 0.190154 0.197108 -1.03227 0.8077 0.389637 0.187143 0.188082 0.195864 0.180553 0.191673 0.19802
37500 0.188922 0.196462 0.198101 -1.09579 0.853741 -0.431866 0.192886 0.194318 0.199492 0.184707 0.198742 0.196621
37500 0.186354 0.196721 0.18866 -1.34334 1.62179 -0.843093 0.189285 0.193922 0.189768 0.18345 0.199495 0.187561
37500 0.183581 0.188845 0.208194 2.81713 1.83448 1.94744 0.18046 0.186878 0.205191 0.186224 0.190512 0.210738
37500 0.194423 0.17867 0.1815 1.13872 1.32825 0.120675 0.191349 0.175938 0.181557 0.196919 0.180889 0.181454
37500 0.198047 0.18345 0.183276 -0.443447 -1.39507 -0.70512 0.199388 0.186492 0.185441 0.196919 0.180889 0.181454
37500 0.199826 0.180271 0.182978 -0.772591 0.312165 -0.399203 0.202885 0.17962 0.184582 0.196919 0.180889 0.181454
37500 0.192802 0.181132 0.187258 -3.12984 4.32661 -0.733629 0.195469 0.17828 0.188198 0.189166 0.185019 0.185976
37500 0.186595 0.183768 0.194682 -0.125073 -2.09856 -0.255587 0.187143 0.188082 0.195864 0.186074 0.17967 0.193558
37500 0.197784 0.179479 0.191252 2.05416 1.77309 2.96706 0.195469 0.17828 0.188198 0.200664 0.18097 0.19505
37500 0.196624 0.179885 0.20579 -1.90643 -2.98609 1.01947 0.199344 0.183063 0.204952 0.193543 0.176286 0.206741
37500 0.197757 0.187013 0.205235 -0.287856 1.26387 0.110837 0.199344 0.183063 0.204952 0.196492 0.190162 0.20546
37500 0.203196 0.182967 0.203122 3.10692 -0.114418 -0.910671 0.199344 0.183063 0.204952 0.206875 0.182876 0.201375
37500 0.200476 0.186154 0.202238 0.304634 0.88716 -0.551569 0.199344 0.183063 0.204952 0.201679 0.189436 0.199358
37500 0.199843 0.185452 0.20845 -0.247741 -1.79522 -1.89972 0.200403 0.188135 0.212377 0.199344 0.183063 0.204952
37500 0.19591 0.182683 0.218516 1.21843 1.14581 0.633569 0.191722 0.179886 0.216776 0.198679 0.184532 0.219667
37500 0.196503 0.179195 0.214529 -1.29518 0.390863 0.504552 0.200677 0.178592 0.212567 0.191722 0.179886 0.216776
37500 0.197695 0.194429 0.181358 -0.0108633 -0.00335371 0.149587 0.197824 0.193998 0.178136 0.197503 0.195072 0.186156
37500 0.189234 0.190056 0.188122 -0.372139 3.95291 1.14273 0.189166 0.185019 0.185976 0.189285 0.193922 0.189768
37500 0.197612 0.187509 0.18884 -0.972167 0.248967 1.45155 0.199388 0.186492 0.185441 0.19559 0.188667 0.192711
37500 0.188251 0.191104 0.19271 0.103836 0.481985 -0.379687 0.187143 0.188082 0.195864 0.189285 0.193922 0.189768
37500 0.189949 0.191129 0.197637 1.21678 1.8623 0.847069 0.187143 0.188082 0.195864 0.192886 0.194318 0.199492
37500 0.192324 0.191389 0.191186 -2.51699 2.85476 -1.10181 0.19559 0.188667 0.192711 0.189285 0.193922 0.189768
37500 0.196513 0.191757 0.189548 -0.554323 -1.59826 1.20889 0.197503 0.195072 0.186156 0.19559 0.188667 0.192711
37500 0.194267 0.191432 0.196028 0.814772 -2.74707 -2.48195 0.192886 0.194318 0.199492 0.19559 0.188667 0.192711
37500 0.194981 0.191904 0.20296 0.261371 -0.359931 0.359936 0.192886 0.194318 0.199492 0.196492 0.190162 0.20546
37500 0.192597 0.19528 0.2041 -0.282754 1.07684 2.84546 0.192886 0.194318 0.199492 0.192315 0.196216 0.208585
37500 0.196186 0.196887 0.197311 0.173922 0.173941 -0.0952071 0.192886 0.194318 0.199492 0.199908 0.199785 0.19485
37500 0.194322 0.198558 0.200975 0.994306 2.89894 0.498418 0.192886 0.194318 0.199492 0.195253 0.201307 0.201936
37500 0.198 0.185012 0.193821 -2.98062 4.28631 -1.03964 0.200664 0.18097 0.19505 0.19559 0.188667 0.192711
37500 0.202318 0.188356 0.183522 0.838289 0.723197 -0.48674 0.199388 0.186492 0.185441 0.207329 0.191544 0.180239
37500 0.202862 0.185657 0.187167 0.289674 -0.121812 0.130122 0.199388 0.186492 0.185441 0.206521 0.184778 0.188984
37500 0.198631 0.189051 0.19603 0.467908 0.176353 0.548952 0.19559 0.188667 0.192711 0.201679 0.189436 0.199358
37500 0.200895 0.193306 0.189131 0.0785568 -0.0484166 0.052137 0.197503 0.195072 0.186156 0.203628 0.191884 0.191527
37500 0.199015 0.198482 0.183066 0.426263 1.53549 -1.05555 0.197503 0.195072 0.186156 0.200505 0.201845 0.18002
37500 0.189072 0.193178 0.209731 4.1217 4.55348 -0.716036 0.186224 0.190512 0.210738 0.192315 0.196216 0.208585
37500 0.196666 0.193033 0.21857 0.42997 1.17132 -1.73458 0.196501 0.190983 0.221405 0.196844 0.195231 0.215532
37500 0.196642 0.196666 0.207121 -4.16505 -1.01784 1.58339 0.201652 0.197187 0.205426 0.192315 0.196216 0.208585
37500 0.198408 0.192113 0.214146 -0.796865 2.26942 0.678693 0.200403 0.188135 0.212377 0.196844 0.195231 0.215532
37500 0.19941 0.186059 0.216577 -0.453619 -1.67464 2.39433 0.200403 0.188135 0.212377 0.198679 0.184532 0.219667
37500 0.203218 0.198746 0.190817 -0.168704 0.0951054 0.195221 0.205259 0.198106 0.188329 0.199908 0.199785 0.19485
37500 0.202606 0.202695 0.198394 0.0700914 0.0506194 0.0697679 0.199908 0.199785 0.19485 0.204652 0.204902 0.201081
37500 0.20872 0.182607 0.186169 -0.0617779 0.0671766 0.060409 0.211565 0.179799 0.182529 0.206521 0.184778 0.188984
37500 0.204546 0.181977 0.186593 0.325323 0.594489 0.355662 0.202885 0.17962 0.184582 0.206521 0.184778 0.188984
37500 0.209973 0.179452 0.192465 1.58425 2.36394 1.02787 0.207465 0.176604 0.190638 0.21241 0.182218 0.19424
37500 0.204353 0.178602 0.192656 -1.9275 1.5885 1.26499 0.207465 0.176604 0.190638 0.200664 0.18097 0.19505
37500 0.21268 0.179904 0.197603 -0.459722 1.42124 -1.73824 0.21294 0.177682 0.200834 0.21241 0.182218 0.19424
37500 0.204085 0.18202 0.198534 3.07784 1.70761 3.14229 0.200664 0.18097 0.19505 0.206875 0.182876 0.201375
37500 0.206991 0.180708 0.189807 0.00537471 0.144301 -0.0376363 0.207465 0.176604 0.190638 0.206521 0.184778 0.188984
37500 0.21109 0.186078 0.193928 0.100267 -0.328436 -0.0270819 0.210098 0.188978 0.193693 0.21241 0.182218 0.19424
37500 0.213593 0.184475 0.197441 0.533348 1.5481 1.60655 0.21241 0.182218 0.19424 0.215151 0.187446 0.201653
37500 0.214042 0.184738 0.191462 -1.01804 -2.26187 1.84361 0.215983 0.187732 0.18816 0.21241 0.182218 0.19424
37500 0.209962 0.180232 0.2011 -1.19569 0.743506 0.16348 0.21294 0.177682 0.200834 0.206875 0.182876 0.201375
37500 0.20663 0.18268 0.205437 -0.0164732 -0.134987 -1.43982 0.206432 0.182521 0.208731 0.206875 0.182876 0.201375
37500 0.208001 0.180874 0.211127 0.353499 -0.542005 0.844101 0.206432 0.182521 0.208731 0.209429 0.179375 0.213308
37500 0.204041 0.180889 0.210324 -1.09855 -0.822194 0.500106 0.206432 0.182521 0.208731 0.200677 0.178592 0.212567
37500 0.210439 0.184844 0.201495 -3.9855 -3.07605 0.0658836 0.215151 0.187446 0.201653 0.206875 0.182876 0.201375
37500 0.206913 0.185708 0.208004 -0.00693212 0.934137 -0.253908 0.206432 0.182521 0.208731 0.207532 0.189815 0.207068
37500 0.209917 0.181975 0.214741 0.00462834 0.0181175 0.0068022 0.209429 0.179375 0.213308 0.21069 0.186092 0.217009
37500 0.212202 0.179254 0.214468 0.814701 -0.0176066 0.198195 0.209429 0.179375 0.213308 0.215913 0.179093 0.216021
37500 0.202726 0.19075 0.195152 -0.0912212 -0.0467532 0.249738 0.203628 0.191884 0.191527 0.201679 0.189436 0.199358
37500 0.205069 0.192351 0.198638 -0.602671 -0.665946 0.239511 0.208615 0.1954 0.197886 0.201679 0.189436 0.199358
37500 0.205025 0.188452 0.190299 0.031751 -0.101408 -0.0197145 0.203628 0.191884 0.191527 0.206521 0.184778 0.188984
37500 0.208582 0.187198 0.191697 -0.388718 -0.714385 -0.67706 0.210098 0.188978 0.193693 0.206521 0.184778 0.188984
37500 0.204514 0.195265 0.18979 0.0399756 0.197306 -0.0648307 0.203628 0.191884 0.191527 0.205259 0.198106 0.188329
37500 0.212605 0.190679 0.19422 0.507288 0.461035 0.0676141 0.210098 0.188978 0.193693 0.215127 0.192389 0.19475
37500 0.209514 0.191506 0.195344 -0.168664 0.617675 0.279714 0.210098 0.188978 0.193693 0.208615 0.1954 0.197886
37500 0.212554 0.193578 0.195989 0.788786 -0.384232 -0.228351 0.208615 0.1954 0.197886 0.215127 0.192389 0.19475
37500 0.214631 0.19432 0.192385 0.133479 -0.512026 0.456407 0.213792 0.197591 0.188379 0.215127 0.192389 0.19475
37500 0.209483 0.196836 0.202315 -0.554752 -0.712015 -1.60243 0.210054 0.197779 0.205224 0.208615 0.1954 0.197886
37500 0.21801 0.1913 0.195009 -1.26772 0.717457 -0.0639115 0.221848 0.18985 0.195355 0.215127 0.192389 0.19475
37500 0.214928 0.192478 0.188266 -0.185885 1.03452 0.18589 0.215983 0.187732 0.18816 0.213792 0.197591 0.188379
37500 0.204177 0.189024 0.209567 2.34749 0.813012 -1.33789 0.200403 0.188135 0.212377 0.207532 0.189815 0.207068
37500 0.204916 0.193095 0.206338 2.03044 -3.60266 0.656924 0.201652 0.197187 0.205426 0.207532 0.189815 0.207068
37500 0.210376 0.186935 0.208388 -1.1122 1.32511 -0.309753 0.212508 0.184776 0.209377 0.207532 0.189815 0.207068
37500 0.210897 0.188769 0.204677 -3.28975 0.545878 2.28286 0.215151 0.187446 0.201653 0.207532 0.189815 0.207068
37500 0.211779 0.185304 0.212439 -0.165709 0.405486 1.42561 0.212508 0.184776 0.209377 0.21069 0.186092 0.217009
37500 0.203357 0.201572 0.202957 1.07293 3.14056 -1.13455 0.201652 0.197187 0.205426 0.204652 0.204902 0.201081
37500 0.209332 0.200253 0.206965 -0.293886 1.18997 0.576789 0.210054 0.197779 0.205224 0.208038 0.204689 0.210088
37500 0.214989 0.182885 0.208702 -1.61733 1.39988 0.143761 0.218737 0.180029 0.207681 0.212508 0.184776 0.209377
37500 0.217043 0.183532 0.204834 -0.331805 0.810804 -0.45823 0.218737 0.180029 0.207681 0.215151 0.187446 0.201653
37500 0.218947 0.188808 0.198084 -2.14522 -0.454727 1.52316 0.221848 0.18985 0.195355 0.215151 0.187446 0.201653
37500 0.212102 0.196583 0.207236 0.895629 -0.79673 1.14275 0.210054 0.197779 0.205224 0.21638 0.194087 0.211436
37500 0.216525 0.192606 0.200955 -0.317307 -1.65844 0.110329 0.217699 0.197014 0.200358 0.215151 0.187446 0.201653
37500 0.207046 0.188698 0.218625 3.37816 -2.90255 -0.961026 0.203936 0.190921 0.220003 0.21069 0.186092 0.217009
37500 0.215482 0.199821 0.197466 -1.12102 1.81254 -1.31184 0.217699 0.197014 0.200358 0.214024 0.201667 0.195564
37500 0.182613 0.179013 0.195993 -0.930778 -0.132135 0.455657 0.186074 0.17967 0.193558 0.177679 0.178077 0.199464
37500 0.194714 0.192739 0.20679 0.519371 -0.898203 -0.278287 0.192315 0.196216 0.208585 0.196492 0.190162 0.20546
37500 0.206305 0.179691 0.183773 -0.565379 -0.01746 0.232879 0.211565 0.179799 0.182529 0.202885 0.17962 0.184582
37500 0.211036 0.191507 0.208798 -1.07809 -0.773891 -0.626129 0.21638 0.194087 0.211436 0.207532 0.189815 0.207068
37500 0.201079 0.179443 0.203507 0.181082 -0.321849 -0.074814 0.199344 0.183063 0.204952 0.20264 0.176186 0.202206
37500 0.207437 0.179439 0.208096 0.0258261 -0.0505525 -0.0090256 0.206432 0.182521 0.208731 0.208682 0.175622 0.20731
37500 0.193696 0.197327 0.184185 -0.40503 0.3398 -0.204633 0.197503 0.195072 0.186156 0.190842 0.199018 0.182707
37500 0.217832 0.201306 0.202011 -0.0339349 0.25318 0.0876901 0.217699 0.197014 0.200358 0.217989 0.206363 0.203958
37500 0.210976 0.194956 0.184833 0.534659 0.773014 0.93124 0.207329 0.191544 0.180239 0.213792 0.197591 0.188379
37500 0.198539 0.190355 0.185763 0.0131456 -0.0343639 -0.000971269 0.197503 0.195072 0.186156 0.199388 0.186492 0.185441
37500 0.210019 0.194565 0.212652 0.124976 -0.0149025 -0.00451332 0.206156 0.194854 0.213391 0.21638 0.194087 0.211436
37500 0.198506 0.192903 0.205447 -0.153616 -0.296008 0.0130007 0.201652 0.197187 0.205426 0.196492 0.190162 0.20546
37500 0.190356 0.179001 0.204327 -0.0828758 0.100653 -0.0689515 0.193543 0.176286 0.206741 0.187377 0.181538 0.202071
37500 0.192704 0.180928 0.20779 0.000936713 -0.0524963 -0.0106847 0.191972 0.18497 0.208705 0.193543 0.176286 0.206741
37500 0.206952 0.19756 0.205299 -0.837273 -0.19042 0.0563889 0.210054 0.197779 0.205224 0.201652 0.197187 0.205426
37500 0.183254 0.180066 0.200963 0.0863567 0.0469226 0.0306463 0.177679 0.178077 0.199464 0.187377 0.181538 0.202071
37500 0.18726 0.184814 0.198964 -0.00898281 -0.0613364 0.0715016 0.187143 0.188082 0.195864 0.187377 0.181538 0.202071
37500 0.206818 0.192432 0.210351 0.0215427 -0.0779143 -0.0711409 0.206156 0.194854 0.213391 0.207532 0.189815 0.207068
37500 0.205063 0.192918 0.216647 0.023311 0.0712965 -0.0884233 0.203936 0.190921 0.220003 0.206156 0.194854 0.213391
37500 0.210694 0.199926 0.203066 0.000422459 0.0021365 -0.0015728 0.210054 0.197779 0.205224 0.211317 0.202016 0.200965
37500 0.189036 0.187801 0.209743 -0.0368932 0.0356427 0.00466515 0.191972 0.18497 0.208705 0.186224 0.190512 0.210738
37500 0.203658 0.17917 0.216089 0.457351 0.0664148 0.392588 0.200677 0.178592 0.212567 0.205872 0.1796 0.218704
37500 0.189904 0.181138 0.194786 -0.256742 -0.151013 -0.0891968 0.192682 0.182203 0.195677 0.186074 0.17967 0.193558
37500 0.195743 0.181731 0.195436 0.239735 -0.0722485 -0.0391063 0.192682 0.182203 0.195677 0.200664 0.18097 0.19505
37500 0.193159 0.184084 0.198102 0.00093605 0.0753653 0.0855165 0.192682 0.182203 0.195677 0.193679 0.18614 0.200756
37500 0.190974 0.184165 0.201321 0.00163547 0.00163996 -0.000303163 0.187377 0.181538 0.202071 0.193679 0.18614 0.200756
37500 0.195085 0.18815 0.203106 -0.0587505 -0.072217 -0.0658638 0.196492 0.190162 0.20546 0.193679 0.18614 0.200756
37500 0.199706 0.182 0.18001 0.0 0.0 0.0 0.196919 0.180889 0.181454 0.202331 0.183108 0.17865
37500 0.187828 0.185933 0.20301 0.000416288 0.00171167 0.000539574 0.187377 0.181538 0.202071 0.188156 0.18914 0.203694
37500 0.194472 0.187842 0.20691 0.0103808 0.0172397 -0.0091762 0.191972 0.18497 0.208705 0.196492 0.190162 0.20546
37500 0.192208 0.187066 0.212347 0.000290685 0.000631548 0.00131152 0.191972 0.18497 0.208705 0.192408 0.188843 0.215438
37500 0.18178 0.197729 0.200566 0.219092 0.100163 -0.228976 0.178741 0.196678 0.204661 0.184707 0.198742 0.196621
37500 0.202314 0.189642 0.216502 0.1661 0.145954 0.268576 0.200403 0.188135 0.212377 0.203936 0.190921 0.220003
37500 0.180517 0.189573 0.20096 0.0 0.0 0.0 0.18046 0.186878 0.205191 0.180553 0.191673 0.19802
37500 0.182842 0.182361 0.192648 0.0 0.0 0.0 0.186074 0.17967 0.193558 0.179208 0.185669 0.191621
37500 0.1874 0.199105 0.18497 0.0 0.0 0.0 0.190842 0.199018 0.182707 0.18345 0.199495 0.187561
37500 0.183866 0.185231 0.188983 0.0 0.0 0.0 0.189166 0.185019 0.185976 0.179208 0.185669 0.191621
37500 0.185992 0.192992 0.196224 0.0 0.0 0.0 0.187143 0.188082 0.195864 0.184707 0.198742 0.196621
37500 0.1872 0.195984 0.192894 0.0 0.0 0.0 0.189285 0.193922 0.189768 0.184707 0.198742 0.196621
37500 0.18288 0.184057 0.20842 0.0 0.0 0.0 0.18046 0.186878 0.205191 0.184798 0.182058 0.210981
37500 0.184011 0.184004 0.203592 0.0 0.0 0.0 0.18046 0.186878 0.205191 0.187377 0.181538 0.202071
37500 0.184992 0.188084 0.204297 0.0 0.0 0.0 0.18046 0.186878 0.205191 0.188156 0.18914 0.203694
37500 0.196262 0.17957 0.184517 0.0 0.0 0.0 0.195469 0.17828 0.188198 0.196919 0.180889 0.181454
37500 0.193983 0.182319 0.183169 0.0 0.0 0.0 0.189166 0.185019 0.185976 0.196919 0.180889 0.181454
37500 0.190415 0.179699 0.183454 0.0 0.0 0.0 0.189166 0.185019 0.185976 0.191349 0.175938 0.181557
37500 0.192536 0.179308 0.19717 0.0 0.0 0.0 0.192682 0.182203 0.195677 0.192379 0.176542 0.198734
37500 0.190523 0.181798 0.198284 0.0 0.0 0.0 0.192682 0.182203 0.195677 0.187377 0.181538 0.202071
37500 0.18671 0.180445 0.197703 0.0 0.0 0.0 0.186074 0.17967 0.193558 0.187377 0.181538 0.202071
37500 0.190283 0.178503 0.200136 0.0 0.0 0.0 0.192379 0.176542 0.198734 0.187377 0.181538 0.202071
37500 0.190424 0.184467 0.195755 0.0 0.0 0.0 0.192682 0.182203 0.195677 0.187143 0.188082 0.195864
37500 0.193869 0.184702 0.19447 0.0 0.0 0.0 0.192682 0.182203 0.195677 0.19559 0.188667 0.192711
37500 0.187433 0.181883 0.190233 0.0 0.0 0.0 0.186074 0.17967 0.193558 0.189166 0.185019 0.185976
37500 0.199426 0.178861 0.186271 0.0 0.0 0.0 0.195469 0.17828 0.188198 0.202885 0.17962 0.184582
37500 0.185975 0.181687 0.206924 0.0 0.0 0.0 0.187377 0.181538 0.202071 0.184798 0.182058 0.210981
37500 0.187674 0.181022 0.213389 0.0 0.0 0.0 0.191722 0.179886 0.216776 0.184798 0.182058 0.210981
37500 0.188195 0.183302 0.209906 0.0 0.0 0.0 0.191972 0.18497 0.208705 0.184798 0.182058 0.210981
37500 0.185491 0.186015 0.210866 0.0 0.0 0.0 0.186224 0.190512 0.210738 0.184798 0.182058 0.210981
37500 0.189758 0.18318 0.205507 0.0 0.0 0.0 0.191972 0.18497 0.208705 0.187377 0.181538 0.202071
37500 0.196192 0.184641 0.202617 0.0 0.0 0.0 0.199344 0.183063 0.204952 0.193679 0.18614 0.200756
37500 0.195635 0.183889 0.206843 0.0 0.0 0.0 0.191972 0.18497 0.208705 0.199344 0.183063 0.204952
37500 0.199954 0.181964 0.200392 0.0 0.0 0.0 0.200664 0.18097 0.19505 0.199344 0.183063 0.204952
37500 0.20334 0.182623 0.207083 0.0 0.0 0.0 0.206432 0.182521 0.208731 0.199344 0.183063 0.204952
37500 0.199984 0.180789 0.208597 0.0 0.0 0.0 0.200677 0.178592 0.212567 0.199344 0.183063 0.204952
37500 0.191864 0.182592 0.212268 0.0 0.0 0.0 0.191972 0.18497 0.208705 0.191722 0.179886 0.216776
37500 0.192123 0.18512 0.215974 0.0 0.0 0.0 0.191722 0.179886 0.216776 0.192408 0.188843 0.215438
37500 0.199542 0.181837 0.216609 0.0 0.0 0.0 0.200677 0.178592 0.212567 0.198679 0.184532 0.219667
37500 0.201122 0.187364 0.219826 0.0 0.0 0.0 0.203936 0.190921 0.220003 0.198679 0.184532 0.219667
37500 0.190122 0.196521 0.185981 0.0 0.0 0.0 0.189285 0.193922 0.189768 0.190842 0.199018 0.182707
37500 0.198071 0.186636 0.181622 0.0 0.0 0.0 0.199388 0.186492 0.185441 0.196878 0.187021 0.178171
37500 0.195095 0.185739 0.185668 0.0 0.0 0.0 0.199388 0.186492 0.185441 0.189166 0.185019 0.185976
37500 0.188058 0.186565 0.191402 0.0 0.0 0.0 0.187143 0.188082 0.195864 0.189166 0.185019 0.185976
37500 0.192688 0.186883 0.189668 0.0 0.0 0.0 0.189166 0.185019 0.185976 0.19559 0.188667 0.192711
37500 0.191363 0.188239 0.194291 0.0 0.0 0.0 0.187143 0.188082 0.195864 0.19559 0.188667 0.192711
37500 0.193105 0.194321 0.188092 0.0 0.0 0.0 0.197503 0.195072 0.186156 0.189285 0.193922 0.189768
37500 0.190984 0.193974 0.194352 0.0 0.0 0.0 0.192886 0.194318 0.199492 0.189285 0.193922 0.189768
37500 0.198651 0.197183 0.190301 0.0 0.0 0.0 0.197503 0.195072 0.186156 0.199908 0.199785 0.19485
37500 0.190872 0.18684 0.198655 0.0 0.0 0.0 0.187143 0.188082 0.195864 0.193679 0.18614 0.200756
37500 0.187714 0.188562 0.200377 0.0 0.0 0.0 0.187143 0.188082 0.195864 0.188156 0.18914 0.203694
37500 0.194502 0.18709 0.197304 0.0 0.0 0.0 0.19559 0.188667 0.192711 0.193679 0.18614 0.200756
37500 0.193349 0.189429 0.200228 0.0 0.0 0.0 0.192886 0.194318 0.199492 0.193679 0.18614 0.200756
37500 0.190087 0.191139 0.201956 0.0 0.0 0.0 0.192886 0.194318 0.199492 0.188156 0.18914 0.203694
37500 0.194352 0.198706 0.188204 0.0 0.0 0.0 0.197503 0.195072 0.186156 0.191433 0.202329 0.190095
37500 0.201031 0.18447 0.181655 0.0 0.0 0.0 0.199388 0.186492 0.185441 0.202331 0.183108 0.17865
37500 0.201244 0.182714 0.184987 0.0 0.0 0.0 0.199388 0.186492 0.185441 0.202885 0.17962 0.184582
37500 0.201598 0.193467 0.183693 0.0 0.0 0.0 0.197503 0.195072 0.186156 0.207329 0.191544 0.180239
37500 0.201527 0.189076 0.188511 0.0 0.0 0.0 0.203628 0.191884 0.191527 0.199388 0.186492 0.185441
37500 0.199904 0.190258 0.192078 0.0 0.0 0.0 0.203628 0.191884 0.191527 0.19559 0.188667 0.192711
37500 0.20213 0.196746 0.187453 0.0 0.0 0.0 0.197503 0.195072 0.186156 0.205259 0.198106 0.188329
37500 0.197373 0.191693 0.199425 0.0 0.0 0.0 0.192886 0.194318 0.199492 0.201679 0.189436 0.199358
37500 0.202056 0.195092 0.192935 0.0 0.0 0.0 0.203628 0.191884 0.191527 0.199908 0.199785 0.19485
37500 0.204516 0.19733 0.196458 0.0 0.0 0.0 0.208615 0.1954 0.197886 0.199908 0.199785 0.19485
37500 0.197009 0.195532 0.202284 0.0 0.0 0.0 0.192886 0.194318 0.199492 0.201652 0.197187 0.205426
37500 0.200782 0.19835 0.200143 0.0 0.0 0.0 0.199908 0.199785 0.19485 0.201652 0.197187 0.205426
37500 0.190863 0.187532 0.202239 0.0 0.0 0.0 0.188156 0.18914 0.203694 0.193679 0.18614 0.200756
37500 0.192919 0.185483 0.204308 0.0 0.0 0.0 0.191972 0.18497 0.208705 0.193679 0.18614 0.200756
37500 0.189818 0.187178 0.205885 0.0 0.0 0.0 0.191972 0.18497 0.208705 0.188156 0.18914 0.203694
37500 0.187274 0.189626 0.206854 0.0 0.0 0.0 0.186224 0.190512 0.210738 0.188156 0.18914 0.203694
37500 0.189494 0.189497 0.213229 0.0 0.0 0.0 0.186224 0.190512 0.210738 0.192408 0.188843 0.215438
37500 0.194808 0.195539 0.212409 0.0 0.0 0.0 0.192315 0.196216 0.208585 0.196844 0.195231 0.215532
37500 0.194562 0.191827 0.215484 0.0 0.0 0.0 0.192408 0.188843 0.215438 0.196844 0.195231 0.215532
37500 0.186292 0.192563 0.214229 0.0 0.0 0.0 0.186224 0.190512 0.210738 0.186385 0.19587 0.219289
37500 0.194467 0.189793 0.21845 0.0 0.0 0.0 0.196501 0.190983 0.221405 0.192408 0.188843 0.215438
37500 0.190114 0.191378 0.216897 0.0 0.0 0.0 0.192408 0.188843 0.215438 0.186385 0.19587 0.219289
37500 0.19631 0.19673 0.218919 0.0 0.0 0.0 0.195653 0.198868 0.223064 0.196844 0.195231 0.215532
37500 0.19711 0.187418 0.200158 0.0 0.0 0.0 0.201679 0.189436 0.199358 0.193679 0.18614 0.200756
37500 0.198719 0.189716 0.202844 0.0 0.0 0.0 0.201679 0.189436 0.199358 0.196492 0.190162 0.20546
37500 0.195917 0.186316 0.210424 0.0 0.0 0.0 0.191972 0.18497 0.208705 0.200403 0.188135 0.212377
37500 0.198118 0.189185 0.208335 0.0 0.0 0.0 0.200403 0.188135 0.212377 0.196492 0.190162 0.20546
37500 0.195814 0.188411 0.21413 0.0 0.0 0.0 0.200403 0.188135 0.212377 0.192408 0.188843 0.215438
37500 0.202594 0.181327 0.181453 0.0 0.0 0.0 0.202885 0.17962 0.184582 0.202331 0.183108 0.17865
37500 0.209499 0.18335 0.191642 0.0 0.0 0.0 0.21241 0.182218 0.19424 0.206521 0.184778 0.188984
37500 0.203855 0.182909 0.191749 0.0 0.0 0.0 0.200664 0.18097 0.19505 0.206521 0.184778 0.188984
37500 0.209638 0.182413 0.197817 0.0 0.0 0.0 0.21241 0.182218 0.19424 0.206875 0.182876 0.201375
37500 0.206831 0.187222 0.185652 0.0 0.0 0.0 0.207329 0.191544 0.180239 0.206521 0.184778 0.188984
37500 0.201198 0.185275 0.197311 0.0 0.0 0.0 0.200664 0.18097 0.19505 0.201679 0.189436 0.199358
37500 0.216257 0.180994 0.195221 0.0 0.0 0.0 0.222282 0.179422 0.196753 0.21241 0.182218 0.19424
37500 0.210897 0.186009 0.188605 0.0 0.0 0.0 0.215983 0.187732 0.18816 0.206521 0.184778 0.188984
37500 0.204697 0.179297 0.201805 0.0 0.0 0.0 0.206875 0.182876 0.201375 0.20264 0.176186 0.202206
37500 0.207779 0.179122 0.204339 0.0 0.0 0.0 0.208682 0.175622 0.20731 0.206875 0.182876 0.201375
37500 0.209525 0.183533 0.209062 0.0 0.0 0.0 0.206432 0.182521 0.208731 0.212508 0.184776 0.209377
37500 0.205994 0.178933 0.213019 0.0 0.0 0.0 0.209429 0.179375 0.213308 0.200677 0.178592 0.212567
37500 0.210925 0.181861 0.211403 0.0 0.0 0.0 0.209429 0.179375 0.213308 0.212508 0.184776 0.209377
37500 0.207775 0.179345 0.215822 0.0 0.0 0.0 0.209429 0.179375 0.213308 0.205872 0.1796 0.218704
37500 0.204416 0.185848 0.200422 0.0 0.0 0.0 0.201679 0.189436 0.199358 0.206875 0.182876 0.201375
37500 0.213875 0.181666 0.201181 0.0 0.0 0.0 0.21294 0.177682 0.200834 0.215151 0.187446 0.201653
37500 0.207198 0.186134 0.204161 0.0 0.0 0.0 0.206875 0.182876 0.201375 0.207532 0.189815 0.207068
37500 0.203973 0.184678 0.210221 0.0 0.0 0.0 0.206432 0.182521 0.208731 0.200403 0.188135 0.212377
37500 0.200544 0.183159 0.212475 0.0 0.0 0.0 0.200403 0.188135 0.212377 0.200677 0.178592 0.212567
37500 0.213494 0.185634 0.206505 0.0 0.0 0.0 0.212508 0.184776 0.209377 0.215151 0.187446 0.201653
37500 0.215545 0.178601 0.20391 0.0 0.0 0.0 0.218737 0.180029 0.207681 0.21294 0.177682 0.200834
37500 0.213786 0.187709 0.210058 0.0 0.0 0.0 0.212508 0.184776 0.209377 0.21638 0.194087 0.211436
37500 0.207899 0.182193 0.217994 0.0 0.0 0.0 0.205872 0.1796 0.218704 0.21069 0.186092 0.217009
37500 0.204982 0.191625 0.187407 0.0 0.0 0.0 0.203628 0.191884 0.191527 0.207329 0.191544 0.180239
37500 0.205936 0.195833 0.185694 0.0 0.0 0.0 0.205259 0.198106 0.188329 0.207329 0.191544 0.180239
37500 0.212373 0.189188 0.184855 0.0 0.0 0.0 0.215983 0.187732 0.18816 0.207329 0.191544 0.180239
37500 0.207249 0.190124 0.192741 0.0 0.0 0.0 0.210098 0.188978 0.193693 0.203628 0.191884 0.191527
37500 0.205883 0.193337 0.194402 0.0 0.0 0.0 0.203628 0.191884 0.191527 0.208615 0.1954 0.197886
37500 0.211075 0.196305 0.193374 0.0 0.0 0.0 0.208615 0.1954 0.197886 0.213792 0.197591 0.188379
37500 0.208547 0.197773 0.18835 0.0 0.0 0.0 0.205259 0.198106 0.188329 0.213792 0.197591 0.188379
37500 0.201668 0.192867 0.202152 0.0 0.0 0.0 0.201652 0.197187 0.205426 0.201679 0.189436 0.199358
37500 0.204698 0.189497 0.203333 0.0 0.0 0.0 0.201679 0.189436 0.199358 0.207532 0.189815 0.207068
37500 0.211937 0.188287 0.196588 0.0 0.0 0.0 0.210098 0.188978 0.193693 0.215151 0.187446 0.201653
37500 0.215138 0.190451 0.19727 0.0 0.0 0.0 0.215151 0.187446 0.201653 0.215127 0.192389 0.19475
37500 0.205336 0.196107 0.201441 0.0 0.0 0.0 0.208615 0.1954 0.197886 0.201652 0.197187 0.205426
37500 0.211676 0.191543 0.199651 0.0 0.0 0.0 0.208615 0.1954 0.197886 0.215151 0.187446 0.201653
37500 0.211918 0.199089 0.19647 0.0 0.0 0.0 0.208615 0.1954 0.197886 0.214024 0.201667 0.195564
37500 0.210266 0.199301 0.199767 0.0 0.0 0.0 0.208615 0.1954 0.197886 0.211317 0.202016 0.200965
37500 0.21238 0.188361 0.191551 0.0 0.0 0.0 0.210098 0.188978 0.193693 0.215983 0.187732 0.18816
37500 0.215462 0.190443 0.19219 0.0 0.0 0.0 0.215983 0.187732 0.18816 0.215127 0.192389 0.19475
37500 0.216163 0.194113 0.197006 0.0 0.0 0.0 0.217699 0.197014 0.200358 0.215127 0.192389 0.19475
37500 0.213225 0.196084 0.199142 0.0 0.0 0.0 0.217699 0.197014 0.200358 0.208615 0.1954 0.197886
37500 0.217799 0.200354 0.190971 0.0 0.0 0.0 0.213792 0.197591 0.188379 0.221649 0.203277 0.193461
37500 0.200997 0.192291 0.209085 0.0 0.0 0.0 0.200403 0.188135 0.212377 0.201652 0.197187 0.205426
37500 0.203561 0.191685 0.212935 0.0 0.0 0.0 0.200403 0.188135 0.212377 0.206156 0.194854 0.213391
37500 0.20424 0.195713 0.210001 0.0 0.0 0.0 0.206156 0.194854 0.213391 0.201652 0.197187 0.205426
37500 0.208991 0.194282 0.206004 0.0 0.0 0.0 0.210054 0.197779 0.205224 0.207532 0.189815 0.207068
37500 0.207981 0.19593 0.216705 0.0 0.0 0.0 0.210542 0.197768 0.221362 0.206156 0.194854 0.213391
37500 0.218409 0.183648 0.199418 0.0 0.0 0.0 0.222282 0.179422 0.196753 0.215151 0.187446 0.201653
37500 0.21314 0.197335 0.203263 0.0 0.0 0.0 0.210054 0.197779 0.205224 0.217699 0.197014 0.200358
37500 0.215711 0.190322 0.20609 0.0 0.0 0.0 0.21638 0.194087 0.211436 0.215151 0.187446 0.201653
37500 0.2131 0.18934 0.214653 0.0 0.0 0.0 0.21069 0.186092 0.217009 0.21638 0.194087 0.211436
37500 0.213852 0.199895 0.200726 0.0 0.0 0.0 0.217699 0.197014 0.200358 0.211317 0.202016 0.200965
37500 0.217154 0.195665 0.204954 0.0 0.0 0.0 0.217699 0.197014 0.200358 0.21638 0.194087 0.211436
37500 0.219586 0.199868 0.197069 0.0 0.0 0.0 0.217699 0.197014 0.200358 0.221649 0.203277 0.193461
37500 0.185622 0.203427 0.195085 -0.216782 -1.30383 0.206552 0.186222 0.206501 0.194077 0.184707 0.198742 0.196621
37500 0.1856 0.201667 0.200595 -0.174989 -1.69591 -1.81632 0.18677 0.205503 0.205807 0.184707 0.198742 0.196621
37500 0.182982 0.20594 0.194193 -1.61167 -0.402719 -0.176005 0.186222 0.206501 0.194077 0.17922 0.205288 0.194327
37500 0.185585 0.212645 0.195201 -0.92126 -0.0997003 -0.787012 0.189498 0.212749 0.197653 0.182111 0.212553 0.193024
37500 0.181129 0.204548 0.202564 0.417367 0.152316 0.250255 0.178512 0.204106 0.201059 0.18677 0.205503 0.205807
37500 0.181072 0.217429 0.198132 1.15537 0.571274 -0.467527 0.178238 0.215773 0.198811 0.183878 0.219068 0.197459
37500 0.183791 0.217276 0.200251 0.258718 0.995043 -1.28372 0.18369 0.215196 0.203493 0.183878 0.219068 0.197459
37500 0.181703 0.218489 0.203729 -0.65134 1.60148 0.0601102 0.18369 0.215196 0.203493 0.178392 0.223977 0.204122
37500 0.184828 0.211615 0.204348 0.693507 -1.95157 0.142343 0.18369 0.215196 0.203493 0.18677 0.205503 0.205807
37500 0.190325 0.19799 0.189926 -1.52504 -5.18096 0.634149 0.191433 0.202329 0.190095 0.189285 0.193922 0.189768
37500 0.192712 0.199457 0.211811 -0.588001 -3.41392 -2.5005 0.193112 0.202729 0.215068 0.192315 0.196216 0.208585
37500 0.1945 0.20023 0.20815 -0.352763 -0.969824 0.0422391 0.19599 0.202969 0.207853 0.192315 0.196216 0.208585
37500 0.190036 0.200034 0.207443 0.538732 -1.36998 0.368874 0.18677 0.205503 0.205807 0.192315 0.196216 0.208585
37500 0.195174 0.198586 0.215325 1.27131 -3.04855 -0.293707 0.193112 0.202729 0.215068 0.196844 0.195231 0.215532
37500 0.199372 0.19798 0.215906 -0.166659 -0.226752 -0.0616899 0.201998 0.200837 0.216294 0.196844 0.195231 0.215532
37500 0.194387 0.200791 0.219081 0.640361 -1.54821 2.23219 0.193112 0.202729 0.215068 0.195653 0.198868 0.223064
37500 0.188153 0.207546 0.1858 -0.365543 -1.20586 -1.21489 0.189477 0.211102 0.188485 0.18718 0.204934 0.183828
37500 0.198049 0.204678 0.193897 0.0117141 -0.0541495 0.0136068 0.196614 0.208458 0.193161 0.199908 0.199785 0.19485
37500 0.188428 0.204735 0.192391 0.845917 -0.830071 -0.945418 0.186222 0.206501 0.194077 0.191433 0.202329 0.190095
37500 0.194135 0.205527 0.191694 1.94068 2.92698 1.84221 0.191433 0.202329 0.190095 0.196614 0.208458 0.193161
37500 0.190473 0.206636 0.189305 -0.336121 2.0746 -0.0623151 0.191433 0.202329 0.190095 0.189477 0.211102 0.188485
37500 0.187585 0.2091 0.195565 0.625724 1.52914 0.577626 0.186222 0.206501 0.194077 0.189498 0.212749 0.197653
37500 0.196744 0.20869 0.197262 -0.417043 0.0124441 3.51919 0.196614 0.208458 0.193161 0.196894 0.20896 0.202022
37500 0.193136 0.210885 0.199802 -1.02001 0.661579 -0.862198 0.196894 0.20896 0.202022 0.189498 0.212749 0.197653
37500 0.191765 0.213496 0.185223 -0.849244 -1.39808 1.52615 0.194146 0.215988 0.181827 0.189477 0.211102 0.188485
37500 0.197076 0.212427 0.192199 0.024335 2.4265 -0.284561 0.196614 0.208458 0.193161 0.197612 0.217034 0.191081
37500 0.187841 0.215366 0.189346 1.10946 -3.17519 -0.102346 0.186298 0.219385 0.190157 0.189477 0.211102 0.188485
37500 0.190522 0.217251 0.197548 0.346599 1.41674 0.198409 0.189498 0.212749 0.197653 0.191639 0.222158 0.197434
37500 0.190659 0.214312 0.20184 -0.258733 -0.612394 -1.09006 0.19186 0.215928 0.206169 0.189498 0.212749 0.197653
37500 0.200176 0.208957 0.191173 2.44578 0.700763 -1.09876 0.196614 0.208458 0.193161 0.205605 0.209718 0.188144
37500 0.195869 0.206044 0.213367 0.21365 0.356749 -0.200128 0.193112 0.202729 0.215068 0.198819 0.209591 0.211545
37500 0.195617 0.202128 0.204858 0.0444457 -0.29392 -1.17521 0.19599 0.202969 0.207853 0.195253 0.201307 0.201936
37500 0.197085 0.205533 0.209282 -0.515703 -1.48784 -0.537355 0.198819 0.209591 0.211545 0.19599 0.202969 0.207853
37500 0.195894 0.204296 0.20197 -0.337365 -2.58895 -0.387291 0.196894 0.20896 0.202022 0.195253 0.201307 0.201936
37500 0.192638 0.207507 0.203614 1.93542 0.831615 -0.426351 0.18677 0.205503 0.205807 0.196894 0.20896 0.202022
37500 0.191415 0.207031 0.215357 -2.06724 6.08201 0.521528 0.193112 0.202729 0.215068 0.189315 0.212351 0.215713
37500 0.18813 0.209162 0.2111 0.190248 1.19031 1.33637 0.18677 0.205503 0.205807 0.189315 0.212351 0.215713
37500 0.198385 0.213255 0.200575 0.175102 0.504768 -0.0804828 0.196894 0.20896 0.202022 0.199573 0.21668 0.199421
37500 0.194378 0.212443 0.204095 1.91353 -3.4161 -1.34857 0.19186 0.215928 0.206169 0.196894 0.20896 0.202022
37500 0.19759 0.199802 0.203211 0.449837 -0.399613 0.335933 0.195253 0.201307 0.201936 0.201652 0.197187 0.205426
37500 0.202813 0.212195 0.212913 1.27565 0.64097 0.236783 0.198819 0.209591 0.211545 0.206405 0.214537 0.214143
37500 0.201097 0.206761 0.201513 2.49175 -1.41619 0.136891 0.196894 0.20896 0.202022 0.204652 0.204902 0.201081
37500 0.200958 0.210989 0.20348 3.07998 2.1057 0.841734 0.196894 0.20896 0.202022 0.204942 0.212979 0.204908
37500 0.190704 0.214302 0.210506 -1.31569 -1.9818 3.56076 0.19186 0.215928 0.206169 0.189315 0.212351 0.215713
37500 0.200664 0.203402 0.218913 -0.0957523 0.144571 0.208516 0.201998 0.200837 0.216294 0.199497 0.205644 0.221202
37500 0.198703 0.216837 0.195722 0.323661 0.00907827 0.808209 0.197612 0.217034 0.191081 0.199573 0.21668 0.199421
37500 0.201598 0.213662 0.198299 -0.235296 0.249249 0.112534 0.203349 0.211053 0.197329 0.199573 0.21668 0.199421
37500 0.202206 0.218286 0.191374 1.47739 0.660757 0.162446 0.197612 0.217034 0.191081 0.206004 0.219322 0.191616
37500 0.207785 0.197929 0.182184 0.0 0.0 0.0 0.20801 0.201257 0.18315 0.207329 0.191544 0.180239
37500 0.206614 0.199659 0.185777 -0.128988 -0.251713 0.329969 0.20801 0.201257 0.18315 0.205259 0.198106 0.188329
37500 0.210276 0.19982 0.1852 1.51165 -0.67069 1.01432 0.20801 0.201257 0.18315 0.213792 0.197591 0.188379
37500 0.208335 0.199229 0.195112 0.0287789 -1.14313 0.584232 0.208138 0.201928 0.193156 0.208615 0.1954 0.197886
37500 0.213939 0.200175 0.192934 -0.261407 -1.59711 -2.06661 0.214024 0.201667 0.195564 0.213792 0.197591 0.188379
37500 0.204066 0.197862 0.21485 0.0539548 -0.114546 -0.0561524 0.201998 0.200837 0.216294 0.206156 0.194854 0.213391
37500 0.204902 0.2015 0.181854 -0.854933 0.167284 -0.248959 0.20801 0.201257 0.18315 0.200505 0.201845 0.18002
37500 0.203025 0.210424 0.18248 1.60894 -0.185041 2.46299 0.201184 0.210928 0.17844 0.205605 0.209718 0.188144
37500 0.211664 0.208759 0.189412 -1.64629 0.299191 -0.0784003 0.215234 0.208193 0.190159 0.205605 0.209718 0.188144
37500 0.21337 0.208234 0.193344 -1.12479 0.372621 2.4196 0.215234 0.208193 0.190159 0.211181 0.208281 0.197085
37500 0.212856 0.204385 0.196189 -0.616895 2.47758 0.569702 0.214024 0.201667 0.195564 0.211181 0.208281 0.197085
37500 0.207258 0.204637 0.191413 -0.157051 1.21911 -0.760135 0.208138 0.201928 0.193156 0.205605 0.209718 0.188144
37500 0.204126 0.210594 0.194168 -0.0827782 -0.00607755 0.324382 0.205605 0.209718 0.188144 0.203349 0.211053 0.197329
37500 0.207799 0.206531 0.199155 -3.55247 -2.50965 1.83195 0.211181 0.208281 0.197085 0.204652 0.204902 0.201081
37500 0.212656 0.211619 0.199424 -0.800371 -1.92105 -0.910728 0.214078 0.214837 0.201679 0.211181 0.208281 0.197085
37500 0.203934 0.208291 0.199014 0.0455548 -0.327808 0.136982 0.203349 0.211053 0.197329 0.204652 0.204902 0.201081
37500 0.209216 0.214725 0.187077 0.614135 1.22065 -0.200548 0.205605 0.209718 0.188144 0.211321 0.217645 0.186455
37500 0.211977 0.21215 0.195299 0.062171 1.86966 -0.777118 0.211181 0.208281 0.197085 0.212703 0.215679 0.193671
37500 0.217946 0.206115 0.191555 1.13446 -1.16288 0.511125 0.215234 0.208193 0.190159 0.221649 0.203277 0.193461
37500 0.211981 0.208633 0.210074 -0.133429 -0.183372 -0.00560357 0.214137 0.210789 0.210066 0.208038 0.204689 0.210088
37500 0.206354 0.209198 0.20727 -0.206251 0.636238 -0.264008 0.208038 0.204689 0.210088 0.204942 0.212979 0.204908
37500 0.20768 0.2062 0.215445 -0.0776909 0.362846 1.22852 0.208038 0.204689 0.210088 0.207375 0.207491 0.220024
37500 0.206874 0.211131 0.216986 -0.051837 -1.09353 0.793929 0.206405 0.214537 0.214143 0.207375 0.207491 0.220024
37500 0.209957 0.214318 0.216833 -1.04691 0.178301 -1.05827 0.213222 0.214118 0.219304 0.206405 0.214537 0.214143
37500 0.205973 0.216797 0.202412 -0.172907 -0.532735 0.243765 0.206977 0.220514 0.199983 0.204942 0.212979 0.204908
37500 0.21275 0.213382 0.209263 -0.272727 0.730369 -0.138696 0.214137 0.210789 0.210066 0.211284 0.216126 0.208414
37500 0.208695 0.214841 0.206983 2.67796 1.91302 1.37546 0.204942 0.212979 0.204908 0.211284 0.216126 0.208414
37500 0.206722 0.21832 0.211802 -0.0885672 -2.36483 0.998776 0.206996 0.221588 0.209779 0.206405 0.214537 0.214143
37500 0.212501 0.215564 0.205481 -0.71444 0.373182 1.21581 0.214078 0.214837 0.201679 0.211284 0.216126 0.208414
37500 0.216526 0.213044 0.198805 0.48273 -0.547272 -0.66877 0.214078 0.214837 0.201679 0.218824 0.211361 0.196107
37500 0.215524 0.209196 0.207867 0.135333 -0.239442 -0.250872 0.214137 0.210789 0.210066 0.217989 0.206363 0.203958
37500 0.215331 0.209001 0.212228 0.23094 -0.556282 0.525975 0.214137 0.210789 0.210066 0.217692 0.205465 0.216502
37500 0.211985 0.2167 0.189921 0.508906 -0.735239 1.71713 0.211321 0.217645 0.186455 0.212703 0.215679 0.193671
37500 0.20935 0.217502 0.192642 1.24822 -0.898516 0.252828 0.206004 0.219322 0.191616 0.212703 0.215679 0.193671
37500 0.208765 0.218451 0.188936 -1.06575 0.56169 1.35511 0.211321 0.217645 0.186455 0.206004 0.219322 0.191616
37500 0.215775 0.213512 0.194894 -1.804 1.66701 -0.547245 0.218824 0.211361 0.196107 0.212703 0.215679 0.193671
37500 0.214872 0.216883 0.186847 -3.80646 1.23259 0.0578223 0.220582 0.215657 0.187477 0.211321 0.217645 0.186455
37500 0.214138 0.216469 0.209873 -3.75614 0.214765 -1.85353 0.217905 0.216923 0.211798 0.211284 0.216126 0.208414
37500 0.18301 0.215967 0.210025 0.189366 0.401077 0.00692712 0.18092 0.21283 0.210194 0.184996 0.218947 0.209863
37500 0.187339 0.215523 0.204689 0.841023 0.208904 0.228366 0.18369 0.215196 0.203493 0.19186 0.215928 0.206169
37500 0.198803 0.214455 0.212517 0.00286368 0.46045 0.17096 0.198819 0.209591 0.211545 0.198792 0.2181 0.213245
37500 0.218474 0.209262 0.199404 -0.0940678 -0.291222 0.359163 0.218824 0.211361 0.196107 0.217989 0.206363 0.203958
37500 0.184392 0.209195 0.193609 -0.21237 0.423267 -0.113265 0.186222 0.206501 0.194077 0.182111 0.212553 0.193024
37500 0.182698 0.208307 0.201469 0.000504988 -0.000496968 0.000756155 0.1808 0.209615 0.199447 0.18677 0.205503 0.205807
37500 0.19809 0.200825 0.206953 -0.0 -0.0 -0.0 0.19599 0.202969 0.207853 0.201652 0.197187 0.205426
37500 0.210339 0.20024 0.191297 0.250203 -0.278688 -0.233332 0.208138 0.201928 0.193156 0.213792 0.197591 0.188379
37500 0.18794 0.217652 0.208279 -0.161447 0.0614058 0.120783 0.19186 0.215928 0.206169 0.184996 0.218947 0.209863
37500 0.202943 0.218425 0.199677 -0.179754 -0.113751 0.0140452 0.206977 0.220514 0.199983 0.199573 0.21668 0.199421
37500 0.183053 0.210146 0.208595 0.0 0.0 0.0 0.18677 0.205503 0.205807 0.18092 0.21283 0.210194
37500 0.19404 0.204916 0.187524 0.0113893 0.0138269 -0.00926128 0.191433 0.202329 0.190095 0.196266 0.207125 0.185329
37500 0.182291 0.214 0.206879 -0.0837899 -0.0952823 0.347292 0.18369 0.215196 0.203493 0.18092 0.21283 0.210194
37500 0.203115 0.214058 0.217118 0.657345 0.102694 -0.818562 0.199734 0.213567 0.220173 0.206405 0.214537 0.214143
37500 0.187572 0.208408 0.19176 0.395348 0.596896 -0.516076 0.186222 0.206501 0.194077 0.189477 0.211102 0.188485
37500 0.19174 0.203534 0.194402 0.000325781 0.00220445 0.00478667 0.191433 0.202329 0.190095 0.191964 0.204409 0.19753
37500 0.204183 0.214932 0.184974 -0.00229925 0.00785467 -0.00319935 0.205605 0.209718 0.188144 0.203393 0.217827 0.183214
37500 0.190244 0.204771 0.20027 -0.00312106 -0.000239687 0.00460072 0.191964 0.204409 0.19753 0.18677 0.205503 0.205807
37500 0.198152 0.204776 0.182967 0.0208686 -0.0406202 -0.0360314 0.196266 0.207125 0.185329 0.200505 0.201845 0.18002
37500 0.199808 0.208109 0.186397 0.0243028 0.00261621 0.00779716 0.196266 0.207125 0.185329 0.205605 0.209718 0.188144
37500 0.204484 0.202422 0.21374 0.133864 0.12264 -0.191078 0.201998 0.200837 0.216294 0.208038 0.204689 0.210088
37500 0.194648 0.207335 0.181866 -0.0 -0.0 0.0 0.192946 0.207556 0.178221 0.196266 0.207125 0.185329
37500 0.212671 0.201841 0.198264 -0.000584249 0.000164633 0.000872068 0.214024 0.201667 0.195564 0.211317 0.202016 0.200965
37500 0.19366 0.202809 0.199802 0.00123466 -0.00161757 0.00161528 0.191964 0.204409 0.19753 0.195253 0.201307 0.201936
37500 0.199295 0.211657 0.21603 0.0636887 0.093376 0.237936 0.198819 0.209591 0.211545 0.199734 0.213567 0.220173
37500 0.211227 0.201791 0.19442 0.170883 0.0108921 0.046754 0.208138 0.201928 0.193156 0.214024 0.201667 0.195564
37500 0.181595 0.202322 0.195321 0.0 0.0 0.0 0.17922 0.205288 0.194327 0.184707 0.198742 0.196621
37500 0.180857 0.201941 0.199382 0.0 0.0 0.0 0.178512 0.204106 0.201059 0.184707 0.198742 0.196621
37500 0.18826 0.200501 0.193177 0.0 0.0 0.0 0.191433 0.202329 0.190095 0.184707 0.198742 0.196621
37500 0.189109 0.202043 0.197174 0.0 0.0 0.0 0.191964 0.204409 0.19753 0.184707 0.198742 0.196621
37500 0.187296 0.200724 0.188783 0.0 0.0 0.0 0.191433 0.202329 0.190095 0.18345 0.199495 0.187561
37500 0.18229 0.200442 0.205169 0.0 0.0 0.0 0.18677 0.205503 0.205807 0.178741 0.196678 0.204661
37500 0.181363 0.210736 0.196702 0.0 0.0 0.0 0.1808 0.209615 0.199447 0.182111 0.212553 0.193024
37500 0.182083 0.211952 0.201242 0.0 0.0 0.0 0.1808 0.209615 0.199447 0.18369 0.215196 0.203493
37500 0.183089 0.216018 0.195477 0.0 0.0 0.0 0.183878 0.219068 0.197459 0.182111 0.212553 0.193024
37500 0.185565 0.211737 0.190899 0.0 0.0 0.0 0.189477 0.211102 0.188485 0.182111 0.212553 0.193024
37500 0.184137 0.21572 0.19164 0.0 0.0 0.0 0.186298 0.219385 0.190157 0.182111 0.212553 0.193024
37500 0.180776 0.215369 0.200991 0.0 0.0 0.0 0.18369 0.215196 0.203493 0.178238 0.215773 0.198811
37500 0.186334 0.213947 0.200838 0.0 0.0 0.0 0.18369 0.215196 0.203493 0.189498 0.212749 0.197653
37500 0.184369 0.217003 0.206795 0.0 0.0 0.0 0.18369 0.215196 0.203493 0.184996 0.218947 0.209863
37500 0.18623 0.21629 0.197542 0.0 0.0 0.0 0.189498 0.212749 0.197653 0.183878 0.219068 0.197459
37500 0.191108 0.200365 0.186015 0.0 0.0 0.0 0.191433 0.202329 0.190095 0.190842 0.199018 0.182707
37500 0.19531 0.20103 0.192271 0.0 0.0 0.0 0.191433 0.202329 0.190095 0.199908 0.199785 0.19485
37500 0.194982 0.202518 0.196514 0.0 0.0 0.0 0.191964 0.204409 0.19753 0.199908 0.199785 0.19485
37500 0.196954 0.200616 0.199352 0.0 0.0 0.0 0.195253 0.201307 0.201936 0.199908 0.199785 0.19485
37500 0.204966 0.200966 0.193811 0.0 0.0 0.0 0.208138 0.201928 0.193156 0.199908 0.199785 0.19485
37500 0.194081 0.199136 0.204596 0.0 0.0 0.0 0.195253 0.201307 0.201936 0.192315 0.196216 0.208585
37500 0.190139 0.19956 0.216937 0.0 0.0 0.0 0.193112 0.202729 0.215068 0.186385 0.19587 0.219289
37500 0.199089 0.199799 0.219402 0.0 0.0 0.0 0.201998 0.200837 0.216294 0.195653 0.198868 0.223064
37500 0.189021 0.203672 0.186539 0.0 0.0 0.0 0.191433 0.202329 0.190095 0.18718 0.204934 0.183828
37500 0.196436 0.207632 0.189107 0.0 0.0 0.0 0.196614 0.208458 0.193161 0.196266 0.207125 0.185329
37500 0.1932 0.208921 0.186755 -0.0487573 0.0212963 0.0289917 0.196266 0.207125 0.185329 0.189477 0.211102 0.188485
37500 0.18911 0.205314 0.195814 0.0 0.0 0.0 0.186222 0.206501 0.194077 0.191964 0.204409 0.19753
37500 0.194021 0.206063 0.1956 0.0 0.0 0.0 0.191964 0.204409 0.19753 0.196614 0.208458 0.193161
37500 0.190946 0.207721 0.197582 0.0 0.0 0.0 0.191964 0.204409 0.19753 0.189498 0.212749 0.197653
37500 0.193267 0.209563 0.190968 0.0 0.0 0.0 0.196614 0.208458 0.193161 0.189477 0.211102 0.188485
37500 0.193265 0.210343 0.195278 0.0 0.0 0.0 0.196614 0.208458 0.193161 0.189498 0.212749 0.197653
37500 0.189489 0.211792 0.193086 0.0 0.0 0.0 0.189477 0.211102 0.188485 0.189498 0.212749 0.197653
37500 0.193966 0.206119 0.199354 0.0 0.0 0.0 0.191964 0.204409 0.19753 0.196894 0.20896 0.202022
37500 0.188374 0.209624 0.201019 0.0 0.0 0.0 0.18677 0.205503 0.205807 0.189498 0.212749 0.197653
37500 0.195332 0.210903 0.183784 0.0 0.0 0.0 0.194146 0.215988 0.181827 0.196266 0.207125 0.185329
37500 0.193494 0.213893 0.189768 0.0 0.0 0.0 0.197612 0.217034 0.191081 0.189477 0.211102 0.188485
37500 0.198538 0.208744 0.182152 0.0 0.0 0.0 0.201184 0.210928 0.17844 0.196266 0.207125 0.185329
37500 0.200358 0.209764 0.195478 0.0 0.0 0.0 0.196614 0.208458 0.193161 0.203349 0.211053 0.197329
37500 0.194832 0.202737 0.210765 0.0 0.0 0.0 0.193112 0.202729 0.215068 0.19599 0.202969 0.207853
37500 0.190493 0.20374 0.211242 0.0 0.0 0.0 0.193112 0.202729 0.215068 0.18677 0.205503 0.205807
37500 0.193017 0.203652 0.207195 0.0 0.0 0.0 0.19599 0.202969 0.207853 0.18677 0.205503 0.205807
37500 0.196351 0.205208 0.205543 0.0 0.0 0.0 0.19599 0.202969 0.207853 0.196894 0.20896 0.202022
37500 0.192563 0.202503 0.203166 0.0 0.0 0.0 0.18677 0.205503 0.205807 0.195253 0.201307 0.201936
37500 0.19784 0.209134 0.206693 0.0 0.0 0.0 0.198819 0.209591 0.211545 0.196894 0.20896 0.202022
37500 0.196793 0.204273 0.218604 0.0 0.0 0.0 0.193112 0.202729 0.215068 0.199497 0.205644 0.221202
37500 0.194412 0.210736 0.213481 0.0 0.0 0.0 0.198819 0.209591 0.211545 0.189315 0.212351 0.215713
37500 0.189721 0.211408 0.206019 0.0 0.0 0.0 0.19186 0.215928 0.206169 0.18677 0.205503 0.205807
37500 0.195275 0.212684 0.208808 0.0 0.0 0.0 0.198819 0.209591 0.211545 0.19186 0.215928 0.206169
37500 0.200718 0.210064 0.199245 0.0 0.0 0.0 0.196894 0.20896 0.202022 0.203349 0.211053 0.197329
37500 0.20316 0.207148 0.210862 0.0 0.0 0.0 0.198819 0.209591 0.211545 0.208038 0.204689 0.210088
37500 0.201972 0.211199 0.208131 0.0 0.0 0.0 0.198819 0.209591 0.211545 0.204942 0.212979 0.204908
37500 0.19794 0.201566 0.215736 0.0 0.0 0.0 0.193112 0.202729 0.215068 0.201998 0.200837 0.216294
37500 0.195107 0.212891 0.218194 0.0 0.0 0.0 0.199734 0.213567 0.220173 0.189315 0.212351 0.215713
37500 0.199216 0.215934 0.216349 0.0 0.0 0.0 0.199734 0.213567 0.220173 0.198792 0.2181 0.213245
37500 0.18666 0.216273 0.212116 0.0 0.0 0.0 0.189315 0.212351 0.215713 0.184996 0.218947 0.209863
37500 0.190656 0.217892 0.213843 0.0 0.0 0.0 0.189315 0.212351 0.215713 0.191596 0.222024 0.212523
37500 0.195894 0.216379 0.186488 0.0 0.0 0.0 0.194146 0.215988 0.181827 0.197612 0.217034 0.191081
37500 0.199528 0.216922 0.182635 0.0 0.0 0.0 0.194146 0.215988 0.181827 0.203393 0.217827 0.183214
37500 0.20107 0.213735 0.189813 0.0 0.0 0.0 0.197612 0.217034 0.191081 0.205605 0.209718 0.188144
37500 0.201983 0.214884 0.201884 0.0 0.0 0.0 0.204942 0.212979 0.204908 0.199573 0.21668 0.199421
37500 0.202253 0.216345 0.213655 0.0 0.0 0.0 0.206405 0.214537 0.214143 0.198792 0.2181 0.213245
37500 0.206688 0.199865 0.190723 0.0 0.0 0.0 0.208138 0.201928 0.193156 0.205259 0.198106 0.188329
37500 0.20477 0.200712 0.207703 0.0 0.0 0.0 0.208038 0.204689 0.210088 0.201652 0.197187 0.205426
37500 0.206938 0.198792 0.212025 0.0 0.0 0.0 0.208038 0.204689 0.210088 0.206156 0.194854 0.213391
37500 0.205528 0.199435 0.218389 0.0 0.0 0.0 0.201998 0.200837 0.216294 0.210542 0.197768 0.221362
37500 0.202714 0.205115 0.183536 0.0 0.0 0.0 0.205605 0.209718 0.188144 0.200505 0.201845 0.18002
37500 0.20717 0.204085 0.184901 0.0 0.0 0.0 0.20801 0.201257 0.18315 0.205605 0.209718 0.188144
37500 0.21105 0.207065 0.184814 0.0 0.0 0.0 0.205605 0.209718 0.188144 0.215056 0.205347 0.18236
37500 0.207052 0.207611 0.182228 0.0 0.0 0.0 0.205605 0.209718 0.188144 0.207849 0.206657 0.178953
37500 0.202429 0.214671 0.181125 0.0 0.0 0.0 0.201184 0.210928 0.17844 0.203393 0.217827 0.183214
37500 0.214014 0.211672 0.191856 0.0 0.0 0.0 0.215234 0.208193 0.190159 0.212703 0.215679 0.193671
37500 0.209464 0.204557 0.194867 0.0 0.0 0.0 0.208138 0.201928 0.193156 0.211181 0.208281 0.197085
37500 0.208903 0.208733 0.193429 0.0 0.0 0.0 0.205605 0.209718 0.188144 0.211181 0.208281 0.197085
37500 0.209959 0.213237 0.191534 0.0 0.0 0.0 0.205605 0.209718 0.188144 0.212703 0.215679 0.193671
37500 0.206729 0.209722 0.197225 0.0 0.0 0.0 0.203349 0.211053 0.197329 0.211181 0.208281 0.197085
37500 0.211263 0.204456 0.199371 0.0 0.0 0.0 0.211181 0.208281 0.197085 0.211317 0.202016 0.200965
37500 0.204009 0.211712 0.200459 0.0 0.0 0.0 0.204942 0.212979 0.204908 0.203349 0.211053 0.197329
37500 0.213373 0.215134 0.197565 0.0 0.0 0.0 0.214078 0.214837 0.201679 0.212703 0.215679 0.193671
37500 0.205852 0.215475 0.190276 0.0 0.0 0.0 0.205605 0.209718 0.188144 0.206004 0.219322 0.191616
37500 0.210044 0.21779 0.196606 0.0 0.0 0.0 0.206977 0.220514 0.199983 0.212703 0.215679 0.193671
37500 0.216977 0.209593 0.193044 0.0 0.0 0.0 0.218824 0.211361 0.196107 0.215234 0.208193 0.190159
37500 0.216886 0.202135 0.194777 0.0 0.0 0.0 0.214024 0.201667 0.195564 0.221649 0.203277 0.193461
37500 0.215195 0.209762 0.196573 0.0 0.0 0.0 0.218824 0.211361 0.196107 0.211181 0.208281 0.197085
37500 0.215875 0.215534 0.191181 0.0 0.0 0.0 0.220582 0.215657 0.187477 0.212703 0.215679 0.193671
37500 0.214209 0.207293 0.200141 0.0 0.0 0.0 0.217989 0.206363 0.203958 0.211181 0.208281 0.197085
37500 0.216566 0.217951 0.194639 0.0 0.0 0.0 0.21968 0.220022 0.195458 0.212703 0.215679 0.193671
37500 0.210165 0.202821 0.204177 0.0 0.0 0.0 0.208038 0.204689 0.210088 0.211317 0.202016 0.200965
37500 0.208462 0.203117 0.201017 0.0 0.0 0.0 0.211317 0.202016 0.200965 0.204652 0.204902 0.201081
37500 0.206075 0.204677 0.204864 0.0 0.0 0.0 0.208038 0.204689 0.210088 0.204652 0.204902 0.201081
37500 0.207133 0.210025 0.212343 0.0 0.0 0.0 0.208038 0.204689 0.210088 0.206405 0.214537 0.214143
37500 0.204788 0.208507 0.202855 0.0 0.0 0.0 0.204942 0.212979 0.204908 0.204652 0.204902 0.201081
37500 0.205693 0.21364 0.209636 0.0 0.0 0.0 0.206405 0.214537 0.214143 0.204942 0.212979 0.204908
37500 0.209768 0.213824 0.203205 0.0 0.0 0.0 0.214078 0.214837 0.201679 0.204942 0.212979 0.204908
37500 0.210681 0.217419 0.200869 0.0 0.0 0.0 0.214078 0.214837 0.201679 0.206977 0.220514 0.199983
37500 0.209239 0.215323 0.21082 0.0 0.0 0.0 0.206405 0.214537 0.214143 0.211284 0.216126 0.208414
37500 0.204905 0.218025 0.217238 0.0 0.0 0.0 0.206405 0.214537 0.214143 0.203439 0.221691 0.220248
37500 0.209214 0.218424 0.215444 0.0 0.0 0.0 0.212857 0.223784 0.217128 0.206405 0.214537 0.214143
37500 0.211894 0.199655 0.210713 0.0 0.0 0.0 0.208038 0.204689 0.210088 0.21638 0.194087 0.211436
37500 0.21371 0.203438 0.20204 0.0 0.0 0.0 0.217989 0.206363 0.203958 0.211317 0.202016 0.200965
37500 0.213087 0.205402 0.206982 0.0 0.0 0.0 0.208038 0.204689 0.210088 0.217989 0.206363 0.203958
37500 0.215783 0.211012 0.202673 0.0 0.0 0.0 0.214078 0.214837 0.201679 0.217989 0.206363 0.203958
37500 0.212679 0.204926 0.213172 0.0 0.0 0.0 0.208038 0.204689 0.210088 0.217692 0.205465 0.216502
37500 0.215712 0.213213 0.210791 0.0 0.0 0.0 0.214137 0.210789 0.210066 0.217905 0.216923 0.211798
37500 0.218171 0.215344 0.202276 0.0 0.0 0.0 0.214078 0.214837 0.201679 0.224603 0.216491 0.20321
37500 0.20442 0.203696 0.217975 0.0 0.0 0.0 0.201998 0.200837 0.216294 0.207375 0.207491 0.220024
37500 0.207263 0.217602 0.184796 0.0 0.0 0.0 0.211321 0.217645 0.186455 0.203393 0.217827 0.183214
37500 0.219888 0.204628 0.19852 0.0 0.0 0.0 0.217989 0.206363 0.203958 0.221649 0.203277 0.193461
