# ts x y z Fx Fy Fz x1 y1 z1 x2 y2 z2
4206250 0.182162 0.178784 0.198356 -8.06312 9.7305 1.99717 0.186041 0.175382 0.197405 0.17765 0.182741 0.199462
4206250 0.185875 0.197393 0.187842 1.69849 0.568292 1.36264 0.182555 0.196398 0.185976 0.189419 0.198455 0.189834
4206250 0.183406 0.194645 0.197064 -12.6043 6.91313 1.76055 0.187186 0.192537 0.195818 0.180635 0.19619 0.197978
4206250 0.188984 0.200894 0.198076 -12.8897 9.26713 -7.58867 0.192883 0.198724 0.199597 0.184838 0.203201 0.196458
4206250 0.194502 0.183424 0.181394 7.09474 7.96582 -0.919741 0.191361 0.180773 0.181455 0.197053 0.185578 0.181344
4206250 0.198198 0.188043 0.183282 -6.50778 -9.95384 -10.6713 0.199558 0.190972 0.185583 0.197053 0.185578 0.181344
4206250 0.194073 0.179952 0.190192 -3.81288 -7.85361 7.46912 0.195724 0.182938 0.188077 0.192637 0.177357 0.19203
4206250 0.185894 0.180626 0.191105 1.58292 6.72019 4.23109 0.185731 0.177882 0.189153 0.1861 0.18411 0.193582
4206250 0.192963 0.18573 0.187236 -2.62057 3.05864 -0.277944 0.195724 0.182938 0.188077 0.189198 0.189536 0.186089
4206250 0.198056 0.184098 0.191132 5.15404 4.04373 9.4404 0.195724 0.182938 0.188077 0.200956 0.185541 0.194932
4206250 0.188225 0.181504 0.214178 13.5806 15.4499 8.88851 0.185291 0.179022 0.212103 0.191802 0.184531 0.216708
4206250 0.197736 0.191986 0.188956 -9.1848 9.24907 19.1384 0.199558 0.190972 0.185583 0.195663 0.193141 0.192797
4206250 0.192428 0.195894 0.191262 -9.21173 5.80322 -2.95874 0.195663 0.193141 0.192797 0.189419 0.198455 0.189834
4206250 0.196653 0.196242 0.189667 -1.20877 -13.5807 13.7844 0.197714 0.199568 0.186312 0.195663 0.193141 0.192797
4206250 0.194303 0.195872 0.196124 14.0619 -16.8105 -25.4292 0.192883 0.198724 0.199597 0.195663 0.193141 0.192797
4206250 0.195102 0.196307 0.202981 8.15521 -7.91066 8.60533 0.192883 0.198724 0.199597 0.196702 0.194563 0.205422
4206250 0.192686 0.199642 0.204217 0.714923 4.15306 12.4395 0.192883 0.198724 0.199597 0.192494 0.200535 0.208714
4206250 0.196272 0.201236 0.197488 0.158383 0.165747 -0.129669 0.192883 0.198724 0.199597 0.200095 0.20407 0.195109
4206250 0.198177 0.189532 0.193811 -16.1656 33.1668 -10.5485 0.200956 0.185541 0.194932 0.195663 0.193141 0.192797
4206250 0.20247 0.19279 0.183598 12.6471 10.7819 -7.71579 0.199558 0.190972 0.185583 0.20745 0.195901 0.180202
4206250 0.20308 0.190171 0.187223 4.26907 -0.211848 2.02186 0.199558 0.190972 0.185583 0.20679 0.189327 0.188951
4206250 0.199136 0.202878 0.183076 4.89939 13.6617 -9.52197 0.197714 0.199568 0.186312 0.200538 0.206142 0.179887
4206250 0.18913 0.197628 0.209846 13.5122 15.7074 -3.83742 0.186177 0.195076 0.21084 0.192494 0.200535 0.208714
4206250 0.19966 0.190528 0.21646 -4.79628 -10.6576 15.2125 0.200734 0.192558 0.21226 0.198871 0.189035 0.21955
4206250 0.200801 0.181152 0.192557 0.962384 -6.5922 -3.71948 0.200956 0.185541 0.194932 0.200693 0.178132 0.190923
4206250 0.21026 0.183934 0.192349 7.87837 7.10177 7.05882 0.207714 0.181133 0.190502 0.212732 0.186653 0.194143
4206250 0.20212 0.182807 0.198944 5.66942 -7.14344 12.6465 0.200956 0.185541 0.194932 0.203014 0.180706 0.202028
4206250 0.204344 0.186614 0.198438 21.508 3.76256 16.7994 0.200956 0.185541 0.194932 0.207106 0.187488 0.201297
4206250 0.211243 0.190463 0.19406 1.06743 -2.75213 -0.410942 0.210124 0.193325 0.193997 0.212732 0.186653 0.194143
4206250 0.21429 0.189201 0.191349 -3.256 -6.78243 5.30501 0.216143 0.19223 0.188028 0.212732 0.186653 0.194143
4206250 0.205891 0.180463 0.204554 -10.8487 3.15873 -9.04776 0.208957 0.180204 0.207247 0.203014 0.180706 0.202028
4206250 0.206752 0.187233 0.205346 0.898151 -1.13821 -11.8422 0.206465 0.187026 0.208629 0.207106 0.187488 0.201297
4206250 0.200921 0.179106 0.210482 0.0 0.0 0.0 0.2008 0.183126 0.212616 0.201051 0.174438 0.208129
4206250 0.208083 0.185445 0.211035 3.12095 -4.52287 4.98742 0.206465 0.187026 0.208629 0.209556 0.184006 0.213226
4206250 0.204112 0.185406 0.210285 -15.4605 -11.6716 7.55062 0.206465 0.187026 0.208629 0.2008 0.183126 0.212616
4206250 0.210707 0.189385 0.201405 -22.1344 -15.1942 -3.62891 0.215468 0.191892 0.201548 0.207106 0.187488 0.201297
4206250 0.207065 0.190187 0.207888 2.0283 15.7584 -6.2445 0.206465 0.187026 0.208629 0.207839 0.194262 0.206933
4206250 0.205219 0.196881 0.198696 -2.81658 -3.1682 0.993744 0.208789 0.199909 0.197978 0.201806 0.193986 0.199382
4206250 0.208711 0.19163 0.191858 -2.86855 -4.96115 -6.90846 0.210124 0.193325 0.193997 0.20679 0.189327 0.188951
4206250 0.212638 0.195062 0.194327 7.1255 3.89017 -0.0941546 0.210124 0.193325 0.193997 0.215167 0.19681 0.194659
4206250 0.209599 0.195917 0.195564 -0.737355 5.92763 2.46721 0.210124 0.193325 0.193997 0.208789 0.199909 0.197978
4206250 0.218071 0.195763 0.194828 -11.6407 2.46699 -1.62471 0.221937 0.194369 0.195054 0.215167 0.19681 0.194659
4206250 0.211207 0.193215 0.204555 -48.604 10.5383 24.2498 0.215468 0.191892 0.201548 0.207839 0.194262 0.206933
4206250 0.217338 0.188035 0.204801 -19.6805 47.1878 -27.7723 0.219012 0.184582 0.207712 0.215468 0.191892 0.201548
4206250 0.207072 0.193197 0.21862 27.8211 -19.191 -6.94579 0.203912 0.195307 0.220053 0.210775 0.190723 0.21694
4206250 0.207136 0.196742 0.210319 0.162957 -11.4771 -14.969 0.206486 0.199038 0.213455 0.207839 0.194262 0.206933
4206250 0.205219 0.197201 0.216704 2.90974 4.01247 -5.21681 0.203912 0.195307 0.220053 0.206486 0.199038 0.213455
4206250 0.20378 0.183791 0.216123 5.26655 2.55451 7.60047 0.2008 0.183126 0.212616 0.205992 0.184284 0.218726
4206250 0.202453 0.194045 0.216476 0.415389 0.297618 0.678558 0.200734 0.192558 0.21226 0.203912 0.195307 0.220053
4206250 0.194564 0.192345 0.206859 7.02495 7.94206 -7.10685 0.191919 0.189599 0.208636 0.196702 0.194563 0.205422
4206250 0.188986 0.192397 0.209762 -6.34633 5.89874 0.981764 0.191919 0.189599 0.208636 0.186177 0.195076 0.21084
4206250 0.208876 0.187174 0.18604 -1.8823 2.14066 3.79195 0.211574 0.184389 0.182274 0.20679 0.189327 0.188951
4206250 0.191867 0.187363 0.212198 -2.50592 -11.0444 14.29 0.191919 0.189599 0.208636 0.191802 0.184531 0.216708
4206250 0.199201 0.181153 0.196541 -3.4347 -13.4495 3.26428 0.200956 0.185541 0.194932 0.198065 0.178314 0.197583
4206250 0.195628 0.181572 0.218936 -15.284 9.46767 -5.67624 0.199134 0.17886 0.220977 0.191802 0.184531 0.216708
4206250 0.211222 0.181403 0.204062 -10.6099 -9.58742 17.0297 0.213398 0.182554 0.201002 0.208957 0.180204 0.207247
4206250 0.181804 0.20027 0.193748 1.72453 2.44753 1.98971 0.179965 0.198492 0.192105 0.184838 0.203201 0.196458
4206250 0.19873 0.193563 0.196085 3.43491 -0.0577415 4.70911 0.195663 0.193141 0.192797 0.201806 0.193986 0.199382
4206250 0.219134 0.193296 0.197868 -24.9492 -6.24574 31.6954 0.221937 0.194369 0.195054 0.215468 0.191892 0.201548
4206250 0.205314 0.192991 0.190316 0.00106249 -0.00408353 -0.00100101 0.203935 0.196413 0.191592 0.20679 0.189327 0.188951
4206250 0.215145 0.18728 0.208712 -5.63912 5.39185 2.09541 0.219012 0.184582 0.207712 0.212585 0.189067 0.209374
4206250 0.194051 0.201891 0.184155 -1.96714 0.930141 -0.795221 0.197714 0.199568 0.186312 0.191305 0.203633 0.182539
4206250 0.210309 0.184977 0.201147 -9.62387 5.9853 -0.894782 0.213398 0.182554 0.201002 0.207106 0.187488 0.201297
4206250 0.217276 0.18028 0.206402 -3.77572 -12.1249 -1.76796 0.219012 0.184582 0.207712 0.215994 0.177103 0.205433
4206250 0.211041 0.199373 0.184794 4.78887 6.64201 6.36214 0.20745 0.195901 0.180202 0.213812 0.202054 0.188339
4206250 0.210342 0.198832 0.212658 4.00234 -0.585616 -1.40821 0.206486 0.199038 0.213455 0.216692 0.198494 0.211346
4206250 0.202949 0.195289 0.195197 -0.000667546 -0.00213485 0.00540403 0.203935 0.196413 0.191592 0.201806 0.193986 0.199382
4206250 0.204132 0.187602 0.191675 4.14534 2.11748 -3.01561 0.200956 0.185541 0.194932 0.20679 0.189327 0.188951
4206250 0.201159 0.19782 0.189236 0.0 0.0 -0.0 0.197714 0.199568 0.186312 0.203935 0.196413 0.191592
4206250 0.204686 0.199831 0.189862 0.000196236 0.00470522 -0.00252399 0.203935 0.196413 0.191592 0.205317 0.202703 0.188409
4206250 0.203847 0.17948 0.190734 -5.73173 -3.47127 0.873679 0.207714 0.181133 0.190502 0.200693 0.178132 0.190923
4206250 0.197385 0.180179 0.185675 0.785816 -0.913323 -0.762217 0.195724 0.182938 0.188077 0.199465 0.176723 0.182666
4206250 0.211461 0.179236 0.183903 -0.539261 3.70377 -1.18544 0.21136 0.174595 0.18537 0.211574 0.184389 0.182274
4206250 0.219168 0.178552 0.196291 -4.77032 -10.2335 -1.44465 0.222602 0.183961 0.196515 0.215557 0.172865 0.196055
4206250 0.21476 0.179695 0.203327 2.43229 -4.81073 2.77706 0.213398 0.182554 0.201002 0.215994 0.177103 0.205433
4206250 0.213071 0.184563 0.197642 -0.00900646 2.83475 -6.65636 0.213398 0.182554 0.201002 0.212732 0.186653 0.194143
4206250 0.215277 0.195016 0.197172 -2.90783 18.3056 -36.4751 0.215468 0.191892 0.201548 0.215167 0.19681 0.194659
4206250 0.194452 0.202921 0.201056 10.1396 25.1814 4.32455 0.192883 0.198724 0.199597 0.195469 0.205642 0.202001
4206250 0.20796 0.180177 0.194597 -0.00377457 -1.15996 2.93334 0.207714 0.181133 0.190502 0.208139 0.179481 0.197573
4206250 0.210442 0.180827 0.199075 2.77466 2.36968 1.92369 0.208139 0.179481 0.197573 0.213398 0.182554 0.201002
4206250 0.195005 0.178952 0.182 -19.7348 7.37534 -0.300813 0.199465 0.176723 0.182666 0.191361 0.180773 0.181455
4206250 0.186653 0.201369 0.188606 -6.73752 8.14726 -5.00288 0.189419 0.198455 0.189834 0.183913 0.204255 0.18739
4206250 0.201521 0.181177 0.183793 0.200798 0.576339 0.225732 0.199465 0.176723 0.182666 0.202956 0.184287 0.18458
4206250 0.196766 0.184394 0.205776 -6.75052 -10.1772 2.02168 0.199568 0.187475 0.204858 0.193592 0.180904 0.206816
4206250 0.203424 0.187482 0.203037 10.2616 -1.76241 -5.42288 0.199568 0.187475 0.204858 0.207106 0.187488 0.201297
4206250 0.200117 0.18987 0.208345 -0.341454 -1.60486 -3.352 0.200734 0.192558 0.21226 0.199568 0.187475 0.204858
4206250 0.200655 0.190809 0.202199 0.0 0.0 0.0 0.199568 0.187475 0.204858 0.201806 0.193986 0.199382
4206250 0.189794 0.191886 0.205815 -2.32415 2.05639 -3.743 0.191919 0.189599 0.208636 0.18813 0.193676 0.203606
4206250 0.19696 0.19755 0.218361 0.581851 3.4187 -6.06893 0.196427 0.195437 0.221102 0.197531 0.199814 0.215424
4206250 0.198938 0.196625 0.214033 -5.1553 13.1594 3.24997 0.200734 0.192558 0.21226 0.197531 0.199814 0.215424
4206250 0.204708 0.186589 0.186576 0.369248 0.546306 0.320991 0.202956 0.184287 0.18458 0.20679 0.189327 0.188951
4206250 0.216576 0.185605 0.195067 -3.01785 0.781572 -0.21766 0.222602 0.183961 0.196515 0.212732 0.186653 0.194143
4206250 0.18358 0.193462 0.208218 6.20755 4.58359 4.87892 0.180514 0.191556 0.205121 0.186177 0.195076 0.21084
4206250 0.188341 0.195599 0.192722 0.698078 4.85229 -4.91278 0.187186 0.192537 0.195818 0.189419 0.198455 0.189834
4206250 0.204622 0.18315 0.192529 -9.97489 4.8712 7.9481 0.207714 0.181133 0.190502 0.200956 0.185541 0.194932
4206250 0.186629 0.188216 0.194672 0.0166584 -7.41142 -1.21706 0.187186 0.192537 0.195818 0.1861 0.18411 0.193582
4206250 0.213279 0.194011 0.214573 3.31327 6.54413 -4.43763 0.210775 0.190723 0.21694 0.216692 0.198494 0.211346
4206250 0.215021 0.196959 0.188178 -0.0414739 0.549266 0.0279592 0.216143 0.19223 0.188028 0.213812 0.202054 0.188339
4206250 0.197973 0.191419 0.205172 -1.58244 4.81015 -0.35723 0.199568 0.187475 0.204858 0.196702 0.194563 0.205422
4206250 0.199929 0.184949 0.18292 -0.503566 0.201234 -0.341051 0.202956 0.184287 0.18458 0.197053 0.185578 0.181344
4206250 0.189969 0.19556 0.197664 3.34015 5.17233 3.03928 0.187186 0.192537 0.195818 0.192883 0.198724 0.199597
4206250 0.209499 0.18119 0.214281 0.51886 -4.1556 1.19655 0.209556 0.184006 0.213226 0.209373 0.174944 0.21662
4206250 0.182304 0.198974 0.197374 6.54093 10.8071 -0.31851 0.180635 0.19619 0.197978 0.184838 0.203201 0.196458
4206250 0.206352 0.184327 0.183671 -0.674522 -0.0838785 0.270967 0.211574 0.184389 0.182274 0.202956 0.184287 0.18458
4206250 0.204495 0.19346 0.20944 15.2365 2.49688 -15.2333 0.200734 0.192558 0.21226 0.207839 0.194262 0.206933
4206250 0.183305 0.191518 0.193768 -4.90306 -2.09311 -3.39694 0.187186 0.192537 0.195818 0.179164 0.19043 0.19158
4206250 0.218725 0.188272 0.199251 -6.05084 9.24225 6.37675 0.222602 0.183961 0.196515 0.215468 0.191892 0.201548
4206250 0.189323 0.194582 0.188208 -0.937691 10.8832 3.11651 0.189198 0.189536 0.186089 0.189419 0.198455 0.189834
4206250 0.210028 0.186606 0.214664 0.193584 0.572527 0.262339 0.209556 0.184006 0.213226 0.210775 0.190723 0.21694
4206250 0.192698 0.185552 0.207789 0.170361 -4.12645 -1.13326 0.191919 0.189599 0.208636 0.193592 0.180904 0.206816
4206250 0.207578 0.183978 0.208011 0.580294 -2.52595 -0.775952 0.206465 0.187026 0.208629 0.208957 0.180204 0.207247
4206250 0.200767 0.187773 0.212441 -0.0913943 -6.44707 -0.774377 0.200734 0.192558 0.21226 0.2008 0.183126 0.212616
4206250 0.216023 0.194885 0.20599 -1.16146 -5.3019 -5.73187 0.216692 0.198494 0.211346 0.215468 0.191892 0.201548
4206250 0.199987 0.181045 0.216695 0.0037318 0.0824216 -0.146469 0.199134 0.17886 0.220977 0.2008 0.183126 0.212616
4206250 0.198376 0.19373 0.208262 -3.51831 1.74035 -8.70351 0.200734 0.192558 0.21226 0.196702 0.194563 0.205422
4206250 0.196056 0.187242 0.218419 3.02542 2.62354 1.72417 0.191802 0.184531 0.216708 0.198871 0.189035 0.21955
4206250 0.186074 0.180188 0.1953 -0.236564 -1.78011 0.567343 0.1861 0.18411 0.193582 0.186041 0.175382 0.197405
4206250 0.197726 0.179712 0.213318 16.5586 18.3039 -7.91246 0.195557 0.177304 0.213813 0.2008 0.183126 0.212616
4206250 0.201384 0.183991 0.203367 0.0 0.0 0.0 0.199568 0.187475 0.204858 0.203014 0.180706 0.202028
4206250 0.210552 0.191292 0.208328 -3.03701 2.41007 -1.58235 0.212585 0.189067 0.209374 0.207839 0.194262 0.206933
4206250 0.211859 0.189731 0.21241 -0.809259 0.311056 4.72365 0.212585 0.189067 0.209374 0.210775 0.190723 0.21694
4206250 0.212647 0.198034 0.19597 0.666773 -0.477447 -0.432779 0.208789 0.199909 0.197978 0.215167 0.19681 0.194659
4206250 0.204694 0.201869 0.196627 -0.648439 0.386915 -0.120503 0.208789 0.199909 0.197978 0.200095 0.20407 0.195109
4206250 0.20725 0.185246 0.189723 -0.324376 6.10879 -0.236738 0.207714 0.181133 0.190502 0.20679 0.189327 0.188951
4206250 0.216895 0.183089 0.199297 -24.8563 0.303651 10.3864 0.222602 0.183961 0.196515 0.213398 0.182554 0.201002
4206250 0.207041 0.191833 0.185616 -0.733379 -5.74745 5.57632 0.20745 0.195901 0.180202 0.20679 0.189327 0.188951
4206250 0.205865 0.180025 0.19955 -0.815055 0.380836 0.836759 0.208139 0.179481 0.197573 0.203014 0.180706 0.202028
4206250 0.185014 0.192808 0.204226 6.96292 2.2164 -2.61763 0.180514 0.191556 0.205121 0.18813 0.193676 0.203606
4206250 0.190085 0.195752 0.201957 -4.29114 -6.24128 3.57975 0.192883 0.198724 0.199597 0.18813 0.193676 0.203606
4206250 0.212319 0.183892 0.214409 5.00516 0.145105 1.33148 0.209556 0.184006 0.213226 0.216016 0.183739 0.215991
4206250 0.190226 0.183136 0.200112 -1.40891 1.90746 1.47562 0.192273 0.181032 0.19869 0.187393 0.186049 0.20208
4206250 0.18746 0.186491 0.190294 0.568045 2.05584 -2.65433 0.1861 0.18411 0.193582 0.189198 0.189536 0.186089
4206250 0.182617 0.183546 0.196006 -5.25927 -0.736748 2.52768 0.1861 0.18411 0.193582 0.17765 0.182741 0.199462
4206250 0.191419 0.192839 0.194309 13.4145 2.99302 -6.14605 0.187186 0.192537 0.195818 0.195663 0.193141 0.192797
4206250 0.18325 0.184643 0.200967 15.8059 8.1873 3.41346 0.17765 0.182741 0.199462 0.187393 0.186049 0.20208
4206250 0.190387 0.183564 0.204368 -7.76705 9.11679 -6.26448 0.193592 0.180904 0.206816 0.187393 0.186049 0.20208
4206250 0.19274 0.191512 0.189765 13.2253 8.76179 10.6074 0.189198 0.189536 0.186089 0.195663 0.193141 0.192797
4206250 0.198849 0.201714 0.190504 0.100808 0.296777 0.406556 0.197714 0.199568 0.186312 0.200095 0.20407 0.195109
4206250 0.209578 0.188064 0.209008 3.29913 0.852956 -0.0953685 0.206465 0.187026 0.208629 0.212585 0.189067 0.209374
4206250 0.189884 0.178866 0.198197 0.595367 0.686763 0.042793 0.186041 0.175382 0.197405 0.192273 0.181032 0.19869
4206250 0.195182 0.179667 0.198134 2.23289 -1.47466 -0.662468 0.192273 0.181032 0.19869 0.198065 0.178314 0.197583
4206250 0.200327 0.179407 0.199615 -3.67288 -2.70951 -4.30189 0.203014 0.180706 0.202028 0.198065 0.178314 0.197583
4206250 0.196449 0.184379 0.184401 1.45897 6.16817 -10.7656 0.195724 0.182938 0.188077 0.197053 0.185578 0.181344
4206250 0.187289 0.189297 0.198945 -0.00519248 -9.34183 6.54035 0.187186 0.192537 0.195818 0.187393 0.186049 0.20208
4206250 0.198891 0.194316 0.202831 -3.33628 0.275556 2.87131 0.201806 0.193986 0.199382 0.196702 0.194563 0.205422
4206250 0.213913 0.188915 0.19734 1.66142 4.73346 4.87556 0.212732 0.186653 0.194143 0.215468 0.191892 0.201548
4206250 0.184991 0.183348 0.211564 0.0 -0.0 -0.0 0.185291 0.179022 0.212103 0.184732 0.187091 0.211098
4206250 0.190047 0.185438 0.194581 -0.0281258 -0.0142122 -0.0102262 0.192909 0.186401 0.195305 0.1861 0.18411 0.193582
4206250 0.194763 0.17876 0.210983 -1.02245 3.50376 -8.53404 0.195557 0.177304 0.213813 0.193592 0.180904 0.206816
4206250 0.193392 0.188227 0.197771 0.00018828 0.00298813 0.00321095 0.192909 0.186401 0.195305 0.193919 0.190224 0.200468
4206250 0.195995 0.186071 0.195162 0.0588341 -0.0143223 -0.00818874 0.192909 0.186401 0.195305 0.200956 0.185541 0.194932
4206250 0.191117 0.188432 0.20116 8.02578e-05 6.78169e-05 -1.21622e-05 0.187393 0.186049 0.20208 0.193919 0.190224 0.200468
4206250 0.189736 0.187887 0.205474 -6.20009 -4.80872 -6.50143 0.191919 0.189599 0.208636 0.187393 0.186049 0.20208
4206250 0.196423 0.189006 0.202414 -0.00121595 0.000778418 -0.000763026 0.199568 0.187475 0.204858 0.193919 0.190224 0.200468
4206250 0.192353 0.191596 0.212315 0.000205748 0.000807889 0.00229046 0.191919 0.189599 0.208636 0.192721 0.193291 0.215436
4206250 0.192352 0.189776 0.215947 0.0 -0.0 0.0 0.191802 0.184531 0.216708 0.192721 0.193291 0.215436
4206250 0.204596 0.190565 0.20039 1.69897 -2.6959 0.387256 0.201806 0.193986 0.199382 0.207106 0.187488 0.201297
4206250 0.210504 0.203906 0.199857 0.000980423 0.00414249 0.00189571 0.208789 0.199909 0.197978 0.211599 0.20646 0.201057
4206250 0.182473 0.183021 0.191304 0.0 0.0 0.0 0.1861 0.18411 0.193582 0.178574 0.181421 0.188863
4206250 0.180582 0.194489 0.200904 0.0 0.0 0.0 0.180514 0.191556 0.205121 0.180635 0.19619 0.197978
4206250 0.182826 0.187291 0.192632 0.0 0.0 0.0 0.1861 0.18411 0.193582 0.179164 0.19043 0.19158
4206250 0.183853 0.190214 0.189007 0.0 0.0 0.0 0.189198 0.189536 0.186089 0.179164 0.19043 0.19158
4206250 0.182858 0.189273 0.208452 0.0 0.0 0.0 0.180514 0.191556 0.205121 0.184732 0.187091 0.211098
4206250 0.187662 0.186234 0.21343 0.0 0.0 0.0 0.191802 0.184531 0.216708 0.184732 0.187091 0.211098
4206250 0.185939 0.186821 0.20699 0.0 0.0 0.0 0.187393 0.186049 0.20208 0.184732 0.187091 0.211098
4206250 0.188127 0.188482 0.209935 0.0 0.0 0.0 0.191919 0.189599 0.208636 0.184732 0.187091 0.211098
4206250 0.185425 0.19116 0.210975 0.0 0.0 0.0 0.186177 0.195076 0.21084 0.184732 0.187091 0.211098
4206250 0.184039 0.188932 0.203558 0.0 0.0 0.0 0.180514 0.191556 0.205121 0.187393 0.186049 0.20208
4206250 0.193569 0.182073 0.184801 0.0 0.0 0.0 0.195724 0.182938 0.188077 0.191361 0.180773 0.181455
4206250 0.198014 0.182249 0.181865 0.0 0.0 0.0 0.199465 0.176723 0.182666 0.197053 0.185578 0.181344
4206250 0.190431 0.184734 0.183436 0.0 0.0 0.0 0.189198 0.189536 0.186089 0.191361 0.180773 0.181455
4206250 0.192448 0.179461 0.19547 0.0 0.0 0.0 0.192637 0.177357 0.19203 0.192273 0.181032 0.19869
4206250 0.189601 0.182565 0.196477 0.0 0.0 0.0 0.1861 0.18411 0.193582 0.192273 0.181032 0.19869
4206250 0.192806 0.181182 0.201965 0.0 0.0 0.0 0.192273 0.181032 0.19869 0.193592 0.180904 0.206816
4206250 0.19414 0.18508 0.192136 0.0 0.0 0.0 0.192909 0.186401 0.195305 0.195724 0.182938 0.188077
4206250 0.197656 0.187181 0.186819 0.0 0.0 0.0 0.195724 0.182938 0.188077 0.199558 0.190972 0.185583
4206250 0.192602 0.183972 0.196942 0.0 0.0 0.0 0.192909 0.186401 0.195305 0.192273 0.181032 0.19869
4206250 0.186723 0.185256 0.197711 0.0 0.0 0.0 0.1861 0.18411 0.193582 0.187393 0.186049 0.20208
4206250 0.199585 0.183862 0.186203 0.0 0.0 0.0 0.195724 0.182938 0.188077 0.202956 0.184287 0.18458
4206250 0.198406 0.180552 0.189605 0.0 0.0 0.0 0.195724 0.182938 0.188077 0.200693 0.178132 0.190923
4206250 0.189232 0.180121 0.209592 0.0 0.0 0.0 0.185291 0.179022 0.212103 0.193592 0.180904 0.206816
4206250 0.19413 0.18026 0.214917 0.0 0.0 0.0 0.195557 0.177304 0.213813 0.191802 0.184531 0.216708
4206250 0.192741 0.182831 0.211521 0.0 0.0 0.0 0.191802 0.184531 0.216708 0.193592 0.180904 0.206816
4206250 0.197269 0.182236 0.209773 0.0 0.0 0.0 0.2008 0.183126 0.212616 0.193592 0.180904 0.206816
4206250 0.196612 0.183981 0.214527 0.0 0.0 0.0 0.2008 0.183126 0.212616 0.191802 0.184531 0.216708
4206250 0.203155 0.182236 0.219664 0.0 0.0 0.0 0.199134 0.17886 0.220977 0.205992 0.184284 0.218726
4206250 0.194077 0.187279 0.183135 0.0 0.0 0.0 0.189198 0.189536 0.186089 0.197053 0.185578 0.181344
4206250 0.198325 0.191458 0.181482 0.0 0.0 0.0 0.199558 0.190972 0.185583 0.197209 0.191518 0.17779
4206250 0.197824 0.199008 0.1815 0.0 0.0 0.0 0.197893 0.198302 0.178282 0.197714 0.199568 0.186312
4206250 0.190575 0.189091 0.195496 0.0 0.0 0.0 0.192909 0.186401 0.195305 0.187186 0.192537 0.195818
4206250 0.194032 0.189331 0.194264 0.0 0.0 0.0 0.192909 0.186401 0.195305 0.195663 0.193141 0.192797
4206250 0.195207 0.190567 0.18579 0.0 0.0 0.0 0.199558 0.190972 0.185583 0.189198 0.189536 0.186089
4206250 0.188093 0.191381 0.191419 0.0 0.0 0.0 0.187186 0.192537 0.195818 0.189198 0.189536 0.186089
4206250 0.19873 0.195038 0.185907 0.0 0.0 0.0 0.197714 0.199568 0.186312 0.199558 0.190972 0.185583
4206250 0.191053 0.198776 0.194431 0.0 0.0 0.0 0.192883 0.198724 0.199597 0.189419 0.198455 0.189834
4206250 0.193274 0.199168 0.188192 0.0 0.0 0.0 0.197714 0.199568 0.186312 0.189419 0.198455 0.189834
4206250 0.190662 0.186444 0.198048 0.0 0.0 0.0 0.192909 0.186401 0.195305 0.187393 0.186049 0.20208
4206250 0.191031 0.191401 0.198453 0.0 0.0 0.0 0.187186 0.192537 0.195818 0.193919 0.190224 0.200468
4206250 0.187729 0.193394 0.200315 0.0 0.0 0.0 0.187186 0.192537 0.195818 0.18813 0.193676 0.203606
4206250 0.194673 0.191657 0.197159 0.0 0.0 0.0 0.195663 0.193141 0.192797 0.193919 0.190224 0.200468
4206250 0.193493 0.193962 0.200088 0.0 0.0 0.0 0.192883 0.198724 0.199597 0.193919 0.190224 0.200468
4206250 0.190435 0.201431 0.185913 0.0 0.0 0.0 0.189419 0.198455 0.189834 0.191305 0.203633 0.182539
4206250 0.186075 0.19778 0.196117 0.0 0.0 0.0 0.187186 0.192537 0.195818 0.184838 0.203201 0.196458
4206250 0.187333 0.200814 0.19285 0.0 0.0 0.0 0.189419 0.198455 0.189834 0.184838 0.203201 0.196458
4206250 0.194629 0.203525 0.188213 0.0 0.0 0.0 0.197714 0.199568 0.186312 0.191769 0.206811 0.189985
4206250 0.201364 0.187629 0.185042 0.0 0.0 0.0 0.199558 0.190972 0.185583 0.202956 0.184287 0.18458
4206250 0.201251 0.189181 0.18163 0.0 0.0 0.0 0.199558 0.190972 0.185583 0.202587 0.18741 0.178502
4206250 0.201771 0.198235 0.18376 0.0 0.0 0.0 0.197714 0.199568 0.186312 0.20745 0.195901 0.180202
4206250 0.201766 0.193911 0.188608 0.0 0.0 0.0 0.203935 0.196413 0.191592 0.199558 0.190972 0.185583
4206250 0.2001 0.19509 0.192146 0.0 0.0 0.0 0.203935 0.196413 0.191592 0.195663 0.193141 0.192797
4206250 0.197434 0.196501 0.199484 0.0 0.0 0.0 0.192883 0.198724 0.199597 0.201806 0.193986 0.199382
4206250 0.20225 0.201631 0.187558 0.0 0.0 0.0 0.197714 0.199568 0.186312 0.205317 0.202703 0.188409
4206250 0.197097 0.200267 0.202431 0.0 0.0 0.0 0.192883 0.198724 0.199597 0.20184 0.201598 0.205623
4206250 0.187816 0.190659 0.202962 0.0 0.0 0.0 0.187393 0.186049 0.20208 0.18813 0.193676 0.203606
4206250 0.195718 0.188742 0.206759 0.0 0.0 0.0 0.191919 0.189599 0.208636 0.199568 0.187475 0.204858
4206250 0.190985 0.192162 0.202049 0.0 0.0 0.0 0.18813 0.193676 0.203606 0.193919 0.190224 0.200468
4206250 0.19303 0.190128 0.204103 0.0 0.0 0.0 0.191919 0.189599 0.208636 0.193919 0.190224 0.200468
4206250 0.195316 0.192574 0.202931 0.0 0.0 0.0 0.196702 0.194563 0.205422 0.193919 0.190224 0.200468
4206250 0.187248 0.194505 0.20686 0.0 0.0 0.0 0.186177 0.195076 0.21084 0.18813 0.193676 0.203606
4206250 0.189642 0.194331 0.213276 0.0 0.0 0.0 0.186177 0.195076 0.21084 0.192721 0.193291 0.215436
4206250 0.195065 0.196668 0.215431 0.0 0.0 0.0 0.192721 0.193291 0.215436 0.197531 0.199814 0.215424
4206250 0.194589 0.194572 0.218297 0.0 0.0 0.0 0.196427 0.195437 0.221102 0.192721 0.193291 0.215436
4206250 0.195818 0.191349 0.217505 0.0 0.0 0.0 0.192721 0.193291 0.215436 0.198871 0.189035 0.21955
4206250 0.186218 0.197522 0.214362 0.0 0.0 0.0 0.186177 0.195076 0.21084 0.18629 0.200584 0.219471
4206250 0.190278 0.196257 0.216966 0.0 0.0 0.0 0.192721 0.193291 0.215436 0.18629 0.200584 0.219471
4206250 0.200165 0.185591 0.208571 0.0 0.0 0.0 0.2008 0.183126 0.212616 0.199568 0.187475 0.204858
4206250 0.200214 0.186783 0.200282 0.0 0.0 0.0 0.200956 0.185541 0.194932 0.199568 0.187475 0.204858
4206250 0.197304 0.192018 0.199986 0.0 0.0 0.0 0.201806 0.193986 0.199382 0.193919 0.190224 0.200468
4206250 0.203459 0.187418 0.206979 0.0 0.0 0.0 0.206465 0.187026 0.208629 0.199568 0.187475 0.204858
4206250 0.196043 0.191181 0.21033 0.0 0.0 0.0 0.191919 0.189599 0.208636 0.200734 0.192558 0.21226
4206250 0.196144 0.193178 0.214078 0.0 0.0 0.0 0.200734 0.192558 0.21226 0.192721 0.193291 0.215436
4206250 0.200596 0.197844 0.217648 0.0 0.0 0.0 0.203912 0.195307 0.220053 0.197531 0.199814 0.215424
4206250 0.199711 0.186685 0.216562 0.0 0.0 0.0 0.2008 0.183126 0.212616 0.198871 0.189035 0.21955
4206250 0.201216 0.192144 0.219783 0.0 0.0 0.0 0.203912 0.195307 0.220053 0.198871 0.189035 0.21955
4206250 0.202311 0.199844 0.193076 0.0 0.0 0.0 0.203935 0.196413 0.191592 0.200095 0.20407 0.195109
4206250 0.209411 0.182757 0.186895 0.0 0.0 0.0 0.207714 0.181133 0.190502 0.211574 0.184389 0.182274
4206250 0.205126 0.183054 0.187265 0.0 0.0 0.0 0.207714 0.181133 0.190502 0.202956 0.184287 0.18458
4206250 0.202766 0.186134 0.181364 0.0 0.0 0.0 0.202956 0.184287 0.18458 0.202587 0.18741 0.178502
4206250 0.2142 0.179192 0.19918 0.0 0.0 0.0 0.213398 0.182554 0.201002 0.215557 0.172865 0.196055
4206250 0.209313 0.182596 0.210685 0.0 0.0 0.0 0.209556 0.184006 0.213226 0.208957 0.180204 0.207247
4206250 0.205149 0.181769 0.209759 0.0 0.0 0.0 0.2008 0.183126 0.212616 0.208957 0.180204 0.207247
4206250 0.206128 0.183861 0.212983 0.0 0.0 0.0 0.209556 0.184006 0.213226 0.2008 0.183126 0.212616
4206250 0.207906 0.184336 0.215785 0.0 0.0 0.0 0.209556 0.184006 0.213226 0.205992 0.184284 0.218726
4206250 0.204328 0.179966 0.214264 0.0 0.0 0.0 0.2008 0.183126 0.212616 0.209373 0.174944 0.21662
4206250 0.205007 0.184198 0.201668 0.0 0.0 0.0 0.207106 0.187488 0.201297 0.203014 0.180706 0.202028
4206250 0.21428 0.186697 0.201231 0.0 0.0 0.0 0.213398 0.182554 0.201002 0.215468 0.191892 0.201548
4206250 0.208037 0.184054 0.204262 0.0 0.0 0.0 0.208957 0.180204 0.207247 0.207106 0.187488 0.201297
4206250 0.211033 0.186659 0.211354 0.0 0.0 0.0 0.209556 0.184006 0.213226 0.212585 0.189067 0.209374
4206250 0.215927 0.18367 0.204015 0.0 0.0 0.0 0.219012 0.184582 0.207712 0.213398 0.182554 0.201002
4206250 0.212725 0.178748 0.206274 0.0 0.0 0.0 0.208957 0.180204 0.207247 0.215994 0.177103 0.205433
4206250 0.20715 0.181299 0.218013 0.0 0.0 0.0 0.205992 0.184284 0.218726 0.209373 0.174944 0.21662
4206250 0.208006 0.187188 0.21798 0.0 0.0 0.0 0.205992 0.184284 0.218726 0.210775 0.190723 0.21694
4206250 0.205219 0.19642 0.187427 0.0 0.0 0.0 0.203935 0.196413 0.191592 0.20745 0.195901 0.180202
4206250 0.21252 0.193956 0.184751 0.0 0.0 0.0 0.216143 0.19223 0.188028 0.20745 0.195901 0.180202
4206250 0.209799 0.188174 0.191568 0.0 0.0 0.0 0.212732 0.186653 0.194143 0.20679 0.189327 0.188951
4206250 0.201403 0.190169 0.197262 0.0 0.0 0.0 0.200956 0.185541 0.194932 0.201806 0.193986 0.199382
4206250 0.207403 0.194883 0.192928 0.0 0.0 0.0 0.210124 0.193325 0.193997 0.203935 0.196413 0.191592
4206250 0.206129 0.198184 0.194475 0.0 0.0 0.0 0.203935 0.196413 0.191592 0.208789 0.199909 0.197978
4206250 0.20992 0.187273 0.197723 0.0 0.0 0.0 0.212732 0.186653 0.194143 0.207106 0.187488 0.201297
4206250 0.204917 0.194324 0.20327 0.0 0.0 0.0 0.201806 0.193986 0.199382 0.207839 0.194262 0.206933
4206250 0.212076 0.193004 0.196732 0.0 0.0 0.0 0.210124 0.193325 0.193997 0.215468 0.191892 0.201548
4206250 0.21192 0.196352 0.199647 0.0 0.0 0.0 0.208789 0.199909 0.197978 0.215468 0.191892 0.201548
4206250 0.212132 0.203915 0.196455 0.0 0.0 0.0 0.208789 0.199909 0.197978 0.214255 0.20616 0.195491
4206250 0.211178 0.201119 0.193398 0.0 0.0 0.0 0.208789 0.199909 0.197978 0.213812 0.202054 0.188339
4206250 0.205518 0.200896 0.201583 0.0 0.0 0.0 0.208789 0.199909 0.197978 0.20184 0.201598 0.205623
4206250 0.211119 0.190864 0.188515 0.0 0.0 0.0 0.216143 0.19223 0.188028 0.20679 0.189327 0.188951
4206250 0.212465 0.193098 0.191673 0.0 0.0 0.0 0.210124 0.193325 0.193997 0.216143 0.19223 0.188028
4206250 0.215554 0.195228 0.192075 0.0 0.0 0.0 0.216143 0.19223 0.188028 0.215167 0.19681 0.194659
4206250 0.207471 0.190999 0.204049 0.0 0.0 0.0 0.207106 0.187488 0.201297 0.207839 0.194262 0.206933
4206250 0.20413 0.18948 0.210107 0.0 0.0 0.0 0.206465 0.187026 0.208629 0.200734 0.192558 0.21226
4206250 0.203895 0.196305 0.212913 0.0 0.0 0.0 0.200734 0.192558 0.21226 0.206486 0.199038 0.213455
4206250 0.213662 0.190313 0.206463 0.0 0.0 0.0 0.212585 0.189067 0.209374 0.215468 0.191892 0.201548
4206250 0.208431 0.195467 0.215033 0.0 0.0 0.0 0.206486 0.199038 0.213455 0.210775 0.190723 0.21694
4206250 0.201264 0.197037 0.209114 0.0 0.0 0.0 0.200734 0.192558 0.21226 0.20184 0.201598 0.205623
4206250 0.204511 0.200319 0.21012 0.0 0.0 0.0 0.206486 0.199038 0.213455 0.20184 0.201598 0.205623
4206250 0.213941 0.192366 0.210026 0.0 0.0 0.0 0.212585 0.189067 0.209374 0.216692 0.198494 0.211346
4206250 0.211351 0.196133 0.208679 0.0 0.0 0.0 0.216692 0.198494 0.211346 0.207839 0.194262 0.206933
4206250 0.183151 0.210391 0.193998 -14.2372 -3.21872 -1.29012 0.186392 0.210914 0.193808 0.179388 0.209783 0.194218
4206250 0.189427 0.206698 0.183043 -2.32194 5.61014 0.677609 0.191305 0.203633 0.182539 0.18766 0.209581 0.183518
4206250 0.190556 0.202498 0.189907 -5.7136 -12.4901 0.236581 0.191769 0.206811 0.189985 0.189419 0.198455 0.189834
4206250 0.192905 0.203782 0.21193 -0.663315 -9.99162 -7.22585 0.193321 0.207061 0.215177 0.192494 0.200535 0.208714
4206250 0.188573 0.212138 0.185589 -1.12714 -7.3492 -5.22489 0.189815 0.215617 0.188408 0.18766 0.209581 0.183518
4206250 0.188669 0.209177 0.19219 6.47501 -6.46746 -6.63054 0.186392 0.210914 0.193808 0.191769 0.206811 0.189985
4206250 0.194519 0.209926 0.191657 12.1987 18.3646 6.58656 0.191769 0.206811 0.189985 0.197041 0.212783 0.19319
4206250 0.187791 0.213447 0.195372 5.54339 9.4112 3.85234 0.186392 0.210914 0.193808 0.189754 0.217001 0.197568
4206250 0.197076 0.213017 0.197291 2.86174 -1.67481 25.7698 0.197041 0.212783 0.19319 0.197116 0.213288 0.202051
4206250 0.193375 0.215175 0.199773 -11.2685 8.38704 -8.63626 0.197116 0.213288 0.202051 0.189754 0.217001 0.197568
4206250 0.192097 0.217997 0.185133 -2.6087 -2.85376 2.78578 0.194474 0.220475 0.181723 0.189815 0.215617 0.188408
4206250 0.197527 0.216728 0.19215 2.71996 14.0119 -1.61428 0.197041 0.212783 0.19319 0.198091 0.221307 0.190943
4206250 0.196039 0.210388 0.21344 5.0688 6.55071 -4.97829 0.193321 0.207061 0.215177 0.198947 0.213948 0.211581
4206250 0.191513 0.211318 0.215435 -6.81581 26.2861 -0.0466685 0.193321 0.207061 0.215177 0.189277 0.216583 0.215755
4206250 0.19868 0.217529 0.200524 0.717859 3.70767 -1.46658 0.197116 0.213288 0.202051 0.199927 0.220909 0.199307
4206250 0.203033 0.216394 0.212961 14.3102 8.33601 7.80284 0.198947 0.213948 0.211581 0.206708 0.218593 0.214202
4206250 0.201337 0.211111 0.20162 13.085 -5.85634 -3.49856 0.197116 0.213288 0.202051 0.204907 0.209269 0.201256
4206250 0.201217 0.215285 0.203442 19.6792 11.9948 3.87441 0.197116 0.213288 0.202051 0.205237 0.217242 0.204805
4206250 0.190676 0.218488 0.210537 -3.02982 -11.4758 24.8868 0.191842 0.220075 0.20619 0.189277 0.216583 0.215755
4206250 0.20108 0.207659 0.219237 -5.67358 11.0716 11.2241 0.202896 0.205042 0.216991 0.199492 0.209947 0.2212
4206250 0.214664 0.198757 0.192313 5.30226 -34.348 30.4671 0.213812 0.202054 0.188339 0.215167 0.19681 0.194659
4206250 0.209661 0.201329 0.202411 -2.78477 -3.29516 -7.79653 0.210233 0.202262 0.205321 0.208789 0.199909 0.197978
4206250 0.210288 0.20423 0.185138 21.1218 -9.01281 22.2351 0.208017 0.205633 0.183075 0.213812 0.202054 0.188339
4206250 0.208506 0.203736 0.195204 0.88328 -5.04899 2.74387 0.208306 0.206434 0.193247 0.208789 0.199909 0.197978
4206250 0.214093 0.204657 0.192873 2.18968 -10.5791 -21.6021 0.214255 0.20616 0.195491 0.213812 0.202054 0.188339
4206250 0.20517 0.197525 0.20635 16.3403 -27.7479 2.98784 0.20184 0.201598 0.205623 0.207839 0.194262 0.206933
4206250 0.203583 0.205958 0.203141 3.56588 15.5014 -10.2584 0.20184 0.201598 0.205623 0.204907 0.209269 0.201256
4206250 0.20951 0.20471 0.207096 -2.52491 4.83947 3.86521 0.210233 0.202262 0.205321 0.208213 0.209101 0.210279
4206250 0.204681 0.202056 0.215232 8.82618 -11.8951 -5.2121 0.202896 0.205042 0.216991 0.206486 0.199038 0.213455
4206250 0.212325 0.201041 0.207273 3.49078 -3.12234 4.05824 0.210233 0.202262 0.205321 0.216692 0.198494 0.211346
4206250 0.20492 0.205844 0.181755 -23.954 4.73862 -7.49444 0.208017 0.205633 0.183075 0.200538 0.206142 0.179887
4206250 0.20326 0.214755 0.182361 9.36405 0.546695 26.4306 0.201365 0.215216 0.178344 0.205917 0.214107 0.187993
4206250 0.211939 0.2131 0.189375 -28.4403 0.660939 -4.24228 0.215488 0.212506 0.190189 0.205917 0.214107 0.187993
4206250 0.213025 0.208847 0.196125 -7.25492 26.4421 5.54617 0.214255 0.20616 0.195491 0.211262 0.212697 0.197034
4206250 0.207475 0.209102 0.19142 -1.80492 5.75455 -2.69612 0.208306 0.206434 0.193247 0.205917 0.214107 0.187993
4206250 0.207971 0.210922 0.19922 -19.9255 -9.57671 8.72993 0.211262 0.212697 0.197034 0.204907 0.209269 0.201256
4206250 0.212853 0.215984 0.199365 -4.35757 -15.2282 -8.86288 0.214387 0.219153 0.201613 0.211262 0.212697 0.197034
4206250 0.21217 0.216486 0.195141 1.15954 19.7624 -9.74897 0.211262 0.212697 0.197034 0.212998 0.219942 0.193415
4206250 0.210134 0.218436 0.217051 -14.9378 3.47146 -11.1018 0.213282 0.218291 0.21967 0.206708 0.218593 0.214202
4206250 0.215876 0.21345 0.20789 0.711909 -1.32773 -1.68946 0.214495 0.215008 0.210116 0.218332 0.210679 0.203931
4206250 0.200104 0.212572 0.186239 9.49417 4.26753 3.28604 0.196552 0.211634 0.185168 0.205917 0.214107 0.187993
4206250 0.194767 0.211827 0.181788 1.62339 -0.411186 2.30343 0.192888 0.212029 0.17823 0.196552 0.211634 0.185168
4206250 0.207135 0.202016 0.205433 -1.31119 -0.232127 0.218085 0.210233 0.202262 0.205321 0.20184 0.201598 0.205623
4206250 0.212275 0.21292 0.210174 -2.17356 -2.59521 -0.292492 0.214495 0.215008 0.210116 0.208213 0.209101 0.210279
4206250 0.193509 0.213433 0.186631 -21.4415 10.6482 6.10558 0.196552 0.211634 0.185168 0.189815 0.215617 0.188408
4206250 0.198326 0.209191 0.182818 11.6796 -11.9568 -11.126 0.196552 0.211634 0.185168 0.200538 0.206142 0.179887
4206250 0.207829 0.202399 0.182121 -0.0625979 -0.871793 -0.112927 0.208017 0.205633 0.183075 0.20745 0.195901 0.180202
4206250 0.215621 0.213242 0.212332 0.325958 -0.489242 0.452141 0.214495 0.215008 0.210116 0.217847 0.209749 0.216713
4206250 0.198707 0.197308 0.205501 -4.44975 -7.44317 -1.33376 0.20184 0.201598 0.205623 0.196702 0.194563 0.205422
4206250 0.184904 0.215891 0.204263 1.40105 -7.83114 1.3241 0.183699 0.219448 0.203402 0.18696 0.20982 0.205733
4206250 0.216861 0.197033 0.200765 -4.68377 -16.8157 5.48465 0.218052 0.201424 0.200097 0.215468 0.191892 0.201548
4206250 0.215761 0.204282 0.197318 -14.8024 13.6363 -12.3498 0.218052 0.201424 0.200097 0.214255 0.20616 0.195491
4206250 0.184333 0.203777 0.191503 -0.713292 -0.364659 -8.55523 0.184838 0.203201 0.196458 0.183913 0.204255 0.18739
4206250 0.185824 0.217019 0.195146 -10.2524 -1.88253 -6.70882 0.189754 0.217001 0.197568 0.182334 0.217035 0.192995
4206250 0.204383 0.214831 0.194023 -0.131368 0.183263 0.660285 0.205917 0.214107 0.187993 0.203577 0.215211 0.197188
4206250 0.206648 0.204147 0.18578 0.0 0.0 0.0 0.208017 0.205633 0.183075 0.205317 0.202703 0.188409
4206250 0.200557 0.213308 0.191131 15.7942 2.03732 -6.12763 0.197041 0.212783 0.19319 0.205917 0.214107 0.187993
4206250 0.195771 0.206474 0.204926 -0.068909 -0.822264 -5.65519 0.196081 0.207327 0.207924 0.195469 0.205642 0.202001
4206250 0.197191 0.20989 0.209339 -6.34067 -13.9269 -4.92632 0.198947 0.213948 0.211581 0.196081 0.207327 0.207924
4206250 0.213083 0.217573 0.209269 -0.495888 0.758837 -0.128916 0.214495 0.215008 0.210116 0.211589 0.220287 0.208372
4206250 0.187811 0.212863 0.19157 3.52424 4.05418 -6.70973 0.186392 0.210914 0.193808 0.189815 0.215617 0.188408
4206250 0.185777 0.207858 0.194858 -1.76639 -12.87 2.33977 0.186392 0.210914 0.193808 0.184838 0.203201 0.196458
4206250 0.198217 0.205202 0.20707 12.8811 -9.77087 -6.29378 0.196081 0.207327 0.207924 0.20184 0.201598 0.205623
4206250 0.190212 0.204197 0.217076 -3.023 -3.85222 1.87924 0.193321 0.207061 0.215177 0.18629 0.200584 0.219471
4206250 0.20779 0.210481 0.215665 0.247891 1.77479 4.85783 0.208213 0.209101 0.210279 0.207429 0.211661 0.22027
4206250 0.19448 0.216681 0.20412 11.0954 -18.6259 -7.62971 0.191842 0.220075 0.20619 0.197116 0.213288 0.202051
4206250 0.206594 0.213529 0.207302 -1.09094 6.6527 -4.30062 0.208213 0.209101 0.210279 0.205237 0.217242 0.204805
4206250 0.205084 0.206712 0.214229 3.02705 1.74168 -2.71946 0.202896 0.205042 0.216991 0.208213 0.209101 0.210279
4206250 0.185756 0.206065 0.200471 -0.509595 -3.62011 -3.86214 0.18696 0.20982 0.205733 0.184838 0.203201 0.196458
4206250 0.193138 0.208132 0.207217 -12.7389 5.21799 -4.78832 0.196081 0.207327 0.207924 0.18696 0.20982 0.205733
4206250 0.198372 0.208985 0.194026 0.21003 -0.410885 0.139731 0.197041 0.212783 0.19319 0.200095 0.20407 0.195109
4206250 0.196112 0.208628 0.202021 -4.79487 -25.6791 -4.28428 0.197116 0.213288 0.202051 0.195469 0.205642 0.202001
4206250 0.211427 0.206291 0.194424 2.49067 -0.42649 1.28913 0.208306 0.206434 0.193247 0.214255 0.20616 0.195491
4206250 0.217128 0.206681 0.194702 2.29007 0.758747 -0.449168 0.214255 0.20616 0.195491 0.221915 0.207547 0.193389
4206250 0.195647 0.203057 0.215313 6.62764 -13.2864 -1.73014 0.193321 0.207061 0.215177 0.197531 0.199814 0.215424
4206250 0.184586 0.213639 0.193446 -3.90942 6.0803 -1.98725 0.186392 0.210914 0.193808 0.182334 0.217035 0.192995
4206250 0.197795 0.204165 0.203324 2.779 -1.98918 2.33119 0.195469 0.205642 0.202001 0.20184 0.201598 0.205623
4206250 0.188198 0.213566 0.211089 0.0 0.0 0.0 0.18696 0.20982 0.205733 0.189277 0.216583 0.215755
4206250 0.20495 0.205259 0.207895 -3.56003 -6.02538 -3.69704 0.208213 0.209101 0.210279 0.20184 0.201598 0.205623
4206250 0.216845 0.217386 0.198752 0.0 0.0 0.0 0.214387 0.219153 0.201613 0.219151 0.215657 0.196066
4206250 0.209076 0.213274 0.193336 4.93241 -1.05967 5.92765 0.205917 0.214107 0.187993 0.211262 0.212697 0.197034
4206250 0.21818 0.205673 0.201857 -0.242303 1.70791 0.753569 0.218052 0.201424 0.200097 0.218332 0.210679 0.203931
4206250 0.18307 0.214368 0.208462 -0.00312539 0.00529224 0.00291142 0.18696 0.20982 0.205733 0.180838 0.216977 0.210028
4206250 0.194626 0.204572 0.208244 -1.7881 -3.84923 -0.202521 0.196081 0.207327 0.207924 0.192494 0.200535 0.208714
4206250 0.200162 0.202378 0.216192 -2.23628 -2.76638 -1.16368 0.202896 0.205042 0.216991 0.197531 0.199814 0.215424
4206250 0.201474 0.218194 0.189667 1.57726 -1.15512 -0.306093 0.198091 0.221307 0.190943 0.205917 0.214107 0.187993
4206250 0.21045 0.204729 0.191337 0.364364 -0.233029 -0.22358 0.208306 0.206434 0.193247 0.213812 0.202054 0.188339
4206250 0.216013 0.217545 0.210858 1.65906 2.6508 0.277541 0.214495 0.215008 0.210116 0.218132 0.221086 0.211894
4206250 0.204936 0.20802 0.218466 1.12517 1.16025 0.625114 0.202896 0.205042 0.216991 0.207429 0.211661 0.22027
4206250 0.196825 0.201027 0.207282 -12.8824 -0.955349 6.59377 0.20184 0.201598 0.205623 0.192494 0.200535 0.208714
4206250 0.201885 0.217853 0.19817 -0.349903 0.437037 0.103002 0.203577 0.215211 0.197188 0.199927 0.220909 0.199307
4206250 0.204174 0.212543 0.199014 0.0959439 -0.652028 0.313407 0.203577 0.215211 0.197188 0.204907 0.209269 0.201256
4206250 0.218807 0.213567 0.199369 -0.731141 -1.6926 2.44395 0.219151 0.215657 0.196066 0.218332 0.210679 0.203931
4206250 0.191513 0.205055 0.185872 -3.87658 -6.88884 -16.28 0.191769 0.206811 0.189985 0.191305 0.203633 0.182539
4206250 0.181745 0.206937 0.195187 3.39422 -3.45054 2.00518 0.179388 0.209783 0.194218 0.184838 0.203201 0.196458
4206250 0.181282 0.209146 0.202487 5.43714 1.45887 2.53287 0.178647 0.208833 0.200981 0.18696 0.20982 0.205733
4206250 0.1945 0.20513 0.21922 5.73362 -8.54144 13.0652 0.193321 0.207061 0.215177 0.195669 0.203214 0.223233
4206250 0.217263 0.214033 0.193037 -11.7215 -6.80322 -21.0453 0.219151 0.215657 0.196066 0.215488 0.212506 0.190189
4206250 0.206295 0.209199 0.205044 -1.115 0.561271 -2.95538 0.208213 0.209101 0.210279 0.204907 0.209269 0.201256
4206250 0.199407 0.215986 0.216077 -0.463312 6.32343 19.2752 0.198947 0.213948 0.211581 0.199833 0.217869 0.220231
4206250 0.208588 0.202453 0.188382 0.0 0.0 0.0 0.205317 0.202703 0.188409 0.213812 0.202054 0.188339
4206250 0.212842 0.209413 0.213371 11.4775 -0.153169 5.47945 0.208213 0.209101 0.210279 0.217847 0.209749 0.216713
4206250 0.194968 0.20722 0.210849 2.24493 -0.849569 -7.16744 0.193321 0.207061 0.215177 0.196081 0.207327 0.207924
4206250 0.214012 0.207972 0.202087 -0.00522723 -0.00219319 -0.00180532 0.218332 0.210679 0.203931 0.211599 0.20646 0.201057
4206250 0.201821 0.197488 0.202253 0.0590248 -0.788959 -0.476277 0.20184 0.201598 0.205623 0.201806 0.193986 0.199382
4206250 0.216327 0.198665 0.196845 -0.631344 -1.25211 -1.04896 0.218052 0.201424 0.200097 0.215167 0.19681 0.194659
4206250 0.198014 0.213612 0.206723 -5.28397 -4.34631 -19.7294 0.198947 0.213948 0.211581 0.197116 0.213288 0.202051
4206250 0.189784 0.216311 0.193003 0.573851 3.18159 10.3871 0.189815 0.215617 0.188408 0.189754 0.217001 0.197568
4206250 0.208241 0.20025 0.21677 -1.62275 -1.95316 -4.72308 0.210709 0.201955 0.221434 0.206486 0.199038 0.213455
4206250 0.181865 0.202295 0.200393 2.25383 1.37796 -3.24516 0.178778 0.201355 0.204478 0.184838 0.203201 0.196458
4206250 0.182253 0.21835 0.206749 0.0 0.0 0.0 0.183699 0.219448 0.203402 0.180838 0.216977 0.210028
4206250 0.181627 0.21543 0.196702 0.000550181 0.000958396 -0.00164435 0.181099 0.214231 0.199474 0.182334 0.217035 0.192995
4206250 0.182962 0.212829 0.201464 0.00227654 -0.00119763 0.00272603 0.181099 0.214231 0.199474 0.18696 0.20982 0.205733
4206250 0.192017 0.207859 0.194337 0.00089042 0.00514025 0.0123334 0.191769 0.206811 0.189985 0.192197 0.20862 0.197497
4206250 0.193884 0.207084 0.19982 0.0162454 -0.0150628 0.0163527 0.192197 0.20862 0.197497 0.195469 0.205642 0.202001
4206250 0.190463 0.209017 0.200224 -0.0104325 -0.000332894 0.014058 0.192197 0.20862 0.197497 0.18696 0.20982 0.205733
4206250 0.192846 0.21183 0.203599 7.99034 1.74128 -1.79751 0.18696 0.20982 0.205733 0.197116 0.213288 0.202051
4206250 0.203309 0.211666 0.210968 0.587561 -0.402194 -0.0126293 0.198947 0.213948 0.211581 0.208213 0.209101 0.210279
4206250 0.210926 0.204389 0.20316 0.000124875 0.00126427 -0.00117199 0.210233 0.202262 0.205321 0.211599 0.20646 0.201057
4206250 0.180337 0.212448 0.197139 0.0 0.0 0.0 0.181099 0.214231 0.199474 0.179388 0.209783 0.194218
4206250 0.182251 0.216739 0.20122 0.0 0.0 0.0 0.181099 0.214231 0.199474 0.183699 0.219448 0.203402
4206250 0.187865 0.204122 0.184794 0.0 0.0 0.0 0.191305 0.203633 0.182539 0.183913 0.204255 0.18739
4206250 0.187699 0.205683 0.188636 0.0 0.0 0.0 0.191769 0.206811 0.189985 0.183913 0.204255 0.18739
4206250 0.180992 0.206899 0.199268 0.0 0.0 0.0 0.178647 0.208833 0.200981 0.184838 0.203201 0.196458
4206250 0.182394 0.20529 0.205031 0.0 0.0 0.0 0.18696 0.20982 0.205733 0.178778 0.201355 0.204478
4206250 0.185842 0.216563 0.190848 0.0 0.0 0.0 0.189815 0.215617 0.188408 0.182334 0.217035 0.192995
4206250 0.194913 0.197297 0.206823 0.0 0.0 0.0 0.192494 0.200535 0.208714 0.196702 0.194563 0.205422
4206250 0.195268 0.200329 0.212406 0.0 0.0 0.0 0.192494 0.200535 0.208714 0.197531 0.199814 0.215424
4206250 0.196695 0.201533 0.218936 0.0 0.0 0.0 0.195669 0.203214 0.223233 0.197531 0.199814 0.215424
4206250 0.18944 0.208579 0.18631 0.0 0.0 0.0 0.191769 0.206811 0.189985 0.18766 0.209581 0.183518
4206250 0.194353 0.209607 0.18738 0.0 0.0 0.0 0.191769 0.206811 0.189985 0.196552 0.211634 0.185168
4206250 0.195581 0.20575 0.192323 0.0 0.0 0.0 0.191769 0.206811 0.189985 0.200095 0.20407 0.195109
4206250 0.188502 0.205302 0.193035 0.0 0.0 0.0 0.191769 0.206811 0.189985 0.184838 0.203201 0.196458
4206250 0.196793 0.21238 0.189034 0.0 0.0 0.0 0.197041 0.212783 0.19319 0.196552 0.211634 0.185168
4206250 0.189308 0.209944 0.195657 0.0 0.0 0.0 0.186392 0.210914 0.193808 0.192197 0.20862 0.197497
4206250 0.19434 0.210643 0.195593 0.0 0.0 0.0 0.192197 0.20862 0.197497 0.197041 0.212783 0.19319
4206250 0.195195 0.207073 0.196588 0.0 0.0 0.0 0.192197 0.20862 0.197497 0.200095 0.20407 0.195109
4206250 0.189299 0.20667 0.197086 0.0 0.0 0.0 0.192197 0.20862 0.197497 0.184838 0.203201 0.196458
4206250 0.194192 0.210695 0.199344 0.0 0.0 0.0 0.192197 0.20862 0.197497 0.197116 0.213288 0.202051
4206250 0.197161 0.205257 0.199485 0.0 0.0 0.0 0.195469 0.205642 0.202001 0.200095 0.20407 0.195109
4206250 0.195637 0.21573 0.183641 0.0 0.0 0.0 0.194474 0.220475 0.181723 0.196552 0.211634 0.185168
4206250 0.190815 0.211328 0.189207 0.0 0.0 0.0 0.191769 0.206811 0.189985 0.189815 0.215617 0.188408
4206250 0.191186 0.212264 0.197525 0.0 0.0 0.0 0.192197 0.20862 0.197497 0.189754 0.217001 0.197568
4206250 0.193657 0.214304 0.190947 0.0 0.0 0.0 0.197041 0.212783 0.19319 0.189815 0.215617 0.188408
4206250 0.193615 0.214956 0.195253 0.0 0.0 0.0 0.197041 0.212783 0.19319 0.189754 0.217001 0.197568
4206250 0.201018 0.198815 0.197413 0.0 0.0 0.0 0.200095 0.20407 0.195109 0.201806 0.193986 0.199382
4206250 0.198777 0.213479 0.182014 0.0 0.0 0.0 0.201365 0.215216 0.178344 0.196552 0.211634 0.185168
4206250 0.200679 0.214319 0.19541 0.0 0.0 0.0 0.197041 0.212783 0.19319 0.203577 0.215211 0.197188
4206250 0.205145 0.205711 0.193963 0.0 0.0 0.0 0.208306 0.206434 0.193247 0.200095 0.20407 0.195109
4206250 0.203329 0.203416 0.190961 0.0 0.0 0.0 0.205317 0.202703 0.188409 0.200095 0.20407 0.195109
4206250 0.202836 0.207216 0.198604 0.0 0.0 0.0 0.200095 0.20407 0.195109 0.204907 0.209269 0.201256
4206250 0.200971 0.203023 0.200368 0.0 0.0 0.0 0.200095 0.20407 0.195109 0.20184 0.201598 0.205623
4206250 0.190694 0.208391 0.211273 0.0 0.0 0.0 0.193321 0.207061 0.215177 0.18696 0.20982 0.205733
4206250 0.196495 0.20988 0.205597 0.0 0.0 0.0 0.196081 0.207327 0.207924 0.197116 0.213288 0.202051
4206250 0.192772 0.207157 0.203186 0.0 0.0 0.0 0.18696 0.20982 0.205733 0.195469 0.205642 0.202001
4206250 0.194283 0.20379 0.204685 0.0 0.0 0.0 0.195469 0.205642 0.202001 0.192494 0.200535 0.208714
4206250 0.190222 0.204542 0.207488 0.0 0.0 0.0 0.18696 0.20982 0.205733 0.192494 0.200535 0.208714
4206250 0.196879 0.208912 0.218648 0.0 0.0 0.0 0.193321 0.207061 0.215177 0.199492 0.209947 0.2212
4206250 0.188604 0.214224 0.200937 0.0 0.0 0.0 0.18696 0.20982 0.205733 0.189754 0.217001 0.197568
4206250 0.189789 0.215947 0.205999 0.0 0.0 0.0 0.191842 0.220075 0.20619 0.18696 0.20982 0.205733
4206250 0.195328 0.217255 0.208836 0.0 0.0 0.0 0.198947 0.213948 0.211581 0.191842 0.220075 0.20619
4206250 0.194462 0.215357 0.21352 0.0 0.0 0.0 0.198947 0.213948 0.211581 0.189277 0.216583 0.215755
4206250 0.200946 0.214613 0.19917 0.0 0.0 0.0 0.197116 0.213288 0.202051 0.203577 0.215211 0.197188
4206250 0.198524 0.206154 0.216162 0.0 0.0 0.0 0.193321 0.207061 0.215177 0.202896 0.205042 0.216991
4206250 0.20219 0.215831 0.208095 0.0 0.0 0.0 0.198947 0.213948 0.211581 0.205237 0.217242 0.204805
4206250 0.199581 0.204394 0.219856 0.0 0.0 0.0 0.202896 0.205042 0.216991 0.195669 0.203214 0.223233
4206250 0.195142 0.217485 0.218245 0.0 0.0 0.0 0.199833 0.217869 0.220231 0.189277 0.216583 0.215755
4206250 0.20332 0.218424 0.217179 0.0 0.0 0.0 0.199833 0.217869 0.220231 0.206708 0.218593 0.214202
4206250 0.206016 0.20068 0.185729 0.0 0.0 0.0 0.205317 0.202703 0.188409 0.20745 0.195901 0.180202
4206250 0.213494 0.200872 0.199053 0.0 0.0 0.0 0.218052 0.201424 0.200097 0.208789 0.199909 0.197978
4206250 0.209228 0.199078 0.206 0.0 0.0 0.0 0.210233 0.202262 0.205321 0.207839 0.194262 0.206933
4206250 0.207207 0.203396 0.21214 0.0 0.0 0.0 0.208213 0.209101 0.210279 0.206486 0.199038 0.213455
4206250 0.207284 0.208792 0.184793 0.0 0.0 0.0 0.208017 0.205633 0.183075 0.205917 0.214107 0.187993
4206250 0.21134 0.211781 0.184746 0.0 0.0 0.0 0.205917 0.214107 0.187993 0.215324 0.209739 0.182365
4206250 0.207339 0.212371 0.182192 0.0 0.0 0.0 0.205917 0.214107 0.187993 0.208117 0.211114 0.17899
4206250 0.213548 0.212781 0.193332 0.0 0.0 0.0 0.215488 0.212506 0.190189 0.211262 0.212697 0.197034
4206250 0.209598 0.209347 0.194892 0.0 0.0 0.0 0.208306 0.206434 0.193247 0.211262 0.212697 0.197034
4206250 0.206804 0.204743 0.190804 0.0 0.0 0.0 0.208306 0.206434 0.193247 0.205317 0.202703 0.188409
4206250 0.206896 0.214312 0.197117 0.0 0.0 0.0 0.203577 0.215211 0.197188 0.211262 0.212697 0.197034
4206250 0.212954 0.206494 0.198266 0.0 0.0 0.0 0.214255 0.20616 0.195491 0.211599 0.20646 0.201057
4206250 0.211486 0.209205 0.199398 0.0 0.0 0.0 0.211262 0.212697 0.197034 0.211599 0.20646 0.201057
4206250 0.214291 0.216283 0.191742 0.0 0.0 0.0 0.215488 0.212506 0.190189 0.212998 0.219942 0.193415
4206250 0.210264 0.21787 0.191312 0.0 0.0 0.0 0.205917 0.214107 0.187993 0.212998 0.219942 0.193415
4206250 0.204267 0.216235 0.200329 0.0 0.0 0.0 0.205237 0.217242 0.204805 0.203577 0.215211 0.197188
4206250 0.214416 0.211992 0.200097 0.0 0.0 0.0 0.218332 0.210679 0.203931 0.211262 0.212697 0.197034
4206250 0.215408 0.214439 0.196521 0.0 0.0 0.0 0.219151 0.215657 0.196066 0.211262 0.212697 0.197034
4206250 0.208757 0.207846 0.201141 0.0 0.0 0.0 0.211599 0.20646 0.201057 0.204907 0.209269 0.201256
4206250 0.207382 0.214564 0.212461 0.0 0.0 0.0 0.208213 0.209101 0.210279 0.206708 0.218593 0.214202
4206250 0.205065 0.213151 0.202901 0.0 0.0 0.0 0.205237 0.217242 0.204805 0.204907 0.209269 0.201256
4206250 0.214189 0.204646 0.200673 0.0 0.0 0.0 0.218052 0.201424 0.200097 0.211599 0.20646 0.201057
4206250 0.21336 0.210095 0.207061 0.0 0.0 0.0 0.208213 0.209101 0.210279 0.218332 0.210679 0.203931
4206250 0.206126 0.203958 0.218825 0.0 0.0 0.0 0.202896 0.205042 0.216991 0.210709 0.201955 0.221434
4206250 0.20706 0.215432 0.217138 0.0 0.0 0.0 0.206708 0.218593 0.214202 0.207429 0.211661 0.22027
4206250 0.216093 0.217979 0.19474 0.0 0.0 0.0 0.219151 0.215657 0.196066 0.212998 0.219942 0.193415
4206250 0.205994 0.218122 0.209616 0.0 0.0 0.0 0.206708 0.218593 0.214202 0.205237 0.217242 0.204805
4206250 0.210075 0.218436 0.203119 0.0 0.0 0.0 0.214387 0.219153 0.201613 0.205237 0.217242 0.204805
4206250 0.21612 0.215652 0.202621 0.0 0.0 0.0 0.214387 0.219153 0.201613 0.218332 0.210679 0.203931
4206250 0.217495 0.200406 0.204761 0.0 0.0 0.0 0.218052 0.201424 0.200097 0.216692 0.198494 0.211346
