# ts x y z Fx Fy Fz x1 y1 z1 x2 y2 z2
5000000 0.183434 0.193448 0.197071 -11.1509 4.8779 5.17081 0.187208 0.191317 0.195847 0.180667 0.19501 0.197969
5000000 0.188961 0.199761 0.198038 -4.61488 3.00066 -2.75373 0.192877 0.19759 0.199517 0.184796 0.202069 0.196465
5000000 0.198159 0.186745 0.183279 -4.34663 -9.84825 -10.4089 0.199508 0.189701 0.185551 0.197023 0.184256 0.181366
5000000 0.194073 0.178606 0.190242 -1.18139 -3.36517 1.80618 0.195644 0.18161 0.188089 0.192708 0.175996 0.192114
5000000 0.185958 0.179397 0.191152 -3.22463 26.4842 18.215 0.185762 0.176653 0.189207 0.186206 0.182881 0.193621
5000000 0.192924 0.184441 0.187241 -0.348512 0.272485 -0.060969 0.195644 0.18161 0.188089 0.189215 0.1883 0.186086
5000000 0.197968 0.182792 0.191144 0.938062 0.22329 1.26649 0.195644 0.18161 0.188089 0.200858 0.184263 0.194942
5000000 0.188244 0.180098 0.214169 8.00035 5.74051 7.20012 0.185334 0.177578 0.212103 0.191793 0.183169 0.216688
5000000 0.197718 0.190746 0.188933 -4.20674 4.63562 11.1285 0.199508 0.189701 0.185551 0.19568 0.191936 0.192783
5000000 0.192434 0.194683 0.191268 -22.8867 13.7574 -8.25641 0.19568 0.191936 0.192783 0.189414 0.197239 0.189859
5000000 0.196663 0.195008 0.189621 -0.346302 -3.66848 4.01365 0.197717 0.198302 0.18623 0.19568 0.191936 0.192783
5000000 0.194309 0.194702 0.196077 6.39088 -8.22577 -13.3754 0.192877 0.19759 0.199517 0.19568 0.191936 0.192783
5000000 0.192656 0.1985 0.204138 1.01547 2.78595 10.2645 0.192877 0.19759 0.199517 0.19244 0.199386 0.208636
5000000 0.198139 0.188292 0.193808 -15.4321 30.935 -7.8553 0.200858 0.184263 0.194942 0.19568 0.191936 0.192783
5000000 0.202434 0.191543 0.183607 8.35066 5.43959 -7.90338 0.199508 0.189701 0.185551 0.207438 0.194693 0.180281
5000000 0.203015 0.188913 0.18723 0.624344 -0.0633195 0.210645 0.199508 0.189701 0.185551 0.20671 0.188083 0.188999
5000000 0.199146 0.201659 0.183044 1.78994 4.00823 -5.2658 0.197717 0.198302 0.18623 0.200555 0.204969 0.179904
5000000 0.189173 0.19638 0.209796 12.8548 8.65698 -3.08753 0.186306 0.193742 0.210815 0.19244 0.199386 0.208636
5000000 0.199578 0.189282 0.216467 -1.5281 -1.48343 4.45694 0.200583 0.191303 0.212245 0.198838 0.187794 0.219575
5000000 0.200714 0.17985 0.19261 -0.183442 -6.00004 -4.51242 0.200858 0.184263 0.194942 0.200615 0.176815 0.191006
5000000 0.21015 0.182662 0.192355 6.14925 7.52679 6.77976 0.207611 0.179862 0.190498 0.212615 0.185381 0.194158
5000000 0.201987 0.181517 0.198958 2.01044 -3.12115 6.6017 0.200858 0.184263 0.194942 0.202854 0.179407 0.202044
5000000 0.20425 0.185303 0.198456 8.9867 5.04834 9.51403 0.200858 0.184263 0.194942 0.207015 0.186151 0.201322
5000000 0.211124 0.189189 0.194124 2.51309 -10.6328 0.891352 0.210004 0.19205 0.194097 0.212615 0.185381 0.194158
5000000 0.214168 0.18796 0.19139 -4.07997 -4.31459 5.76731 0.216015 0.191025 0.188099 0.212615 0.185381 0.194158
5000000 0.205744 0.179151 0.204557 -2.01794 -0.111098 -1.39056 0.208823 0.178878 0.207235 0.202854 0.179407 0.202044
5000000 0.206718 0.185944 0.205379 0.434947 1.19493 -5.60157 0.206476 0.185776 0.208669 0.207015 0.186151 0.201322
5000000 0.208064 0.18413 0.211051 4.90135 -3.7303 8.26827 0.206476 0.185776 0.208669 0.209509 0.182632 0.213221
5000000 0.204105 0.184133 0.210278 -5.79424 -2.70481 4.13228 0.206476 0.185776 0.208669 0.200768 0.181821 0.212544
5000000 0.2106 0.188083 0.201425 -11.5725 -4.68901 1.1268 0.215338 0.190635 0.201561 0.207015 0.186151 0.201322
5000000 0.207006 0.188944 0.207904 3.00068 11.673 -1.20509 0.206476 0.185776 0.208669 0.207689 0.193028 0.206918
5000000 0.205206 0.195675 0.198671 -7.41912 -5.61056 0.103346 0.208746 0.198732 0.197935 0.20182 0.192752 0.199375
5000000 0.208608 0.190369 0.191936 -4.52822 -4.35616 -4.73103 0.210004 0.19205 0.194097 0.20671 0.188083 0.188999
5000000 0.212539 0.193768 0.194358 2.49697 2.14963 0.651683 0.210004 0.19205 0.194097 0.21509 0.195497 0.194621
5000000 0.209509 0.19468 0.195608 -3.64515 10.7821 8.12381 0.210004 0.19205 0.194097 0.208746 0.198732 0.197935
5000000 0.218001 0.194474 0.194839 -2.80776 1.32083 0.158783 0.221876 0.193113 0.195129 0.21509 0.195497 0.194621
5000000 0.211066 0.191972 0.204552 -11.4618 2.1401 10.1659 0.215338 0.190635 0.201561 0.207689 0.193028 0.206918
5000000 0.217266 0.186744 0.20474 -11.9875 19.2316 -22.0683 0.218993 0.183259 0.207586 0.215338 0.190635 0.201561
5000000 0.207075 0.191899 0.218527 13.8436 -6.42142 -6.87325 0.20393 0.194023 0.219977 0.21076 0.189409 0.216828
5000000 0.207012 0.195544 0.210284 1.5074 -3.24834 -6.08005 0.206386 0.197874 0.213401 0.207689 0.193028 0.206918
5000000 0.205177 0.195978 0.216639 1.41528 1.28472 -2.56381 0.20393 0.194023 0.219977 0.206386 0.197874 0.213401
5000000 0.203768 0.182457 0.21604 2.77102 0.527482 2.34096 0.200768 0.181821 0.212544 0.205996 0.182929 0.218635
5000000 0.194607 0.191109 0.206824 5.82482 4.57196 -3.54764 0.19208 0.188282 0.208646 0.196649 0.193395 0.205352
5000000 0.18913 0.191071 0.209754 -1.9787 1.33317 0.660374 0.19208 0.188282 0.208646 0.186306 0.193742 0.210815
5000000 0.208806 0.185941 0.186087 -1.27402 1.11279 2.22591 0.211518 0.18317 0.18232 0.20671 0.188083 0.188999
5000000 0.191953 0.186026 0.212195 -0.217246 -3.45546 8.00145 0.19208 0.188282 0.208646 0.191793 0.183169 0.216688
5000000 0.199119 0.179842 0.196477 -5.149 -12.9582 7.10014 0.200858 0.184263 0.194942 0.197993 0.176981 0.197469
5000000 0.195639 0.18021 0.218885 -4.62673 2.66512 -1.80501 0.199163 0.177498 0.220899 0.191793 0.183169 0.216688
5000000 0.211076 0.180031 0.204021 -0.969232 -0.262831 1.59228 0.21324 0.181138 0.200934 0.208823 0.178878 0.207235
5000000 0.181837 0.199083 0.193732 3.22146 2.23459 2.37341 0.180044 0.197272 0.192076 0.184796 0.202069 0.196465
5000000 0.198746 0.192343 0.196074 1.84571 -0.0149563 2.57028 0.19568 0.191936 0.192783 0.20182 0.192752 0.199375
5000000 0.219043 0.192039 0.197916 -10.9013 -1.93172 12.165 0.221876 0.193113 0.195129 0.215338 0.190635 0.201561
5000000 0.205259 0.191768 0.190335 0.3187 -1.50345 -0.561001 0.203905 0.195209 0.191583 0.20671 0.188083 0.188999
5000000 0.216745 0.195767 0.200743 -6.32442 -14.4008 1.38804 0.217948 0.200151 0.200045 0.215338 0.190635 0.201561
5000000 0.215688 0.203086 0.197321 -10.1581 8.86031 -10.0966 0.217948 0.200151 0.200045 0.214202 0.205016 0.195531
5000000 0.215155 0.186002 0.208591 -0.0 -0.0 0.0 0.218993 0.183259 0.207586 0.212615 0.187817 0.209257
5000000 0.210184 0.183599 0.201125 -3.8494 3.05871 1.03307 0.21324 0.181138 0.200934 0.207015 0.186151 0.201322
5000000 0.21721 0.178955 0.206351 -5.32838 -11.4231 -1.34705 0.218993 0.183259 0.207586 0.215893 0.175775 0.205438
5000000 0.21103 0.198182 0.184859 3.92231 2.85903 3.50477 0.207438 0.194693 0.180281 0.213804 0.200876 0.188393
5000000 0.210243 0.197657 0.212614 2.47303 0.0827092 -0.859067 0.206386 0.197874 0.213401 0.216595 0.1973 0.211317
5000000 0.20294 0.194071 0.19519 -1.10002 -0.911493 2.43414 0.203905 0.195209 0.191583 0.20182 0.192752 0.199375
5000000 0.201144 0.196589 0.189194 1.23778 -0.431147 0.786474 0.197717 0.198302 0.18623 0.203905 0.195209 0.191583
5000000 0.204649 0.198611 0.189823 0.139053 2.03747 -0.822461 0.203905 0.195209 0.191583 0.205274 0.201471 0.188343
5000000 0.212934 0.183217 0.197614 -1.60514 3.3756 -5.91901 0.21324 0.181138 0.200934 0.212615 0.185381 0.194158
5000000 0.194438 0.201795 0.200963 11.2898 21.7896 5.13556 0.192877 0.19759 0.199517 0.195449 0.204521 0.2019
5000000 0.196712 0.183116 0.205716 -12.6331 -10.8525 4.8745 0.199442 0.186264 0.204811 0.193619 0.17955 0.206742
5000000 0.203316 0.186206 0.203026 4.89739 0.783708 -2.20133 0.199442 0.186264 0.204811 0.207015 0.186151 0.201322
5000000 0.19998 0.188638 0.208313 -1.3242 -3.2773 -6.93025 0.200583 0.191303 0.212245 0.199442 0.186264 0.204811
5000000 0.204521 0.181876 0.192531 -8.76463 4.21264 6.92267 0.207611 0.179862 0.190498 0.200858 0.184263 0.194942
5000000 0.211871 0.188455 0.212295 -0.000266627 0.000596367 0.00166946 0.212615 0.187817 0.209257 0.21076 0.189409 0.216828
5000000 0.216749 0.18172 0.199265 -2.3453 -0.825737 1.24438 0.222476 0.182671 0.196542 0.21324 0.181138 0.200934
5000000 0.212293 0.182548 0.214356 5.28857 -0.0310857 1.23926 0.209509 0.182632 0.213221 0.216018 0.182436 0.215876
5000000 0.190248 0.181928 0.20006 -0.00143998 0.00136235 0.000651832 0.192266 0.179835 0.198581 0.187454 0.184827 0.202108
5000000 0.187526 0.185259 0.190315 0.586881 0.771249 -0.91631 0.186206 0.182881 0.193621 0.189215 0.1883 0.186086
5000000 0.182711 0.182303 0.196027 -1.7637 -0.56345 1.57693 0.186206 0.182881 0.193621 0.177729 0.181479 0.199457
5000000 0.183319 0.183403 0.200981 2.27989 0.891416 1.05246 0.177729 0.181479 0.199457 0.187454 0.184827 0.202108
5000000 0.190432 0.182278 0.204346 -9.91854 6.03152 -7.9289 0.193619 0.17955 0.206742 0.187454 0.184827 0.202108
5000000 0.192757 0.190292 0.189755 0.185919 0.0806281 0.138012 0.189215 0.1883 0.186086 0.19568 0.191936 0.192783
5000000 0.209599 0.186814 0.208968 0.00614569 0.00313298 0.000999677 0.206476 0.185776 0.208669 0.212615 0.187817 0.209257
5000000 0.196397 0.183054 0.184418 1.07255 0.895223 -3.66596 0.195644 0.18161 0.188089 0.197023 0.184256 0.181366
5000000 0.187331 0.188075 0.198974 -0.503176 -2.99199 3.37301 0.187208 0.191317 0.195847 0.187454 0.184827 0.202108
5000000 0.21379 0.187649 0.197354 0.386733 0.523072 0.641146 0.212615 0.185381 0.194158 0.215338 0.190635 0.201561
5000000 0.181874 0.201104 0.200424 3.98128 0.608366 -4.1085 0.17884 0.200103 0.204534 0.184796 0.202069 0.196465
5000000 0.189848 0.186615 0.205492 -3.1471 -1.38399 -3.59264 0.19208 0.188282 0.208646 0.187454 0.184827 0.202108
5000000 0.210327 0.202784 0.199808 1.93433 4.5815 3.14285 0.208746 0.198732 0.197935 0.211337 0.205373 0.201006
5000000 0.196585 0.182449 0.214476 -6.02392 -0.128516 2.54319 0.200768 0.181821 0.212544 0.191793 0.183169 0.216688
5000000 0.186813 0.183828 0.197751 2.65883 1.95889 8.34014 0.186206 0.182881 0.193621 0.187454 0.184827 0.202108
5000000 0.196224 0.200132 0.197377 0.774392 0.395371 -0.431951 0.192877 0.19759 0.199517 0.2 0.202998 0.194963
5000000 0.197262 0.180707 0.209698 -0.806955 -0.167708 -0.844293 0.200768 0.181821 0.212544 0.193619 0.17955 0.206742
5000000 0.207873 0.18277 0.215742 -0.147213 0.0115872 0.163072 0.209509 0.182632 0.213221 0.205996 0.182929 0.218635
5000000 0.209219 0.181041 0.210684 0.00147566 -0.0301197 -0.0616764 0.209509 0.182632 0.213221 0.208823 0.178878 0.207235
5000000 0.202394 0.192774 0.216427 0.237816 0.377341 0.794071 0.200583 0.191303 0.212245 0.20393 0.194023 0.219977
5000000 0.184115 0.187499 0.203557 6.71264 -3.9189 -3.35269 0.180598 0.190314 0.205083 0.187454 0.184827 0.202108
5000000 0.216456 0.184325 0.195087 -9.29871 1.01193 -1.90482 0.222476 0.182671 0.196542 0.212615 0.185381 0.194158
5000000 0.194027 0.200637 0.184132 -1.9102 1.50172 -1.58936 0.197717 0.198302 0.18623 0.191262 0.202387 0.18256
5000000 0.215181 0.193723 0.197153 -1.23197 4.70064 -5.66889 0.215338 0.190635 0.201561 0.21509 0.195497 0.194621
5000000 0.186581 0.200081 0.188615 -7.82036 10.993 -4.04819 0.189414 0.197239 0.189859 0.183774 0.202895 0.187383
5000000 0.194488 0.182083 0.181417 9.36848 5.7914 0.20376 0.191367 0.179408 0.181481 0.197023 0.184256 0.181366
5000000 0.200596 0.189411 0.202174 2.14197 7.57794 -8.35631 0.199442 0.186264 0.204811 0.20182 0.192752 0.199375
5000000 0.201503 0.179881 0.183861 3.32214 5.02767 1.27178 0.199493 0.175409 0.182732 0.202908 0.183005 0.18465
5000000 0.193303 0.187297 0.198007 -3.02953e-05 0.00143461 0.00173387 0.192865 0.185417 0.195574 0.193783 0.189354 0.200668
5000000 0.185048 0.181904 0.211553 0.000763645 0.00813788 -0.0011335 0.185334 0.177578 0.212103 0.184801 0.185647 0.211077
5000000 0.191066 0.18741 0.201286 0.00368783 0.00188822 -0.00105375 0.187454 0.184827 0.202108 0.193783 0.189354 0.200668
5000000 0.187922 0.189224 0.203025 4.78367e-05 0.0033918 0.00118537 0.187454 0.184827 0.202108 0.188264 0.192432 0.203694
5000000 0.18994 0.19061 0.205869 -0.000222691 0.000240355 -0.00020634 0.19208 0.188282 0.208646 0.188264 0.192432 0.203694
5000000 0.192349 0.190385 0.212282 0.000972183 0.00286749 0.00724555 0.19208 0.188282 0.208646 0.192577 0.192169 0.215366
5000000 0.195221 0.198998 0.212268 0.499711 -0.117097 0.493976 0.19244 0.199386 0.208636 0.197494 0.198681 0.215238
5000000 0.194522 0.193237 0.218164 0.0 -0.0 -0.0 0.196429 0.194284 0.220909 0.192577 0.192169 0.215366
5000000 0.196943 0.196407 0.218172 1.00854 2.49833 -4.51581 0.196429 0.194284 0.220909 0.197494 0.198681 0.215238
5000000 0.198852 0.195439 0.213923 -4.10071 6.84037 2.26696 0.200583 0.191303 0.212245 0.197494 0.198681 0.215238
5000000 0.202783 0.184616 0.181528 -0.000302704 0.00104097 -0.00159519 0.202908 0.183005 0.18465 0.202671 0.186057 0.178734
5000000 0.204644 0.185325 0.186637 3.21193 3.77878 4.64019 0.202908 0.183005 0.18465 0.20671 0.188083 0.188999
5000000 0.207884 0.178732 0.194547 0.009333 -0.044514 0.374325 0.207611 0.179862 0.190498 0.208082 0.177911 0.19749
5000000 0.21034 0.179324 0.198998 0.48556 0.192375 0.290702 0.208082 0.177911 0.19749 0.21324 0.181138 0.200934
5000000 0.183688 0.19217 0.208186 4.88128 2.70104 3.4562 0.180598 0.190314 0.205083 0.186306 0.193742 0.210815
5000000 0.198702 0.193574 0.185857 0.13876 -2.85211 -0.142936 0.197717 0.198302 0.18623 0.199508 0.189701 0.185551
5000000 0.18835 0.194381 0.192748 0.91567 6.20028 -6.65715 0.187208 0.191317 0.195847 0.189414 0.197239 0.189859
5000000 0.19989 0.183646 0.182966 -2.41065 0.600063 -0.890364 0.202908 0.183005 0.18465 0.197023 0.184256 0.181366
5000000 0.21323 0.192748 0.214496 3.86389 3.66098 -3.34103 0.21076 0.189409 0.216828 0.216595 0.1973 0.211317
5000000 0.186694 0.186991 0.194706 -6.87968 -25.1238 -5.07415 0.187208 0.191317 0.195847 0.186206 0.182881 0.193621
5000000 0.183355 0.190248 0.193768 -0.0 0.0 0.0 0.187208 0.191317 0.195847 0.179243 0.189108 0.191549
5000000 0.198867 0.193119 0.202788 -0.442524 -0.0408367 0.606179 0.20182 0.192752 0.199375 0.196649 0.193395 0.205352
5000000 0.182307 0.197813 0.197371 6.70133 9.20496 -3.61543 0.180667 0.19501 0.197969 0.184796 0.202069 0.196465
5000000 0.185901 0.196085 0.187866 12.4892 2.58827 9.11994 0.18261 0.195005 0.186 0.189414 0.197239 0.189859
5000000 0.195069 0.195153 0.202907 1.7092 -1.54049 1.80017 0.192877 0.19759 0.199517 0.196649 0.193395 0.205352
5000000 0.189978 0.194382 0.19764 12.2698 11.9106 10.6563 0.187208 0.191317 0.195847 0.192877 0.19759 0.199517
5000000 0.206987 0.190603 0.185676 0.131139 -1.48045 2.4929 0.207438 0.194693 0.180281 0.20671 0.188083 0.188999
5000000 0.192573 0.182695 0.19704 -0.000183883 -0.00143147 0.00109587 0.192865 0.185417 0.195574 0.192266 0.179835 0.198581
5000000 0.209473 0.179811 0.214261 0.183185 -7.31504 1.47466 0.209509 0.182632 0.213221 0.209392 0.173553 0.216569
5000000 0.204044 0.186343 0.191707 1.00027 1.00334 -1.20791 0.200858 0.184263 0.194942 0.20671 0.188083 0.188999
5000000 0.21495 0.195767 0.188241 -0.696773 2.03345 -0.185103 0.216015 0.191025 0.188099 0.213804 0.200876 0.188393
5000000 0.204345 0.192216 0.209425 2.47739 1.15069 -2.00664 0.200583 0.191303 0.212245 0.207689 0.193028 0.206918
5000000 0.190065 0.184351 0.194753 -0.0 0.0 0.0 0.192865 0.185417 0.195574 0.186206 0.182881 0.193621
5000000 0.195929 0.184975 0.195332 0.00813086 2.55478e-05 -0.00013493 0.192865 0.185417 0.195574 0.200858 0.184263 0.194942
5000000 0.196291 0.187984 0.202504 -0.00171128 0.000557856 -0.00126441 0.199442 0.186264 0.204811 0.193783 0.189354 0.200668
5000000 0.18253 0.181415 0.19133 0.0 0.0 0.0 0.186206 0.182881 0.193621 0.178562 0.180097 0.188856
5000000 0.180641 0.192963 0.200884 0.0 0.0 0.0 0.180598 0.190314 0.205083 0.180667 0.19501 0.197969
5000000 0.182928 0.185687 0.192645 0.0 0.0 0.0 0.186206 0.182881 0.193621 0.179243 0.189108 0.191549
5000000 0.183908 0.188603 0.188993 0.0 0.0 0.0 0.189215 0.1883 0.186086 0.179243 0.189108 0.191549
5000000 0.182942 0.187586 0.208423 0.0 0.0 0.0 0.180598 0.190314 0.205083 0.184801 0.185647 0.211077
5000000 0.18513 0.191441 0.204261 0.0 0.0 0.0 0.180598 0.190314 0.205083 0.188264 0.192432 0.203694
5000000 0.187307 0.199321 0.192872 0.0 0.0 0.0 0.189414 0.197239 0.189859 0.184796 0.202069 0.196465
5000000 0.198008 0.1806 0.181915 0.0 0.0 0.0 0.199493 0.175409 0.182732 0.197023 0.184256 0.181366
5000000 0.19353 0.180393 0.184826 0.0 0.0 0.0 0.195644 0.18161 0.188089 0.191367 0.179408 0.181481
5000000 0.197351 0.178729 0.185715 0.0 0.0 0.0 0.195644 0.18161 0.188089 0.199493 0.175409 0.182732
5000000 0.194064 0.185662 0.183156 0.0 0.0 0.0 0.189215 0.1883 0.186086 0.197023 0.184256 0.181366
5000000 0.190446 0.183095 0.183457 0.0 0.0 0.0 0.189215 0.1883 0.186086 0.191367 0.179408 0.181481
5000000 0.199932 0.185184 0.18001 0.000613597 0.000276626 -0.000403016 0.197023 0.184256 0.181366 0.202671 0.186057 0.178734
5000000 0.186158 0.178797 0.195364 0.0 0.0 0.0 0.186206 0.182881 0.193621 0.1861 0.174071 0.197496
5000000 0.189644 0.181028 0.196431 0.0 0.0 0.0 0.186206 0.182881 0.193621 0.192266 0.179835 0.198581
5000000 0.19281 0.179595 0.201864 0.0 0.0 0.0 0.192266 0.179835 0.198581 0.193619 0.17955 0.206742
5000000 0.197586 0.185555 0.186813 0.0 0.0 0.0 0.195644 0.18161 0.188089 0.199508 0.189701 0.185551
5000000 0.199515 0.182226 0.186259 0.0 0.0 0.0 0.195644 0.18161 0.188089 0.202908 0.183005 0.18465
5000000 0.198321 0.178898 0.189665 0.0 0.0 0.0 0.195644 0.18161 0.188089 0.200615 0.176815 0.191006
5000000 0.19409 0.17858 0.214879 0.0 0.0 0.0 0.195504 0.175961 0.213768 0.191793 0.183169 0.216688
5000000 0.192751 0.181143 0.21147 0.0 0.0 0.0 0.191793 0.183169 0.216688 0.193619 0.17955 0.206742
5000000 0.190659 0.185056 0.198238 0.0 0.0 0.0 0.192865 0.185417 0.195574 0.187454 0.184827 0.202108
5000000 0.186011 0.185145 0.20699 0.0 0.0 0.0 0.187454 0.184827 0.202108 0.184801 0.185647 0.211077
5000000 0.192798 0.184091 0.207759 0.0 0.0 0.0 0.19208 0.188282 0.208646 0.193619 0.17955 0.206742
5000000 0.187704 0.184489 0.213405 0.0 0.0 0.0 0.191793 0.183169 0.216688 0.184801 0.185647 0.211077
5000000 0.192263 0.188434 0.215894 0.0 0.0 0.0 0.191793 0.183169 0.216688 0.192577 0.192169 0.215366
5000000 0.196034 0.185826 0.218423 0.0 0.0 0.0 0.191793 0.183169 0.216688 0.198838 0.187794 0.219575
5000000 0.199985 0.179583 0.216618 0.0 0.0 0.0 0.199163 0.177498 0.220899 0.200768 0.181821 0.212544
5000000 0.203165 0.18055 0.219572 0.0 0.0 0.0 0.199163 0.177498 0.220899 0.205996 0.182929 0.218635
5000000 0.198262 0.18985 0.181507 0.0 0.0 0.0 0.199508 0.189701 0.185551 0.197138 0.19022 0.177852
5000000 0.19781 0.197403 0.181436 0.0 0.0 0.0 0.197872 0.197008 0.178214 0.197717 0.198302 0.18623
5000000 0.190555 0.187704 0.195687 0.0 0.0 0.0 0.192865 0.185417 0.195574 0.187208 0.191317 0.195847
5000000 0.19401 0.187953 0.194439 0.0 0.0 0.0 0.192865 0.185417 0.195574 0.19568 0.191936 0.192783
5000000 0.195183 0.188988 0.185776 0.0 0.0 0.0 0.199508 0.189701 0.185551 0.189215 0.1883 0.186086
5000000 0.188115 0.18983 0.19144 0.0 0.0 0.0 0.187208 0.191317 0.195847 0.189215 0.1883 0.186086
5000000 0.189328 0.193234 0.188221 0.0 0.0 0.0 0.189215 0.1883 0.186086 0.189414 0.197239 0.189859
5000000 0.191438 0.191503 0.194317 0.0 0.0 0.0 0.187208 0.191317 0.195847 0.19568 0.191936 0.192783
5000000 0.191044 0.197284 0.19441 0.0 0.0 0.0 0.192877 0.19759 0.199517 0.189414 0.197239 0.189859
5000000 0.19327 0.197611 0.188174 0.0 0.0 0.0 0.197717 0.198302 0.18623 0.189414 0.197239 0.189859
5000000 0.190956 0.190077 0.198598 0.0 0.0 0.0 0.187208 0.191317 0.195847 0.193783 0.189354 0.200668
5000000 0.187819 0.191837 0.200379 0.0 0.0 0.0 0.187208 0.191317 0.195847 0.188264 0.192432 0.203694
5000000 0.194596 0.190342 0.197285 0.0 0.0 0.0 0.19568 0.191936 0.192783 0.193783 0.189354 0.200668
5000000 0.193402 0.192683 0.200187 0.0 0.0 0.0 0.192877 0.19759 0.199517 0.193783 0.189354 0.200668
5000000 0.190161 0.194431 0.201975 0.0 0.0 0.0 0.192877 0.19759 0.199517 0.188264 0.192432 0.203694
5000000 0.190403 0.199879 0.185946 0.0 0.0 0.0 0.189414 0.197239 0.189859 0.191262 0.202387 0.18256
5000000 0.194558 0.201986 0.188183 0.0 0.0 0.0 0.197717 0.198302 0.18623 0.191639 0.205628 0.189989
5000000 0.198802 0.20042 0.190391 0.0 0.0 0.0 0.197717 0.198302 0.18623 0.2 0.202998 0.194963
5000000 0.201308 0.186025 0.185077 0.0 0.0 0.0 0.199508 0.189701 0.185551 0.202908 0.183005 0.18465
5000000 0.201272 0.187543 0.181752 0.0 0.0 0.0 0.199508 0.189701 0.185551 0.202671 0.186057 0.178734
5000000 0.201766 0.196677 0.183754 0.0 0.0 0.0 0.197717 0.198302 0.18623 0.207438 0.194693 0.180281
5000000 0.201722 0.192355 0.188593 0.0 0.0 0.0 0.203905 0.195209 0.191583 0.199508 0.189701 0.185551
5000000 0.20009 0.193569 0.19214 0.0 0.0 0.0 0.203905 0.195209 0.191583 0.19568 0.191936 0.192783
5000000 0.197437 0.195 0.199445 0.0 0.0 0.0 0.192877 0.19759 0.199517 0.20182 0.192752 0.199375
5000000 0.202221 0.200068 0.187491 0.0 0.0 0.0 0.197717 0.198302 0.18623 0.205274 0.201471 0.188343
5000000 0.197063 0.198806 0.202343 0.0 0.0 0.0 0.192877 0.19759 0.199517 0.201786 0.200431 0.205532
5000000 0.188247 0.186767 0.209927 0.0 0.0 0.0 0.19208 0.188282 0.208646 0.184801 0.185647 0.211077
5000000 0.185531 0.189438 0.21095 0.0 0.0 0.0 0.186306 0.193742 0.210815 0.184801 0.185647 0.211077
5000000 0.195735 0.187156 0.206742 0.0 0.0 0.0 0.19208 0.188282 0.208646 0.199442 0.186264 0.204811
5000000 0.197884 0.190111 0.205112 0.0 0.0 0.0 0.199442 0.186264 0.204811 0.196649 0.193395 0.205352
5000000 0.190982 0.190795 0.202205 0.0 0.0 0.0 0.188264 0.192432 0.203694 0.193783 0.189354 0.200668
5000000 0.193022 0.188754 0.204233 0.0 0.0 0.0 0.19208 0.188282 0.208646 0.193783 0.189354 0.200668
5000000 0.195212 0.191254 0.20301 0.0 0.0 0.0 0.196649 0.193395 0.205352 0.193783 0.189354 0.200668
5000000 0.187385 0.192897 0.206897 0.0 0.0 0.0 0.186306 0.193742 0.210815 0.188264 0.192432 0.203694
5000000 0.189632 0.192786 0.213227 0.0 0.0 0.0 0.186306 0.193742 0.210815 0.192577 0.192169 0.215366
5000000 0.194855 0.195825 0.206749 0.0 0.0 0.0 0.19244 0.199386 0.208636 0.196649 0.193395 0.205352
5000000 0.194972 0.195223 0.215303 0.0 0.0 0.0 0.192577 0.192169 0.215366 0.197494 0.198681 0.215238
5000000 0.186365 0.19586 0.214275 0.0 0.0 0.0 0.186306 0.193742 0.210815 0.186444 0.199238 0.219298
5000000 0.190253 0.194726 0.216855 0.0 0.0 0.0 0.192577 0.192169 0.215366 0.186444 0.199238 0.219298
5000000 0.200091 0.185218 0.200266 0.0 0.0 0.0 0.200858 0.184263 0.194942 0.199442 0.186264 0.204811
5000000 0.201234 0.182527 0.203353 0.0 0.0 0.0 0.199442 0.186264 0.204811 0.202854 0.179407 0.202044
5000000 0.200075 0.184012 0.20851 0.0 0.0 0.0 0.200768 0.181821 0.212544 0.199442 0.186264 0.204811
5000000 0.197226 0.19069 0.200116 0.0 0.0 0.0 0.20182 0.192752 0.199375 0.193783 0.189354 0.200668
5000000 0.203404 0.185866 0.206986 0.0 0.0 0.0 0.206476 0.185776 0.208669 0.199442 0.186264 0.204811
5000000 0.196056 0.189573 0.210329 0.0 0.0 0.0 0.19208 0.188282 0.208646 0.200583 0.191303 0.212245
5000000 0.198279 0.192407 0.208214 0.0 0.0 0.0 0.200583 0.191303 0.212245 0.196649 0.193395 0.205352
5000000 0.195995 0.191678 0.214032 0.0 0.0 0.0 0.200583 0.191303 0.212245 0.192577 0.192169 0.215366
5000000 0.201827 0.198168 0.214341 0.0 0.0 0.0 0.206386 0.197874 0.213401 0.197494 0.198681 0.215238
5000000 0.200582 0.196323 0.217512 0.0 0.0 0.0 0.20393 0.194023 0.219977 0.197494 0.198681 0.215238
5000000 0.199671 0.185092 0.216541 0.0 0.0 0.0 0.200768 0.181821 0.212544 0.198838 0.187794 0.219575
5000000 0.201203 0.190562 0.21976 0.0 0.0 0.0 0.20393 0.194023 0.219977 0.198838 0.187794 0.219575
5000000 0.202249 0.198384 0.193014 0.0 0.0 0.0 0.203905 0.195209 0.191583 0.2 0.202998 0.194963
5000000 0.204623 0.200622 0.196534 0.0 0.0 0.0 0.208746 0.198732 0.197935 0.2 0.202998 0.194963
5000000 0.2063 0.18307 0.183732 -0.256112 0.0293508 0.0451275 0.211518 0.18317 0.18232 0.202908 0.183005 0.18465
5000000 0.20932 0.181185 0.186921 0.0 0.0 0.0 0.207611 0.179862 0.190498 0.211518 0.18317 0.18232
5000000 0.205044 0.181449 0.187315 0.0 0.0 0.0 0.207611 0.179862 0.190498 0.202908 0.183005 0.18465
5000000 0.207156 0.183865 0.189748 0.0 0.0 0.0 0.207611 0.179862 0.190498 0.20671 0.188083 0.188999
5000000 0.20136 0.188591 0.197269 0.0 0.0 0.0 0.200858 0.184263 0.194942 0.20182 0.192752 0.199375
5000000 0.205052 0.180125 0.209717 0.0 0.0 0.0 0.200768 0.181821 0.212544 0.208823 0.178878 0.207235
5000000 0.206075 0.182185 0.212952 0.0 0.0 0.0 0.209509 0.182632 0.213221 0.200768 0.181821 0.212544
5000000 0.204869 0.182552 0.201693 0.0 0.0 0.0 0.207015 0.186151 0.201322 0.202854 0.179407 0.202044
5000000 0.214122 0.185019 0.2012 0.0 0.0 0.0 0.21324 0.181138 0.200934 0.215338 0.190635 0.201561
5000000 0.207913 0.182394 0.204272 0.0 0.0 0.0 0.208823 0.178878 0.207235 0.207015 0.186151 0.201322
5000000 0.207522 0.182568 0.208028 0.0 0.0 0.0 0.206476 0.185776 0.208669 0.208823 0.178878 0.207235
5000000 0.211015 0.185021 0.211296 0.0 0.0 0.0 0.209509 0.182632 0.213221 0.212615 0.187817 0.209257
5000000 0.200676 0.186368 0.212395 0.0 0.0 0.0 0.200583 0.191303 0.212245 0.200768 0.181821 0.212544
5000000 0.209991 0.185128 0.214615 0.0 0.0 0.0 0.209509 0.182632 0.213221 0.21076 0.189409 0.216828
5000000 0.21582 0.181964 0.203921 0.0 0.0 0.0 0.218993 0.183259 0.207586 0.21324 0.181138 0.200934
5000000 0.207153 0.179602 0.217929 0.0 0.0 0.0 0.205996 0.182929 0.218635 0.209392 0.173553 0.216569
5000000 0.207998 0.185525 0.217875 0.0 0.0 0.0 0.205996 0.182929 0.218635 0.21076 0.189409 0.216828
5000000 0.205193 0.194898 0.187459 0.0 0.0 0.0 0.203905 0.195209 0.191583 0.207438 0.194693 0.180281
5000000 0.212432 0.192434 0.184839 0.0 0.0 0.0 0.216015 0.191025 0.188099 0.207438 0.194693 0.180281
5000000 0.209691 0.186594 0.191608 0.0 0.0 0.0 0.212615 0.185381 0.194158 0.20671 0.188083 0.188999
5000000 0.207313 0.193318 0.192992 0.0 0.0 0.0 0.210004 0.19205 0.194097 0.203905 0.195209 0.191583
5000000 0.206089 0.196678 0.194454 0.0 0.0 0.0 0.203905 0.195209 0.191583 0.208746 0.198732 0.197935
5000000 0.212581 0.196651 0.195932 0.0 0.0 0.0 0.208746 0.198732 0.197935 0.21509 0.195497 0.194621
5000000 0.209807 0.185643 0.197749 0.0 0.0 0.0 0.212615 0.185381 0.194158 0.207015 0.186151 0.201322
5000000 0.204552 0.189153 0.200401 0.0 0.0 0.0 0.20182 0.192752 0.199375 0.207015 0.186151 0.201322
5000000 0.204842 0.192772 0.203263 0.0 0.0 0.0 0.20182 0.192752 0.199375 0.207689 0.193028 0.206918
5000000 0.211939 0.191412 0.196813 0.0 0.0 0.0 0.210004 0.19205 0.194097 0.215338 0.190635 0.201561
5000000 0.211827 0.19482 0.199632 0.0 0.0 0.0 0.208746 0.198732 0.197935 0.215338 0.190635 0.201561
5000000 0.212072 0.202447 0.19647 0.0 0.0 0.0 0.208746 0.198732 0.197935 0.214202 0.205016 0.195531
5000000 0.211145 0.199629 0.193407 0.0 0.0 0.0 0.208746 0.198732 0.197935 0.213804 0.200876 0.188393
5000000 0.205463 0.199412 0.201514 0.0 0.0 0.0 0.208746 0.198732 0.197935 0.201786 0.200431 0.205532
5000000 0.211007 0.18932 0.188585 0.0 0.0 0.0 0.216015 0.191025 0.188099 0.20671 0.188083 0.188999
5000000 0.212329 0.19153 0.191777 0.0 0.0 0.0 0.210004 0.19205 0.194097 0.216015 0.191025 0.188099
5000000 0.215446 0.193635 0.192088 0.0 0.0 0.0 0.216015 0.191025 0.188099 0.21509 0.195497 0.194621
5000000 0.216235 0.197244 0.196804 0.0 0.0 0.0 0.217948 0.200151 0.200045 0.21509 0.195497 0.194621
5000000 0.213409 0.199329 0.199006 0.0 0.0 0.0 0.217948 0.200151 0.200045 0.208746 0.198732 0.197935
5000000 0.207341 0.189391 0.204058 0.0 0.0 0.0 0.207015 0.186151 0.201322 0.207689 0.193028 0.206918
5000000 0.204068 0.187912 0.210129 0.0 0.0 0.0 0.206476 0.185776 0.208669 0.200583 0.191303 0.212245
5000000 0.203762 0.194787 0.212878 0.0 0.0 0.0 0.200583 0.191303 0.212245 0.206386 0.197874 0.213401
5000000 0.210503 0.189927 0.208254 0.0 0.0 0.0 0.212615 0.187817 0.209257 0.207689 0.193028 0.206918
5000000 0.213627 0.188742 0.206394 0.0 0.0 0.0 0.212615 0.187817 0.209257 0.215338 0.190635 0.201561
5000000 0.208364 0.193918 0.214952 0.0 0.0 0.0 0.206386 0.197874 0.213401 0.21076 0.189409 0.216828
5000000 0.20115 0.19551 0.209061 0.0 0.0 0.0 0.200583 0.191303 0.212245 0.201786 0.200431 0.205532
5000000 0.204423 0.198843 0.210048 0.0 0.0 0.0 0.206386 0.197874 0.213401 0.201786 0.200431 0.205532
5000000 0.218594 0.186873 0.199272 0.0 0.0 0.0 0.222476 0.182671 0.196542 0.215338 0.190635 0.201561
5000000 0.213926 0.190819 0.209936 0.0 0.0 0.0 0.212615 0.187817 0.209257 0.216595 0.1973 0.211317
5000000 0.211212 0.194599 0.20866 0.0 0.0 0.0 0.216595 0.1973 0.211317 0.207689 0.193028 0.206918
5000000 0.215905 0.193533 0.205986 0.0 0.0 0.0 0.216595 0.1973 0.211317 0.215338 0.190635 0.201561
5000000 0.213957 0.203178 0.200623 0.0 0.0 0.0 0.217948 0.200151 0.200045 0.211337 0.205373 0.201006
5000000 0.217382 0.198845 0.204721 0.0 0.0 0.0 0.217948 0.200151 0.200045 0.216595 0.1973 0.211317
5000000 0.218024 0.204299 0.201837 0.0 0.0 0.0 0.217948 0.200151 0.200045 0.218125 0.209452 0.203944
5000000 0.183127 0.209276 0.194041 -2.50212 -0.827782 0.138122 0.186371 0.209802 0.19389 0.17936 0.208665 0.194215
5000000 0.182784 0.206164 0.21013 -3.60509 -1.45852 2.92162 0.186932 0.208721 0.205714 0.179949 0.204417 0.213147
5000000 0.189344 0.205423 0.183099 -3.13224 4.09831 0.090232 0.191262 0.202387 0.18256 0.187541 0.208277 0.183606
5000000 0.190491 0.201299 0.189921 -8.73438 -20.632 1.2871 0.191639 0.205628 0.189989 0.189414 0.197239 0.189859
5000000 0.192867 0.202647 0.211836 -1.77989 -8.92373 -12.054 0.193297 0.205939 0.215067 0.19244 0.199386 0.208636
5000000 0.188467 0.210873 0.185621 -3.3583 -6.78448 -7.23147 0.189728 0.214405 0.188364 0.187541 0.208277 0.183606
5000000 0.188601 0.208035 0.192238 3.60188 -1.95477 -2.12582 0.186371 0.209802 0.19389 0.191639 0.205628 0.189989
5000000 0.194372 0.208792 0.1916 6.95449 6.85083 5.44539 0.191639 0.205628 0.189989 0.196877 0.211694 0.193077
5000000 0.187766 0.212375 0.19539 7.95117 9.96038 6.9734 0.186371 0.209802 0.19389 0.189724 0.215987 0.197495
5000000 0.196963 0.211917 0.19718 -0.626377 0.635955 5.08458 0.196877 0.211694 0.193077 0.197062 0.212176 0.201942
5000000 0.193333 0.214112 0.199682 -3.65203 1.35996 -2.74223 0.197062 0.212176 0.201942 0.189724 0.215987 0.197495
5000000 0.192057 0.216806 0.185138 -3.41362 -3.43954 6.44157 0.194482 0.219306 0.181779 0.189728 0.214405 0.188364
5000000 0.197398 0.215648 0.192089 0.949046 9.16483 -3.88829 0.196877 0.211694 0.193077 0.198002 0.220238 0.190942
5000000 0.190791 0.217484 0.201731 -0.545642 -2.3033 -6.84612 0.191895 0.219032 0.206109 0.189724 0.215987 0.197495
5000000 0.195994 0.209284 0.213332 4.68027 7.25555 -4.83605 0.193297 0.205939 0.215067 0.198881 0.212864 0.211476
5000000 0.191549 0.21022 0.215343 -15.3881 25.8676 0.13567 0.193297 0.205939 0.215067 0.189387 0.215514 0.215683
5000000 0.202963 0.215302 0.212883 9.54356 4.9272 4.99488 0.198881 0.212864 0.211476 0.206634 0.217495 0.214147
5000000 0.201268 0.209968 0.201509 4.50188 -1.73819 0.0903159 0.197062 0.212176 0.201942 0.204825 0.208101 0.201143
5000000 0.201172 0.214148 0.203344 9.48102 3.47155 1.73481 0.197062 0.212176 0.201942 0.205201 0.216081 0.204718
5000000 0.190755 0.217433 0.21046 -1.4046 -1.34239 6.79497 0.191895 0.219032 0.206109 0.189387 0.215514 0.215683
5000000 0.201057 0.206548 0.21919 -6.09647 7.10472 4.97728 0.202831 0.20389 0.216958 0.199505 0.208872 0.221142
5000000 0.214613 0.197494 0.192309 1.20104 -4.68144 7.57506 0.213804 0.200876 0.188393 0.21509 0.195497 0.194621
5000000 0.209611 0.200166 0.202364 -2.71819 -3.24131 -7.62469 0.210179 0.201108 0.205272 0.208746 0.198732 0.197935
5000000 0.210303 0.203046 0.185158 6.58251 -2.43227 5.41287 0.208046 0.204444 0.183073 0.213804 0.200876 0.188393
5000000 0.208463 0.202583 0.195195 -0.379245 -9.32918 8.68178 0.208264 0.205297 0.193263 0.208746 0.198732 0.197935
5000000 0.214056 0.203501 0.192918 0.778607 -4.81284 -10.9394 0.214202 0.205016 0.195531 0.213804 0.200876 0.188393
5000000 0.205063 0.196321 0.206301 11.2388 -10.5683 1.15535 0.201786 0.200431 0.205532 0.207689 0.193028 0.206918
5000000 0.203514 0.204791 0.203037 3.37759 16.8224 -8.9565 0.201786 0.200431 0.205532 0.204825 0.208101 0.201143
5000000 0.209444 0.203555 0.207045 -2.10305 4.29852 4.01734 0.210179 0.201108 0.205272 0.208126 0.207942 0.210224
5000000 0.204599 0.200898 0.215189 3.3908 -5.5676 -4.74378 0.202831 0.20389 0.216958 0.206386 0.197874 0.213401
5000000 0.212257 0.199875 0.20723 4.84808 -4.09862 4.29643 0.210179 0.201108 0.205272 0.216595 0.1973 0.211317
5000000 0.204944 0.204662 0.181761 -3.23329 0.180852 -0.796896 0.208046 0.204444 0.183073 0.200555 0.204969 0.179904
5000000 0.203211 0.213591 0.18236 2.96774 0.0699419 8.96661 0.201337 0.214042 0.17833 0.205839 0.212958 0.188009
5000000 0.211864 0.211942 0.189383 -12.3391 4.15582 -3.50187 0.215413 0.211343 0.190193 0.205839 0.212958 0.188009
5000000 0.212982 0.207712 0.196151 -4.89316 18.1212 4.33808 0.214202 0.205016 0.195531 0.211235 0.211574 0.197041
5000000 0.207421 0.207961 0.191436 -5.55013 10.8822 -6.78321 0.208264 0.205297 0.193263 0.205839 0.212958 0.188009
5000000 0.207915 0.209775 0.199165 -12.2763 -5.59621 10.483 0.211235 0.211574 0.197041 0.204825 0.208101 0.201143
5000000 0.212787 0.214894 0.199353 -3.91773 -6.80682 -6.69592 0.214283 0.218096 0.201582 0.211235 0.211574 0.197041
5000000 0.212118 0.215388 0.195186 4.75422 15.8555 -11.1086 0.211235 0.211574 0.197041 0.212924 0.218867 0.193495
5000000 0.2101 0.217331 0.21695 -9.78766 0.131301 -5.64683 0.213284 0.21718 0.219525 0.206634 0.217495 0.214147
5000000 0.208932 0.217892 0.206875 6.2966 2.4901 4.88338 0.205201 0.216081 0.204718 0.211504 0.219142 0.208363
5000000 0.215737 0.212276 0.207905 1.27524 -1.09688 -2.3148 0.214394 0.213865 0.210134 0.218125 0.209452 0.203944
5000000 0.200038 0.211362 0.186272 8.42075 0.877945 2.34757 0.196492 0.210387 0.185211 0.205839 0.212958 0.188009
5000000 0.194723 0.210581 0.181823 2.06728 -0.740745 5.90193 0.192862 0.210785 0.178257 0.196492 0.210387 0.185211
5000000 0.20708 0.200858 0.205368 -1.29005 -0.291851 0.135731 0.210179 0.201108 0.205272 0.201786 0.200431 0.205532
5000000 0.212179 0.211772 0.210166 -3.98193 -2.86156 0.471132 0.214394 0.213865 0.210134 0.208126 0.207942 0.210224
5000000 0.207844 0.201205 0.182146 -0.558311 -2.80245 -0.544464 0.208046 0.204444 0.183073 0.207438 0.194693 0.180281
5000000 0.215526 0.212082 0.212331 1.56808 -2.98369 4.76555 0.214394 0.213865 0.210134 0.217765 0.208556 0.216677
5000000 0.184918 0.214805 0.20424 2.20782 -4.22831 1.01345 0.183738 0.21837 0.203377 0.186932 0.208721 0.205714
5000000 0.185799 0.215939 0.195063 -1.94476 0.283048 -1.00673 0.189724 0.215987 0.197495 0.182313 0.215898 0.192902
5000000 0.204231 0.213693 0.194017 -1.25488 -0.148323 6.67793 0.205839 0.212958 0.188009 0.203387 0.214079 0.197171
5000000 0.20664 0.202937 0.185746 -0.997159 -0.870053 2.37316 0.208046 0.204444 0.183073 0.205274 0.201471 0.188343
5000000 0.200428 0.212195 0.19107 2.9222 0.808557 -2.1899 0.196877 0.211694 0.193077 0.205839 0.212958 0.188009
5000000 0.195757 0.205358 0.204824 0.258742 -1.19476 -5.24392 0.196072 0.206215 0.207819 0.195449 0.204521 0.2019
5000000 0.19716 0.208789 0.209235 -2.41992 -5.21851 -1.86539 0.198881 0.212864 0.211476 0.196072 0.206215 0.207819
5000000 0.187763 0.21171 0.1916 3.02734 2.89168 -3.41024 0.186371 0.209802 0.19389 0.189728 0.214405 0.188364
5000000 0.185747 0.206738 0.19491 -0.653125 -17.0372 6.33108 0.186371 0.209802 0.19389 0.184796 0.202069 0.196465
5000000 0.196771 0.19987 0.207198 -8.93236 0.153158 1.9935 0.201786 0.200431 0.205532 0.19244 0.199386 0.208636
5000000 0.19143 0.203838 0.185885 -0.312348 -0.610483 -2.08703 0.191639 0.205628 0.189989 0.191262 0.202387 0.18256
5000000 0.194536 0.203993 0.219086 0.856491 -2.8684 6.64623 0.193297 0.205939 0.215067 0.195765 0.202061 0.223075
5000000 0.199388 0.214903 0.21597 0.00447752 0.0206986 0.0738839 0.198881 0.212864 0.211476 0.199857 0.216787 0.220121
5000000 0.194953 0.206104 0.210742 1.35376 -0.267902 -5.81122 0.193297 0.205939 0.215067 0.196072 0.206215 0.207819
5000000 0.21377 0.206835 0.202059 -4.17364 -2.09948 -1.01447 0.218125 0.209452 0.203944 0.211337 0.205373 0.201006
5000000 0.197953 0.212513 0.206617 -0.828369 -0.139462 -2.29116 0.198881 0.212864 0.211476 0.197062 0.212176 0.201942
5000000 0.189726 0.215199 0.192945 -0.0696315 0.0281539 1.16631 0.189728 0.214405 0.188364 0.189724 0.215987 0.197495
5000000 0.191937 0.206753 0.194317 -0.0 -0.0 0.0 0.191639 0.205628 0.189989 0.192154 0.207571 0.197462
5000000 0.190425 0.207951 0.200194 -0.00117839 0.000661367 0.00215275 0.192154 0.207571 0.197462 0.186932 0.208721 0.205714
5000000 0.204417 0.21817 0.184842 -3.50603 7.8992 -6.24374 0.205839 0.212958 0.188009 0.203628 0.221065 0.183084
5000000 0.203262 0.202054 0.190868 -0.620493 0.048743 0.929563 0.205274 0.201471 0.188343 0.2 0.202998 0.194963
5000000 0.202744 0.2059 0.198478 0.167541 0.275897 0.285573 0.2 0.202998 0.194963 0.204825 0.208101 0.201143
5000000 0.208546 0.206542 0.201065 -1.35996 0.423444 -0.154256 0.211337 0.205373 0.201006 0.204825 0.208101 0.201143
5000000 0.21866 0.212366 0.199405 0.156026 -1.41052 2.19033 0.219047 0.214476 0.19612 0.218125 0.209452 0.203944
5000000 0.21299 0.216429 0.209273 -3.80584 5.35462 -1.16554 0.214394 0.213865 0.210134 0.211504 0.219142 0.208363
5000000 0.213492 0.211449 0.193342 -0.864147 0.328008 1.61321 0.215413 0.211343 0.190193 0.211235 0.211574 0.197041
5000000 0.198614 0.21644 0.200474 3.61096 6.93756 -3.4368 0.197062 0.212176 0.201942 0.199851 0.21984 0.199304
5000000 0.198191 0.20407 0.206971 4.303 -3.18098 -1.84284 0.196072 0.206215 0.207819 0.201786 0.200431 0.205532
5000000 0.204033 0.211395 0.198954 0.911469 -4.73853 4.3013 0.203387 0.214079 0.197171 0.204825 0.208101 0.201143
5000000 0.198654 0.19614 0.205422 -3.49424 -6.13422 -0.941981 0.201786 0.200431 0.205532 0.196649 0.193395 0.205352
5000000 0.192803 0.210723 0.203528 1.34333 0.605678 -0.31263 0.186932 0.208721 0.205714 0.197062 0.212176 0.201942
5000000 0.199176 0.217714 0.212466 0.0901542 4.31313 1.5983 0.198881 0.212864 0.211476 0.199397 0.221348 0.213207
5000000 0.201805 0.196285 0.202208 0.0349667 -1.54657 -1.70514 0.201786 0.200431 0.205532 0.20182 0.192752 0.199375
5000000 0.207764 0.209341 0.215611 -0.340012 0.334028 1.48069 0.208126 0.207942 0.210224 0.207455 0.210537 0.220215
5000000 0.217072 0.205539 0.194734 2.5196 0.74126 -0.387308 0.214202 0.205016 0.195531 0.221855 0.20641 0.193407
5000000 0.21674 0.216229 0.198765 3.52685 -1.94649 -4.70145 0.214283 0.218096 0.201582 0.219047 0.214476 0.19612
5000000 0.20501 0.205557 0.214187 1.90189 2.11365 -3.51404 0.202831 0.20389 0.216958 0.208126 0.207942 0.210224
5000000 0.184238 0.202521 0.191502 -0.52365 1.32252 -5.18706 0.184796 0.202069 0.196465 0.183774 0.202895 0.187383
5000000 0.206535 0.212369 0.207229 -0.783128 2.52682 -2.32787 0.208126 0.207942 0.210224 0.205201 0.216081 0.204718
5000000 0.193123 0.207024 0.20714 -3.03679 1.20166 -1.14626 0.196072 0.206215 0.207819 0.186932 0.208721 0.205714
5000000 0.201748 0.21675 0.198159 -3.60094 7.95862 1.80299 0.203387 0.214079 0.197171 0.199851 0.21984 0.199304
5000000 0.190267 0.202976 0.216938 -11.828 -8.11188 6.22346 0.193297 0.205939 0.215067 0.186444 0.199238 0.219298
5000000 0.200112 0.201236 0.216082 -2.30289 -2.022 -1.21377 0.202831 0.20389 0.216958 0.197494 0.198681 0.215238
5000000 0.194257 0.208195 0.187411 2.69534 3.90652 -3.2009 0.191639 0.205628 0.189989 0.196492 0.210387 0.185211
5000000 0.211379 0.20515 0.194453 3.43909 -0.598398 1.79424 0.208264 0.205297 0.193263 0.214202 0.205016 0.195531
5000000 0.193438 0.212202 0.186635 -1.30449 0.645891 0.841761 0.196492 0.210387 0.185211 0.189728 0.214405 0.188364
5000000 0.209412 0.21799 0.186938 2.1381 2.21394 -0.721232 0.205839 0.212958 0.188009 0.211495 0.220925 0.186313
5000000 0.182321 0.217158 0.206749 -0.451316 -0.679965 1.91916 0.183738 0.21837 0.203377 0.180933 0.21597 0.21005
5000000 0.196079 0.207511 0.201917 -1.67116 -23.222 -2.04818 0.197062 0.212176 0.201942 0.195449 0.204521 0.2019
5000000 0.184565 0.212515 0.19345 -2.97127 6.28816 -0.487557 0.186371 0.209802 0.19389 0.182313 0.215898 0.192902
5000000 0.18127 0.207917 0.202465 0.0209328 -0.000871516 0.0121926 0.178643 0.207544 0.200957 0.186932 0.208721 0.205714
5000000 0.215925 0.216399 0.210858 1.91172 4.77426 1.18379 0.214394 0.213865 0.210134 0.218061 0.219937 0.211869
5000000 0.193853 0.205998 0.199751 0.00355717 -0.00227373 0.00349253 0.192154 0.207571 0.197462 0.195449 0.204521 0.2019
5000000 0.18572 0.204947 0.200466 -0.11978 -1.90173 -2.93665 0.186932 0.208721 0.205714 0.184796 0.202069 0.196465
5000000 0.194479 0.215603 0.204025 7.23053 -6.7808 -4.43528 0.191895 0.219032 0.206109 0.197062 0.212176 0.201942
5000000 0.195616 0.201929 0.215162 5.06 -7.87504 -1.23522 0.193297 0.205939 0.215067 0.197494 0.198681 0.215238
5000000 0.1983 0.207977 0.18285 0.574547 -1.21621 -1.07515 0.196492 0.210387 0.185211 0.200555 0.204969 0.179904
5000000 0.198238 0.207904 0.193899 0.257976 -0.81662 0.317986 0.196877 0.211694 0.193077 0.2 0.202998 0.194963
5000000 0.197763 0.203028 0.203227 2.45599 -1.87961 2.07752 0.195449 0.204521 0.2019 0.201786 0.200431 0.205532
5000000 0.180293 0.211035 0.197063 -0.000225551 -0.000383576 -0.000396098 0.181041 0.212937 0.199349 0.17936 0.208665 0.194215
5000000 0.182914 0.211596 0.201372 0.00055371 -0.000501971 0.000863555 0.181041 0.212937 0.199349 0.186932 0.208721 0.205714
5000000 0.20488 0.204096 0.207822 -0.48661 -0.83961 -0.463333 0.208126 0.207942 0.210224 0.201786 0.200431 0.205532
5000000 0.190701 0.209937 0.189191 -2.35802 8.32228 -0.282074 0.191639 0.205628 0.189989 0.189728 0.214405 0.188364
5000000 0.211295 0.207923 0.199375 0.0776196 -1.67502 1.48783 0.211235 0.211574 0.197041 0.211337 0.205373 0.201006
5000000 0.182416 0.203789 0.205056 0.0 0.0 0.0 0.186932 0.208721 0.205714 0.17884 0.200103 0.204534
5000000 0.181709 0.205694 0.195188 0.0 0.0 0.0 0.17936 0.208665 0.194215 0.184796 0.202069 0.196465
5000000 0.180969 0.20535 0.199258 0.0 0.0 0.0 0.178643 0.207544 0.200957 0.184796 0.202069 0.196465
5000000 0.18158 0.214084 0.196594 0.0 0.0 0.0 0.181041 0.212937 0.199349 0.182313 0.215898 0.192902
5000000 0.182233 0.215225 0.201136 0.0 0.0 0.0 0.181041 0.212937 0.199349 0.183738 0.21837 0.203377
5000000 0.18777 0.2025 0.184808 0.0 0.0 0.0 0.191262 0.202387 0.18256 0.183774 0.202895 0.187383
5000000 0.187558 0.204089 0.188638 0.0 0.0 0.0 0.191639 0.205628 0.189989 0.183774 0.202895 0.187383
5000000 0.188406 0.203829 0.193046 0.0 0.0 0.0 0.191639 0.205628 0.189989 0.184796 0.202069 0.196465
5000000 0.189257 0.205289 0.197069 0.0 0.0 0.0 0.192154 0.207571 0.197462 0.184796 0.202069 0.196465
5000000 0.185787 0.215079 0.190775 0.0 0.0 0.0 0.189728 0.214405 0.188364 0.182313 0.215898 0.192902
5000000 0.183121 0.213209 0.208468 0.0 0.0 0.0 0.186932 0.208721 0.205714 0.180933 0.21597 0.21005
5000000 0.184292 0.215672 0.212286 0.0 0.0 0.0 0.180933 0.21597 0.21005 0.189387 0.215514 0.215683
5000000 0.186463 0.217169 0.200701 0.0 0.0 0.0 0.183738 0.21837 0.203377 0.189724 0.215987 0.197495
5000000 0.194598 0.203326 0.208148 0.0 0.0 0.0 0.196072 0.206215 0.207819 0.19244 0.199386 0.208636
5000000 0.194244 0.202349 0.204591 0.0 0.0 0.0 0.195449 0.204521 0.2019 0.19244 0.199386 0.208636
5000000 0.190174 0.203104 0.207433 0.0 0.0 0.0 0.186932 0.208721 0.205714 0.19244 0.199386 0.208636
5000000 0.196717 0.20008 0.218757 0.0 0.0 0.0 0.195765 0.202061 0.223075 0.197494 0.198681 0.215238
5000000 0.18931 0.20701 0.186369 0.0 0.0 0.0 0.191639 0.205628 0.189989 0.187541 0.208277 0.183606
5000000 0.195458 0.204307 0.192263 0.0 0.0 0.0 0.191639 0.205628 0.189989 0.2 0.202998 0.194963
5000000 0.196674 0.210898 0.189005 0.0 0.0 0.0 0.196877 0.211694 0.193077 0.196492 0.210387 0.185211
5000000 0.189278 0.208565 0.195687 0.0 0.0 0.0 0.186371 0.209802 0.19389 0.192154 0.207571 0.197462
5000000 0.19424 0.209278 0.195523 0.0 0.0 0.0 0.192154 0.207571 0.197462 0.196877 0.211694 0.193077
5000000 0.195131 0.20572 0.196512 0.0 0.0 0.0 0.192154 0.207571 0.197462 0.2 0.202998 0.194963
5000000 0.193518 0.212848 0.190866 0.0 0.0 0.0 0.196877 0.211694 0.193077 0.189728 0.214405 0.188364
5000000 0.194144 0.209323 0.199278 0.0 0.0 0.0 0.192154 0.207571 0.197462 0.197062 0.212176 0.201942
5000000 0.197107 0.203847 0.199366 0.0 0.0 0.0 0.195449 0.204521 0.2019 0.2 0.202998 0.194963
5000000 0.195602 0.214207 0.183698 0.0 0.0 0.0 0.194482 0.219306 0.181779 0.196492 0.210387 0.185211
5000000 0.19115 0.210936 0.197475 0.0 0.0 0.0 0.192154 0.207571 0.197462 0.189724 0.215987 0.197495
5000000 0.193506 0.213599 0.195157 0.0 0.0 0.0 0.196877 0.211694 0.193077 0.189724 0.215987 0.197495
5000000 0.193808 0.217166 0.189638 0.0 0.0 0.0 0.198002 0.220238 0.190942 0.189728 0.214405 0.188364
5000000 0.20098 0.197343 0.197346 0.0 0.0 0.0 0.2 0.202998 0.194963 0.20182 0.192752 0.199375
5000000 0.198725 0.211954 0.182038 0.0 0.0 0.0 0.201337 0.214042 0.17833 0.196492 0.210387 0.185211
5000000 0.200489 0.212902 0.195352 0.0 0.0 0.0 0.196877 0.211694 0.193077 0.203387 0.214079 0.197171
5000000 0.205073 0.204292 0.193919 0.0 0.0 0.0 0.208264 0.205297 0.193263 0.2 0.202998 0.194963
5000000 0.20089 0.201595 0.200248 0.0 0.0 0.0 0.2 0.202998 0.194963 0.201786 0.200431 0.205532
5000000 0.190664 0.20697 0.211198 0.0 0.0 0.0 0.193297 0.205939 0.215067 0.186932 0.208721 0.205714
5000000 0.196463 0.208459 0.205488 0.0 0.0 0.0 0.196072 0.206215 0.207819 0.197062 0.212176 0.201942
5000000 0.192744 0.205735 0.203109 0.0 0.0 0.0 0.186932 0.208721 0.205714 0.195449 0.204521 0.2019
5000000 0.196873 0.207511 0.218564 0.0 0.0 0.0 0.193297 0.205939 0.215067 0.199505 0.208872 0.221142
5000000 0.188244 0.212233 0.21104 0.0 0.0 0.0 0.186932 0.208721 0.205714 0.189387 0.215514 0.215683
5000000 0.194477 0.213975 0.213427 0.0 0.0 0.0 0.198881 0.212864 0.211476 0.189387 0.215514 0.215683
5000000 0.188571 0.212872 0.200885 0.0 0.0 0.0 0.186932 0.208721 0.205714 0.189724 0.215987 0.197495
5000000 0.189809 0.214578 0.205942 0.0 0.0 0.0 0.191895 0.219032 0.206109 0.186932 0.208721 0.205714
5000000 0.195322 0.215889 0.208741 0.0 0.0 0.0 0.198881 0.212864 0.211476 0.191895 0.219032 0.206109
5000000 0.200803 0.213184 0.199118 0.0 0.0 0.0 0.197062 0.212176 0.201942 0.203387 0.214079 0.197171
5000000 0.203232 0.210427 0.210885 0.0 0.0 0.0 0.198881 0.212864 0.211476 0.208126 0.207942 0.210224
5000000 0.198471 0.204708 0.21609 0.0 0.0 0.0 0.193297 0.205939 0.215067 0.202831 0.20389 0.216958
5000000 0.202133 0.214401 0.207997 0.0 0.0 0.0 0.198881 0.212864 0.211476 0.205201 0.216081 0.204718
5000000 0.195207 0.216105 0.218148 0.0 0.0 0.0 0.199857 0.216787 0.220121 0.189387 0.215514 0.215683
5000000 0.199589 0.202932 0.21976 0.0 0.0 0.0 0.202831 0.20389 0.216958 0.195765 0.202061 0.223075
5000000 0.201387 0.216973 0.189677 0.0 0.0 0.0 0.198002 0.220238 0.190942 0.205839 0.212958 0.188009
5000000 0.202248 0.218036 0.201734 0.0 0.0 0.0 0.205201 0.216081 0.204718 0.199851 0.21984 0.199304
5000000 0.203292 0.217029 0.217091 0.0 0.0 0.0 0.199857 0.216787 0.220121 0.206634 0.217495 0.214147
5000000 0.205978 0.199139 0.185718 0.0 0.0 0.0 0.205274 0.201471 0.188343 0.207438 0.194693 0.180281
5000000 0.209125 0.197576 0.205966 0.0 0.0 0.0 0.210179 0.201108 0.205272 0.207689 0.193028 0.206918
5000000 0.207104 0.201924 0.212084 0.0 0.0 0.0 0.208126 0.207942 0.210224 0.206386 0.197874 0.213401
5000000 0.208134 0.198965 0.216726 0.0 0.0 0.0 0.210602 0.200789 0.221407 0.206386 0.197874 0.213401
5000000 0.207272 0.207305 0.184805 0.0 0.0 0.0 0.208046 0.204444 0.183073 0.205839 0.212958 0.188009
5000000 0.211267 0.210321 0.184759 0.0 0.0 0.0 0.205839 0.212958 0.188009 0.215269 0.208586 0.182362
5000000 0.20727 0.210864 0.182174 0.0 0.0 0.0 0.205839 0.212958 0.188009 0.208067 0.209893 0.178941
5000000 0.202624 0.217872 0.181007 0.0 0.0 0.0 0.201337 0.214042 0.17833 0.203628 0.221065 0.183084
5000000 0.209555 0.20791 0.194909 0.0 0.0 0.0 0.208264 0.205297 0.193263 0.211235 0.211574 0.197041
5000000 0.206753 0.203245 0.190783 0.0 0.0 0.0 0.208264 0.205297 0.193263 0.205274 0.201471 0.188343
5000000 0.210418 0.203456 0.191371 0.0 0.0 0.0 0.208264 0.205297 0.193263 0.213804 0.200876 0.188393
5000000 0.209027 0.212022 0.193349 0.0 0.0 0.0 0.205839 0.212958 0.188009 0.211235 0.211574 0.197041
5000000 0.206769 0.212881 0.197116 0.0 0.0 0.0 0.203387 0.214079 0.197171 0.211235 0.211574 0.197041
5000000 0.208557 0.20112 0.188365 0.0 0.0 0.0 0.205274 0.201471 0.188343 0.213804 0.200876 0.188393
5000000 0.212767 0.205074 0.198267 0.0 0.0 0.0 0.214202 0.205016 0.195531 0.211337 0.205373 0.201006
5000000 0.214209 0.214859 0.19179 0.0 0.0 0.0 0.215413 0.211343 0.190193 0.212924 0.218867 0.193495
5000000 0.21018 0.216464 0.191376 0.0 0.0 0.0 0.205839 0.212958 0.188009 0.212924 0.218867 0.193495
5000000 0.204132 0.214787 0.200287 0.0 0.0 0.0 0.205201 0.216081 0.204718 0.203387 0.214079 0.197171
5000000 0.217173 0.212743 0.193067 0.0 0.0 0.0 0.219047 0.214476 0.19612 0.215413 0.211343 0.190193
5000000 0.215335 0.212979 0.196559 0.0 0.0 0.0 0.219047 0.214476 0.19612 0.211235 0.211574 0.197041
5000000 0.214294 0.210513 0.20011 0.0 0.0 0.0 0.218125 0.209452 0.203944 0.211235 0.211574 0.197041
5000000 0.210206 0.206156 0.204246 0.0 0.0 0.0 0.208126 0.207942 0.210224 0.211337 0.205373 0.201006
5000000 0.210764 0.203148 0.203108 0.0 0.0 0.0 0.210179 0.201108 0.205272 0.211337 0.205373 0.201006
5000000 0.206209 0.207914 0.204953 0.0 0.0 0.0 0.208126 0.207942 0.210224 0.204825 0.208101 0.201143
5000000 0.207296 0.213131 0.212401 0.0 0.0 0.0 0.208126 0.207942 0.210224 0.206634 0.217495 0.214147
5000000 0.204997 0.211678 0.202798 0.0 0.0 0.0 0.205201 0.216081 0.204718 0.204825 0.208101 0.201143
5000000 0.213193 0.208588 0.207039 0.0 0.0 0.0 0.208126 0.207942 0.210224 0.218125 0.209452 0.203944
5000000 0.212756 0.208117 0.213323 0.0 0.0 0.0 0.208126 0.207942 0.210224 0.217765 0.208556 0.216677
5000000 0.20491 0.206761 0.21842 0.0 0.0 0.0 0.202831 0.20389 0.216958 0.207455 0.210537 0.220215
5000000 0.206037 0.20249 0.218791 0.0 0.0 0.0 0.202831 0.20389 0.216958 0.210602 0.200789 0.221407
5000000 0.207031 0.214013 0.217078 0.0 0.0 0.0 0.206634 0.217495 0.214147 0.207455 0.210537 0.220215
5000000 0.213582 0.218377 0.197427 0.0 0.0 0.0 0.214283 0.218096 0.201582 0.212924 0.218867 0.193495
5000000 0.215995 0.216546 0.194815 0.0 0.0 0.0 0.219047 0.214476 0.19612 0.212924 0.218867 0.193495
5000000 0.205933 0.216687 0.209542 0.0 0.0 0.0 0.206634 0.217495 0.214147 0.205201 0.216081 0.204718
5000000 0.209995 0.217029 0.203061 0.0 0.0 0.0 0.214283 0.218096 0.201582 0.205201 0.216081 0.204718
5000000 0.20946 0.218334 0.210788 0.0 0.0 0.0 0.206634 0.217495 0.214147 0.211504 0.219142 0.208363
5000000 0.215952 0.214216 0.20261 0.0 0.0 0.0 0.214283 0.218096 0.201582 0.218125 0.209452 0.203944
