# ts x y z Fx Fy Fz x1 y1 z1 x2 y2 z2
4612500 0.18594 0.19312 0.187907 0.905324 0.140517 0.45157 0.182666 0.19201 0.186024 0.189436 0.194304 0.189918
4612500 0.183436 0.190439 0.197063 -1.04621 0.636211 0.57122 0.187194 0.188288 0.195818 0.18068 0.192016 0.197975
4612500 0.188947 0.196846 0.198017 -2.54848 1.04816 -0.599789 0.192846 0.194645 0.199497 0.1848 0.199186 0.196444
4612500 0.198149 0.183738 0.183325 -0.485615 -1.98526 -1.31377 0.199503 0.186714 0.185572 0.197009 0.181233 0.181433
4612500 0.192905 0.181379 0.187267 -1.00784 0.899415 -0.491958 0.195594 0.17852 0.188122 0.18924 0.185275 0.186101
4612500 0.197918 0.179727 0.191167 2.50305 0.648221 2.72715 0.195594 0.17852 0.188122 0.200807 0.181228 0.194954
4612500 0.189334 0.202484 0.183151 -0.716117 0.834957 0.123529 0.19122 0.199428 0.182618 0.18756 0.205359 0.183652
4612500 0.197713 0.187757 0.188956 -0.739908 0.678214 2.21359 0.199503 0.186714 0.185572 0.195676 0.188943 0.192809
4612500 0.192443 0.191721 0.191311 -2.18859 1.31751 -0.881347 0.195676 0.188943 0.192809 0.189436 0.194304 0.189918
4612500 0.196643 0.192019 0.189644 -0.232641 -0.653134 0.935183 0.197681 0.195317 0.186251 0.195676 0.188943 0.192809
4612500 0.194291 0.191733 0.196081 1.35733 -1.71172 -2.68457 0.192846 0.194645 0.199497 0.195676 0.188943 0.192809
4612500 0.195038 0.192225 0.2029 0.534544 -0.545894 1.09779 0.192846 0.194645 0.199497 0.196618 0.190479 0.205354
4612500 0.192628 0.195579 0.204114 -0.130494 0.099109 2.42768 0.192846 0.194645 0.199497 0.192415 0.196488 0.208608
4612500 0.198112 0.185279 0.193828 -2.5534 4.28722 -0.648334 0.200807 0.181228 0.194954 0.195676 0.188943 0.192809
4612500 0.202435 0.188575 0.183654 1.63145 0.738332 -0.774556 0.199503 0.186714 0.185572 0.20745 0.191758 0.180373
4612500 0.203002 0.185918 0.187264 0.486636 -0.198693 0.289184 0.199503 0.186714 0.185572 0.206688 0.185078 0.189045
4612500 0.199109 0.198705 0.183097 0.196743 0.740794 -0.51887 0.197681 0.195317 0.186251 0.200517 0.202046 0.179987
4612500 0.189185 0.19344 0.20977 2.1594 1.54795 -0.967758 0.186349 0.190765 0.210789 0.192415 0.196488 0.208608
4612500 0.199557 0.186259 0.216425 -0.118392 -0.290465 0.886261 0.200534 0.188324 0.212216 0.198838 0.184739 0.219522
4612500 0.210122 0.179634 0.192396 1.34811 1.42891 1.36696 0.207588 0.176813 0.190561 0.212583 0.182373 0.194178
4612500 0.204203 0.182289 0.198459 2.40157 1.33816 3.13621 0.200807 0.181228 0.194954 0.206973 0.183155 0.201318
4612500 0.21108 0.186177 0.194176 0.804586 -2.34381 0.380714 0.20995 0.189036 0.194175 0.212583 0.182373 0.194178
4612500 0.214123 0.184965 0.191412 -0.114609 -0.12445 0.172748 0.215954 0.188046 0.188125 0.212583 0.182373 0.194178
4612500 0.206676 0.182984 0.205377 0.0206648 0.332718 -1.74385 0.206435 0.182845 0.208669 0.206973 0.183155 0.201318
4612500 0.208022 0.181152 0.21102 0.503609 -0.604736 1.09135 0.206435 0.182845 0.208669 0.209467 0.17961 0.213161
4612500 0.204099 0.181128 0.210252 -2.08568 -1.08602 1.56977 0.206435 0.182845 0.208669 0.20081 0.178711 0.21248
4612500 0.210555 0.18509 0.201426 -4.04578 -1.42784 0.0078439 0.215291 0.187649 0.20157 0.206973 0.183155 0.201318
4612500 0.206955 0.186013 0.207889 0.219861 2.4281 -0.236119 0.206435 0.182845 0.208669 0.207626 0.190096 0.206884
4612500 0.205175 0.192709 0.198668 -1.59363 -1.11013 0.0945605 0.208693 0.195786 0.197897 0.201812 0.189767 0.199404
4612500 0.208568 0.187359 0.192001 -0.487531 -0.552534 -0.53597 0.20995 0.189036 0.194175 0.206688 0.185078 0.189045
4612500 0.212477 0.190773 0.194405 0.0997687 0.0710199 0.0290334 0.20995 0.189036 0.194175 0.215019 0.192521 0.194637
4612500 0.209455 0.191693 0.19564 -0.623763 2.24711 1.72819 0.20995 0.189036 0.194175 0.208693 0.195786 0.197897
4612500 0.214554 0.194554 0.192352 0.273439 -0.89944 1.41232 0.213767 0.197997 0.188484 0.215019 0.192521 0.194637
4612500 0.209572 0.197222 0.202324 -0.620059 -0.671548 -1.67353 0.21015 0.198165 0.205232 0.208693 0.195786 0.197897
4612500 0.217939 0.191526 0.194862 -0.402633 0.0907257 0.0184153 0.221827 0.190202 0.195162 0.215019 0.192521 0.194637
4612500 0.205013 0.193399 0.206255 1.59819 -1.57197 0.572355 0.201752 0.197521 0.205469 0.207626 0.190096 0.206884
4612500 0.21101 0.189016 0.204538 -2.51296 1.35822 1.7887 0.215291 0.187649 0.20157 0.207626 0.190096 0.206884
4612500 0.203495 0.201881 0.20298 0.564082 1.47731 -0.540571 0.201752 0.197521 0.205469 0.204818 0.205192 0.20109
4612500 0.209417 0.200629 0.206983 -0.507892 1.17091 1.13156 0.21015 0.198165 0.205232 0.208103 0.205047 0.210123
4612500 0.217208 0.18374 0.20474 -0.859256 1.21169 -1.32078 0.218923 0.18024 0.207579 0.215291 0.187649 0.20157
4612500 0.212219 0.196929 0.207197 0.937129 -0.588442 1.23942 0.21015 0.198165 0.205232 0.216539 0.194349 0.211301
4612500 0.207072 0.188908 0.218488 1.8089 -1.22688 -0.846576 0.203931 0.191051 0.219924 0.210753 0.186397 0.216806
4612500 0.206951 0.192621 0.210246 0.539763 -1.01678 -1.79336 0.206326 0.194959 0.213358 0.207626 0.190096 0.206884
4612500 0.205147 0.193035 0.216591 0.15731 0.211994 -0.536711 0.203931 0.191051 0.219924 0.206326 0.194959 0.213358
4612500 0.203784 0.179375 0.215993 2.48344 0.419977 2.12988 0.20081 0.178711 0.21248 0.205992 0.179867 0.218601
4612500 0.194601 0.18816 0.20681 0.763625 1.03308 -0.851453 0.192105 0.18529 0.208611 0.196618 0.190479 0.205354
4612500 0.207049 0.197927 0.205319 -0.300412 -0.0329871 0.0560706 0.21015 0.198165 0.205232 0.201752 0.197521 0.205469
4612500 0.189165 0.188087 0.209724 -1.88328 1.29288 0.532274 0.192105 0.18529 0.208611 0.186349 0.190765 0.210789
4612500 0.208787 0.18291 0.186154 -0.482953 0.317341 0.561415 0.211501 0.180105 0.182414 0.206688 0.185078 0.189045
4612500 0.191987 0.183006 0.212143 -0.323187 -0.979008 1.92551 0.192105 0.18529 0.208611 0.191838 0.180114 0.216615
4612500 0.181872 0.196149 0.193733 0.899556 1.34012 1.19224 0.180097 0.194308 0.192089 0.1848 0.199186 0.196444
4612500 0.19874 0.189355 0.196102 0.612626 -0.0596932 0.704885 0.195676 0.188943 0.192809 0.201812 0.189767 0.199404
4612500 0.218995 0.189096 0.197939 -2.96233 -1.97412 3.27643 0.221827 0.190202 0.195162 0.215291 0.187649 0.20157
4612500 0.20523 0.188766 0.190366 0.0327814 -0.148766 -0.0434827 0.203868 0.192209 0.191599 0.206688 0.185078 0.189045
4612500 0.216664 0.192794 0.200762 -0.0490064 -0.481988 0.0840331 0.217836 0.197189 0.200071 0.215291 0.187649 0.20157
4612500 0.215611 0.200187 0.197382 -0.248429 0.271424 -0.351084 0.217836 0.197189 0.200071 0.214148 0.202158 0.195614
4612500 0.21511 0.183021 0.208565 -0.326502 0.167379 0.0937938 0.218923 0.18024 0.207579 0.212585 0.184862 0.209218
4612500 0.18425 0.199588 0.191475 0.0 0.0 0.0 0.1848 0.199186 0.196444 0.183793 0.199921 0.18735
4612500 0.210131 0.180589 0.20113 -1.43519 1.39899 0.358407 0.213178 0.178114 0.200949 0.206973 0.183155 0.201318
4612500 0.211015 0.195279 0.18495 0.137611 0.0913916 0.177179 0.20745 0.191758 0.180373 0.213767 0.197997 0.188484
4612500 0.210184 0.194728 0.212581 0.923057 0.0892905 -0.148434 0.206326 0.194959 0.213358 0.216539 0.194349 0.211301
4612500 0.202916 0.191079 0.195212 -0.047833 -0.0407202 0.259442 0.203868 0.192209 0.191599 0.201812 0.189767 0.199404
4612500 0.201108 0.193596 0.189213 0.0203197 -0.015405 0.0228788 0.197681 0.195317 0.186251 0.203868 0.192209 0.191599
4612500 0.204624 0.195603 0.189825 0.0697515 0.244255 -0.0849794 0.203868 0.192209 0.191599 0.20526 0.198455 0.188333
4612500 0.212886 0.1802 0.197631 -0.0397885 0.216785 -0.250059 0.213178 0.178114 0.200949 0.212583 0.182373 0.194178
4612500 0.194383 0.198863 0.200944 0.116769 0.490284 0.230265 0.192846 0.194645 0.199497 0.195379 0.201597 0.201883
4612500 0.1967 0.180069 0.205684 -1.84111 -1.61182 0.684265 0.199395 0.183255 0.204799 0.193648 0.17646 0.206687
4612500 0.203271 0.183204 0.203018 1.86067 0.302833 -0.895268 0.199395 0.183255 0.204799 0.206973 0.183155 0.201318
4612500 0.199932 0.185643 0.208294 -0.0536787 -0.445657 -0.904095 0.200534 0.188324 0.212216 0.199395 0.183255 0.204799
4612500 0.204485 0.178833 0.192571 -1.01326 0.437382 0.689193 0.207588 0.176813 0.190561 0.200807 0.181228 0.194954
4612500 0.204288 0.189262 0.209394 0.44566 0.138104 -0.242155 0.200534 0.188324 0.212216 0.207626 0.190096 0.206884
4612500 0.183346 0.187216 0.193733 -0.435272 -0.0964426 -0.152851 0.187194 0.188288 0.195818 0.179239 0.186072 0.191507
4612500 0.198244 0.189584 0.208204 -0.644416 0.258948 -0.794345 0.200534 0.188324 0.212216 0.196618 0.190479 0.205354
4612500 0.21185 0.185478 0.212262 -0.294304 0.0798577 0.774498 0.212585 0.184862 0.209218 0.210753 0.186397 0.216806
4612500 0.21252 0.193811 0.195925 0.0715668 -0.0229847 -0.0304321 0.208693 0.195786 0.197897 0.215019 0.192521 0.194637
4612500 0.216693 0.178683 0.199287 -2.47696 -0.810222 1.00435 0.222429 0.179613 0.196577 0.213178 0.178114 0.200949
4612500 0.212241 0.179509 0.214319 1.49775 0.135542 0.449385 0.209467 0.17961 0.213161 0.215954 0.179374 0.215868
4612500 0.19026 0.178858 0.200012 -0.238112 0.191212 0.197743 0.192245 0.17674 0.198524 0.187512 0.181792 0.202071
4612500 0.18755 0.182206 0.190308 0.979583 1.1752 -2.31488 0.186229 0.179805 0.193598 0.18924 0.185275 0.186101
4612500 0.196742 0.196967 0.207153 -1.14469 -0.321014 0.449994 0.201752 0.197521 0.205469 0.192415 0.196488 0.208608
4612500 0.182746 0.179234 0.196022 -1.01181 -0.346778 0.626442 0.186229 0.179805 0.193598 0.17778 0.17842 0.199478
4612500 0.191429 0.188615 0.194315 1.47389 0.185595 -0.28314 0.187194 0.188288 0.195818 0.195676 0.188943 0.192809
4612500 0.183374 0.180358 0.200969 0.816284 0.286472 0.371122 0.17778 0.17842 0.199478 0.187512 0.181792 0.202071
4612500 0.190476 0.179216 0.204301 -1.73694 1.57825 -1.11147 0.193648 0.17646 0.206687 0.187512 0.181792 0.202071
4612500 0.192766 0.187285 0.189776 0.388468 0.343144 0.436799 0.18924 0.185275 0.186101 0.195676 0.188943 0.192809
4612500 0.209563 0.183871 0.208948 0.439156 0.202767 0.0952647 0.206435 0.182845 0.208669 0.212585 0.184862 0.209218
4612500 0.196367 0.180001 0.18447 0.903393 0.768369 -2.62305 0.195594 0.17852 0.188122 0.197009 0.181233 0.181433
4612500 0.187353 0.185044 0.198941 0.0152906 -0.587522 0.777715 0.187194 0.188288 0.195818 0.187512 0.181792 0.202071
4612500 0.198846 0.190174 0.202802 -0.343123 0.129356 0.481 0.201812 0.189767 0.199404 0.196618 0.190479 0.205354
4612500 0.213752 0.184651 0.197369 0.0837898 0.095735 0.179545 0.212583 0.182373 0.194178 0.215291 0.187649 0.20157
4612500 0.208082 0.196199 0.216674 0.0 0.0 0.0 0.210556 0.197869 0.221339 0.206326 0.194959 0.213358
4612500 0.1819 0.198182 0.200411 0.575841 0.102476 -1.00769 0.17889 0.19714 0.204529 0.1848 0.199186 0.196444
4612500 0.18989 0.183603 0.205457 -1.34247 -0.584047 -1.6748 0.192105 0.18529 0.208611 0.187512 0.181792 0.202071
4612500 0.204529 0.186286 0.200411 0.313769 -0.314436 0.152928 0.201812 0.189767 0.199404 0.206973 0.183155 0.201318
4612500 0.210291 0.199834 0.199768 0.554445 1.26684 0.354745 0.208693 0.195786 0.197897 0.211312 0.20242 0.200963
4612500 0.196628 0.179365 0.214408 -2.27149 -0.0412296 1.10339 0.20081 0.178711 0.21248 0.191838 0.180114 0.216615
4612500 0.186853 0.180772 0.197722 0.601984 0.24117 3.28409 0.186229 0.179805 0.193598 0.187512 0.181792 0.202071
4612500 0.196209 0.197173 0.197363 0.24662 0.258907 -0.157792 0.192846 0.194645 0.199497 0.200002 0.200023 0.194957
4612500 0.203254 0.199053 0.19086 -0.189703 0.10906 0.240559 0.20526 0.198455 0.188333 0.200002 0.200023 0.194957
4612500 0.207849 0.17973 0.215694 -0.805675 0.300523 1.25848 0.209467 0.17961 0.213161 0.205992 0.179867 0.218601
4612500 0.202741 0.202962 0.198445 0.127571 0.127204 0.214213 0.200002 0.200023 0.194957 0.204818 0.205192 0.20109
4612500 0.198788 0.19756 0.1904 0.00759321 0.030004 0.0700279 0.197681 0.195317 0.186251 0.200002 0.200023 0.194957
4612500 0.202372 0.189799 0.216386 0.529975 0.629689 1.16963 0.200534 0.188324 0.212216 0.203931 0.191051 0.219924
4612500 0.184176 0.184463 0.203531 1.73007 -1.37795 -0.380786 0.180661 0.187276 0.205069 0.187512 0.181792 0.202071
4612500 0.209667 0.183711 0.191639 -0.0127542 0.00295637 -0.0103737 0.212583 0.182373 0.194178 0.206688 0.185078 0.189045
4612500 0.216418 0.181298 0.195112 -2.16056 0.252344 -0.419837 0.222429 0.179613 0.196577 0.212583 0.182373 0.194178
4612500 0.215857 0.190686 0.205982 0.0237655 -0.327817 -0.425688 0.216539 0.194349 0.211301 0.215291 0.187649 0.20157
4612500 0.193989 0.197666 0.184174 -0.35892 0.155882 -0.154548 0.197681 0.195317 0.186251 0.19122 0.199428 0.182618
4612500 0.215382 0.190781 0.192105 -0.00964973 0.0213832 0.0426957 0.215954 0.188046 0.188125 0.215019 0.192521 0.194637
4612500 0.215118 0.190744 0.197166 -0.141531 1.03552 -1.0917 0.215291 0.187649 0.20157 0.215019 0.192521 0.194637
4612500 0.213592 0.185899 0.206372 0.258093 0.13956 -0.75753 0.212585 0.184862 0.209218 0.215291 0.187649 0.20157
4612500 0.186601 0.197126 0.188628 -1.35387 1.19092 -0.300377 0.189436 0.194304 0.189918 0.183793 0.199921 0.18735
4612500 0.195725 0.18428 0.206718 1.01994 -0.328175 -0.767673 0.192105 0.18529 0.208611 0.199395 0.183255 0.204799
4612500 0.210739 0.200322 0.203068 0.00396105 0.0569416 -0.0651218 0.21015 0.198165 0.205232 0.211312 0.20242 0.200963
4612500 0.198621 0.193227 0.205399 -0.696554 -0.78393 0.118899 0.201752 0.197521 0.205469 0.196618 0.190479 0.205354
4612500 0.194493 0.179037 0.18147 0.449243 0.281192 0.000928785 0.191394 0.176333 0.181515 0.197009 0.181233 0.181433
4612500 0.200568 0.186414 0.202182 0.312815 0.912047 -1.02912 0.199395 0.183255 0.204799 0.201812 0.189767 0.199404
4612500 0.197805 0.194514 0.181475 0.00268305 0.00164336 0.031734 0.197887 0.193975 0.178267 0.197681 0.195317 0.186251
4612500 0.182315 0.194902 0.197368 0.0 0.0 0.0 0.18068 0.192016 0.197975 0.1848 0.199186 0.196444
4612500 0.180671 0.190111 0.200883 0.0 0.0 0.0 0.180661 0.187276 0.205069 0.18068 0.192016 0.197975
4612500 0.182936 0.182794 0.192614 0.0 0.0 0.0 0.186229 0.179805 0.193598 0.179239 0.186072 0.191507
4612500 0.187759 0.199697 0.184823 0.0 0.0 0.0 0.19122 0.199428 0.182618 0.183793 0.199921 0.18735
4612500 0.183914 0.185738 0.188981 0.0 0.0 0.0 0.18924 0.185275 0.186101 0.179239 0.186072 0.191507
4612500 0.187322 0.19657 0.192894 0.0 0.0 0.0 0.189436 0.194304 0.189918 0.1848 0.199186 0.196444
4612500 0.183012 0.184664 0.20841 0.0 0.0 0.0 0.180661 0.187276 0.205069 0.184878 0.182522 0.211064
4612500 0.185174 0.188572 0.204214 0.0 0.0 0.0 0.180661 0.187276 0.205069 0.1883 0.189407 0.203624
4612500 0.18374 0.189203 0.208167 0.0 0.0 0.0 0.180661 0.187276 0.205069 0.186349 0.190765 0.210789
4612500 0.194064 0.182803 0.183203 0.0 0.0 0.0 0.18924 0.185275 0.186101 0.197009 0.181233 0.181433
4612500 0.190469 0.180207 0.183484 0.0 0.0 0.0 0.18924 0.185275 0.186101 0.191394 0.176333 0.181515
4612500 0.199947 0.182114 0.180109 0.00141905 0.000628472 -0.000888051 0.197009 0.181233 0.181433 0.202714 0.182943 0.178861
4612500 0.199873 0.180627 0.183074 0.0 0.0 0.0 0.202885 0.179915 0.184793 0.197009 0.181233 0.181433
4612500 0.190052 0.181329 0.194781 -0.0113408 -0.00247879 -0.00314749 0.192825 0.182434 0.195639 0.186229 0.179805 0.193598
4612500 0.192541 0.179694 0.197046 0.0 0.0 0.0 0.192825 0.182434 0.195639 0.192245 0.17674 0.198524
4612500 0.190659 0.182209 0.19826 0.0 0.0 0.0 0.192825 0.182434 0.195639 0.187512 0.181792 0.202071
4612500 0.197559 0.18268 0.186841 0.0 0.0 0.0 0.195594 0.17852 0.188122 0.199503 0.186714 0.185572
4612500 0.190526 0.18486 0.195712 0.0 0.0 0.0 0.192825 0.182434 0.195639 0.187194 0.188288 0.195818
4612500 0.193985 0.185124 0.194486 0.0 0.0 0.0 0.192825 0.182434 0.195639 0.195676 0.188943 0.192809
4612500 0.186698 0.183975 0.194681 0.0 0.0 0.0 0.187194 0.188288 0.195818 0.186229 0.179805 0.193598
4612500 0.193276 0.184344 0.198046 0.000358627 0.00371555 0.00352868 0.192825 0.182434 0.195639 0.193769 0.186434 0.200679
4612500 0.199483 0.1793 0.18635 0.0 0.0 0.0 0.195594 0.17852 0.188122 0.202885 0.179915 0.184793
4612500 0.195885 0.181971 0.195377 0.00955598 -0.00234015 -0.0021574 0.192825 0.182434 0.195639 0.200807 0.181228 0.194954
4612500 0.186079 0.182226 0.206967 0.0 0.0 0.0 0.187512 0.181792 0.202071 0.184878 0.182522 0.211064
4612500 0.185126 0.178778 0.21153 -0.00139143 0.00973552 -0.00265546 0.185412 0.174451 0.212069 0.184878 0.182522 0.211064
4612500 0.187767 0.18156 0.213368 0.0 0.0 0.0 0.191838 0.180114 0.216615 0.184878 0.182522 0.211064
4612500 0.188298 0.183869 0.209903 0.0 0.0 0.0 0.192105 0.18529 0.208611 0.184878 0.182522 0.211064
4612500 0.185591 0.18655 0.210931 0.0 0.0 0.0 0.186349 0.190765 0.210789 0.184878 0.182522 0.211064
4612500 0.191083 0.184441 0.201277 0.00452127 0.00240647 -0.00124777 0.187512 0.181792 0.202071 0.193769 0.186434 0.200679
4612500 0.187968 0.186195 0.202969 0.00143991 0.00745439 0.00263689 0.187512 0.181792 0.202071 0.1883 0.189407 0.203624
4612500 0.192822 0.181217 0.207716 0.0 0.0 0.0 0.192105 0.18529 0.208611 0.193648 0.17646 0.206687
4612500 0.196263 0.185025 0.202505 -0.00395176 0.00326305 -0.00291862 0.199395 0.183255 0.204799 0.193769 0.186434 0.200679
4612500 0.197849 0.187313 0.205109 0.0 0.0 0.0 0.199395 0.183255 0.204799 0.196618 0.190479 0.205354
4612500 0.200044 0.182359 0.200265 0.0 0.0 0.0 0.200807 0.181228 0.194954 0.199395 0.183255 0.204799
4612500 0.201184 0.179635 0.203334 0.0 0.0 0.0 0.199395 0.183255 0.204799 0.202796 0.176308 0.202015
4612500 0.203361 0.183062 0.206981 0.0 0.0 0.0 0.206435 0.182845 0.208669 0.199395 0.183255 0.204799
4612500 0.200071 0.181118 0.208475 0.0 0.0 0.0 0.20081 0.178711 0.21248 0.199395 0.183255 0.204799
4612500 0.19605 0.182936 0.218365 0.0 0.0 0.0 0.191838 0.180114 0.216615 0.198838 0.184739 0.219522
4612500 0.192292 0.185603 0.215833 0.0 0.0 0.0 0.191838 0.180114 0.216615 0.192597 0.189219 0.215308
4612500 0.199687 0.182178 0.216487 0.0 0.0 0.0 0.20081 0.178711 0.21248 0.198838 0.184739 0.219522
4612500 0.201202 0.187708 0.21971 0.0 0.0 0.0 0.203931 0.191051 0.219924 0.198838 0.184739 0.219522
4612500 0.198271 0.186996 0.181536 0.0 0.0 0.0 0.199503 0.186714 0.185572 0.197156 0.187179 0.177889
4612500 0.190392 0.197092 0.186003 0.0 0.0 0.0 0.189436 0.194304 0.189918 0.19122 0.199428 0.182618
4612500 0.195189 0.186148 0.185796 0.0 0.0 0.0 0.199503 0.186714 0.185572 0.18924 0.185275 0.186101
4612500 0.188116 0.186966 0.191433 0.0 0.0 0.0 0.187194 0.188288 0.195818 0.18924 0.185275 0.186101
4612500 0.18935 0.190422 0.188262 0.0 0.0 0.0 0.18924 0.185275 0.186101 0.189436 0.194304 0.189918
4612500 0.198681 0.190626 0.18588 0.0 0.0 0.0 0.197681 0.195317 0.186251 0.199503 0.186714 0.185572
4612500 0.188353 0.191439 0.192767 0.0 0.0 0.0 0.187194 0.188288 0.195818 0.189436 0.194304 0.189918
4612500 0.189955 0.191432 0.197617 0.0 0.0 0.0 0.187194 0.188288 0.195818 0.192846 0.194645 0.199497
4612500 0.191042 0.194504 0.194433 0.0 0.0 0.0 0.192846 0.194645 0.199497 0.189436 0.194304 0.189918
4612500 0.193265 0.194813 0.188216 0.0 0.0 0.0 0.197681 0.195317 0.186251 0.189436 0.194304 0.189918
4612500 0.190941 0.187268 0.19859 0.0 0.0 0.0 0.187194 0.188288 0.195818 0.193769 0.186434 0.200679
4612500 0.187832 0.188972 0.200326 0.0 0.0 0.0 0.187194 0.188288 0.195818 0.1883 0.189407 0.203624
4612500 0.194586 0.187548 0.197302 0.0 0.0 0.0 0.195676 0.188943 0.192809 0.193769 0.186434 0.200679
4612500 0.193381 0.18991 0.200185 0.0 0.0 0.0 0.192846 0.194645 0.199497 0.193769 0.186434 0.200679
4612500 0.190169 0.191599 0.201926 0.0 0.0 0.0 0.192846 0.194645 0.199497 0.1883 0.189407 0.203624
4612500 0.194548 0.199191 0.188214 0.0 0.0 0.0 0.197681 0.195317 0.186251 0.19165 0.202702 0.190028
4612500 0.201294 0.184647 0.181834 0.0 0.0 0.0 0.199503 0.186714 0.185572 0.202714 0.182943 0.178861
4612500 0.201297 0.183145 0.185163 0.0 0.0 0.0 0.199503 0.186714 0.185572 0.202885 0.179915 0.184793
4612500 0.201749 0.193873 0.183804 0.0 0.0 0.0 0.197681 0.195317 0.186251 0.20745 0.191758 0.180373
4612500 0.201702 0.189523 0.188612 0.0 0.0 0.0 0.203868 0.192209 0.191599 0.199503 0.186714 0.185572
4612500 0.20007 0.190734 0.192161 0.0 0.0 0.0 0.203868 0.192209 0.191599 0.195676 0.188943 0.192809
4612500 0.197419 0.192195 0.199451 0.0 0.0 0.0 0.192846 0.194645 0.199497 0.201812 0.189767 0.199404
4612500 0.202199 0.197227 0.187494 0.0 0.0 0.0 0.197681 0.195317 0.186251 0.20526 0.198455 0.188333
4612500 0.200979 0.194522 0.197361 0.0 0.0 0.0 0.200002 0.200023 0.194957 0.201812 0.189767 0.199404
4612500 0.202231 0.195555 0.193022 0.0 0.0 0.0 0.203868 0.192209 0.191599 0.200002 0.200023 0.194957
4612500 0.204598 0.197821 0.196514 0.0 0.0 0.0 0.208693 0.195786 0.197897 0.200002 0.200023 0.194957
4612500 0.197033 0.196036 0.202306 0.0 0.0 0.0 0.192846 0.194645 0.199497 0.201752 0.197521 0.205469
4612500 0.200877 0.19881 0.200217 0.0 0.0 0.0 0.200002 0.200023 0.194957 0.201752 0.197521 0.205469
4612500 0.190992 0.18798 0.202173 0.0 0.0 0.0 0.1883 0.189407 0.203624 0.193769 0.186434 0.200679
4612500 0.193024 0.18596 0.204222 0.0 0.0 0.0 0.192105 0.18529 0.208611 0.193769 0.186434 0.200679
4612500 0.195191 0.188493 0.203016 0.0 0.0 0.0 0.196618 0.190479 0.205354 0.193769 0.186434 0.200679
4612500 0.189971 0.187599 0.205814 -0.000167032 0.000207618 -0.00017384 0.192105 0.18529 0.208611 0.1883 0.189407 0.203624
4612500 0.187422 0.190056 0.206846 0.0 0.0 0.0 0.186349 0.190765 0.210789 0.1883 0.189407 0.203624
4612500 0.192371 0.187416 0.212234 -0.00324222 0.0169938 0.0293533 0.192105 0.18529 0.208611 0.192597 0.189219 0.215308
4612500 0.189661 0.189983 0.213186 0.0 0.0 0.0 0.186349 0.190765 0.210789 0.192597 0.189219 0.215308
4612500 0.194828 0.193075 0.20674 0.0 0.0 0.0 0.192415 0.196488 0.208608 0.196618 0.190479 0.205354
4612500 0.194978 0.192429 0.215253 0.0 0.0 0.0 0.192597 0.189219 0.215308 0.197483 0.195727 0.215195
4612500 0.195203 0.196069 0.212232 0.000503233 4.70259e-05 0.000756555 0.192415 0.196488 0.208608 0.197483 0.195727 0.215195
4612500 0.186415 0.193022 0.214228 0.0 0.0 0.0 0.186349 0.190765 0.210789 0.186513 0.196202 0.219215
4612500 0.194531 0.190283 0.218115 -0.0169621 -0.00572204 -0.0183223 0.196428 0.191327 0.220868 0.192597 0.189219 0.215308
4612500 0.19029 0.191904 0.21679 0.0 0.0 0.0 0.192597 0.189219 0.215308 0.186513 0.196202 0.219215
4612500 0.196937 0.193451 0.21813 -5.51426e-05 0.00266579 -0.0034876 0.196428 0.191327 0.220868 0.197483 0.195727 0.215195
4612500 0.196735 0.197297 0.218677 0.0 0.0 0.0 0.195821 0.199136 0.222943 0.197483 0.195727 0.215195
4612500 0.197215 0.1879 0.200133 0.0 0.0 0.0 0.201812 0.189767 0.199404 0.193769 0.186434 0.200679
4612500 0.196046 0.186747 0.210298 0.0 0.0 0.0 0.192105 0.18529 0.208611 0.200534 0.188324 0.212216
4612500 0.195987 0.188874 0.213988 0.0 0.0 0.0 0.200534 0.188324 0.212216 0.192597 0.189219 0.215308
4612500 0.198824 0.192474 0.213886 -0.00433672 0.0069234 0.00294981 0.200534 0.188324 0.212216 0.197483 0.195727 0.215195
4612500 0.201795 0.195391 0.2143 0.0 0.0 0.0 0.206326 0.194959 0.213358 0.197483 0.195727 0.215195
4612500 0.200578 0.193521 0.217466 0.0 0.0 0.0 0.203931 0.191051 0.219924 0.197483 0.195727 0.215195
4612500 0.202795 0.181513 0.181663 -0.000667948 0.00157689 -0.00324075 0.202885 0.179915 0.184793 0.202714 0.182943 0.178861
4612500 0.20628 0.180026 0.183859 0.0 0.0 0.0 0.211501 0.180105 0.182414 0.202885 0.179915 0.184793
4612500 0.205025 0.17854 0.18742 0.0 0.0 0.0 0.207588 0.176813 0.190561 0.202885 0.179915 0.184793
4612500 0.204623 0.182274 0.186735 0.0467045 0.0518114 0.0616342 0.202885 0.179915 0.184793 0.206688 0.185078 0.189045
4612500 0.209771 0.182803 0.197756 0.0 0.0 0.0 0.212583 0.182373 0.194178 0.206973 0.183155 0.201318
4612500 0.207136 0.181001 0.189801 0.0 0.0 0.0 0.207588 0.176813 0.190561 0.206688 0.185078 0.189045
4612500 0.201333 0.185745 0.197289 0.0 0.0 0.0 0.200807 0.181228 0.194954 0.201812 0.189767 0.199404
4612500 0.204008 0.183363 0.191738 0.0 0.0 0.0 0.200807 0.181228 0.194954 0.206688 0.185078 0.189045
4612500 0.204821 0.179667 0.201677 0.0 0.0 0.0 0.206973 0.183155 0.201318 0.202796 0.176308 0.202015
4612500 0.20786 0.179517 0.204264 0.0 0.0 0.0 0.208753 0.17579 0.207221 0.206973 0.183155 0.201318
4612500 0.207469 0.179731 0.208023 0.0 0.0 0.0 0.206435 0.182845 0.208669 0.208753 0.17579 0.207221
4612500 0.206066 0.179295 0.212894 0.0 0.0 0.0 0.209467 0.17961 0.213161 0.20081 0.178711 0.21248
4612500 0.214068 0.182175 0.201213 0.0 0.0 0.0 0.213178 0.178114 0.200949 0.215291 0.187649 0.20157
4612500 0.207291 0.186587 0.204041 0.0 0.0 0.0 0.206973 0.183155 0.201318 0.207626 0.190096 0.206884
4612500 0.204025 0.18512 0.210118 0.0 0.0 0.0 0.206435 0.182845 0.208669 0.200534 0.188324 0.212216
4612500 0.210978 0.182197 0.211249 0.0 0.0 0.0 0.209467 0.17961 0.213161 0.212585 0.184862 0.209218
4612500 0.200673 0.183484 0.212351 0.0 0.0 0.0 0.200534 0.188324 0.212216 0.20081 0.178711 0.21248
4612500 0.209963 0.182275 0.214572 0.0 0.0 0.0 0.209467 0.17961 0.213161 0.210753 0.186397 0.216806
4612500 0.215756 0.179107 0.203927 0.0 0.0 0.0 0.218923 0.18024 0.207579 0.213178 0.178114 0.200949
4612500 0.207991 0.182649 0.217848 0.0 0.0 0.0 0.205992 0.179867 0.218601 0.210753 0.186397 0.216806
4612500 0.206978 0.187663 0.185741 0.0 0.0 0.0 0.20745 0.191758 0.180373 0.206688 0.185078 0.189045
4612500 0.205175 0.192083 0.187502 0.0 0.0 0.0 0.203868 0.192209 0.191599 0.20745 0.191758 0.180373
4612500 0.205973 0.196311 0.18574 0.0 0.0 0.0 0.20526 0.198455 0.188333 0.20745 0.191758 0.180373
4612500 0.212403 0.189634 0.184891 0.0 0.0 0.0 0.215954 0.188046 0.188125 0.20745 0.191758 0.180373
4612500 0.207269 0.190473 0.193042 0.0 0.0 0.0 0.20995 0.189036 0.194175 0.203868 0.192209 0.191599
4612500 0.206047 0.193865 0.194446 0.0 0.0 0.0 0.203868 0.192209 0.191599 0.208693 0.195786 0.197897
4612500 0.211101 0.196875 0.193429 0.0 0.0 0.0 0.208693 0.195786 0.197897 0.213767 0.197997 0.188484
4612500 0.208535 0.198318 0.188392 0.0 0.0 0.0 0.20526 0.198455 0.188333 0.213767 0.197997 0.188484
4612500 0.204807 0.189975 0.203261 0.0 0.0 0.0 0.201812 0.189767 0.199404 0.207626 0.190096 0.206884
4612500 0.201785 0.193334 0.202194 -0.00218165 -0.0352002 -0.0373355 0.201752 0.197521 0.205469 0.201812 0.189767 0.199404
4612500 0.21189 0.18857 0.196865 0.0 0.0 0.0 0.20995 0.189036 0.194175 0.215291 0.187649 0.20157
4612500 0.211779 0.192017 0.199617 0.0 0.0 0.0 0.208693 0.195786 0.197897 0.215291 0.187649 0.20157
4612500 0.205421 0.196643 0.201467 0.0 0.0 0.0 0.208693 0.195786 0.197897 0.201752 0.197521 0.205469
4612500 0.212021 0.199714 0.196505 0.0 0.0 0.0 0.208693 0.195786 0.197897 0.214148 0.202158 0.195614
4612500 0.21097 0.186489 0.188621 0.0 0.0 0.0 0.215954 0.188046 0.188125 0.206688 0.185078 0.189045
4612500 0.212275 0.188691 0.191834 0.0 0.0 0.0 0.20995 0.189036 0.194175 0.215954 0.188046 0.188125
4612500 0.21615 0.194436 0.196823 0.0 0.0 0.0 0.217836 0.197189 0.200071 0.215019 0.192521 0.194637
4612500 0.21333 0.196537 0.199001 0.0 0.0 0.0 0.217836 0.197189 0.200071 0.208693 0.195786 0.197897
4612500 0.2149 0.192875 0.188299 0.0 0.0 0.0 0.215954 0.188046 0.188125 0.213767 0.197997 0.188484
4612500 0.217858 0.200863 0.191019 0.0 0.0 0.0 0.213767 0.197997 0.188484 0.221796 0.203543 0.193456
4612500 0.20371 0.192002 0.212843 0.0 0.0 0.0 0.200534 0.188324 0.212216 0.206326 0.194959 0.213358
4612500 0.201111 0.192722 0.209019 0.0 0.0 0.0 0.200534 0.188324 0.212216 0.201752 0.197521 0.205469
4612500 0.210459 0.187143 0.208219 0.0 0.0 0.0 0.212585 0.184862 0.209218 0.207626 0.190096 0.206884
4612500 0.209083 0.194798 0.205931 0.0 0.0 0.0 0.21015 0.198165 0.205232 0.207626 0.190096 0.206884
4612500 0.204377 0.196089 0.209999 0.0 0.0 0.0 0.206326 0.194959 0.213358 0.201752 0.197521 0.205469
4612500 0.218548 0.184018 0.199292 0.0 0.0 0.0 0.222429 0.179613 0.196577 0.215291 0.187649 0.20157
4612500 0.213887 0.188027 0.209905 0.0 0.0 0.0 0.212585 0.184862 0.209218 0.216539 0.194349 0.211301
4612500 0.211155 0.191819 0.208635 0.0 0.0 0.0 0.216539 0.194349 0.211301 0.207626 0.190096 0.206884
4612500 0.2132 0.1898 0.214477 0.0 0.0 0.0 0.210753 0.186397 0.216806 0.216539 0.194349 0.211301
4612500 0.2139 0.200383 0.200611 0.0 0.0 0.0 0.217836 0.197189 0.200071 0.211312 0.20242 0.200963
4612500 0.217297 0.19605 0.204729 0.0 0.0 0.0 0.217836 0.197189 0.200071 0.216539 0.194349 0.211301
4612500 0.219725 0.20026 0.196915 0.0 0.0 0.0 0.217836 0.197189 0.200071 0.221796 0.203543 0.193456
4612500 0.21792 0.201543 0.20186 0.0 0.0 0.0 0.217836 0.197189 0.200071 0.21802 0.206587 0.203965
4612500 0.183174 0.206414 0.19405 -1.62847 -0.016566 0.15751 0.18642 0.206932 0.193924 0.179404 0.205812 0.194197
4612500 0.182828 0.203266 0.210118 -0.94105 -0.352406 0.99459 0.186938 0.20589 0.205705 0.18002 0.201473 0.213134
4612500 0.18127 0.217864 0.197948 1.36092 0.635241 -0.481783 0.178411 0.216217 0.198533 0.184102 0.219495 0.197369
4612500 0.183953 0.217669 0.200136 0.00265051 0.062543 -0.0683094 0.18378 0.215548 0.203349 0.184102 0.219495 0.197369
4612500 0.190507 0.198368 0.189971 -0.0882021 -0.866463 0.0124405 0.19165 0.202702 0.190028 0.189436 0.194304 0.189918
4612500 0.192826 0.19977 0.21179 -0.225018 -2.27172 -3.02103 0.193242 0.203084 0.215003 0.192415 0.196488 0.208608
4612500 0.188462 0.207982 0.185645 -0.401725 -0.789194 -0.807191 0.18969 0.211551 0.188357 0.18756 0.205359 0.183652
4612500 0.188634 0.205141 0.192274 0.270244 -0.209513 -0.278091 0.18642 0.206932 0.193924 0.19165 0.202702 0.190028
4612500 0.194333 0.205925 0.191608 1.37015 1.17732 0.751368 0.19165 0.202702 0.190028 0.196793 0.208881 0.193058
4612500 0.187808 0.209522 0.195405 0.542632 1.51267 0.646141 0.18642 0.206932 0.193924 0.189755 0.213157 0.197484
4612500 0.196925 0.209078 0.197161 0.122333 0.0365675 1.34353 0.196793 0.208881 0.193058 0.197078 0.209307 0.201924
4612500 0.193357 0.211263 0.199668 -1.13576 0.883416 -0.841268 0.197078 0.209307 0.201924 0.189755 0.213157 0.197484
4612500 0.192027 0.213973 0.185151 -2.24428 -1.77316 3.54048 0.194461 0.216493 0.181814 0.18969 0.211551 0.188357
4612500 0.197327 0.212842 0.192099 0.430716 1.41102 -0.333303 0.196793 0.208881 0.193058 0.197946 0.21744 0.190986
4612500 0.190828 0.214678 0.20171 -0.952029 -0.631208 -3.34496 0.191937 0.216251 0.206078 0.189755 0.213157 0.197484
4612500 0.195971 0.206417 0.213292 0.439179 0.763976 -0.400196 0.193242 0.203084 0.215003 0.198891 0.209983 0.21146
4612500 0.191541 0.207385 0.21529 -2.21981 3.78192 0.104379 0.193242 0.203084 0.215003 0.189437 0.212704 0.215646
4612500 0.202954 0.212471 0.212841 1.73443 0.70638 0.494487 0.198891 0.209983 0.21146 0.206607 0.214709 0.214083
4612500 0.201271 0.207077 0.201472 1.42164 -0.48645 -0.129088 0.197078 0.209307 0.201924 0.204818 0.205192 0.20109
4612500 0.201177 0.211306 0.203325 0.765713 0.235278 0.298894 0.197078 0.209307 0.201924 0.205195 0.213265 0.204698
4612500 0.190801 0.214639 0.210426 -1.15739 -0.957273 2.57355 0.191937 0.216251 0.206078 0.189437 0.212704 0.215646
4612500 0.201035 0.203688 0.219096 -1.41838 1.45891 1.5504 0.202786 0.201019 0.216856 0.199504 0.206021 0.221055
4612500 0.198973 0.217208 0.19564 0.184541 -0.108555 0.575884 0.197946 0.21744 0.190986 0.199792 0.217024 0.19935
4612500 0.210276 0.200143 0.185219 1.07457 -0.862011 0.846978 0.208027 0.201526 0.183116 0.213767 0.197997 0.188484
4612500 0.208407 0.19967 0.195202 -0.210174 -2.24017 1.86526 0.208206 0.202408 0.193301 0.208693 0.195786 0.197897
4612500 0.214009 0.200635 0.193004 -0.0064615 -0.218754 -0.268001 0.214148 0.202158 0.195614 0.213767 0.197997 0.188484
4612500 0.204546 0.198005 0.215116 1.12027 -2.115 -0.907194 0.202786 0.201019 0.216856 0.206326 0.194959 0.213358
4612500 0.204916 0.201741 0.18182 -0.441052 0.0324512 -0.272659 0.208027 0.201526 0.183116 0.200517 0.202046 0.179987
4612500 0.203159 0.210708 0.182425 0.584553 0.0760616 1.47933 0.20127 0.211146 0.1784 0.205807 0.210095 0.188069
4612500 0.211843 0.209107 0.189423 -3.63009 0.749214 -0.239845 0.215399 0.208525 0.190221 0.205807 0.210095 0.188069
4612500 0.212953 0.204871 0.196217 -0.278548 0.447981 0.151927 0.214148 0.202158 0.195614 0.21124 0.208758 0.197081
4612500 0.207372 0.205081 0.191482 -1.19481 2.32711 -1.48423 0.208206 0.202408 0.193301 0.205807 0.210095 0.188069
4612500 0.207914 0.206911 0.199157 -1.25218 -0.502413 0.958145 0.21124 0.208758 0.197081 0.204818 0.205192 0.20109
4612500 0.212767 0.212109 0.199368 -0.44827 -0.696878 -0.409613 0.214239 0.21534 0.201573 0.21124 0.208758 0.197081
4612500 0.2121 0.212594 0.195255 0.0801516 0.305181 -0.211418 0.21124 0.208758 0.197081 0.212884 0.216093 0.193589
4612500 0.218103 0.206419 0.191588 3.32961 -1.9187 1.97911 0.215399 0.208525 0.190221 0.221796 0.203543 0.193456
4612500 0.210065 0.214521 0.216896 -1.53203 -0.228462 -1.21885 0.213242 0.214349 0.219481 0.206607 0.214709 0.214083
4612500 0.208912 0.215093 0.206869 0.851604 0.336347 0.661713 0.205195 0.213265 0.204698 0.211475 0.216354 0.208366
4612500 0.212679 0.215912 0.205408 -0.574974 -0.0155694 1.2175 0.214239 0.21534 0.201573 0.211475 0.216354 0.208366
4612500 0.215642 0.209439 0.207914 0.246772 -0.48762 -0.554257 0.214305 0.211043 0.210135 0.21802 0.206587 0.203965
4612500 0.214303 0.216694 0.209879 -1.35914 -0.417315 -0.728062 0.218034 0.217143 0.211875 0.211475 0.216354 0.208366
4612500 0.20001 0.208502 0.186311 0.782739 0.299224 0.36858 0.196467 0.207529 0.185236 0.205807 0.210095 0.188069
4612500 0.1947 0.207738 0.181846 0.0138577 0.00315895 0.0268957 0.192841 0.207957 0.178279 0.196467 0.207529 0.185236
4612500 0.212113 0.208923 0.210131 -0.207955 -0.152763 0.0212723 0.214305 0.211043 0.210135 0.208103 0.205047 0.210123
4612500 0.193406 0.209345 0.186646 -1.50034 0.78788 0.989932 0.196467 0.207529 0.185236 0.18969 0.211551 0.188357
4612500 0.184386 0.216335 0.191517 -1.57313 -1.79781 0.94072 0.18656 0.219849 0.190062 0.182351 0.213046 0.19288
4612500 0.198269 0.20509 0.182901 0.954176 -0.874237 -1.11049 0.196467 0.207529 0.185236 0.200517 0.202046 0.179987
4612500 0.207835 0.198281 0.182204 -0.150907 -1.14516 -0.511329 0.208027 0.201526 0.183116 0.20745 0.191758 0.180373
4612500 0.215438 0.209247 0.212323 0.276051 -0.793088 0.914386 0.214305 0.211043 0.210135 0.217679 0.205696 0.216649
4612500 0.184947 0.211979 0.204219 0.206062 -0.752224 0.311098 0.18378 0.215548 0.203349 0.186938 0.20589 0.205705
4612500 0.183206 0.216223 0.210167 0.497631 0.57682 0.126433 0.180996 0.213167 0.210051 0.185305 0.219127 0.210277
4612500 0.188149 0.217894 0.208477 -0.320965 0.0782051 0.222444 0.191937 0.216251 0.206078 0.185305 0.219127 0.210277
4612500 0.185834 0.213098 0.195045 -1.79345 -0.311929 -0.93777 0.189755 0.213157 0.197484 0.182351 0.213046 0.19288
4612500 0.216013 0.216081 0.191172 -0.197366 0.0390412 0.143044 0.220662 0.216062 0.187581 0.212884 0.216093 0.193589
4612500 0.204187 0.210841 0.194074 -0.106297 0.096555 0.330697 0.205807 0.210095 0.188069 0.203336 0.211233 0.197225
4612500 0.206623 0.199968 0.185762 -0.252891 -0.277972 0.344651 0.208027 0.201526 0.183116 0.20526 0.198455 0.188333
4612500 0.200364 0.209362 0.191081 1.01344 0.322048 -0.531368 0.196793 0.208881 0.193058 0.205807 0.210095 0.188069
4612500 0.195728 0.20246 0.204795 -0.0300778 -0.0888347 -0.615449 0.196085 0.203345 0.207779 0.195379 0.201597 0.201883
4612500 0.197171 0.205914 0.209204 -0.276376 -0.425318 -0.278472 0.198891 0.209983 0.21146 0.196085 0.203345 0.207779
4612500 0.187776 0.208846 0.191617 0.744076 1.70094 -1.63524 0.18642 0.206932 0.193924 0.18969 0.211551 0.188357
4612500 0.185778 0.203863 0.194922 -0.794238 -2.16281 0.943268 0.18642 0.206932 0.193924 0.1848 0.199186 0.196444
4612500 0.197706 0.200108 0.203192 0.52254 -0.354072 0.185566 0.195379 0.201597 0.201883 0.201752 0.197521 0.205469
4612500 0.204851 0.201193 0.20774 -0.440954 -0.386705 -0.342631 0.208103 0.205047 0.210123 0.201752 0.197521 0.205469
4612500 0.183162 0.210514 0.208466 -0.0643185 0.0974711 0.0368789 0.186938 0.20589 0.205705 0.180996 0.213167 0.210051
4612500 0.202216 0.215338 0.201749 -0.0986358 0.0868348 -0.140103 0.205195 0.213265 0.204698 0.199792 0.217024 0.19935
4612500 0.210371 0.200691 0.191426 0.227181 -0.13247 -0.224914 0.208206 0.202408 0.193301 0.213767 0.197997 0.188484
4612500 0.191413 0.200893 0.185934 0.400924 -1.60527 -3.46277 0.19165 0.202702 0.190028 0.19122 0.199428 0.182618
4612500 0.181737 0.202947 0.195169 0.741649 -0.884963 0.114765 0.179404 0.205812 0.194197 0.1848 0.199186 0.196444
4612500 0.194536 0.201103 0.218988 1.05858 -0.933897 3.01055 0.193242 0.203084 0.215003 0.195821 0.199136 0.222943
4612500 0.217146 0.210033 0.193101 -0.162189 -0.0926477 -0.296244 0.219004 0.211636 0.196164 0.215399 0.208525 0.190221
4612500 0.206197 0.205131 0.204882 -0.0806102 0.0277628 -0.171439 0.208103 0.205047 0.210123 0.204818 0.205192 0.20109
4612500 0.199407 0.212043 0.215943 0.356669 0.496026 1.41183 0.198891 0.209983 0.21146 0.199884 0.213945 0.220085
4612500 0.212705 0.205359 0.213259 1.58915 -0.175302 0.966076 0.208103 0.205047 0.210123 0.217679 0.205696 0.216649
4612500 0.194939 0.203239 0.210693 0.106159 0.0549235 -0.42526 0.193242 0.203084 0.215003 0.196085 0.203345 0.207779
4612500 0.213716 0.203913 0.202039 -1.30934 -0.622108 -0.763174 0.21802 0.206587 0.203965 0.211312 0.20242 0.200963
4612500 0.197967 0.209639 0.206599 -0.918672 -0.00921246 -2.66312 0.198891 0.209983 0.21146 0.197078 0.209307 0.201924
4612500 0.189723 0.212357 0.192935 0.133818 0.489103 1.5112 0.18969 0.211551 0.188357 0.189755 0.213157 0.197484
4612500 0.191958 0.203902 0.194335 0.598635 0.551444 2.76988 0.19165 0.202702 0.190028 0.192182 0.204774 0.197463
4612500 0.193831 0.203136 0.199742 0.490172 -0.354608 0.754916 0.192182 0.204774 0.197463 0.195379 0.201597 0.201883
4612500 0.190445 0.205143 0.200192 -0.954597 -0.0805936 1.55255 0.192182 0.204774 0.197463 0.186938 0.20589 0.205705
4612500 0.203228 0.20766 0.210831 2.01868 -0.702035 -0.340866 0.198891 0.209983 0.21146 0.208103 0.205047 0.210123
4612500 0.204414 0.215322 0.184911 -0.376681 2.71102 -2.08156 0.205807 0.210095 0.188069 0.203641 0.218225 0.183158
4612500 0.208528 0.203608 0.201018 -0.611415 0.306783 0.113375 0.211312 0.20242 0.200963 0.204818 0.205192 0.20109
4612500 0.218591 0.209516 0.19944 -0.0629218 -0.63426 1.38669 0.219004 0.211636 0.196164 0.21802 0.206587 0.203965
4612500 0.21293 0.213624 0.209276 -0.91329 1.20207 -0.384599 0.214305 0.211043 0.210135 0.211475 0.216354 0.208366
4612500 0.194168 0.206613 0.199272 0.669207 0.734955 0.895087 0.192182 0.204774 0.197463 0.197078 0.209307 0.201924
4612500 0.213486 0.208632 0.193376 -0.592179 0.207147 1.26083 0.215399 0.208525 0.190221 0.21124 0.208758 0.197081
4612500 0.185791 0.212345 0.19076 -2.13823 0.215725 0.939102 0.18969 0.211551 0.188357 0.182351 0.213046 0.19288
4612500 0.198588 0.213601 0.200492 0.189761 0.346868 -0.141452 0.197078 0.209307 0.201924 0.199792 0.217024 0.19935
4612500 0.194505 0.211246 0.213402 -2.85167 0.311036 1.18232 0.198891 0.209983 0.21146 0.189437 0.212704 0.215646
4612500 0.209433 0.215664 0.210765 0.171798 0.0510322 -0.276503 0.206607 0.214709 0.214083 0.211475 0.216354 0.208366
4612500 0.200783 0.210447 0.199142 0.110728 0.0596149 -0.0904236 0.197078 0.209307 0.201924 0.203336 0.211233 0.197225
4612500 0.212133 0.217165 0.189859 0.103297 -0.116003 0.847656 0.211439 0.218155 0.186411 0.212884 0.216093 0.193589
4612500 0.213543 0.215727 0.19747 -0.234624 -0.0176453 -0.818498 0.214239 0.21534 0.201573 0.212884 0.216093 0.193589
4612500 0.218326 0.215951 0.2022 0.966708 -0.011453 0.140567 0.214239 0.21534 0.201573 0.224753 0.216912 0.203185
4612500 0.188273 0.209531 0.211016 0.143335 0.46262 0.483871 0.186938 0.20589 0.205705 0.189437 0.212704 0.215646
4612500 0.204104 0.212072 0.20031 -0.0603229 -0.0226423 -0.209182 0.205195 0.213265 0.204698 0.203336 0.211233 0.197225
4612500 0.198187 0.201185 0.206922 0.287105 -0.216479 -0.127088 0.196085 0.203345 0.207779 0.201752 0.197521 0.205469
4612500 0.204001 0.20852 0.198961 0.0381616 -0.0845027 0.0626099 0.203336 0.211233 0.197225 0.204818 0.205192 0.20109
4612500 0.192814 0.20787 0.203514 0.0392052 0.0210616 -0.016543 0.186938 0.20589 0.205705 0.197078 0.209307 0.201924
4612500 0.203291 0.214332 0.217043 0.156008 -0.0100719 -0.167855 0.199884 0.213945 0.220085 0.206607 0.214709 0.214083
4612500 0.180995 0.202569 0.199225 0.0 0.0 0.0 0.178678 0.204563 0.200916 0.1848 0.199186 0.196444
4612500 0.188417 0.201082 0.193057 0.0 0.0 0.0 0.19165 0.202702 0.190028 0.1848 0.199186 0.196444
4612500 0.189276 0.202614 0.197063 0.0 0.0 0.0 0.192182 0.204774 0.197463 0.1848 0.199186 0.196444
4612500 0.187577 0.2013 0.18864 0.0 0.0 0.0 0.19165 0.202702 0.190028 0.183793 0.199921 0.18735
4612500 0.185724 0.202127 0.200451 0.0 0.0 0.0 0.186938 0.20589 0.205705 0.1848 0.199186 0.196444
4612500 0.182445 0.201046 0.205049 0.0 0.0 0.0 0.186938 0.20589 0.205705 0.17889 0.19714 0.204529
4612500 0.1803 0.208183 0.197057 -0.00304102 -0.00540793 -0.00914798 0.18102 0.210085 0.199351 0.179404 0.205812 0.194197
4612500 0.181589 0.211392 0.196583 0.0 0.0 0.0 0.18102 0.210085 0.199351 0.182351 0.213046 0.19288
4612500 0.182242 0.212546 0.201123 0.0 0.0 0.0 0.18102 0.210085 0.199351 0.18378 0.215548 0.203349
4612500 0.183318 0.216651 0.195362 0.0 0.0 0.0 0.184102 0.219495 0.197369 0.182351 0.213046 0.19288
4612500 0.184609 0.209693 0.193459 0.0 0.0 0.0 0.18642 0.206932 0.193924 0.182351 0.213046 0.19288
4612500 0.182901 0.208751 0.201371 0.00318531 -0.00191581 0.00239521 0.18102 0.210085 0.199351 0.186938 0.20589 0.205705
4612500 0.182372 0.214386 0.206736 0.0 0.0 0.0 0.18378 0.215548 0.203349 0.180996 0.213167 0.210051
4612500 0.180907 0.215946 0.200774 0.0 0.0 0.0 0.18378 0.215548 0.203349 0.178411 0.216217 0.198533
4612500 0.186497 0.2145 0.200682 0.0 0.0 0.0 0.18378 0.215548 0.203349 0.189755 0.213157 0.197484
4612500 0.181297 0.205024 0.202435 0.0 0.0 0.0 0.178678 0.204563 0.200916 0.186938 0.20589 0.205705
4612500 0.184346 0.213024 0.212273 0.0 0.0 0.0 0.180996 0.213167 0.210051 0.189437 0.212704 0.215646
4612500 0.187422 0.215903 0.204569 0.0 0.0 0.0 0.18378 0.215548 0.203349 0.191937 0.216251 0.206078
4612500 0.184569 0.217443 0.206939 0.0 0.0 0.0 0.18378 0.215548 0.203349 0.185305 0.219127 0.210277
4612500 0.186465 0.216885 0.197418 0.0 0.0 0.0 0.189755 0.213157 0.197484 0.184102 0.219495 0.197369
4612500 0.195469 0.201516 0.192283 0.0 0.0 0.0 0.19165 0.202702 0.190028 0.200002 0.200023 0.194957
4612500 0.19515 0.203009 0.196513 0.0 0.0 0.0 0.192182 0.204774 0.197463 0.200002 0.200023 0.194957
4612500 0.198191 0.20506 0.193887 0.0 0.0 0.0 0.196793 0.208881 0.193058 0.200002 0.200023 0.194957
4612500 0.197065 0.201061 0.199357 0.0 0.0 0.0 0.195379 0.201597 0.201883 0.200002 0.200023 0.194957
4612500 0.205041 0.201527 0.193941 0.0 0.0 0.0 0.208206 0.202408 0.193301 0.200002 0.200023 0.194957
4612500 0.195584 0.199059 0.21511 0.0 0.0 0.0 0.193242 0.203084 0.215003 0.197483 0.195727 0.215195
4612500 0.194596 0.200603 0.208117 0.0 0.0 0.0 0.196085 0.203345 0.207779 0.192415 0.196488 0.208608
4612500 0.194193 0.199593 0.204573 0.0 0.0 0.0 0.195379 0.201597 0.201883 0.192415 0.196488 0.208608
4612500 0.190163 0.200393 0.207416 0.0 0.0 0.0 0.186938 0.20589 0.205705 0.192415 0.196488 0.208608
4612500 0.200083 0.198361 0.216011 0.0 0.0 0.0 0.202786 0.201019 0.216856 0.197483 0.195727 0.215195
4612500 0.190265 0.20008 0.216866 0.0 0.0 0.0 0.193242 0.203084 0.215003 0.186513 0.196202 0.219215
4612500 0.199589 0.200194 0.21965 0.0 0.0 0.0 0.202786 0.201019 0.216856 0.195821 0.199136 0.222943
4612500 0.189329 0.20425 0.18641 0.0 0.0 0.0 0.19165 0.202702 0.190028 0.18756 0.205359 0.183652
4612500 0.194248 0.205345 0.187444 0.0 0.0 0.0 0.19165 0.202702 0.190028 0.196467 0.207529 0.185236
4612500 0.190688 0.207086 0.189209 0.0 0.0 0.0 0.19165 0.202702 0.190028 0.18969 0.211551 0.188357
4612500 0.196624 0.208221 0.189009 0.0 0.0 0.0 0.196793 0.208881 0.193058 0.196467 0.207529 0.185236
4612500 0.189316 0.205887 0.195703 0.0 0.0 0.0 0.18642 0.206932 0.193924 0.192182 0.204774 0.197463
4612500 0.19422 0.206629 0.195517 0.0 0.0 0.0 0.192182 0.204774 0.197463 0.196793 0.208881 0.193058
4612500 0.191178 0.208279 0.197473 0.0 0.0 0.0 0.192182 0.204774 0.197463 0.189755 0.213157 0.197484
4612500 0.19346 0.210174 0.190853 0.0 0.0 0.0 0.196793 0.208881 0.193058 0.18969 0.211551 0.188357
4612500 0.193479 0.210934 0.195143 0.0 0.0 0.0 0.196793 0.208881 0.193058 0.189755 0.213157 0.197484
4612500 0.188592 0.210199 0.200876 0.0 0.0 0.0 0.186938 0.20589 0.205705 0.189755 0.213157 0.197484
4612500 0.195581 0.211528 0.183726 0.0 0.0 0.0 0.194461 0.216493 0.181814 0.196467 0.207529 0.185236
4612500 0.193764 0.214497 0.189656 0.0 0.0 0.0 0.197946 0.21744 0.190986 0.18969 0.211551 0.188357
4612500 0.188078 0.215864 0.189236 0.0 0.0 0.0 0.18656 0.219849 0.190062 0.18969 0.211551 0.188357
4612500 0.188115 0.216631 0.193676 0.0 0.0 0.0 0.18656 0.219849 0.190062 0.189755 0.213157 0.197484
4612500 0.190764 0.217703 0.19742 0.0 0.0 0.0 0.189755 0.213157 0.197484 0.191866 0.222576 0.197348
4612500 0.198683 0.209238 0.182083 0.0 0.0 0.0 0.20127 0.211146 0.1784 0.196467 0.207529 0.185236
4612500 0.200428 0.210227 0.195374 0.0 0.0 0.0 0.196793 0.208881 0.193058 0.203336 0.211233 0.197225
4612500 0.190635 0.204285 0.21116 0.0 0.0 0.0 0.193242 0.203084 0.215003 0.186938 0.20589 0.205705
4612500 0.193133 0.204206 0.207111 0.0 0.0 0.0 0.196085 0.203345 0.207779 0.186938 0.20589 0.205705
4612500 0.196478 0.205748 0.205459 0.0 0.0 0.0 0.196085 0.203345 0.207779 0.197078 0.209307 0.201924
4612500 0.192699 0.202999 0.203097 0.0 0.0 0.0 0.186938 0.20589 0.205705 0.195379 0.201597 0.201883
4612500 0.196042 0.204647 0.2019 0.0 0.0 0.0 0.197078 0.209307 0.201924 0.195379 0.201597 0.201883
4612500 0.196849 0.204816 0.21849 0.0 0.0 0.0 0.193242 0.203084 0.215003 0.199504 0.206021 0.221055
4612500 0.189833 0.211934 0.205922 0.0 0.0 0.0 0.191937 0.216251 0.206078 0.186938 0.20589 0.205705
4612500 0.199183 0.21484 0.212426 0.00250996 0.0112678 0.00198114 0.198891 0.209983 0.21146 0.199401 0.218479 0.21315
4612500 0.195347 0.213218 0.208719 0.0 0.0 0.0 0.198891 0.209983 0.21146 0.191937 0.216251 0.206078
4612500 0.194507 0.212818 0.204001 0.0 0.0 0.0 0.191937 0.216251 0.206078 0.197078 0.209307 0.201924
4612500 0.202135 0.211713 0.20798 0.0 0.0 0.0 0.198891 0.209983 0.21146 0.205195 0.213265 0.204698
4612500 0.198424 0.202002 0.21601 0.0 0.0 0.0 0.193242 0.203084 0.215003 0.202786 0.201019 0.216856
4612500 0.195241 0.213435 0.218113 0.0 0.0 0.0 0.199884 0.213945 0.220085 0.189437 0.212704 0.215646
4612500 0.199618 0.216449 0.216255 -0.000302022 0.000827731 -0.00168823 0.199884 0.213945 0.220085 0.199401 0.218479 0.21315
4612500 0.186894 0.216697 0.212344 0.0 0.0 0.0 0.189437 0.212704 0.215646 0.185305 0.219127 0.210277
4612500 0.191019 0.218114 0.21402 0.0 0.0 0.0 0.189437 0.212704 0.215646 0.192133 0.221853 0.212874
4612500 0.193054 0.217687 0.218174 0.0 0.0 0.0 0.195339 0.220767 0.219769 0.189437 0.212704 0.215646
4612500 0.196215 0.21701 0.186434 0.0 0.0 0.0 0.194461 0.216493 0.181814 0.197946 0.21744 0.190986
4612500 0.1998 0.217541 0.182597 0.0 0.0 0.0 0.194461 0.216493 0.181814 0.203641 0.218225 0.183158
4612500 0.201692 0.213957 0.198211 0.0 0.0 0.0 0.203336 0.211233 0.197225 0.199792 0.217024 0.19935
4612500 0.201344 0.214304 0.189726 0.0 0.0 0.0 0.197946 0.21744 0.190986 0.205807 0.210095 0.188069
4612500 0.201238 0.217934 0.18646 0.0 0.0 0.0 0.197946 0.21744 0.190986 0.203641 0.218225 0.183158
4612500 0.202676 0.216806 0.213574 0.0 0.0 0.0 0.206607 0.214709 0.214083 0.199401 0.218479 0.21315
4612500 0.206719 0.200453 0.190796 0.0 0.0 0.0 0.208206 0.202408 0.193301 0.20526 0.198455 0.188333
4612500 0.207061 0.199176 0.212019 0.0 0.0 0.0 0.208103 0.205047 0.210123 0.206326 0.194959 0.213358
4612500 0.205993 0.199758 0.218708 0.0 0.0 0.0 0.202786 0.201019 0.216856 0.210556 0.197869 0.221339
4612500 0.207249 0.204566 0.184851 0.0 0.0 0.0 0.208027 0.201526 0.183116 0.205807 0.210095 0.188069
4612500 0.21123 0.207617 0.184808 0.0 0.0 0.0 0.205807 0.210095 0.188069 0.215225 0.205724 0.182405
4612500 0.207221 0.208142 0.18224 0.0 0.0 0.0 0.205807 0.210095 0.188069 0.208005 0.206999 0.179013
4612500 0.202602 0.215166 0.181076 0.0 0.0 0.0 0.20127 0.211146 0.1784 0.203641 0.218225 0.183158
4612500 0.211323 0.202316 0.194516 0.0 0.0 0.0 0.208206 0.202408 0.193301 0.214148 0.202158 0.195614
4612500 0.209525 0.20521 0.194947 0.0 0.0 0.0 0.208206 0.202408 0.193301 0.21124 0.208758 0.197081
4612500 0.209018 0.209344 0.193396 0.0 0.0 0.0 0.205807 0.210095 0.188069 0.21124 0.208758 0.197081
4612500 0.206745 0.210204 0.197164 0.0 0.0 0.0 0.203336 0.211233 0.197225 0.21124 0.208758 0.197081
4612500 0.21273 0.202328 0.198289 0.0 0.0 0.0 0.214148 0.202158 0.195614 0.211312 0.20242 0.200963
4612500 0.211282 0.205065 0.199368 0.0 0.0 0.0 0.21124 0.208758 0.197081 0.211312 0.20242 0.200963
4612500 0.214184 0.212219 0.191848 0.0 0.0 0.0 0.215399 0.208525 0.190221 0.212884 0.216093 0.193589
4612500 0.210146 0.213811 0.191454 0.0 0.0 0.0 0.205807 0.210095 0.188069 0.212884 0.216093 0.193589
4612500 0.209364 0.215225 0.187023 0.0 0.0 0.0 0.205807 0.210095 0.188069 0.211439 0.218155 0.186411
4612500 0.206087 0.216183 0.190284 0.0 0.0 0.0 0.205807 0.210095 0.188069 0.206264 0.219952 0.191676
4612500 0.217016 0.202716 0.194806 0.0 0.0 0.0 0.214148 0.202158 0.195614 0.221796 0.203543 0.193456
4612500 0.215315 0.210308 0.196601 0.0 0.0 0.0 0.219004 0.211636 0.196164 0.21124 0.208758 0.197081
4612500 0.214252 0.207832 0.200141 0.0 0.0 0.0 0.21802 0.206587 0.203965 0.21124 0.208758 0.197081
4612500 0.210182 0.203384 0.204187 0.0 0.0 0.0 0.208103 0.205047 0.210123 0.211312 0.20242 0.200963
4612500 0.206521 0.209557 0.207173 0.0 0.0 0.0 0.208103 0.205047 0.210123 0.205195 0.213265 0.204698
4612500 0.207271 0.210455 0.212324 0.0 0.0 0.0 0.208103 0.205047 0.210123 0.206607 0.214709 0.214083
4612500 0.204992 0.208971 0.202762 0.0 0.0 0.0 0.205195 0.213265 0.204698 0.204818 0.205192 0.20109
4612500 0.205917 0.214045 0.209502 0.0 0.0 0.0 0.206607 0.214709 0.214083 0.205195 0.213265 0.204698
4612500 0.20997 0.2144 0.203049 0.0 0.0 0.0 0.214239 0.21534 0.201573 0.205195 0.213265 0.204698
4612500 0.204973 0.202716 0.214086 0.0 0.0 0.0 0.202786 0.201019 0.216856 0.208103 0.205047 0.210123
4612500 0.207759 0.206481 0.215513 0.0 0.0 0.0 0.208103 0.205047 0.210123 0.207466 0.207634 0.220119
4612500 0.207022 0.211329 0.217002 0.0 0.0 0.0 0.206607 0.214709 0.214083 0.207466 0.207634 0.220119
4612500 0.206168 0.217199 0.202363 -0.0158451 -0.0367043 0.0272185 0.207115 0.221029 0.20009 0.205195 0.213265 0.204698
4612500 0.210828 0.218103 0.200864 0.0 0.0 0.0 0.214239 0.21534 0.201573 0.207115 0.221029 0.20009
4612500 0.20504 0.218493 0.217235 0.0 0.0 0.0 0.206607 0.214709 0.214083 0.203516 0.2221 0.220303
4612500 0.216696 0.213469 0.198784 0.0 0.0 0.0 0.214239 0.21534 0.201573 0.219004 0.211636 0.196164
4612500 0.213131 0.205868 0.207001 0.0 0.0 0.0 0.208103 0.205047 0.210123 0.21802 0.206587 0.203965
4612500 0.215884 0.211568 0.202615 0.0 0.0 0.0 0.214239 0.21534 0.201573 0.21802 0.206587 0.203965
4612500 0.215861 0.213629 0.210862 0.0 0.0 0.0 0.214305 0.211043 0.210135 0.218034 0.217143 0.211875
4612500 0.204891 0.204035 0.218326 0.0 0.0 0.0 0.202786 0.201019 0.216856 0.207466 0.207634 0.220119
4612500 0.207443 0.21823 0.184746 0.0 0.0 0.0 0.211439 0.218155 0.186411 0.203641 0.218225 0.183158
4612500 0.210201 0.218427 0.196611 0.0 0.0 0.0 0.207115 0.221029 0.20009 0.212884 0.216093 0.193589
4612500 0.20957 0.218025 0.192631 0.108832 -0.0504033 0.0473122 0.206264 0.219952 0.191676 0.212884 0.216093 0.193589
4612500 0.215955 0.213896 0.194882 0.0 0.0 0.0 0.219004 0.211636 0.196164 0.212884 0.216093 0.193589
4612500 0.214975 0.217393 0.186861 0.0 0.0 0.0 0.220662 0.216062 0.187581 0.211439 0.218155 0.186411
