# ts x y z Fx Fy Fz x1 y1 z1 x2 y2 z2
4075000 0.182145 0.180029 0.198334 -15.4304 13.5854 7.25089 0.186031 0.176634 0.197392 0.177625 0.183979 0.199429
4075000 0.185861 0.198595 0.187822 4.37949 1.3211 3.4367 0.182526 0.197599 0.185985 0.189422 0.199658 0.189783
4075000 0.183389 0.195854 0.197051 -23.6523 11.6396 3.59835 0.187165 0.193758 0.195777 0.180621 0.19739 0.197984
4075000 0.188992 0.202069 0.198061 -13.2814 8.55828 -8.1611 0.192888 0.199896 0.199586 0.184849 0.204378 0.19644
4075000 0.194489 0.184648 0.181364 11.3028 11.1927 -2.37822 0.191341 0.182006 0.181416 0.197046 0.186794 0.181322
4075000 0.198201 0.189255 0.183259 -6.17179 -9.27483 -9.92026 0.199572 0.192178 0.185561 0.197046 0.186794 0.181322
4075000 0.200192 0.1788 0.187534 2.7529 0.445752 10.9777 0.199448 0.177965 0.18263 0.2007 0.17937 0.190883
4075000 0.194068 0.181181 0.190171 -3.56952 -4.66214 4.52285 0.195731 0.184168 0.188066 0.192623 0.178585 0.192001
4075000 0.185865 0.18187 0.191036 0.655319 17.021 16.857 0.185712 0.179136 0.189072 0.18606 0.185341 0.193529
4075000 0.192965 0.186949 0.187206 -6.47439 6.45568 -0.523764 0.195731 0.184168 0.188066 0.189195 0.19074 0.186034
4075000 0.198071 0.185327 0.191116 4.85744 3.02205 9.12546 0.195731 0.184168 0.188066 0.200981 0.186768 0.194909
4075000 0.190187 0.178748 0.206247 -20.6493 -14.9061 -3.48776 0.193588 0.182134 0.206785 0.187784 0.176355 0.205867
4075000 0.188234 0.182746 0.214194 15.1654 17.0763 9.90731 0.185297 0.180279 0.212105 0.191815 0.185754 0.21674
4075000 0.197018 0.179132 0.216719 8.73721 4.11178 12.5873 0.195591 0.178499 0.213835 0.199141 0.180075 0.22101
4075000 0.197209 0.179001 0.207423 -9.10625 9.22181 -3.60389 0.201052 0.175675 0.2081 0.193588 0.182134 0.206785
4075000 0.197736 0.193186 0.188928 -11.0888 7.1333 15.3507 0.199572 0.192178 0.185561 0.195646 0.194332 0.192762
4075000 0.192422 0.197091 0.191219 -14.7997 12.3548 -3.71804 0.195646 0.194332 0.192762 0.189422 0.199658 0.189783
4075000 0.194297 0.197055 0.1961 9.76123 -16.6066 -29.0358 0.192888 0.199896 0.199586 0.195646 0.194332 0.192762
4075000 0.195102 0.197491 0.202981 12.281 -12.5412 13.2705 0.192888 0.199896 0.199586 0.196698 0.195756 0.205429
4075000 0.192688 0.200816 0.204206 -0.601296 4.47429 12.0639 0.192888 0.199896 0.199586 0.192493 0.20171 0.208702
4075000 0.196281 0.2024 0.197473 2.13235 1.78242 -1.96107 0.192888 0.199896 0.199586 0.200107 0.205224 0.19509
4075000 0.198179 0.19074 0.193781 -25.6451 42.3612 -19.3131 0.200981 0.186768 0.194909 0.195646 0.194332 0.192762
4075000 0.202482 0.193989 0.183564 10.1018 9.19406 -7.65857 0.199572 0.192178 0.185561 0.20746 0.197086 0.18015
4075000 0.203098 0.191376 0.187193 3.61681 -0.337823 2.1394 0.199572 0.192178 0.185561 0.206812 0.19053 0.188912
4075000 0.189116 0.198822 0.209838 22.9933 23.7285 -13.2646 0.186152 0.196286 0.210836 0.192493 0.20171 0.208702
4075000 0.199694 0.191726 0.216455 -3.58578 -5.82238 8.94664 0.200758 0.193751 0.21225 0.198911 0.190236 0.219549
4075000 0.209426 0.17931 0.188112 -12.367 27.2346 14.781 0.21138 0.175805 0.185362 0.207735 0.182343 0.190492
4075000 0.200815 0.182385 0.192523 1.28855 -9.90511 -6.32441 0.200981 0.186768 0.194909 0.2007 0.17937 0.190883
4075000 0.210285 0.185144 0.192334 5.87065 6.59576 6.18199 0.207735 0.182343 0.190492 0.212762 0.187864 0.194122
4075000 0.202152 0.184033 0.198917 7.33583 -13.2621 15.2255 0.200981 0.186768 0.194909 0.203053 0.181931 0.201998
4075000 0.204367 0.187838 0.198417 23.0087 6.04637 17.1679 0.200981 0.186768 0.194909 0.207128 0.188711 0.201278
4075000 0.211279 0.191674 0.194017 1.6217 -7.33959 -0.10407 0.210165 0.194537 0.193938 0.212762 0.187864 0.194122
4075000 0.214323 0.190396 0.191314 -3.52895 -6.24017 4.90967 0.216178 0.193405 0.187978 0.212762 0.187864 0.194122
4075000 0.202196 0.179253 0.20461 2.86632 6.71966 -9.09436 0.201052 0.175675 0.2081 0.203053 0.181931 0.201998
4075000 0.205926 0.181677 0.204528 -11.8432 0.166688 -14.0409 0.208987 0.181406 0.207224 0.203053 0.181931 0.201998
4075000 0.206759 0.188437 0.205323 -0.113173 -0.77257 -13.6703 0.20646 0.188215 0.208604 0.207128 0.188711 0.201278
4075000 0.200935 0.180212 0.210485 0.880303 -15.9121 -5.41443 0.200828 0.184326 0.212648 0.201052 0.175675 0.2081
4075000 0.208109 0.186655 0.211002 5.20644 -7.29525 8.09691 0.20646 0.188215 0.208604 0.209611 0.185235 0.213185
4075000 0.20412 0.1866 0.210284 -16.6763 -11.3636 7.94628 0.20646 0.188215 0.208604 0.200828 0.184326 0.212648
4075000 0.209136 0.179424 0.210797 -4.72571 18.5344 -25.9315 0.209379 0.176192 0.216623 0.208987 0.181406 0.207224
4075000 0.210732 0.190603 0.201385 -21.1214 -12.6387 -4.35547 0.215495 0.193105 0.201528 0.207128 0.188711 0.201278
4075000 0.207072 0.191375 0.207867 1.8706 17.3706 -6.61314 0.20646 0.188215 0.208604 0.207861 0.195447 0.206917
4075000 0.21683 0.178769 0.208865 3.14267 1.00305 7.5744 0.216012 0.178333 0.205427 0.217567 0.179161 0.211964
4075000 0.208743 0.192839 0.191807 -7.31933 -6.36112 -7.55404 0.210165 0.194537 0.193938 0.206812 0.19053 0.188912
4075000 0.212672 0.196279 0.194292 8.17308 5.57224 -0.426481 0.210165 0.194537 0.193938 0.215194 0.198031 0.194647
4075000 0.209627 0.197111 0.195528 -4.23841 10.7613 6.09904 0.210165 0.194537 0.193938 0.2088 0.201077 0.197978
4075000 0.218096 0.19698 0.194808 -20.2828 4.40977 -2.89748 0.221959 0.19558 0.195022 0.215194 0.198031 0.194647
4075000 0.211232 0.194413 0.204538 -47.8307 10.5238 23.7412 0.215495 0.193105 0.201528 0.207861 0.195447 0.206917
4075000 0.217363 0.189254 0.204787 -23.4142 60.1639 -35.866 0.219035 0.185806 0.207705 0.215495 0.193105 0.201528
4075000 0.20707 0.194406 0.218618 35.3561 -26.1037 -9.26425 0.203907 0.196514 0.220047 0.210776 0.191935 0.216943
4075000 0.205224 0.198395 0.216694 4.26586 4.68038 -6.96514 0.203907 0.196514 0.220047 0.206501 0.200218 0.213441
4075000 0.203802 0.184998 0.216158 6.98528 0.114828 9.78472 0.200828 0.184326 0.212648 0.20601 0.185496 0.218763
4075000 0.202461 0.195246 0.216467 4.51418 5.57772 9.96613 0.200758 0.193751 0.21225 0.203907 0.196514 0.220047
4075000 0.194556 0.193546 0.206874 9.2405 7.09583 -6.84236 0.191906 0.190813 0.208661 0.196698 0.195756 0.205429
4075000 0.188967 0.193609 0.209772 -8.5049 9.25665 5.50435 0.191906 0.190813 0.208661 0.186152 0.196286 0.210836
4075000 0.208901 0.188377 0.186003 -1.82058 1.25087 1.89414 0.211604 0.185591 0.182241 0.206812 0.19053 0.188912
4075000 0.191866 0.18858 0.212226 -1.68246 -5.97676 12.4961 0.191906 0.190813 0.208661 0.191815 0.185754 0.21674
4075000 0.199225 0.182382 0.196523 -4.85175 -16.2986 3.40146 0.200981 0.186768 0.194909 0.198088 0.179544 0.197567
4075000 0.195638 0.18279 0.218968 -17.0151 12.9299 -5.99161 0.199141 0.180075 0.22101 0.191815 0.185754 0.21674
4075000 0.211253 0.182622 0.204047 -16.5395 -6.27651 16.7488 0.213431 0.18379 0.200995 0.208987 0.181406 0.207224
4075000 0.181788 0.201459 0.193746 2.38476 2.80753 1.72398 0.179933 0.19969 0.192113 0.184849 0.204378 0.19644
4075000 0.198704 0.194768 0.196056 3.94926 0.239604 5.74887 0.195646 0.194332 0.192762 0.20177 0.195205 0.19936
4075000 0.219158 0.194508 0.197841 -14.0372 -2.1705 14.7318 0.221959 0.19558 0.195022 0.215495 0.193105 0.201528
4075000 0.205315 0.194183 0.190283 0.101697 -0.450765 -0.153211 0.203917 0.197595 0.191564 0.206812 0.19053 0.188912
4075000 0.215151 0.188475 0.208716 -8.94367 8.09733 3.77437 0.219035 0.185806 0.207705 0.21258 0.190241 0.209385
4075000 0.210336 0.186206 0.201134 -8.11562 5.5455 -1.08709 0.213431 0.18379 0.200995 0.207128 0.188711 0.201278
4075000 0.217297 0.181508 0.206395 -14.7463 -27.5794 -4.90787 0.219035 0.185806 0.207705 0.216012 0.178333 0.205427
4075000 0.211051 0.200549 0.184745 11.9007 15.2209 14.0307 0.20746 0.197086 0.18015 0.213824 0.203223 0.188293
4075000 0.202923 0.196489 0.195172 -0.134223 -0.221394 0.445059 0.203917 0.197595 0.191564 0.20177 0.195205 0.19936
4075000 0.204155 0.188816 0.191644 4.54252 3.13923 -6.54268 0.200981 0.186768 0.194909 0.206812 0.19053 0.188912
4075000 0.204685 0.201012 0.189839 0.0148765 0.322587 -0.171519 0.203917 0.197595 0.191564 0.20533 0.203883 0.18839
4075000 0.20386 0.180705 0.190707 -4.02149 -2.36974 0.653572 0.207735 0.182343 0.190492 0.2007 0.17937 0.190883
4075000 0.197381 0.181414 0.185653 3.63334 -5.38503 -3.48605 0.195731 0.184168 0.188066 0.199448 0.177965 0.18263
4075000 0.211486 0.180442 0.183883 -0.383488 3.67843 -1.62571 0.21138 0.175805 0.185362 0.211604 0.185591 0.182241
4075000 0.219194 0.179775 0.19628 -14.7066 -22.8691 2.17357 0.222633 0.18518 0.196499 0.215578 0.174092 0.19605
4075000 0.214785 0.180928 0.20332 1.73667 -6.28614 5.69331 0.213431 0.18379 0.200995 0.216012 0.178333 0.205427
4075000 0.213103 0.185786 0.197628 -2.32402 4.58799 -8.37919 0.213431 0.18379 0.200995 0.212762 0.187864 0.194122
4075000 0.215304 0.196234 0.197157 -8.30962 29.095 -53.5635 0.215495 0.193105 0.201528 0.215194 0.198031 0.194647
4075000 0.194459 0.204087 0.201055 15.4252 43.4544 7.41774 0.192888 0.199896 0.199586 0.195478 0.206804 0.202008
4075000 0.207999 0.181388 0.194586 -0.631153 -1.36759 6.52073 0.207735 0.182343 0.190492 0.20819 0.180695 0.197561
4075000 0.210485 0.18205 0.199065 5.53536 2.02782 3.39555 0.20819 0.180695 0.197561 0.213431 0.18379 0.200995
4075000 0.194986 0.180188 0.181962 -22.6172 11.8368 0.618508 0.199448 0.177965 0.18263 0.191341 0.182006 0.181416
4075000 0.186646 0.20257 0.188575 -10.3758 9.5817 -6.62903 0.189422 0.199658 0.189783 0.183897 0.205455 0.187378
4075000 0.201526 0.182412 0.183737 0.652268 1.65198 0.687706 0.199448 0.177965 0.18263 0.202978 0.185518 0.184511
4075000 0.196776 0.185612 0.205753 -9.15252 -13.9477 3.36345 0.199591 0.188683 0.204841 0.193588 0.182134 0.206785
4075000 0.203447 0.188697 0.203018 9.20395 -1.05991 -5.82976 0.199591 0.188683 0.204841 0.207128 0.188711 0.201278
4075000 0.200141 0.191071 0.208331 -2.81026 -5.08508 -8.60839 0.200758 0.193751 0.21225 0.199591 0.188683 0.204841
4075000 0.200648 0.191846 0.202182 2.28928 3.95775 -3.57823 0.199591 0.188683 0.204841 0.20177 0.195205 0.19936
4075000 0.189785 0.193093 0.205832 -2.28396 3.83743 -3.94864 0.191906 0.190813 0.208661 0.188124 0.194878 0.203617
4075000 0.196964 0.198723 0.218385 1.37433 6.64924 -12.0241 0.196427 0.196615 0.221127 0.19754 0.200983 0.215446
4075000 0.198954 0.197805 0.214042 -14.6522 30.3372 7.81544 0.200758 0.193751 0.21225 0.19754 0.200983 0.215446
4075000 0.204729 0.187807 0.186521 0.836132 1.62205 1.1229 0.202978 0.185518 0.184511 0.206812 0.19053 0.188912
4075000 0.216607 0.186818 0.195047 -3.76029 0.799943 -0.306453 0.222633 0.18518 0.196499 0.212762 0.187864 0.194122
4075000 0.183558 0.194679 0.208206 8.1434 3.46033 9.59154 0.180495 0.19278 0.205102 0.186152 0.196286 0.210836
4075000 0.188333 0.19681 0.192676 0.472848 2.42513 -1.95232 0.187165 0.193758 0.195777 0.189422 0.199658 0.189783
4075000 0.204645 0.184368 0.192513 -14.0199 7.19097 11.5277 0.207735 0.182343 0.190492 0.200981 0.186768 0.194909
4075000 0.186598 0.189442 0.194624 -5.70641 -28.7313 -3.35083 0.187165 0.193758 0.195777 0.18606 0.185341 0.193529
4075000 0.213286 0.195215 0.214572 5.51458 10.7272 -7.64342 0.210776 0.191935 0.216943 0.216707 0.199687 0.21134
4075000 0.215045 0.198131 0.18813 -0.0825088 0.949623 0.083454 0.216178 0.193405 0.187978 0.213824 0.203223 0.188293
4075000 0.197981 0.192618 0.205168 -3.38201 10.1172 -0.722187 0.199591 0.188683 0.204841 0.196698 0.195756 0.205429
4075000 0.199936 0.186172 0.182876 -1.56105 0.54657 -1.13434 0.202978 0.185518 0.184511 0.197046 0.186794 0.181322
4075000 0.189961 0.196757 0.197638 13.1786 18.1861 13.5007 0.187165 0.193758 0.195777 0.192888 0.199896 0.199586
4075000 0.209539 0.182424 0.214253 1.0902 -7.81466 3.4098 0.209611 0.185235 0.213185 0.209379 0.176192 0.216623
4075000 0.1823 0.200165 0.197371 15.364 22.7102 -1.00122 0.180621 0.19739 0.197984 0.184849 0.204378 0.19644
4075000 0.206376 0.185547 0.183616 -1.97036 -0.150566 0.841197 0.211604 0.185591 0.182241 0.202978 0.185518 0.184511
4075000 0.204518 0.194649 0.209427 15.4713 3.41564 -15.9542 0.200758 0.193751 0.21225 0.207861 0.195447 0.206917
4075000 0.183276 0.192749 0.19374 -6.21473 -2.77068 -4.0177 0.187165 0.193758 0.195777 0.179124 0.191672 0.191566
4075000 0.218754 0.189487 0.199232 -15.2914 21.473 16.6624 0.222633 0.18518 0.196499 0.215495 0.193105 0.201528
4075000 0.189323 0.195785 0.188155 0.71241 5.63041 3.31619 0.189195 0.19074 0.186034 0.189422 0.199658 0.189783
4075000 0.210062 0.187828 0.21464 0.737386 2.31652 1.71368 0.209611 0.185235 0.213185 0.210776 0.191935 0.216943
4075000 0.192689 0.186773 0.207788 3.92385 -13.4389 -1.11635 0.191906 0.190813 0.208661 0.193588 0.182134 0.206785
4075000 0.207589 0.185173 0.207987 0.684555 -3.10793 -0.885052 0.20646 0.188215 0.208604 0.208987 0.181406 0.207224
4075000 0.200793 0.18897 0.212452 -1.27042 -30.9239 -3.38311 0.200758 0.193751 0.21225 0.200828 0.184326 0.212648
4075000 0.216045 0.196089 0.205976 0.738739 -8.01515 -11.2033 0.216707 0.199687 0.21134 0.215495 0.193105 0.201528
4075000 0.200005 0.182252 0.216728 0.202088 3.04704 -5.11202 0.199141 0.180075 0.22101 0.200828 0.184326 0.212648
4075000 0.198384 0.194924 0.208262 -5.00905 2.06195 -11.7858 0.200758 0.193751 0.21225 0.196698 0.195756 0.205429
4075000 0.196086 0.188451 0.218431 4.89073 2.20598 1.30336 0.191815 0.185754 0.21674 0.198911 0.190236 0.219549
4075000 0.186047 0.181429 0.195265 -0.103829 -12.9865 3.44082 0.18606 0.185341 0.193529 0.186031 0.176634 0.197392
4075000 0.197757 0.180909 0.213344 21.1769 25.8854 -10.435 0.195591 0.178499 0.213835 0.200828 0.184326 0.212648
4075000 0.201413 0.185129 0.203344 4.18122 -6.21489 -3.84705 0.199591 0.188683 0.204841 0.203053 0.181931 0.201998
4075000 0.210558 0.192472 0.208328 -6.22189 5.14959 -3.6528 0.21258 0.190241 0.209385 0.207861 0.195447 0.206917
4075000 0.211856 0.190921 0.212417 -1.98735 0.451518 6.88076 0.21258 0.190241 0.209385 0.210776 0.191935 0.216943
4075000 0.207271 0.186453 0.189699 -2.40384 11.4215 -0.724532 0.207735 0.182343 0.190492 0.206812 0.19053 0.188912
4075000 0.216928 0.184318 0.199287 -23.2008 -4.3582 16.3486 0.222633 0.18518 0.196499 0.213431 0.18379 0.200995
4075000 0.207059 0.193029 0.185572 -2.52541 -10.5513 11.0481 0.20746 0.197086 0.18015 0.206812 0.19053 0.188912
4075000 0.205911 0.181243 0.19953 -1.19439 0.07444 1.21492 0.20819 0.180695 0.197561 0.203053 0.181931 0.201998
4075000 0.185003 0.19402 0.204225 7.2728 2.64566 -2.59701 0.180495 0.19278 0.205102 0.188124 0.194878 0.203617
4075000 0.190084 0.196942 0.201959 -5.98692 -6.38712 3.38486 0.192888 0.199896 0.199586 0.188124 0.194878 0.203617
4075000 0.207159 0.182323 0.218033 0.679528 -1.21614 -0.31684 0.20601 0.185496 0.218763 0.209379 0.176192 0.216623
4075000 0.212367 0.185127 0.214384 5.73022 0.771785 2.56784 0.209611 0.185235 0.213185 0.216054 0.184982 0.215989
4075000 0.190233 0.184353 0.20009 -0.789305 0.930773 0.820288 0.192292 0.182251 0.198684 0.187382 0.187264 0.202037
4075000 0.187436 0.18771 0.19024 1.81607 6.03047 -6.94324 0.18606 0.185341 0.193529 0.189195 0.19074 0.186034
4075000 0.208013 0.188202 0.217998 1.81477 2.33203 -0.196819 0.20601 0.185496 0.218763 0.210776 0.191935 0.216943
4075000 0.182583 0.18478 0.195961 -10.3275 -1.97712 5.0489 0.18606 0.185341 0.193529 0.177625 0.183979 0.199429
4075000 0.1914 0.194045 0.194271 16.3272 1.80863 -8.86167 0.187165 0.193758 0.195777 0.195646 0.194332 0.192762
4075000 0.183233 0.185868 0.200928 2.47035 1.24079 0.952668 0.177625 0.183979 0.199429 0.187382 0.187264 0.202037
4075000 0.19038 0.184786 0.204331 -1.80242 1.55049 -0.936194 0.193588 0.182134 0.206785 0.187382 0.187264 0.202037
4075000 0.192729 0.192709 0.18972 12.1398 6.92391 9.16702 0.189195 0.19074 0.186034 0.195646 0.194332 0.192762
4075000 0.209573 0.189246 0.209001 3.62836 1.17532 -0.145008 0.20646 0.188215 0.208604 0.21258 0.190241 0.209385
4075000 0.187811 0.191666 0.202951 0.136189 1.40828 0.0637341 0.187382 0.187264 0.202037 0.188124 0.194878 0.203617
4075000 0.203908 0.197298 0.212903 2.38737 2.02406 0.19886 0.200758 0.193751 0.21225 0.206501 0.200218 0.213441
4075000 0.189892 0.180098 0.198189 0.331603 0.410487 0.0886687 0.186031 0.176634 0.197392 0.192292 0.182251 0.198684
4075000 0.195203 0.180891 0.198123 1.12756 -0.697273 -0.385909 0.192292 0.182251 0.198684 0.198088 0.179544 0.197567
4075000 0.200358 0.180635 0.199593 -3.36251 -2.42192 -2.86335 0.203053 0.181931 0.201998 0.198088 0.179544 0.197567
4075000 0.196449 0.185601 0.184384 0.174603 1.64858 -3.33906 0.195731 0.184168 0.188066 0.197046 0.186794 0.181322
4075000 0.187273 0.190515 0.198904 -0.238962 -1.25932 1.28815 0.187165 0.193758 0.195777 0.187382 0.187264 0.202037
4075000 0.198873 0.19552 0.202826 -3.39164 0.0232466 3.03319 0.20177 0.195205 0.19936 0.196698 0.195756 0.205429
4075000 0.213942 0.190126 0.197319 0.906317 1.1608 1.49803 0.212762 0.187864 0.194122 0.215495 0.193105 0.201528
4075000 0.184972 0.184604 0.211572 -0.0 -0.0 -0.0 0.185297 0.180279 0.212105 0.18469 0.188346 0.211111
4075000 0.192614 0.184956 0.196889 -0.000184788 -0.0012205 0.000560721 0.19292 0.187531 0.19518 0.192292 0.182251 0.198684
4075000 0.190036 0.18661 0.194486 -0.00583727 -0.00295706 -0.00131461 0.19292 0.187531 0.19518 0.18606 0.185341 0.193529
4075000 0.193419 0.189343 0.197653 0.00013942 0.00228335 0.00251863 0.19292 0.187531 0.19518 0.193964 0.191324 0.200358
4075000 0.196011 0.187238 0.195076 0.0349148 -0.00878309 0.000431498 0.19292 0.187531 0.19518 0.200981 0.186768 0.194909
4075000 0.191138 0.189582 0.201079 0.000696593 0.000594686 -0.000153094 0.187382 0.187264 0.202037 0.193964 0.191324 0.200358
4075000 0.196458 0.190153 0.202345 -0.00453469 0.00295388 -0.003076 0.199591 0.188683 0.204841 0.193964 0.191324 0.200358
4075000 0.192336 0.192816 0.212337 0.0 -0.0 -0.0 0.191906 0.190813 0.208661 0.1927 0.194515 0.215456
4075000 0.192345 0.191 0.215971 0.00141774 0.00562981 -0.00124923 0.191815 0.185754 0.21674 0.1927 0.194515 0.215456
4075000 0.216595 0.178741 0.191273 0.000135789 0.0021917 -0.00176472 0.215578 0.174092 0.19605 0.217164 0.181339 0.188604
4075000 0.214641 0.178925 0.18719 0.00247249 0.00295015 0.00104546 0.21138 0.175805 0.185362 0.217164 0.181339 0.188604
4075000 0.182448 0.184057 0.191267 0.0 0.0 0.0 0.18606 0.185341 0.193529 0.178553 0.182668 0.188828
4075000 0.18057 0.195502 0.200901 0.0 0.0 0.0 0.180495 0.19278 0.205102 0.180621 0.19739 0.197984
4075000 0.182793 0.188324 0.192604 0.0 0.0 0.0 0.18606 0.185341 0.193529 0.179124 0.191672 0.191566
4075000 0.183833 0.191237 0.188979 0.0 0.0 0.0 0.189195 0.19074 0.186034 0.179124 0.191672 0.191566
4075000 0.182833 0.190311 0.208451 0.0 0.0 0.0 0.180495 0.19278 0.205102 0.18469 0.188346 0.211111
4075000 0.185916 0.187855 0.206977 0.0 0.0 0.0 0.187382 0.187264 0.202037 0.18469 0.188346 0.211111
4075000 0.188105 0.189515 0.209952 0.0 0.0 0.0 0.191906 0.190813 0.208661 0.18469 0.188346 0.211111
4075000 0.185397 0.192191 0.210978 0.0 0.0 0.0 0.186152 0.196286 0.210836 0.18469 0.188346 0.211111
4075000 0.184028 0.189952 0.203529 0.0 0.0 0.0 0.180495 0.19278 0.205102 0.187382 0.187264 0.202037
4075000 0.187647 0.187272 0.213448 0.0 0.0 0.0 0.191815 0.185754 0.21674 0.18469 0.188346 0.211111
4075000 0.193562 0.183101 0.18478 0.0 0.0 0.0 0.195731 0.184168 0.188066 0.191341 0.182006 0.181416
4075000 0.198004 0.183272 0.181844 0.0 0.0 0.0 0.199448 0.177965 0.18263 0.197046 0.186794 0.181322
4075000 0.19042 0.185754 0.183396 0.0 0.0 0.0 0.189195 0.19074 0.186034 0.191341 0.182006 0.181416
4075000 0.189107 0.178866 0.190511 0.0 0.0 0.0 0.185712 0.179136 0.189072 0.192623 0.178585 0.192001
4075000 0.19546 0.179084 0.194891 0.0 0.0 0.0 0.192623 0.178585 0.192001 0.198088 0.179544 0.197567
4075000 0.192452 0.180481 0.195456 0.0 0.0 0.0 0.192623 0.178585 0.192001 0.192292 0.182251 0.198684
4075000 0.193243 0.178622 0.19968 0.0 0.0 0.0 0.194568 0.173568 0.201067 0.192292 0.182251 0.198684
4075000 0.192814 0.182205 0.201948 0.0 0.0 0.0 0.192292 0.182251 0.198684 0.193588 0.182134 0.206785
4075000 0.194146 0.186065 0.192077 0.0 0.0 0.0 0.19292 0.187531 0.19518 0.195731 0.184168 0.188066
4075000 0.197663 0.188199 0.186805 0.0 0.0 0.0 0.195731 0.184168 0.188066 0.199572 0.192178 0.185561
4075000 0.189597 0.183588 0.196454 0.0 0.0 0.0 0.18606 0.185341 0.193529 0.192292 0.182251 0.198684
4075000 0.196693 0.178982 0.191437 0.0 0.0 0.0 0.192623 0.178585 0.192001 0.2007 0.17937 0.190883
4075000 0.199354 0.179461 0.194326 0.0 0.0 0.0 0.2007 0.17937 0.190883 0.198088 0.179544 0.197567
4075000 0.198409 0.181583 0.189584 0.0 0.0 0.0 0.195731 0.184168 0.188066 0.2007 0.17937 0.190883
4075000 0.199596 0.184889 0.18617 0.0 0.0 0.0 0.195731 0.184168 0.188066 0.202978 0.185518 0.184511
4075000 0.189234 0.181161 0.209579 0.0 0.0 0.0 0.185297 0.180279 0.212105 0.193588 0.182134 0.206785
4075000 0.194781 0.17997 0.210984 0.0 0.0 0.0 0.195591 0.178499 0.213835 0.193588 0.182134 0.206785
4075000 0.194152 0.181265 0.214943 0.0 0.0 0.0 0.195591 0.178499 0.213835 0.191815 0.185754 0.21674
4075000 0.192745 0.183857 0.21152 0.0 0.0 0.0 0.191815 0.185754 0.21674 0.193588 0.182134 0.206785
4075000 0.197277 0.183252 0.209773 0.0 0.0 0.0 0.200828 0.184326 0.212648 0.193588 0.182134 0.206785
4075000 0.203164 0.183252 0.219694 0.0 0.0 0.0 0.199141 0.180075 0.22101 0.20601 0.185496 0.218763
4075000 0.194071 0.18829 0.183107 0.0 0.0 0.0 0.189195 0.19074 0.186034 0.197046 0.186794 0.181322
4075000 0.198315 0.192469 0.181462 0.0 0.0 0.0 0.199572 0.192178 0.185561 0.19718 0.19273 0.177761
4075000 0.197822 0.200013 0.181477 0.0 0.0 0.0 0.197902 0.19951 0.178252 0.197704 0.20076 0.186281
4075000 0.190572 0.190073 0.195423 0.0 0.0 0.0 0.19292 0.187531 0.19518 0.187165 0.193758 0.195777
4075000 0.194031 0.190303 0.194194 0.0 0.0 0.0 0.19292 0.187531 0.19518 0.195646 0.194332 0.192762
4075000 0.195212 0.191575 0.185759 0.0 0.0 0.0 0.199572 0.192178 0.185561 0.189195 0.19074 0.186034
4075000 0.188081 0.192397 0.191378 0.0 0.0 0.0 0.187165 0.193758 0.195777 0.189195 0.19074 0.186034
4075000 0.191055 0.199771 0.194402 0.0 0.0 0.0 0.192888 0.199896 0.199586 0.189422 0.199658 0.189783
4075000 0.190663 0.187423 0.197973 0.0 0.0 0.0 0.19292 0.187531 0.19518 0.187382 0.187264 0.202037
4075000 0.186703 0.186278 0.197669 0.0 0.0 0.0 0.18606 0.185341 0.193529 0.187382 0.187264 0.202037
4075000 0.191042 0.192371 0.198388 0.0 0.0 0.0 0.187165 0.193758 0.195777 0.193964 0.191324 0.200358
4075000 0.187719 0.194406 0.200306 0.0 0.0 0.0 0.187165 0.193758 0.195777 0.188124 0.194878 0.203617
4075000 0.194686 0.192616 0.197097 0.0 0.0 0.0 0.195646 0.194332 0.192762 0.193964 0.191324 0.200358
4075000 0.193514 0.194914 0.200034 0.0 0.0 0.0 0.192888 0.199896 0.199586 0.193964 0.191324 0.200358
4075000 0.190442 0.202441 0.185866 0.0 0.0 0.0 0.189422 0.199658 0.189783 0.191324 0.204844 0.182482
4075000 0.186069 0.198785 0.19609 0.0 0.0 0.0 0.187165 0.193758 0.195777 0.184849 0.204378 0.19644
4075000 0.187337 0.201811 0.192818 0.0 0.0 0.0 0.189422 0.199658 0.189783 0.184849 0.204378 0.19644
4075000 0.201257 0.190179 0.181614 0.0 0.0 0.0 0.199572 0.192178 0.185561 0.202592 0.188592 0.178484
4075000 0.201378 0.188648 0.185003 0.0 0.0 0.0 0.199572 0.192178 0.185561 0.202978 0.185518 0.184511
4075000 0.201762 0.19491 0.188586 0.0 0.0 0.0 0.203917 0.197595 0.191564 0.199572 0.192178 0.185561
4075000 0.200083 0.196084 0.192119 0.0 0.0 0.0 0.203917 0.197595 0.191564 0.195646 0.194332 0.192762
4075000 0.197419 0.197504 0.19947 0.0 0.0 0.0 0.192888 0.199896 0.199586 0.20177 0.195205 0.19936
4075000 0.197102 0.201253 0.202436 0.0 0.0 0.0 0.192888 0.199896 0.199586 0.20185 0.202779 0.205648
4075000 0.189724 0.189102 0.205466 0.0 0.0 0.0 0.191906 0.190813 0.208661 0.187382 0.187264 0.202037
4075000 0.195722 0.189756 0.206764 0.0 0.0 0.0 0.191906 0.190813 0.208661 0.199591 0.188683 0.204841
4075000 0.191 0.193129 0.202012 0.0 0.0 0.0 0.188124 0.194878 0.203617 0.193964 0.191324 0.200358
4075000 0.193045 0.191097 0.204066 0.0 0.0 0.0 0.191906 0.190813 0.208661 0.193964 0.191324 0.200358
4075000 0.19533 0.19354 0.202892 0.0 0.0 0.0 0.196698 0.195756 0.205429 0.193964 0.191324 0.200358
4075000 0.187237 0.195512 0.206864 0.0 0.0 0.0 0.186152 0.196286 0.210836 0.188124 0.194878 0.203617
4075000 0.189623 0.195349 0.213286 0.0 0.0 0.0 0.186152 0.196286 0.210836 0.1927 0.194515 0.215456
4075000 0.194581 0.195577 0.21832 0.0 0.0 0.0 0.196427 0.196615 0.221127 0.1927 0.194515 0.215456
4075000 0.195826 0.192363 0.217517 0.0 0.0 0.0 0.1927 0.194515 0.215456 0.198911 0.190236 0.219549
4075000 0.195059 0.197669 0.215452 0.0 0.0 0.0 0.1927 0.194515 0.215456 0.19754 0.200983 0.215446
4075000 0.186197 0.19853 0.214365 0.0 0.0 0.0 0.186152 0.196286 0.210836 0.186262 0.201784 0.219487
4075000 0.190259 0.197272 0.216985 0.0 0.0 0.0 0.1927 0.194515 0.215456 0.186262 0.201784 0.219487
4075000 0.200183 0.1866 0.208576 0.0 0.0 0.0 0.200828 0.184326 0.212648 0.199591 0.188683 0.204841
4075000 0.200231 0.187802 0.200265 0.0 0.0 0.0 0.200981 0.186768 0.194909 0.199591 0.188683 0.204841
4075000 0.197309 0.192988 0.19993 0.0 0.0 0.0 0.20177 0.195205 0.19936 0.193964 0.191324 0.200358
4075000 0.203462 0.18842 0.206962 0.0 0.0 0.0 0.20646 0.188215 0.208604 0.199591 0.188683 0.204841
4075000 0.196046 0.192188 0.21034 0.0 0.0 0.0 0.191906 0.190813 0.208661 0.200758 0.193751 0.21225
4075000 0.196142 0.19419 0.214087 0.0 0.0 0.0 0.200758 0.193751 0.21225 0.1927 0.194515 0.215456
4075000 0.196627 0.184993 0.214556 0.0 0.0 0.0 0.200828 0.184326 0.212648 0.191815 0.185754 0.21674
4075000 0.199737 0.18769 0.216575 0.0 0.0 0.0 0.200828 0.184326 0.212648 0.198911 0.190236 0.219549
4075000 0.201231 0.193153 0.21978 0.0 0.0 0.0 0.203907 0.196514 0.220047 0.198911 0.190236 0.219549
4075000 0.202305 0.200825 0.193056 0.0 0.0 0.0 0.203917 0.197595 0.191564 0.200107 0.205224 0.19509
4075000 0.200597 0.198839 0.217655 0.0 0.0 0.0 0.203907 0.196514 0.220047 0.19754 0.200983 0.215446
4075000 0.210497 0.178634 0.197089 0.0 0.0 0.0 0.20819 0.180695 0.197561 0.215578 0.174092 0.19605
4075000 0.214221 0.180221 0.199174 0.0 0.0 0.0 0.213431 0.18379 0.200995 0.215578 0.174092 0.19605
4075000 0.20943 0.183767 0.186878 0.0 0.0 0.0 0.207735 0.182343 0.190492 0.211604 0.185591 0.182241
4075000 0.205141 0.184075 0.187231 0.0 0.0 0.0 0.207735 0.182343 0.190492 0.202978 0.185518 0.184511
4075000 0.205467 0.178865 0.207612 0.0 0.0 0.0 0.201052 0.175675 0.2081 0.208987 0.181406 0.207224
4075000 0.205169 0.182774 0.209762 0.0 0.0 0.0 0.200828 0.184326 0.212648 0.208987 0.181406 0.207224
4075000 0.20434 0.180986 0.214281 0.0 0.0 0.0 0.200828 0.184326 0.212648 0.209379 0.176192 0.216623
4075000 0.20503 0.185221 0.201648 0.0 0.0 0.0 0.207128 0.188711 0.201278 0.203053 0.181931 0.201998
4075000 0.214302 0.187721 0.20122 0.0 0.0 0.0 0.213431 0.18379 0.200995 0.215495 0.193105 0.201528
4075000 0.208056 0.185067 0.204245 0.0 0.0 0.0 0.208987 0.181406 0.207224 0.207128 0.188711 0.201278
4075000 0.209347 0.183613 0.210658 0.0 0.0 0.0 0.209611 0.185235 0.213185 0.208987 0.181406 0.207224
4075000 0.206162 0.184879 0.212974 0.0 0.0 0.0 0.209611 0.185235 0.213185 0.200828 0.184326 0.212648
4075000 0.212742 0.179764 0.206263 0.0 0.0 0.0 0.208987 0.181406 0.207224 0.216012 0.178333 0.205427
4075000 0.215947 0.184697 0.204008 0.0 0.0 0.0 0.219035 0.185806 0.207705 0.213431 0.18379 0.200995
4075000 0.202774 0.187141 0.18133 0.0 0.0 0.0 0.202978 0.185518 0.184511 0.202592 0.188592 0.178484
4075000 0.205211 0.19741 0.187396 0.0 0.0 0.0 0.203917 0.197595 0.191564 0.20746 0.197086 0.18015
4075000 0.212539 0.194942 0.18471 0.0 0.0 0.0 0.216178 0.193405 0.187978 0.20746 0.197086 0.18015
4075000 0.209818 0.189184 0.191544 0.0 0.0 0.0 0.212762 0.187864 0.194122 0.206812 0.19053 0.188912
4075000 0.201395 0.191194 0.197243 0.0 0.0 0.0 0.200981 0.186768 0.194909 0.20177 0.195205 0.19936
4075000 0.207412 0.195886 0.192891 0.0 0.0 0.0 0.210165 0.194537 0.193938 0.203917 0.197595 0.191564
4075000 0.209939 0.188289 0.197707 0.0 0.0 0.0 0.212762 0.187864 0.194122 0.207128 0.188711 0.201278
4075000 0.204591 0.191787 0.200369 0.0 0.0 0.0 0.20177 0.195205 0.19936 0.207128 0.188711 0.201278
4075000 0.204909 0.195331 0.203255 0.0 0.0 0.0 0.20177 0.195205 0.19936 0.207861 0.195447 0.206917
4075000 0.212102 0.194018 0.196696 0.0 0.0 0.0 0.210165 0.194537 0.193938 0.215495 0.193105 0.201528
4075000 0.206123 0.199169 0.194461 0.0 0.0 0.0 0.203917 0.197595 0.191564 0.2088 0.201077 0.197978
4075000 0.211141 0.19186 0.18848 0.0 0.0 0.0 0.216178 0.193405 0.187978 0.206812 0.19053 0.188912
4075000 0.212494 0.1941 0.191629 0.0 0.0 0.0 0.210165 0.194537 0.193938 0.216178 0.193405 0.187978
4075000 0.215577 0.196234 0.192054 0.0 0.0 0.0 0.216178 0.193405 0.187978 0.215194 0.198031 0.194647
4075000 0.207487 0.192006 0.204035 0.0 0.0 0.0 0.207128 0.188711 0.201278 0.207861 0.195447 0.206917
4075000 0.204132 0.190476 0.210092 0.0 0.0 0.0 0.20646 0.188215 0.208604 0.200758 0.193751 0.21225
4075000 0.211052 0.187665 0.211341 0.0 0.0 0.0 0.209611 0.185235 0.213185 0.21258 0.190241 0.209385
4075000 0.213665 0.191308 0.206461 0.0 0.0 0.0 0.21258 0.190241 0.209385 0.215495 0.193105 0.201528
4075000 0.207935 0.185358 0.215782 0.0 0.0 0.0 0.209611 0.185235 0.213185 0.20601 0.185496 0.218763
4075000 0.201276 0.198031 0.209121 0.0 0.0 0.0 0.200758 0.193751 0.21225 0.20185 0.202779 0.205648
4075000 0.21394 0.193355 0.210029 0.0 0.0 0.0 0.21258 0.190241 0.209385 0.216707 0.199687 0.21134
4075000 0.211364 0.197127 0.208669 0.0 0.0 0.0 0.216707 0.199687 0.21134 0.207861 0.195447 0.206917
4075000 0.183142 0.211553 0.193952 -20.4522 -5.24459 -1.44655 0.186381 0.212078 0.193748 0.17938 0.210943 0.194189
4075000 0.196639 0.197434 0.189635 -8.03357 -20.3495 15.4488 0.197704 0.20076 0.186281 0.195646 0.194332 0.192762
4075000 0.190569 0.203699 0.189857 -3.19494 -10.776 1.59284 0.191791 0.208009 0.189935 0.189422 0.199658 0.189783
4075000 0.199133 0.204062 0.183041 3.90892 18.8921 -16.1137 0.197704 0.20076 0.186281 0.200541 0.207317 0.179847
4075000 0.192905 0.20495 0.211926 -2.50155 -8.21491 -10.6078 0.193321 0.20822 0.215181 0.192493 0.20171 0.208702
4075000 0.18857 0.213318 0.18556 -2.4127 -11.1728 -6.8353 0.189829 0.216792 0.188378 0.187646 0.210767 0.183489
4075000 0.188671 0.210356 0.192134 4.38102 -4.00945 -4.51277 0.186381 0.212078 0.193748 0.191791 0.208009 0.189935
4075000 0.194547 0.211107 0.191633 8.66416 13.7257 5.86306 0.191791 0.208009 0.189935 0.197074 0.213947 0.19319
4075000 0.187784 0.214592 0.195338 10.8811 16.4126 7.45239 0.186381 0.212078 0.193748 0.189754 0.218119 0.197569
4075000 0.197103 0.214177 0.197291 2.39442 -0.0699986 15.4507 0.197074 0.213947 0.19319 0.197136 0.214445 0.202052
4075000 0.193385 0.216312 0.199774 -8.88207 5.65069 -7.66966 0.197136 0.214445 0.202052 0.189754 0.218119 0.197569
4075000 0.197564 0.217888 0.192138 4.30551 15.0554 -3.31668 0.197074 0.213947 0.19319 0.198133 0.222462 0.190917
4075000 0.196051 0.211541 0.213453 5.57945 7.91861 -5.62647 0.193321 0.20822 0.215181 0.198973 0.215096 0.211604
4075000 0.191503 0.212471 0.215441 -19.7671 42.3288 -2.55226 0.193321 0.20822 0.215181 0.189255 0.217729 0.215762
4075000 0.203052 0.21755 0.212984 18.134 9.57819 9.45422 0.198973 0.215096 0.211604 0.206722 0.219758 0.214225
4075000 0.201361 0.212274 0.201629 14.2221 -7.65906 -4.06138 0.197136 0.214445 0.202052 0.204934 0.210437 0.201272
4075000 0.201237 0.216441 0.203443 27.5551 14.6992 4.44809 0.197136 0.214445 0.202052 0.205257 0.218396 0.204806
4075000 0.201089 0.208821 0.21924 -8.50343 16.2899 16.7889 0.202908 0.206213 0.216987 0.199499 0.211101 0.22121
4075000 0.205206 0.198075 0.198684 -6.09925 -6.91903 1.88219 0.2088 0.201077 0.197978 0.20177 0.195205 0.19936
4075000 0.214685 0.199959 0.192288 4.57685 -51.9002 49.6398 0.213824 0.203223 0.188293 0.215194 0.198031 0.194647
4075000 0.20967 0.202503 0.202407 -6.68152 -7.99333 -18.7572 0.210242 0.203439 0.205315 0.2088 0.201077 0.197978
4075000 0.210292 0.205405 0.185104 20.7611 -8.15381 20.1483 0.208016 0.20681 0.183048 0.213824 0.203223 0.188293
4075000 0.208532 0.204899 0.195198 -1.1737 -10.3963 6.80392 0.208343 0.207594 0.193237 0.2088 0.201077 0.197978
4075000 0.21413 0.205827 0.192824 2.63276 -13.0779 -25.9807 0.214307 0.20733 0.19544 0.213824 0.203223 0.188293
4075000 0.205187 0.198708 0.206353 20.2343 -32.1834 1.34405 0.20185 0.202779 0.205648 0.207861 0.195447 0.206917
4075000 0.203603 0.207132 0.20316 5.00127 21.0826 -14.1918 0.20185 0.202779 0.205648 0.204934 0.210437 0.201272
4075000 0.209527 0.205885 0.207097 -5.96477 11.6812 10.1369 0.210242 0.203439 0.205315 0.208247 0.210269 0.210292
4075000 0.204695 0.203232 0.215224 12.9249 -17.481 -7.6399 0.202908 0.206213 0.216987 0.206501 0.200218 0.213441
4075000 0.212336 0.202224 0.207266 8.66125 -7.66962 10.2395 0.210242 0.203439 0.205315 0.216707 0.199687 0.21134
4075000 0.20492 0.20702 0.181723 -21.5663 4.55217 -7.17317 0.208016 0.20681 0.183048 0.200541 0.207317 0.179847
4075000 0.203286 0.215912 0.182326 9.43741 -0.772139 30.0959 0.201396 0.216388 0.178309 0.205936 0.215244 0.187959
4075000 0.211959 0.214241 0.189342 -28.1866 1.28001 -9.73356 0.215507 0.21365 0.190157 0.205936 0.215244 0.187959
4075000 0.213059 0.210006 0.196084 -9.13061 32.4772 7.69169 0.214307 0.20733 0.19544 0.211271 0.213841 0.197006
4075000 0.207506 0.210254 0.191402 -5.26446 10.3378 -6.50511 0.208343 0.207594 0.193237 0.205936 0.215244 0.187959
4075000 0.207989 0.212078 0.199215 -24.5469 -11.7382 10.9386 0.211271 0.213841 0.197006 0.204934 0.210437 0.201272
4075000 0.212875 0.217116 0.199342 -6.22608 -21.3383 -12.4369 0.214422 0.220275 0.201595 0.211271 0.213841 0.197006
4075000 0.212191 0.217626 0.195112 1.43378 21.1548 -11.5558 0.211271 0.213841 0.197006 0.21303 0.221078 0.193384
4075000 0.215953 0.214617 0.207883 3.44887 -4.88877 -4.91965 0.214545 0.216156 0.210105 0.218456 0.211882 0.20393
4075000 0.207155 0.197925 0.210305 0.33379 -9.60058 -14.8658 0.206501 0.200218 0.213441 0.207861 0.195447 0.206917
4075000 0.200118 0.213739 0.186198 16.5 6.47634 3.19923 0.196563 0.21282 0.185123 0.205936 0.215244 0.187959
4075000 0.194788 0.212995 0.181736 0.794442 -0.364581 1.5743 0.192919 0.213181 0.178173 0.196563 0.21282 0.185123
4075000 0.207143 0.203195 0.205438 -2.9162 -0.598917 0.416588 0.210242 0.203439 0.205315 0.20185 0.202779 0.205648
4075000 0.212319 0.214075 0.210171 -7.49624 -9.64225 0.396325 0.214545 0.216156 0.210105 0.208247 0.210269 0.210292
4075000 0.193522 0.214613 0.186593 -27.3437 17.7165 8.00725 0.196563 0.21282 0.185123 0.189829 0.216792 0.188378
4075000 0.198333 0.210372 0.182776 10.2952 -14.4518 -18.9817 0.196563 0.21282 0.185123 0.200541 0.207317 0.179847
4075000 0.207831 0.203579 0.182086 -0.0768654 -0.947415 -0.126463 0.208016 0.20681 0.183048 0.20746 0.197086 0.18015
4075000 0.215664 0.2144 0.212331 2.40065 -3.24038 3.18572 0.214545 0.216156 0.210105 0.217878 0.210927 0.216733
4075000 0.198709 0.198497 0.205515 -5.96082 -9.59475 -1.86946 0.20185 0.202779 0.205648 0.196698 0.195756 0.205429
4075000 0.184891 0.217037 0.204269 2.5331 -4.88149 1.61141 0.183686 0.220594 0.203408 0.186948 0.210967 0.205739
4075000 0.216897 0.198244 0.200753 -6.23912 -27.2849 8.58843 0.218095 0.202634 0.200092 0.215495 0.193105 0.201528
4075000 0.215809 0.205467 0.197286 -17.8681 15.8072 -15.5036 0.218095 0.202634 0.200092 0.214307 0.20733 0.19544
4075000 0.184329 0.204967 0.191488 -2.78949 -0.0606463 -13.339 0.184849 0.204378 0.19644 0.183897 0.205455 0.187378
4075000 0.194057 0.203094 0.18411 -3.61032 1.60383 -1.60673 0.197704 0.20076 0.186281 0.191324 0.204844 0.182482
4075000 0.185814 0.218166 0.195163 -8.74622 -1.5218 -5.80949 0.189754 0.218119 0.197569 0.182315 0.218207 0.193027
4075000 0.210357 0.200018 0.212647 12.4139 -1.21126 -4.63009 0.206501 0.200218 0.213441 0.216707 0.199687 0.21134
4075000 0.204398 0.215962 0.193988 -0.263522 0.437003 2.75908 0.205936 0.215244 0.187959 0.20359 0.216339 0.197153
4075000 0.201145 0.199007 0.189207 0.284039 -0.0906022 0.187867 0.197704 0.20076 0.186281 0.203917 0.197595 0.191564
4075000 0.206654 0.205326 0.185758 -0.264992 -0.191528 0.563287 0.208016 0.20681 0.183048 0.20533 0.203883 0.18839
4075000 0.200585 0.214461 0.191117 7.70831 1.07641 -3.0189 0.197074 0.213947 0.19319 0.205936 0.215244 0.187959
4075000 0.203338 0.204395 0.190946 -0.266677 0.143738 0.428226 0.20533 0.203883 0.18839 0.200107 0.205224 0.19509
4075000 0.195774 0.207643 0.204931 -0.705882 -1.06972 -8.78232 0.196077 0.208503 0.207926 0.195478 0.206804 0.202008
4075000 0.197198 0.211055 0.20935 -10.9791 -27.5015 -9.70486 0.198973 0.215096 0.211604 0.196077 0.208503 0.207926
4075000 0.18781 0.214032 0.191522 9.63239 10.4517 -17.264 0.186381 0.212078 0.193748 0.189829 0.216792 0.188378
4075000 0.185774 0.209028 0.194814 -3.39213 -24.6233 4.58415 0.186381 0.212078 0.193748 0.184849 0.204378 0.19644
4075000 0.198218 0.20638 0.207081 12.7223 -10.8468 -7.37213 0.196077 0.208503 0.207926 0.20185 0.202779 0.205648
4075000 0.1902 0.205374 0.217085 -8.05844 -7.54905 2.99989 0.193321 0.20822 0.215181 0.186262 0.201784 0.219487
4075000 0.207809 0.211649 0.215676 0.677756 4.57093 12.7674 0.208247 0.210269 0.210292 0.207434 0.212829 0.220279
4075000 0.194483 0.217822 0.204122 23.0655 -29.1764 -11.1174 0.191829 0.221202 0.206193 0.197136 0.214445 0.202052
4075000 0.206621 0.21469 0.207308 -1.28017 7.21376 -5.29693 0.208247 0.210269 0.210292 0.205257 0.218396 0.204806
4075000 0.205105 0.207882 0.214232 4.93481 2.7294 -4.45088 0.202908 0.206213 0.216987 0.208247 0.210269 0.210292
4075000 0.198731 0.196042 0.185885 0.147146 -1.38448 0.047288 0.197704 0.20076 0.186281 0.199572 0.192178 0.185561
4075000 0.185757 0.207229 0.200463 -3.47876 -9.98378 -10.3288 0.186948 0.210967 0.205739 0.184849 0.204378 0.19644
4075000 0.194365 0.210604 0.187339 0.0641456 0.0587112 -0.043557 0.191791 0.208009 0.189935 0.196563 0.21282 0.185123
4075000 0.193131 0.209298 0.20722 -13.5685 5.08097 -5.41332 0.196077 0.208503 0.207926 0.186948 0.210967 0.205739
4075000 0.198396 0.210145 0.194018 2.36158 -4.3653 0.953555 0.197074 0.213947 0.19319 0.200107 0.205224 0.19509
4075000 0.196126 0.209788 0.202025 -10.0448 -41.6535 -7.03415 0.197136 0.214445 0.202052 0.195478 0.206804 0.202008
4075000 0.211472 0.207456 0.194393 3.14647 -0.546635 1.58405 0.208343 0.207594 0.193237 0.214307 0.20733 0.19544
4075000 0.21718 0.207854 0.194654 2.81299 0.848726 -0.440934 0.214307 0.20733 0.19544 0.221967 0.208726 0.193344
4075000 0.195652 0.204221 0.215328 15.8625 -31.2547 -4.08737 0.193321 0.20822 0.215181 0.19754 0.200983 0.215446
4075000 0.184571 0.214807 0.193427 -1.97431 3.01173 -0.944009 0.186381 0.212078 0.193748 0.182315 0.218207 0.193027
4075000 0.197805 0.205334 0.203337 3.78281 -2.55769 3.16632 0.195478 0.206804 0.202008 0.20185 0.202779 0.205648
4075000 0.188181 0.21458 0.211095 0.0547329 0.308701 0.599208 0.186948 0.210967 0.205739 0.189255 0.217729 0.215762
4075000 0.204971 0.206434 0.207914 -2.75034 -4.51234 -2.97085 0.208247 0.210269 0.210292 0.20185 0.202779 0.205648
4075000 0.216877 0.218489 0.198724 4.34664 -3.47702 -3.83222 0.214422 0.220275 0.201595 0.219181 0.216811 0.196028
4075000 0.209089 0.214414 0.193306 7.20027 -1.44192 8.67568 0.205936 0.215244 0.187959 0.211271 0.213841 0.197006
4075000 0.218261 0.20688 0.201854 -0.776965 6.67609 3.38427 0.218095 0.202634 0.200092 0.218456 0.211882 0.20393
4075000 0.207066 0.216409 0.217152 0.171381 -0.883357 0.581349 0.206722 0.219758 0.214225 0.207434 0.212829 0.220279
4075000 0.183048 0.215509 0.208462 -0.511305 0.435867 0.3702 0.186948 0.210967 0.205739 0.18081 0.218116 0.210024
4075000 0.194623 0.205747 0.208241 -8.09499 -14.133 -0.882011 0.196077 0.208503 0.207926 0.192493 0.20171 0.208702
4075000 0.200173 0.203548 0.216202 -6.40384 -6.77798 -3.47137 0.202908 0.206213 0.216987 0.19754 0.200983 0.215446
4075000 0.194908 0.19829 0.206822 1.11111 -1.27489 -1.04316 0.192493 0.20171 0.208702 0.196698 0.195756 0.205429
4075000 0.212668 0.199234 0.195963 6.89812 -4.68941 -4.80631 0.2088 0.201077 0.197978 0.215194 0.198031 0.194647
4075000 0.210476 0.205893 0.191313 0.37657 -0.220575 -0.245085 0.208343 0.207594 0.193237 0.213824 0.203223 0.188293
4075000 0.204705 0.20303 0.196618 -4.50437 3.15297 -1.62793 0.2088 0.201077 0.197978 0.200107 0.205224 0.19509
4075000 0.216178 0.216621 0.202612 0.172322 -0.581039 0.176598 0.214422 0.220275 0.201595 0.218456 0.211882 0.20393
4075000 0.189776 0.216897 0.206002 -3.94551 -12.4418 0.502655 0.191829 0.221202 0.206193 0.186948 0.210967 0.205739
4075000 0.204944 0.20919 0.218468 4.56588 4.75779 2.40745 0.202908 0.206213 0.216987 0.207434 0.212829 0.220279
4075000 0.203338 0.212824 0.210986 1.32368 -0.84338 0.0120354 0.198973 0.215096 0.211604 0.208247 0.210269 0.210292
4075000 0.181616 0.216637 0.19675 0.0 0.0 0.0 0.181093 0.215463 0.199534 0.182315 0.218207 0.193027
4075000 0.196829 0.202206 0.207287 -17.0667 -1.28494 2.75244 0.20185 0.202779 0.205648 0.192493 0.20171 0.208702
4075000 0.204193 0.213689 0.199002 0.316019 -3.00915 1.56077 0.20359 0.216339 0.197153 0.204934 0.210437 0.201272
4075000 0.218876 0.214741 0.199346 -2.09271 -5.03876 7.35449 0.219181 0.216811 0.196028 0.218456 0.211882 0.20393
4075000 0.191533 0.206261 0.185818 -2.68282 -5.44674 -11.3611 0.191791 0.208009 0.189935 0.191324 0.204844 0.182482
4075000 0.198849 0.202888 0.19048 0.375725 1.53275 2.27815 0.197704 0.20076 0.186281 0.200107 0.205224 0.19509
4075000 0.181745 0.208104 0.195162 0.648404 -0.74527 0.435108 0.17938 0.210943 0.194189 0.184849 0.204378 0.19644
4075000 0.181275 0.210335 0.202474 4.87505 0.900385 1.94988 0.178643 0.210042 0.200959 0.186948 0.210967 0.205739
4075000 0.217288 0.215183 0.193003 -5.24744 -2.63033 -6.8811 0.219181 0.216811 0.196028 0.215507 0.21365 0.190157
4075000 0.206325 0.210367 0.205058 -1.39164 0.507308 -2.99093 0.208247 0.210269 0.210292 0.204934 0.210437 0.201272
4075000 0.199421 0.217137 0.216102 -0.142603 1.26313 2.35205 0.198973 0.215096 0.211604 0.199835 0.219023 0.220258
4075000 0.208601 0.203629 0.188353 0.128855 0.00598183 0.0113681 0.20533 0.203883 0.18839 0.213824 0.203223 0.188293
4075000 0.190416 0.2101 0.200218 -0.0164643 -0.000145021 0.0221002 0.192133 0.209671 0.197485 0.186948 0.210967 0.205739
4075000 0.212875 0.210585 0.213387 5.72072 0.644974 2.67142 0.208247 0.210269 0.210292 0.217878 0.210927 0.216733
4075000 0.194966 0.208389 0.210852 1.85725 -0.645085 -4.91092 0.193321 0.20822 0.215181 0.196077 0.208503 0.207926
4075000 0.214188 0.209103 0.202072 -0.00481669 -0.00211751 -0.00169899 0.218456 0.211882 0.20393 0.211805 0.207551 0.201035
4075000 0.182955 0.214033 0.201507 0.000756371 -0.0003734 0.000803103 0.181093 0.215463 0.199534 0.186948 0.210967 0.205739
4075000 0.191989 0.208971 0.194308 0.00155929 0.00493067 0.0130662 0.191791 0.208009 0.189935 0.192133 0.209671 0.197485
4075000 0.193858 0.208192 0.199817 0.0203132 -0.0214664 0.022945 0.192133 0.209671 0.197485 0.195478 0.206804 0.202008
4075000 0.210633 0.205027 0.199843 -0.0 0.0 0.0 0.2088 0.201077 0.197978 0.211805 0.207551 0.201035
4075000 0.211034 0.205523 0.203146 8.09423e-05 0.00056402 -0.000547844 0.210242 0.203439 0.205315 0.211805 0.207551 0.201035
4075000 0.180331 0.213452 0.197155 0.0 0.0 0.0 0.181093 0.215463 0.199534 0.17938 0.210943 0.194189
4075000 0.182242 0.217737 0.20125 0.0 0.0 0.0 0.181093 0.215463 0.199534 0.183686 0.220594 0.203408
4075000 0.187864 0.20513 0.184763 0.0 0.0 0.0 0.191324 0.204844 0.182482 0.183897 0.205455 0.187378
4075000 0.187698 0.206686 0.188609 0.0 0.0 0.0 0.191791 0.208009 0.189935 0.183897 0.205455 0.187378
4075000 0.180991 0.2079 0.199249 0.0 0.0 0.0 0.178643 0.210042 0.200959 0.184849 0.204378 0.19644
4075000 0.181861 0.203492 0.200379 0.0 0.0 0.0 0.17876 0.20257 0.204469 0.184849 0.204378 0.19644
4075000 0.182377 0.206282 0.20503 0.0 0.0 0.0 0.186948 0.210967 0.205739 0.17876 0.20257 0.204469
4075000 0.185837 0.217545 0.190848 0.0 0.0 0.0 0.189829 0.216792 0.188378 0.182315 0.218207 0.193027
4075000 0.193269 0.200171 0.188156 0.0 0.0 0.0 0.197704 0.20076 0.186281 0.189422 0.199658 0.189783
4075000 0.189438 0.209575 0.186276 0.0 0.0 0.0 0.191791 0.208009 0.189935 0.187646 0.210767 0.183489
4075000 0.195305 0.205914 0.181344 0.0 0.0 0.0 0.191324 0.204844 0.182482 0.200541 0.207317 0.179847
4075000 0.195594 0.206737 0.192292 0.0 0.0 0.0 0.191791 0.208009 0.189935 0.200107 0.205224 0.19509
4075000 0.188515 0.206297 0.193004 0.0 0.0 0.0 0.191791 0.208009 0.189935 0.184849 0.204378 0.19644
4075000 0.194633 0.204526 0.188179 0.0 0.0 0.0 0.197704 0.20076 0.186281 0.191791 0.208009 0.189935
4075000 0.196809 0.213364 0.189012 0.0 0.0 0.0 0.197074 0.213947 0.19319 0.196563 0.21282 0.185123
4075000 0.189272 0.210868 0.195626 0.0 0.0 0.0 0.186381 0.212078 0.193748 0.192133 0.209671 0.197485
4075000 0.194316 0.211561 0.195586 0.0 0.0 0.0 0.192133 0.209671 0.197485 0.197074 0.213947 0.19319
4075000 0.195159 0.207982 0.196576 0.0 0.0 0.0 0.192133 0.209671 0.197485 0.200107 0.205224 0.19509
4075000 0.189265 0.207587 0.197073 0.0 0.0 0.0 0.192133 0.209671 0.197485 0.184849 0.204378 0.19644
4075000 0.194162 0.211607 0.199337 0.0 0.0 0.0 0.192133 0.209671 0.197485 0.197136 0.214445 0.202052
4075000 0.197167 0.206228 0.199483 0.0 0.0 0.0 0.195478 0.206804 0.202008 0.200107 0.205224 0.19509
4075000 0.195647 0.216712 0.183601 0.0 0.0 0.0 0.194488 0.22163 0.181679 0.196563 0.21282 0.185123
4075000 0.190828 0.212321 0.18917 0.0 0.0 0.0 0.191791 0.208009 0.189935 0.189829 0.216792 0.188378
4075000 0.191148 0.213164 0.19752 0.0 0.0 0.0 0.192133 0.209671 0.197485 0.189754 0.218119 0.197569
4075000 0.193674 0.215283 0.190931 0.0 0.0 0.0 0.197074 0.213947 0.19319 0.189829 0.216792 0.188378
4075000 0.193627 0.215912 0.195252 0.0 0.0 0.0 0.197074 0.213947 0.19319 0.189754 0.218119 0.197569
4075000 0.201767 0.19923 0.183727 0.0 0.0 0.0 0.197704 0.20076 0.186281 0.20746 0.197086 0.18015
4075000 0.201005 0.199813 0.197396 0.0 0.0 0.0 0.200107 0.205224 0.19509 0.20177 0.195205 0.19936
4075000 0.205167 0.206681 0.193952 0.0 0.0 0.0 0.208343 0.207594 0.193237 0.200107 0.205224 0.19509
4075000 0.202251 0.202623 0.187538 0.0 0.0 0.0 0.197704 0.20076 0.186281 0.20533 0.203883 0.18839
4075000 0.202852 0.20819 0.198605 0.0 0.0 0.0 0.200107 0.205224 0.19509 0.204934 0.210437 0.201272
4075000 0.200979 0.204002 0.200372 0.0 0.0 0.0 0.200107 0.205224 0.19509 0.20185 0.202779 0.205648
4075000 0.198793 0.214467 0.181978 0.0 0.0 0.0 0.201396 0.216388 0.178309 0.196563 0.21282 0.185123
4075000 0.200694 0.215276 0.195391 0.0 0.0 0.0 0.197074 0.213947 0.19319 0.20359 0.216339 0.197153
4075000 0.190686 0.209356 0.211278 0.0 0.0 0.0 0.193321 0.20822 0.215181 0.186948 0.210967 0.205739
4075000 0.196497 0.210859 0.205598 0.0 0.0 0.0 0.196077 0.208503 0.207926 0.197136 0.214445 0.202052
4075000 0.192771 0.208126 0.203192 0.0 0.0 0.0 0.186948 0.210967 0.205739 0.195478 0.206804 0.202008
4075000 0.194284 0.204769 0.204684 0.0 0.0 0.0 0.195478 0.206804 0.202008 0.192493 0.20171 0.208702
4075000 0.192853 0.212984 0.203602 0.0 0.0 0.0 0.186948 0.210967 0.205739 0.197136 0.214445 0.202052
4075000 0.190213 0.205516 0.207484 0.0 0.0 0.0 0.186948 0.210967 0.205739 0.192493 0.20171 0.208702
4075000 0.198037 0.214765 0.206735 0.0 0.0 0.0 0.198973 0.215096 0.211604 0.197136 0.214445 0.202052
4075000 0.195269 0.201311 0.212412 0.0 0.0 0.0 0.192493 0.20171 0.208702 0.19754 0.200983 0.215446
4075000 0.196881 0.20988 0.218655 0.0 0.0 0.0 0.193321 0.20822 0.215181 0.199499 0.211101 0.22121
4075000 0.196689 0.202515 0.218955 0.0 0.0 0.0 0.195646 0.204391 0.223254 0.19754 0.200983 0.215446
4075000 0.188596 0.215169 0.20094 0.0 0.0 0.0 0.186948 0.210967 0.205739 0.189754 0.218119 0.197569
4075000 0.195332 0.218208 0.208847 0.0 0.0 0.0 0.198973 0.215096 0.211604 0.191829 0.221202 0.206193
4075000 0.194464 0.216318 0.213533 0.0 0.0 0.0 0.198973 0.215096 0.211604 0.189255 0.217729 0.215762
4075000 0.198527 0.207131 0.216162 0.0 0.0 0.0 0.193321 0.20822 0.215181 0.202908 0.206213 0.216987
4075000 0.200957 0.215567 0.199151 0.0 0.0 0.0 0.197136 0.214445 0.202052 0.20359 0.216339 0.197153
4075000 0.202207 0.216795 0.208105 0.0 0.0 0.0 0.198973 0.215096 0.211604 0.205257 0.218396 0.204806
4075000 0.199576 0.205378 0.219862 0.0 0.0 0.0 0.202908 0.206213 0.216987 0.195646 0.204391 0.223254
4075000 0.189791 0.217458 0.192988 0.0 0.0 0.0 0.189829 0.216792 0.188378 0.189754 0.218119 0.197569
4075000 0.195134 0.218448 0.218261 0.0 0.0 0.0 0.199835 0.219023 0.220258 0.189255 0.217729 0.215762
4075000 0.206024 0.201669 0.185704 0.0 0.0 0.0 0.20533 0.203883 0.18839 0.20746 0.197086 0.18015
4075000 0.201807 0.198691 0.202253 0.0 0.0 0.0 0.20185 0.202779 0.205648 0.20177 0.195205 0.19936
4075000 0.21636 0.199883 0.196836 0.0 0.0 0.0 0.218095 0.202634 0.200092 0.215194 0.198031 0.194647
4075000 0.211933 0.197348 0.199639 0.0 0.0 0.0 0.2088 0.201077 0.197978 0.215495 0.193105 0.201528
4075000 0.209237 0.200066 0.205992 0.0 0.0 0.0 0.210242 0.203439 0.205315 0.207861 0.195447 0.206917
4075000 0.208437 0.196469 0.215027 0.0 0.0 0.0 0.206501 0.200218 0.213441 0.210776 0.191935 0.216943
4075000 0.207287 0.209764 0.184768 0.0 0.0 0.0 0.208016 0.20681 0.183048 0.205936 0.215244 0.187959
4075000 0.211358 0.212745 0.184713 0.0 0.0 0.0 0.205936 0.215244 0.187959 0.215352 0.210903 0.182324
4075000 0.207359 0.213335 0.182156 0.0 0.0 0.0 0.205936 0.215244 0.187959 0.208145 0.212279 0.178947
4075000 0.213559 0.213739 0.193307 0.0 0.0 0.0 0.215507 0.21365 0.190157 0.211271 0.213841 0.197006
4075000 0.212161 0.204894 0.196429 0.0 0.0 0.0 0.2088 0.201077 0.197978 0.214307 0.20733 0.19544
4075000 0.209617 0.210313 0.194877 0.0 0.0 0.0 0.208343 0.207594 0.193237 0.211271 0.213841 0.197006
4075000 0.206823 0.205723 0.190792 0.0 0.0 0.0 0.208343 0.207594 0.193237 0.20533 0.203883 0.18839
4075000 0.211185 0.202097 0.193379 0.0 0.0 0.0 0.2088 0.201077 0.197978 0.213824 0.203223 0.188293
4075000 0.213057 0.207441 0.198236 0.0 0.0 0.0 0.214307 0.20733 0.19544 0.211805 0.207551 0.201035
4075000 0.211586 0.210138 0.199378 0.0 0.0 0.0 0.211271 0.213841 0.197006 0.211805 0.207551 0.201035
4075000 0.205525 0.20188 0.201593 0.0 0.0 0.0 0.2088 0.201077 0.197978 0.20185 0.202779 0.205648
4075000 0.214311 0.217237 0.191715 0.0 0.0 0.0 0.215507 0.21365 0.190157 0.21303 0.221078 0.193384
4075000 0.206903 0.215262 0.197089 0.0 0.0 0.0 0.20359 0.216339 0.197153 0.211271 0.213841 0.197006
4075000 0.213515 0.201868 0.199051 0.0 0.0 0.0 0.218095 0.202634 0.200092 0.2088 0.201077 0.197978
4075000 0.214464 0.212971 0.200083 0.0 0.0 0.0 0.218456 0.211882 0.20393 0.211271 0.213841 0.197006
4075000 0.215423 0.215401 0.196492 0.0 0.0 0.0 0.219181 0.216811 0.196028 0.211271 0.213841 0.197006
4075000 0.208861 0.208789 0.201136 0.0 0.0 0.0 0.211805 0.207551 0.201035 0.204934 0.210437 0.201272
4075000 0.207224 0.204382 0.212137 0.0 0.0 0.0 0.208247 0.210269 0.210292 0.206501 0.200218 0.213441
4075000 0.20452 0.20131 0.210122 0.0 0.0 0.0 0.206501 0.200218 0.213441 0.20185 0.202779 0.205648
4075000 0.20826 0.201429 0.216763 0.0 0.0 0.0 0.210734 0.203129 0.221435 0.206501 0.200218 0.213441
4075000 0.2074 0.215542 0.212477 0.0 0.0 0.0 0.208247 0.210269 0.210292 0.206722 0.219758 0.214225
4075000 0.205084 0.214124 0.202909 0.0 0.0 0.0 0.205257 0.218396 0.204806 0.204934 0.210437 0.201272
4075000 0.214302 0.2056 0.20066 0.0 0.0 0.0 0.218095 0.202634 0.200092 0.211805 0.207551 0.201035
4075000 0.213425 0.211088 0.207066 0.0 0.0 0.0 0.208247 0.210269 0.210292 0.218456 0.211882 0.20393
4075000 0.206139 0.204941 0.218823 0.0 0.0 0.0 0.202908 0.206213 0.216987 0.210734 0.203129 0.221435
4075000 0.204278 0.217189 0.200312 0.0 0.0 0.0 0.205257 0.218396 0.204806 0.20359 0.216339 0.197153
4075000 0.21752 0.201413 0.204756 0.0 0.0 0.0 0.218095 0.202634 0.200092 0.216707 0.199687 0.21134
