# ts x y z Fx Fy Fz x1 y1 z1 x2 y2 z2
718750 0.182073 0.180642 0.198379 -54.7734 35.7996 4.66156 0.186012 0.177297 0.197493 0.177491 0.184533 0.19941
718750 0.182186 0.200683 0.197475 22.8566 30.1172 -2.1278 0.180485 0.197918 0.198072 0.184768 0.204879 0.196569
718750 0.183224 0.193264 0.193791 -4.28962 -0.424437 -2.36564 0.187068 0.194357 0.19587 0.17912 0.192099 0.191572
718750 0.185721 0.19905 0.187836 18.9403 4.944 14.3106 0.182381 0.198023 0.18603 0.189288 0.200146 0.189763
718750 0.18327 0.196412 0.197141 -28.7912 14.8073 4.19183 0.187068 0.194357 0.19587 0.180485 0.197918 0.198072
718750 0.186444 0.203025 0.188638 -8.49914 11.8244 -4.90855 0.189288 0.200146 0.189763 0.183626 0.205877 0.187522
718750 0.183469 0.195217 0.208173 23.0675 10.9954 15.8699 0.180343 0.193288 0.205155 0.186116 0.196851 0.21073
718750 0.191008 0.178759 0.183211 4.60169 21.4101 -8.58112 0.190706 0.174464 0.185375 0.191266 0.182423 0.181365
718750 0.194385 0.185098 0.181367 24.5957 15.1273 0.513101 0.191266 0.182423 0.181365 0.196917 0.187272 0.181369
718750 0.197249 0.181922 0.1858 8.45631 -17.132 -18.5511 0.195564 0.184704 0.188153 0.199361 0.178438 0.182852
718750 0.198083 0.189794 0.183218 -3.76875 -14.8983 -11.3057 0.199467 0.192791 0.185415 0.196917 0.187272 0.181369
718750 0.199864 0.186672 0.182825 -0.409673 0.0262399 -0.151835 0.202964 0.186041 0.184357 0.196917 0.187272 0.181369
718750 0.201482 0.182914 0.183738 0.336135 0.487869 0.114242 0.199361 0.178438 0.182852 0.202964 0.186041 0.184357
718750 0.200104 0.179262 0.187758 4.64754 1.6226 15.1585 0.199361 0.178438 0.182852 0.200612 0.179825 0.191107
718750 0.193997 0.181656 0.190244 -6.94314 -9.2376 6.14803 0.195564 0.184704 0.188153 0.192636 0.179008 0.192062
718750 0.185812 0.182528 0.191017 -5.2492 33.9274 27.5684 0.185703 0.179821 0.189017 0.18595 0.185966 0.193557
718750 0.192853 0.187497 0.187175 -22.7363 17.5408 -9.6855 0.195564 0.184704 0.188153 0.189157 0.191306 0.185843
718750 0.186495 0.190054 0.194684 -19.5067 -67.569 -24.7261 0.187068 0.194357 0.19587 0.18595 0.185966 0.193557
718750 0.1979 0.185857 0.191208 8.2868 1.80687 10.6763 0.195564 0.184704 0.188153 0.200805 0.187291 0.195007
718750 0.186724 0.178525 0.2087 9.54247 -11.4184 -15.4385 0.185348 0.180718 0.212217 0.187798 0.176811 0.205952
718750 0.190172 0.179238 0.206296 -20.1862 -14.9566 -2.22309 0.193531 0.182673 0.206783 0.187798 0.176811 0.205952
718750 0.196709 0.186172 0.20579 -14.512 -11.529 3.91775 0.199515 0.189261 0.204913 0.193531 0.182673 0.206783
718750 0.188238 0.183256 0.214287 18.2417 10.9939 10.9944 0.185348 0.180718 0.212217 0.191761 0.186351 0.21681
718750 0.196912 0.179739 0.216709 0.81385 0.568851 2.48878 0.195438 0.179149 0.213838 0.199105 0.180616 0.220981
718750 0.19791 0.1932 0.205203 -11.8524 20.1287 3.13984 0.199515 0.189261 0.204913 0.196631 0.19634 0.205435
718750 0.19715 0.17955 0.207486 -4.40015 3.94958 0.0672581 0.200991 0.176235 0.208233 0.193531 0.182673 0.206783
718750 0.20336 0.189225 0.203071 15.032 1.67299 -9.59707 0.199515 0.189261 0.204913 0.207033 0.18919 0.201313
718750 0.200559 0.192391 0.202212 0.0 0.0 0.0 0.199515 0.189261 0.204913 0.201668 0.195722 0.199346
718750 0.200029 0.191666 0.208399 -0.206557 -2.01747 -2.1442 0.200605 0.194365 0.212312 0.199515 0.189261 0.204913
718750 0.196016 0.189066 0.218511 6.78396 2.87643 2.40474 0.191761 0.186351 0.21681 0.198831 0.190861 0.219637
718750 0.196543 0.1856 0.214587 -6.44021 1.30161 1.87013 0.200718 0.184945 0.212646 0.191761 0.186351 0.21681
718750 0.189231 0.196307 0.188061 -3.83203 29.9516 16.9955 0.189157 0.191306 0.185843 0.189288 0.200146 0.189763
718750 0.197663 0.193776 0.188807 -4.14173 1.1411 9.42361 0.199467 0.192791 0.185415 0.195609 0.194898 0.192669
718750 0.188217 0.197352 0.192711 2.86861 19.6199 -21.0092 0.187068 0.194357 0.19587 0.189288 0.200146 0.189763
718750 0.189927 0.197341 0.197653 39.1851 38.9001 14.1225 0.187068 0.194357 0.19587 0.192919 0.200465 0.199519
718750 0.192335 0.197617 0.191164 -21.8592 14.6667 -5.75078 0.195609 0.194898 0.192669 0.189288 0.200146 0.189763
718750 0.198077 0.191286 0.193779 -30.8241 32.4186 -12.9031 0.200805 0.187291 0.195007 0.195609 0.194898 0.192669
718750 0.2024 0.19461 0.183458 5.50527 2.29983 -4.07034 0.199467 0.192791 0.185415 0.207417 0.197721 0.180113
718750 0.202976 0.191966 0.187072 6.9665 -1.67462 2.00143 0.199467 0.192791 0.185415 0.206671 0.191097 0.188817
718750 0.189061 0.199412 0.209744 47.6874 31.5111 -8.93918 0.186116 0.196851 0.21073 0.192416 0.202328 0.208622
718750 0.196814 0.199293 0.218548 10.3123 32.0916 -35.289 0.196474 0.197249 0.221366 0.19718 0.201484 0.215528
718750 0.198685 0.198356 0.214115 -24.7829 63.1985 39.8195 0.200605 0.194365 0.212312 0.19718 0.201484 0.215528
718750 0.199583 0.192347 0.216531 -0.414698 -1.4638 4.11588 0.200605 0.194365 0.212312 0.198831 0.190861 0.219637
718750 0.213984 0.180639 0.1991 1.08532 -2.9447 -1.98216 0.213174 0.18409 0.200796 0.215374 0.174719 0.19619
718750 0.219018 0.180382 0.196399 -33.5342 -41.3138 4.4483 0.222485 0.185768 0.196598 0.215374 0.174719 0.19619
718750 0.204657 0.188351 0.186394 0.299217 0.280972 0.331149 0.202964 0.186041 0.184357 0.206671 0.191097 0.188817
718750 0.209237 0.179885 0.188166 -16.9746 24.2288 26.4902 0.211163 0.176356 0.185428 0.207571 0.182938 0.190536
718750 0.20069 0.182868 0.192696 -1.10235 -14.4547 -10.6589 0.200805 0.187291 0.195007 0.200612 0.179825 0.191107
718750 0.210092 0.18577 0.192368 11.4205 10.448 5.17732 0.207571 0.182938 0.190536 0.212541 0.18852 0.194147
718750 0.204475 0.18493 0.192582 -10.6631 9.96943 7.83414 0.207571 0.182938 0.190536 0.200805 0.187291 0.195007
718750 0.212864 0.18626 0.197539 0.656701 12.5553 -24.9267 0.213174 0.18409 0.200796 0.212541 0.18852 0.194147
718750 0.202005 0.184567 0.199014 5.41307 -9.45248 10.963 0.200805 0.187291 0.195007 0.202928 0.182473 0.202095
718750 0.204235 0.188337 0.19848 15.1618 4.70097 11.114 0.200805 0.187291 0.195007 0.207033 0.18919 0.201313
718750 0.207119 0.187034 0.189673 0.248441 21.7996 -7.06873 0.207571 0.182938 0.190536 0.206671 0.191097 0.188817
718750 0.211175 0.192363 0.193855 4.23035 -8.04343 0.0181804 0.210148 0.195252 0.193635 0.212541 0.18852 0.194147
718750 0.213745 0.190762 0.19735 0.307813 1.21424 1.79715 0.212541 0.18852 0.194147 0.21533 0.193713 0.201566
718750 0.214176 0.190999 0.191338 -7.21943 -14.6337 20.2279 0.21612 0.193946 0.187998 0.212541 0.18852 0.194147
718750 0.202099 0.179803 0.204722 7.02006 12.3956 -12.8724 0.200991 0.176235 0.208233 0.202928 0.182473 0.202095
718750 0.20583 0.18223 0.204595 -2.56023 -0.168777 -2.78639 0.208922 0.181972 0.207259 0.202928 0.182473 0.202095
718750 0.210159 0.186594 0.20105 -12.1279 10.6223 -1.48472 0.213174 0.18409 0.200796 0.207033 0.18919 0.201313
718750 0.211091 0.183052 0.203963 -0.125605 -0.109436 0.209842 0.213174 0.18409 0.200796 0.208922 0.181972 0.207259
718750 0.214522 0.181389 0.203306 16.5128 -25.965 19.238 0.213174 0.18409 0.200796 0.215743 0.17894 0.20558
718750 0.206695 0.188969 0.205366 1.30188 0.454228 -5.32888 0.206421 0.188789 0.208653 0.207033 0.18919 0.201313
718750 0.200848 0.180803 0.210547 -2.87556 -62.3168 -43.8694 0.200718 0.184945 0.212646 0.200991 0.176235 0.208233
718750 0.208048 0.187242 0.211075 4.06195 -2.40156 5.67901 0.206421 0.188789 0.208653 0.209529 0.185833 0.21328
718750 0.204053 0.187192 0.210311 -3.74287 -2.7015 3.75172 0.206421 0.188789 0.208653 0.200718 0.184945 0.212646
718750 0.209051 0.179997 0.210839 0.312994 1.28336 -2.94042 0.209262 0.176776 0.216676 0.208922 0.181972 0.207259
718750 0.209446 0.183018 0.214336 -1.79104 -8.90807 3.59065 0.209529 0.185833 0.21328 0.209262 0.176776 0.216676
718750 0.210606 0.191138 0.201422 -25.3495 -9.17938 0.531664 0.21533 0.193713 0.201566 0.207033 0.18919 0.201313
718750 0.20699 0.191961 0.20793 3.06717 9.80799 -1.25295 0.206421 0.188789 0.208653 0.207723 0.196049 0.206999
718750 0.209996 0.188418 0.214745 0.000970845 4.96718 2.62783 0.209529 0.185833 0.21328 0.210737 0.192511 0.217064
718750 0.216669 0.179333 0.208994 2.23526 2.15296 21.0856 0.215743 0.17894 0.20558 0.217504 0.179688 0.212071
718750 0.212299 0.185719 0.214447 0.649765 0.0715278 0.33977 0.209529 0.185833 0.21328 0.216006 0.185566 0.216009
718750 0.205145 0.194734 0.190193 6.82661 -11.1554 -5.64126 0.203721 0.198131 0.191478 0.206671 0.191097 0.188817
718750 0.208674 0.193491 0.191593 -4.16915 -6.59146 -8.97458 0.210148 0.195252 0.193635 0.206671 0.191097 0.188817
718750 0.204604 0.201525 0.189764 0.000335234 0.000728079 -0.000394324 0.203721 0.198131 0.191478 0.205347 0.204378 0.188324
718750 0.21265 0.196956 0.194164 5.91971 4.0283 0.100794 0.210148 0.195252 0.193635 0.215167 0.198671 0.194695
718750 0.209567 0.197755 0.195321 -0.409766 9.87155 6.17282 0.210148 0.195252 0.193635 0.208671 0.201612 0.197917
718750 0.218058 0.1976 0.19489 -30.4753 16.1909 -5.21984 0.221908 0.196174 0.19515 0.215167 0.198671 0.194695
718750 0.21503 0.19868 0.188121 -10.5629 28.1477 3.39592 0.21612 0.193946 0.187998 0.213857 0.203781 0.188253
718750 0.204373 0.195257 0.2095 34.7521 6.99298 -18.1038 0.200605 0.194365 0.212312 0.207723 0.196049 0.206999
718750 0.210542 0.193195 0.208419 -6.2939 8.98705 -3.88617 0.212656 0.191055 0.209484 0.207723 0.196049 0.206999
718750 0.211082 0.195018 0.2046 -30.4634 12.5028 30.1019 0.21533 0.193713 0.201566 0.207723 0.196049 0.206999
718750 0.211886 0.191639 0.212525 -1.55502 1.26139 3.98289 0.212656 0.191055 0.209484 0.210737 0.192511 0.217064
718750 0.215152 0.189199 0.208773 -9.89085 5.28467 3.36379 0.218922 0.186394 0.2077 0.212656 0.191055 0.209484
718750 0.217225 0.189852 0.204802 -6.96838 14.9553 -17.0865 0.218922 0.186394 0.2077 0.21533 0.193713 0.201566
718750 0.207052 0.195072 0.218647 33.2302 -21.293 -21.2492 0.203907 0.197258 0.219997 0.210737 0.192511 0.217064
718750 0.182463 0.185375 0.195969 -3.55154 -0.670568 3.41236 0.18595 0.185966 0.193557 0.177491 0.184533 0.19941
718750 0.211391 0.180987 0.183947 -0.543565 8.69746 -3.98358 0.211163 0.176356 0.185428 0.211645 0.186129 0.182303
718750 0.206384 0.186076 0.183548 -0.117787 0.0102659 0.0125463 0.211645 0.186129 0.182303 0.202964 0.186041 0.184357
718750 0.201311 0.185688 0.203429 1.90992 -3.61929 -2.30432 0.199515 0.189261 0.204913 0.202928 0.182473 0.202095
718750 0.203738 0.181223 0.190851 -12.9803 -5.18164 -1.10064 0.207571 0.182938 0.190536 0.200612 0.179825 0.191107
718750 0.211051 0.201141 0.184707 12.5995 16.6082 23.832 0.207417 0.197721 0.180113 0.213857 0.203781 0.188253
718750 0.194907 0.180631 0.182034 -3.73665 1.99444 -0.0342754 0.199361 0.178438 0.182852 0.191266 0.182423 0.181365
718750 0.190288 0.1853 0.204348 -0.014707 0.00886193 -0.0127025 0.193531 0.182673 0.206783 0.187256 0.187755 0.202072
718750 0.183104 0.186385 0.20094 0.0245133 0.0038253 0.0064592 0.177491 0.184533 0.19941 0.187256 0.187755 0.202072
718750 0.205121 0.199175 0.216624 0.185085 0.186889 -0.508705 0.203907 0.197258 0.219997 0.206298 0.201034 0.213353
718750 0.203694 0.185603 0.216156 9.19638 4.23009 10.2385 0.200718 0.184945 0.212646 0.205904 0.186091 0.218762
718750 0.202391 0.19593 0.216469 2.95684 2.69637 10.616 0.200605 0.194365 0.212312 0.203907 0.197258 0.219997
718750 0.194517 0.194112 0.206892 10.2748 7.90706 -5.09564 0.191902 0.191354 0.208696 0.196631 0.19634 0.205435
718750 0.207539 0.185743 0.20803 1.16621 -2.15169 -0.298756 0.206421 0.188789 0.208653 0.208922 0.181972 0.207259
718750 0.19266 0.187313 0.207805 2.96054 -8.89249 -1.20684 0.191902 0.191354 0.208696 0.193531 0.182673 0.206783
718750 0.188946 0.194162 0.209735 -4.5114 5.68001 1.23769 0.191902 0.191354 0.208696 0.186116 0.196851 0.21073
718750 0.20884 0.188931 0.185977 -1.92502 2.18729 3.67078 0.211645 0.186129 0.182303 0.206671 0.191097 0.188817
718750 0.19184 0.189146 0.212277 1.15909 -4.07339 7.0899 0.191902 0.191354 0.208696 0.191761 0.186351 0.21681
718750 0.199931 0.182833 0.216712 4.35157 5.34687 -12.2614 0.199105 0.180616 0.220981 0.200718 0.184945 0.212646
718750 0.218596 0.190087 0.199298 -35.2774 28.0067 23.973 0.222485 0.185768 0.196598 0.21533 0.193713 0.201566
718750 0.199145 0.182855 0.196581 -9.55089 -16.6014 7.1203 0.200805 0.187291 0.195007 0.198071 0.179983 0.1976
718750 0.200291 0.181121 0.199654 -1.54169 -0.514803 -1.08075 0.202928 0.182473 0.202095 0.198071 0.179983 0.1976
718750 0.217094 0.182107 0.206481 -11.1001 -34.1334 -14.774 0.218922 0.186394 0.2077 0.215743 0.17894 0.20558
718750 0.213189 0.195822 0.214678 15.8398 14.7716 -12.3633 0.210737 0.192511 0.217064 0.216531 0.200336 0.211424
718750 0.182766 0.190753 0.208372 0.00721894 -0.00518481 0.00977207 0.180343 0.193288 0.205155 0.184691 0.188739 0.210927
718750 0.184996 0.185019 0.211526 -0.000562851 0.0208047 -0.000206581 0.185348 0.180718 0.212217 0.184691 0.188739 0.210927
718750 0.189921 0.180707 0.198284 0.0222092 0.0175216 1.69374e-05 0.186012 0.177297 0.197493 0.192351 0.182827 0.198776
718750 0.192827 0.182765 0.202003 0.00211858 -0.000338422 0.00678806 0.192351 0.182827 0.198776 0.193531 0.182673 0.206783
718750 0.193257 0.189981 0.197849 0.000789928 0.00155451 0.00298576 0.192761 0.188187 0.195362 0.1938 0.191944 0.200568
718750 0.195845 0.187844 0.195226 0.00958518 -0.0003051 0.000901397 0.192761 0.188187 0.195362 0.200805 0.187291 0.195007
718750 0.19243 0.191575 0.216 0.00218231 0.00751033 -0.00153646 0.191761 0.186351 0.21681 0.192878 0.195075 0.215458
718750 0.196333 0.190755 0.202494 0.0 -0.0 -0.0 0.199515 0.189261 0.204913 0.1938 0.191944 0.200568
718750 0.189715 0.193601 0.205888 -0.00196312 0.00149736 -0.00281376 0.191902 0.191354 0.208696 0.188003 0.195361 0.20369
718750 0.216342 0.179349 0.191385 0.00251979 0.00664563 -0.00922714 0.215374 0.174719 0.19619 0.216883 0.181936 0.188701
718750 0.200663 0.189586 0.212481 -2.44121 -79.0453 15.0698 0.200605 0.194365 0.212312 0.200718 0.184945 0.212646
718750 0.207049 0.182914 0.21805 4.00904 -17.7376 -5.86492 0.205904 0.186091 0.218762 0.209262 0.176776 0.216676
718750 0.188103 0.189976 0.209871 -0.0015652 -0.00036143 0.000666686 0.191902 0.191354 0.208696 0.184691 0.188739 0.210927
718750 0.195224 0.181399 0.198185 0.0 0.0 0.0 0.192351 0.182827 0.198776 0.198071 0.179983 0.1976
718750 0.210153 0.178893 0.19708 0.00313496 -0.00320135 -0.00108147 0.207782 0.180788 0.197483 0.215374 0.174719 0.19619
718750 0.195593 0.183358 0.218987 -4.81375 3.76426 -3.99968 0.199105 0.180616 0.220981 0.191761 0.186351 0.21681
718750 0.214388 0.179502 0.187273 0.00470322 0.00327408 0.00268058 0.211163 0.176356 0.185428 0.216883 0.181936 0.188701
718750 0.201257 0.191713 0.197282 -0.826125 11.936 5.54688 0.200805 0.187291 0.195007 0.201668 0.195722 0.199346
718750 0.198281 0.19552 0.208291 -14.8817 4.01855 -18.9815 0.200605 0.194365 0.212312 0.196631 0.19634 0.205435
718750 0.207935 0.188789 0.218048 7.04477 10.9763 -4.75555 0.205904 0.186091 0.218762 0.210737 0.192511 0.217064
718750 0.186585 0.186837 0.197701 0.0 -0.0 -0.0 0.18595 0.185966 0.193557 0.187256 0.187755 0.202072
718750 0.190991 0.190146 0.201214 0.00369562 0.00168735 -0.00112763 0.187256 0.187755 0.202072 0.1938 0.191944 0.200568
718750 0.187688 0.192153 0.203008 -0.000254987 0.00518065 0.000751566 0.187256 0.187755 0.202072 0.188003 0.195361 0.20369
718750 0.192561 0.185573 0.197027 -0.000344366 -0.00279385 0.00246958 0.192761 0.188187 0.195362 0.192351 0.182827 0.198776
718750 0.194667 0.180574 0.210985 -0.680291 0.646657 -1.91911 0.195438 0.179149 0.213838 0.193531 0.182673 0.206783
718750 0.185978 0.182071 0.195325 5.87809 -35.3314 19.5092 0.18595 0.185966 0.193557 0.186012 0.177297 0.197493
718750 0.202168 0.201395 0.192947 -5.56504 10.9264 7.39763 0.203721 0.198131 0.191478 0.200051 0.205844 0.194949
718750 0.215226 0.196863 0.197202 1.52143 8.3327 -9.79228 0.21533 0.193713 0.201566 0.215167 0.198671 0.194695
718750 0.204919 0.185732 0.201715 -2.4104 -4.76741 1.28704 0.207033 0.18919 0.201313 0.202928 0.182473 0.202095
718750 0.198791 0.196075 0.202823 -6.60704 -0.751141 7.37937 0.201668 0.195722 0.199346 0.196631 0.19634 0.205435
718750 0.212568 0.180351 0.206362 2.02321 -0.751142 -0.83243 0.208922 0.181972 0.207259 0.215743 0.17894 0.20558
718750 0.206955 0.193622 0.1855 0.769682 -5.16823 7.4183 0.207417 0.197721 0.180113 0.206671 0.191097 0.188817
718750 0.189897 0.187253 0.194603 -0.0 0.0 0.0 0.192761 0.188187 0.195362 0.18595 0.185966 0.193557
718750 0.19243 0.193367 0.212354 0.000201183 0.000343477 0.000599132 0.191902 0.191354 0.208696 0.192878 0.195075 0.215458
718750 0.197622 0.181546 0.213345 3.5312 3.11282 -0.166993 0.195438 0.179149 0.213838 0.200718 0.184945 0.212646
718750 0.207693 0.181693 0.19456 0.00024854 -0.000323358 0.00166136 0.207571 0.182938 0.190536 0.207782 0.180788 0.197483
718750 0.182339 0.18458 0.191242 0.0 0.0 0.0 0.18595 0.185966 0.193557 0.178443 0.183133 0.188743
718750 0.182837 0.178587 0.208325 0.0 0.0 0.0 0.180647 0.176774 0.204933 0.185348 0.180718 0.212217
718750 0.180428 0.195998 0.200975 0.0 0.0 0.0 0.180343 0.193288 0.205155 0.180485 0.197918 0.198072
718750 0.181732 0.201937 0.193835 0.0 0.0 0.0 0.17989 0.200188 0.192178 0.184768 0.204879 0.196569
718750 0.182734 0.188832 0.192623 0.0 0.0 0.0 0.18595 0.185966 0.193557 0.17912 0.192099 0.191572
718750 0.183814 0.191706 0.188893 0.0 0.0 0.0 0.189157 0.191306 0.185843 0.17912 0.192099 0.191572
718750 0.18586 0.188268 0.206893 0.0 0.0 0.0 0.187256 0.187755 0.202072 0.184691 0.188739 0.210927
718750 0.185381 0.192642 0.210831 0.0 0.0 0.0 0.186116 0.196851 0.21073 0.184691 0.188739 0.210927
718750 0.18389 0.190427 0.203574 0.0 0.0 0.0 0.180343 0.193288 0.205155 0.187256 0.187755 0.202072
718750 0.18487 0.194491 0.20429 0.0 0.0 0.0 0.180343 0.193288 0.205155 0.188003 0.195361 0.20369
718750 0.187625 0.187724 0.213369 0.0 0.0 0.0 0.191761 0.186351 0.21681 0.184691 0.188739 0.210927
718750 0.18598 0.199315 0.196201 0.0 0.0 0.0 0.187068 0.194357 0.19587 0.184768 0.204879 0.196569
718750 0.187227 0.202282 0.192867 0.0 0.0 0.0 0.189288 0.200146 0.189763 0.184768 0.204879 0.196569
718750 0.19344 0.183554 0.1848 0.0 0.0 0.0 0.195564 0.184704 0.188153 0.191266 0.182423 0.181365
718750 0.197892 0.183725 0.181962 0.0 0.0 0.0 0.199361 0.178438 0.182852 0.196917 0.187272 0.181369
718750 0.190362 0.186211 0.183287 0.0 0.0 0.0 0.189157 0.191306 0.185843 0.191266 0.182423 0.181365
718750 0.185824 0.17881 0.192334 0.0 0.0 0.0 0.185703 0.179821 0.189017 0.186012 0.177297 0.197493
718750 0.18911 0.179398 0.190514 0.0 0.0 0.0 0.185703 0.179821 0.189017 0.192636 0.179008 0.192062
718750 0.195458 0.179491 0.194937 0.0 0.0 0.0 0.192636 0.179008 0.192062 0.198071 0.179983 0.1976
718750 0.192489 0.180959 0.195533 0.0 0.0 0.0 0.192636 0.179008 0.192062 0.192351 0.182827 0.198776
718750 0.196303 0.186083 0.18445 0.0 0.0 0.0 0.195564 0.184704 0.188153 0.196917 0.187272 0.181369
718750 0.193983 0.186647 0.192221 0.0 0.0 0.0 0.192761 0.188187 0.195362 0.195564 0.184704 0.188153
718750 0.197527 0.18875 0.186776 0.0 0.0 0.0 0.195564 0.184704 0.188153 0.199467 0.192791 0.185415
718750 0.189584 0.184162 0.19652 0.0 0.0 0.0 0.18595 0.185966 0.193557 0.192351 0.182827 0.198776
718750 0.190215 0.184872 0.200159 0.0 0.0 0.0 0.192351 0.182827 0.198776 0.187256 0.187755 0.202072
718750 0.196656 0.179397 0.191582 0.0 0.0 0.0 0.192636 0.179008 0.192062 0.200612 0.179825 0.191107
718750 0.199303 0.179884 0.194453 0.0 0.0 0.0 0.200612 0.179825 0.191107 0.198071 0.179983 0.1976
718750 0.198284 0.182051 0.189746 0.0 0.0 0.0 0.195564 0.184704 0.188153 0.200612 0.179825 0.191107
718750 0.19951 0.185394 0.18613 0.0 0.0 0.0 0.195564 0.184704 0.188153 0.202964 0.186041 0.184357
718750 0.189235 0.181623 0.209637 0.0 0.0 0.0 0.185348 0.180718 0.212217 0.193531 0.182673 0.206783
718750 0.194036 0.181871 0.214971 0.0 0.0 0.0 0.195438 0.179149 0.213838 0.191761 0.186351 0.21681
718750 0.192689 0.184399 0.211552 0.0 0.0 0.0 0.191761 0.186351 0.21681 0.193531 0.182673 0.206783
718750 0.197193 0.183808 0.209771 0.0 0.0 0.0 0.200718 0.184945 0.212646 0.193531 0.182673 0.206783
718750 0.203397 0.17897 0.219162 0.0 0.0 0.0 0.199105 0.180616 0.220981 0.209262 0.176776 0.216676
718750 0.203087 0.1838 0.219681 0.0 0.0 0.0 0.199105 0.180616 0.220981 0.205904 0.186091 0.218762
718750 0.193977 0.188778 0.183065 0.0 0.0 0.0 0.189157 0.191306 0.185843 0.196917 0.187272 0.181369
718750 0.198134 0.193076 0.181482 0.0 0.0 0.0 0.199467 0.192791 0.185415 0.196932 0.193374 0.17793
718750 0.197743 0.200608 0.181368 0.0 0.0 0.0 0.197874 0.200142 0.178136 0.197549 0.201355 0.186179
718750 0.190438 0.190684 0.195572 0.0 0.0 0.0 0.192761 0.188187 0.195362 0.187068 0.194357 0.19587
718750 0.193921 0.190901 0.194268 0.0 0.0 0.0 0.192761 0.188187 0.195362 0.195609 0.194898 0.192669
718750 0.187358 0.188287 0.190173 0.0 0.0 0.0 0.18595 0.185966 0.193557 0.189157 0.191306 0.185843
718750 0.195135 0.192145 0.185595 0.0 0.0 0.0 0.199467 0.192791 0.185415 0.189157 0.191306 0.185843
718750 0.188011 0.192957 0.191344 0.0 0.0 0.0 0.187068 0.194357 0.19587 0.189157 0.191306 0.185843
718750 0.192692 0.193252 0.189584 0.0 0.0 0.0 0.189157 0.191306 0.185843 0.195609 0.194898 0.192669
718750 0.191333 0.194605 0.194272 0.0 0.0 0.0 0.187068 0.194357 0.19587 0.195609 0.194898 0.192669
718750 0.190518 0.187991 0.198099 0.0 0.0 0.0 0.192761 0.188187 0.195362 0.187256 0.187755 0.202072
718750 0.187162 0.191038 0.198969 0.0 0.0 0.0 0.187068 0.194357 0.19587 0.187256 0.187755 0.202072
718750 0.190906 0.192961 0.198551 0.0 0.0 0.0 0.187068 0.194357 0.19587 0.1938 0.191944 0.200568
718750 0.187609 0.194915 0.200388 0.0 0.0 0.0 0.187068 0.194357 0.19587 0.188003 0.195361 0.20369
718750 0.194575 0.193192 0.19718 0.0 0.0 0.0 0.195609 0.194898 0.192669 0.1938 0.191944 0.200568
718750 0.190207 0.202925 0.185918 0.0 0.0 0.0 0.189288 0.200146 0.189763 0.191003 0.205367 0.182594
718750 0.201055 0.190861 0.181535 0.0 0.0 0.0 0.199467 0.192791 0.185415 0.202315 0.18937 0.178457
718750 0.201321 0.18919 0.184855 0.0 0.0 0.0 0.199467 0.192791 0.185415 0.202964 0.186041 0.184357
718750 0.201611 0.195461 0.188471 0.0 0.0 0.0 0.203721 0.198131 0.191478 0.199467 0.192791 0.185415
718750 0.198634 0.195288 0.196003 0.0 0.0 0.0 0.195609 0.194898 0.192669 0.201668 0.195722 0.199346
718750 0.19996 0.196611 0.19203 0.0 0.0 0.0 0.203721 0.198131 0.191478 0.195609 0.194898 0.192669
718750 0.189661 0.189596 0.205502 0.0 0.0 0.0 0.191902 0.191354 0.208696 0.187256 0.187755 0.202072
718750 0.195682 0.190293 0.206818 0.0 0.0 0.0 0.191902 0.191354 0.208696 0.199515 0.189261 0.204913
718750 0.190857 0.193659 0.202155 0.0 0.0 0.0 0.188003 0.195361 0.20369 0.1938 0.191944 0.200568
718750 0.192951 0.191661 0.2042 0.0 0.0 0.0 0.191902 0.191354 0.208696 0.1938 0.191944 0.200568
718750 0.195213 0.194121 0.203002 0.0 0.0 0.0 0.196631 0.19634 0.205435 0.1938 0.191944 0.200568
718750 0.187155 0.196009 0.206858 0.0 0.0 0.0 0.186116 0.196851 0.21073 0.188003 0.195361 0.20369
718750 0.189701 0.195887 0.213237 0.0 0.0 0.0 0.186116 0.196851 0.21073 0.192878 0.195075 0.215458
718750 0.194693 0.19615 0.218441 0.0 0.0 0.0 0.196474 0.197249 0.221366 0.192878 0.195075 0.215458
718750 0.195873 0.192932 0.217561 0.0 0.0 0.0 0.192878 0.195075 0.215458 0.198831 0.190861 0.219637
718750 0.194973 0.198177 0.215492 0.0 0.0 0.0 0.192878 0.195075 0.215458 0.19718 0.201484 0.215528
718750 0.186175 0.199053 0.214296 0.0 0.0 0.0 0.186116 0.196851 0.21073 0.186258 0.202303 0.219469
718750 0.190368 0.197793 0.216979 0.0 0.0 0.0 0.192878 0.195075 0.215458 0.186258 0.202303 0.219469
718750 0.200108 0.188332 0.20035 0.0 0.0 0.0 0.200805 0.187291 0.195007 0.199515 0.189261 0.204913
718750 0.197171 0.193543 0.200046 0.0 0.0 0.0 0.201668 0.195722 0.199346 0.1938 0.191944 0.200568
718750 0.203407 0.188973 0.207021 0.0 0.0 0.0 0.206421 0.188789 0.208653 0.199515 0.189261 0.204913
718750 0.20009 0.187174 0.208613 0.0 0.0 0.0 0.200718 0.184945 0.212646 0.199515 0.189261 0.204913
718750 0.195973 0.19274 0.210388 0.0 0.0 0.0 0.191902 0.191354 0.208696 0.200605 0.194365 0.212312
718750 0.196177 0.19475 0.214115 0.0 0.0 0.0 0.200605 0.194365 0.212312 0.192878 0.195075 0.215458
718750 0.199644 0.188289 0.216623 0.0 0.0 0.0 0.200718 0.184945 0.212646 0.198831 0.190861 0.219637
718750 0.201188 0.19381 0.219804 0.0 0.0 0.0 0.203907 0.197258 0.219997 0.198831 0.190861 0.219637
718750 0.200409 0.199433 0.217674 0.0 0.0 0.0 0.203907 0.197258 0.219997 0.19718 0.201484 0.215528
718750 0.20338 0.178848 0.200812 0.0 0.0 0.0 0.203891 0.174842 0.199377 0.202928 0.182473 0.202095
718750 0.205627 0.181513 0.19953 0.0 0.0 0.0 0.207782 0.180788 0.197483 0.202928 0.182473 0.202095
718750 0.210142 0.182211 0.198934 0.0 0.0 0.0 0.207782 0.180788 0.197483 0.213174 0.18409 0.200796
718750 0.209354 0.184314 0.186931 0.0 0.0 0.0 0.207571 0.182938 0.190536 0.211645 0.186129 0.182303
718750 0.205058 0.184608 0.187169 0.0 0.0 0.0 0.207571 0.182938 0.190536 0.202964 0.186041 0.184357
718750 0.205403 0.179404 0.207692 0.0 0.0 0.0 0.200991 0.176235 0.208233 0.208922 0.181972 0.207259
718750 0.214082 0.188128 0.201122 0.0 0.0 0.0 0.213174 0.18409 0.200796 0.21533 0.193713 0.201566
718750 0.207975 0.185566 0.204281 0.0 0.0 0.0 0.208922 0.181972 0.207259 0.207033 0.18919 0.201313
718750 0.209271 0.184174 0.210729 0.0 0.0 0.0 0.209529 0.185833 0.21328 0.208922 0.181972 0.207259
718750 0.216711 0.184705 0.199202 0.0 0.0 0.0 0.222485 0.185768 0.196598 0.213174 0.18409 0.200796
718750 0.215754 0.185102 0.203896 0.0 0.0 0.0 0.218922 0.186394 0.2077 0.213174 0.18409 0.200796
718750 0.204228 0.181567 0.214301 0.0 0.0 0.0 0.200718 0.184945 0.212646 0.209262 0.176776 0.216676
718750 0.202621 0.187776 0.181245 0.0 0.0 0.0 0.202964 0.186041 0.184357 0.202315 0.18937 0.178457
718750 0.20507 0.19796 0.187329 0.0 0.0 0.0 0.203721 0.198131 0.191478 0.207417 0.197721 0.180113
718750 0.212486 0.1955 0.184708 0.0 0.0 0.0 0.21612 0.193946 0.187998 0.207417 0.197721 0.180113
718750 0.209636 0.189773 0.191511 0.0 0.0 0.0 0.212541 0.18852 0.194147 0.206671 0.191097 0.188817
718750 0.203998 0.189342 0.191637 0.0 0.0 0.0 0.200805 0.187291 0.195007 0.206671 0.191097 0.188817
718750 0.20277 0.196994 0.19512 0.0 0.0 0.0 0.203721 0.198131 0.191478 0.201668 0.195722 0.199346
718750 0.207316 0.196499 0.192685 0.0 0.0 0.0 0.210148 0.195252 0.193635 0.203721 0.198131 0.191478
718750 0.20978 0.188833 0.197738 0.0 0.0 0.0 0.212541 0.18852 0.194147 0.207033 0.18919 0.201313
718750 0.204491 0.192261 0.200382 0.0 0.0 0.0 0.201668 0.195722 0.199346 0.207033 0.18919 0.201313
718750 0.204788 0.195869 0.203291 0.0 0.0 0.0 0.201668 0.195722 0.199346 0.207723 0.196049 0.206999
718750 0.212031 0.194671 0.196518 0.0 0.0 0.0 0.210148 0.195252 0.193635 0.21533 0.193713 0.201566
718750 0.205956 0.199682 0.194387 0.0 0.0 0.0 0.203721 0.198131 0.191478 0.208671 0.201612 0.197917
718750 0.216413 0.187426 0.195103 0.0 0.0 0.0 0.222485 0.185768 0.196598 0.212541 0.18852 0.194147
718750 0.211037 0.192392 0.18844 0.0 0.0 0.0 0.21612 0.193946 0.187998 0.206671 0.191097 0.188817
718750 0.212461 0.194724 0.191452 0.0 0.0 0.0 0.210148 0.195252 0.193635 0.21612 0.193946 0.187998
718750 0.215537 0.196812 0.192092 0.0 0.0 0.0 0.21612 0.193946 0.187998 0.215167 0.198671 0.194695
718750 0.207369 0.192522 0.204094 0.0 0.0 0.0 0.207033 0.18919 0.201313 0.207723 0.196049 0.206999
718750 0.204047 0.191043 0.210147 0.0 0.0 0.0 0.206421 0.188789 0.208653 0.200605 0.194365 0.212312
718750 0.209592 0.189919 0.209075 0.0 0.0 0.0 0.206421 0.188789 0.208653 0.212656 0.191055 0.209484
718750 0.206068 0.185462 0.213031 0.0 0.0 0.0 0.209529 0.185833 0.21328 0.200718 0.184945 0.212646
718750 0.211045 0.188344 0.211438 0.0 0.0 0.0 0.209529 0.185833 0.21328 0.212656 0.191055 0.209484
718750 0.21365 0.192022 0.206538 0.0 0.0 0.0 0.212656 0.191055 0.209484 0.21533 0.193713 0.201566
718750 0.207841 0.18593 0.215832 0.0 0.0 0.0 0.209529 0.185833 0.21328 0.205904 0.186091 0.218762
718750 0.201152 0.198618 0.209096 0.0 0.0 0.0 0.200605 0.194365 0.212312 0.201761 0.203383 0.205528
718750 0.203727 0.198001 0.212883 0.0 0.0 0.0 0.200605 0.194365 0.212312 0.206298 0.201034 0.213353
718750 0.219057 0.195086 0.197931 0.0 0.0 0.0 0.221908 0.196174 0.19515 0.21533 0.193713 0.201566
718750 0.213932 0.194091 0.210123 0.0 0.0 0.0 0.212656 0.191055 0.209484 0.216531 0.200336 0.211424
718750 0.184144 0.205424 0.191626 -0.619821 5.90229 -24.8937 0.184768 0.204879 0.196569 0.183626 0.205877 0.187522
718750 0.188969 0.202605 0.198089 -14.6291 7.19685 -2.53358 0.192919 0.200465 0.199519 0.184768 0.204879 0.196569
718750 0.185648 0.209548 0.194972 -3.11501 -17.9282 9.53 0.186226 0.212611 0.193924 0.184768 0.204879 0.196569
718750 0.185661 0.207775 0.200562 -5.28264 -12.9015 -25.6474 0.18683 0.211572 0.205799 0.184768 0.204879 0.196569
718750 0.182984 0.212078 0.194083 -10.4339 -1.55274 2.20767 0.186226 0.212611 0.193924 0.17922 0.21146 0.194267
718750 0.181158 0.210867 0.202547 0.823177 -0.0487171 0.479167 0.178526 0.210539 0.201038 0.18683 0.211572 0.205799
718750 0.184811 0.217655 0.204344 11.1264 -21.2429 5.92033 0.183627 0.22122 0.203491 0.18683 0.211572 0.205799
718750 0.196545 0.198014 0.189537 -3.44764 -13.1378 9.49309 0.197549 0.201355 0.186179 0.195609 0.194898 0.192669
718750 0.194293 0.197622 0.19602 9.59942 -16.7198 -15.7963 0.192919 0.200465 0.199519 0.195609 0.194898 0.192669
718750 0.195076 0.198068 0.202956 8.65409 -15.2201 21.5802 0.192919 0.200465 0.199519 0.196631 0.19634 0.205435
718750 0.192664 0.201409 0.204132 0.239579 0.514153 7.48783 0.192919 0.200465 0.199519 0.192416 0.202328 0.208622
718750 0.190394 0.204192 0.189908 -28.5671 -63.8291 0.266456 0.191573 0.208507 0.190061 0.189288 0.200146 0.189763
718750 0.196271 0.202993 0.197372 8.35184 4.86753 -3.60552 0.192919 0.200465 0.199519 0.200051 0.205844 0.194949
718750 0.194396 0.204684 0.201001 22.0447 52.3105 28.6975 0.192919 0.200465 0.199519 0.195354 0.207419 0.201962
718750 0.199058 0.204698 0.183018 5.77003 11.6893 -15.3962 0.197549 0.201355 0.186179 0.200546 0.207994 0.179901
718750 0.192802 0.205566 0.211849 0.00856126 -22.1752 -16.8357 0.193191 0.208835 0.215107 0.192416 0.202328 0.208622
718750 0.194556 0.206361 0.208177 -8.71587 -19.4092 5.24953 0.196016 0.209113 0.207873 0.192416 0.202328 0.208622
718750 0.19012 0.206128 0.207461 13.0049 -18.0858 9.28958 0.18683 0.211572 0.205799 0.192416 0.202328 0.208622
718750 0.195395 0.204774 0.21534 52.8542 -75.4239 14.983 0.193191 0.208835 0.215107 0.19718 0.201484 0.215528
718750 0.196746 0.202817 0.207188 -20.3746 -4.04506 10.1977 0.201761 0.203383 0.205528 0.192416 0.202328 0.208622
718750 0.199725 0.204193 0.216041 -5.78943 -5.10221 -0.0695839 0.20237 0.207008 0.216573 0.19718 0.201484 0.215528
718750 0.194403 0.206956 0.219166 0.481454 -0.739808 2.45728 0.193191 0.208835 0.215107 0.195606 0.20509 0.223195
718750 0.188284 0.213811 0.185704 -2.53877 -13.4596 -11.7971 0.189629 0.217282 0.188484 0.187297 0.211261 0.183662
718750 0.19823 0.210741 0.193971 9.56776 -36.0916 2.1971 0.196822 0.214524 0.193216 0.200051 0.205844 0.194949
718750 0.18849 0.210873 0.192289 11.2724 -7.66044 -5.29225 0.186226 0.212611 0.193924 0.191573 0.208507 0.190061
718750 0.194312 0.211646 0.191707 16.54 20.3441 15.4265 0.191573 0.208507 0.190061 0.196822 0.214524 0.193216
718750 0.190619 0.212815 0.189287 -7.31939 22.0582 -1.20566 0.191573 0.208507 0.190061 0.189629 0.217282 0.188484
718750 0.187632 0.215149 0.19547 9.98136 15.7588 13.8981 0.186226 0.212611 0.193924 0.189606 0.218711 0.19764
718750 0.196917 0.21477 0.197316 -0.0234615 2.4656 11.2124 0.196822 0.214524 0.193216 0.197026 0.215055 0.202076
718750 0.193256 0.216913 0.199822 -11.2806 3.84376 -4.83283 0.197026 0.215055 0.202076 0.189606 0.218711 0.19764
718750 0.197314 0.218468 0.192187 10.579 49.5421 -20.7744 0.196822 0.214524 0.193216 0.197885 0.223046 0.190993
718750 0.195983 0.212124 0.213419 10.6078 10.652 -3.57552 0.193191 0.208835 0.215107 0.198971 0.215645 0.211613
718750 0.195681 0.208256 0.204882 -1.29588 -8.66967 -18.8111 0.196016 0.209113 0.207873 0.195354 0.207419 0.201962
718750 0.19716 0.211642 0.209321 -12.8512 -22.4419 -18.354 0.198971 0.215645 0.211613 0.196016 0.209113 0.207873
718750 0.196007 0.210401 0.202006 -9.88761 -54.9541 7.84261 0.197026 0.215055 0.202076 0.195354 0.207419 0.201962
718750 0.191415 0.213098 0.215405 -56.9956 98.2311 17.781 0.193191 0.208835 0.215107 0.189218 0.218369 0.215774
718750 0.188106 0.215204 0.211129 1.17758 10.5288 18.301 0.18683 0.211572 0.205799 0.189218 0.218369 0.215774
718750 0.194407 0.21846 0.204143 24.4481 -23.3191 -19.8603 0.191787 0.221867 0.206212 0.197026 0.215055 0.202076
718750 0.197693 0.205945 0.203264 7.24975 -4.14872 2.46045 0.195354 0.207419 0.201962 0.201761 0.203383 0.205528
718750 0.202957 0.218252 0.21299 13.1892 9.9487 2.27393 0.198971 0.215645 0.211613 0.206543 0.220597 0.214228
718750 0.201245 0.212889 0.201581 16.2032 -8.17289 0.988085 0.197026 0.215055 0.202076 0.204814 0.211057 0.201161
718750 0.201106 0.217068 0.203506 17.0382 6.34378 8.37167 0.197026 0.215055 0.202076 0.205104 0.219041 0.204907
718750 0.200844 0.20957 0.219085 -4.05738 5.33962 4.29665 0.20237 0.207008 0.216573 0.19951 0.21181 0.221281
718750 0.205091 0.198601 0.198647 -12.7376 -8.24701 0.847612 0.208671 0.201612 0.197917 0.201668 0.195722 0.199346
718750 0.212601 0.199833 0.195968 18.8924 -5.27472 -10.8503 0.208671 0.201612 0.197917 0.215167 0.198671 0.194695
718750 0.21468 0.200568 0.192304 8.72612 -15.9643 21.862 0.213857 0.203781 0.188253 0.215167 0.198671 0.194695
718750 0.209569 0.203043 0.202338 -8.43155 -9.71809 -23.0064 0.210158 0.203983 0.205241 0.208671 0.201612 0.197917
718750 0.210319 0.205999 0.185092 6.58471 -5.36724 8.34084 0.20804 0.207428 0.183055 0.213857 0.203781 0.188253
718750 0.208447 0.205421 0.195114 -0.922823 -6.91339 5.64403 0.208288 0.208107 0.193137 0.208671 0.201612 0.197917
718750 0.214084 0.206337 0.192815 -6.83175 -20.0514 -30.4413 0.214216 0.207813 0.195449 0.213857 0.203781 0.188253
718750 0.205071 0.199311 0.206345 27.6358 -24.6129 5.82571 0.201761 0.203383 0.205528 0.207723 0.196049 0.206999
718750 0.203496 0.207745 0.203046 16.7614 27.065 -15.7727 0.201761 0.203383 0.205528 0.204814 0.211057 0.201161
718750 0.209473 0.20644 0.207018 -6.21294 14.128 13.5652 0.210158 0.203983 0.205241 0.208244 0.210845 0.210204
718750 0.204324 0.204037 0.214972 1.01277 -1.91357 -1.35135 0.20237 0.207008 0.216573 0.206298 0.201034 0.213353
718750 0.212222 0.202802 0.207244 11.638 -10.0659 14.8563 0.210158 0.203983 0.205241 0.216531 0.200336 0.211424
718750 0.216741 0.198859 0.200873 -18.2719 -53.0532 -0.890367 0.217946 0.203255 0.20028 0.21533 0.193713 0.201566
718750 0.204936 0.207662 0.181748 -7.90323 0.0294419 -2.05065 0.20804 0.207428 0.183055 0.200546 0.207994 0.179901
718750 0.203142 0.216548 0.182364 3.28099 -2.03189 6.51479 0.201287 0.217068 0.178334 0.205743 0.215818 0.188015
718750 0.21179 0.214821 0.189301 -11.7808 3.03468 -4.31262 0.215353 0.214234 0.19006 0.205743 0.215818 0.188015
718750 0.212993 0.210505 0.196068 -22.9922 35.0149 10.9805 0.214216 0.207813 0.195449 0.211241 0.214363 0.196955
718750 0.207403 0.210788 0.191356 -2.97696 6.80599 -6.28844 0.208288 0.208107 0.193137 0.205743 0.215818 0.188015
718750 0.204356 0.216672 0.194062 -0.443426 1.04694 6.69589 0.205743 0.215818 0.188015 0.203628 0.21712 0.197236
718750 0.207912 0.212651 0.199134 -22.8839 -13.648 21.4185 0.211241 0.214363 0.196955 0.204814 0.211057 0.201161
718750 0.212758 0.217674 0.199299 -16.1976 -22.7717 -17.8515 0.214222 0.220867 0.201559 0.211241 0.214363 0.196955
718750 0.20416 0.214398 0.198998 0.952168 -5.88634 5.25612 0.203628 0.21712 0.197236 0.204814 0.211057 0.201161
718750 0.212126 0.218185 0.19512 8.86736 21.6419 -12.9353 0.211241 0.214363 0.196955 0.212934 0.221671 0.193445
718750 0.215695 0.206005 0.197365 -12.3075 20.9509 -24.8989 0.217946 0.203255 0.20028 0.214216 0.207813 0.195449
718750 0.206536 0.215303 0.207323 -2.79932 6.15561 -5.62352 0.208244 0.210845 0.210204 0.205104 0.219041 0.204907
718750 0.207794 0.212316 0.215564 -2.20832 2.16157 8.89324 0.208244 0.210845 0.210204 0.207409 0.213573 0.220145
718750 0.206962 0.217202 0.217088 -0.598849 -8.82666 8.54729 0.206543 0.220597 0.214228 0.207409 0.213573 0.220145
718750 0.215792 0.215338 0.207907 4.26471 -3.04128 -6.14777 0.214373 0.216911 0.210098 0.218315 0.212542 0.204011
718750 0.215555 0.215145 0.212283 3.26756 -4.26137 7.54894 0.214373 0.216911 0.210098 0.217894 0.211653 0.216603
718750 0.194837 0.198889 0.206791 8.47534 -17.9952 -8.73266 0.192416 0.202328 0.208622 0.196631 0.19634 0.205435
718750 0.211211 0.197747 0.208752 -11.2493 -4.36039 -3.54829 0.216531 0.200336 0.211424 0.207723 0.196049 0.206999
718750 0.184413 0.215332 0.193566 -4.05679 5.9642 0.356445 0.186226 0.212611 0.193924 0.182153 0.218724 0.19312
718750 0.193807 0.203648 0.18413 -4.74082 3.498 -3.83225 0.197549 0.201355 0.186179 0.191003 0.205367 0.182594
718750 0.210456 0.206423 0.191236 1.3166 -1.48062 -1.55023 0.208288 0.208107 0.193137 0.213857 0.203781 0.188253
718750 0.218115 0.207519 0.201993 4.68184 27.3075 14.7085 0.217946 0.203255 0.20028 0.218315 0.212542 0.204011
718750 0.210164 0.20077 0.212624 1.49472 0.136595 -0.327045 0.206298 0.201034 0.213353 0.216531 0.200336 0.211424
718750 0.194163 0.211087 0.187473 11.2857 16.609 -13.4775 0.191573 0.208507 0.190061 0.196375 0.213291 0.185263
718750 0.198632 0.199088 0.205471 -4.18061 -5.01967 0.881958 0.201761 0.203383 0.205528 0.196631 0.19634 0.205435
718750 0.187636 0.214547 0.191669 4.58597 6.15139 -5.21195 0.186226 0.212611 0.193924 0.189629 0.217282 0.188484
718750 0.206983 0.198637 0.210298 0.649447 -1.10628 -1.63606 0.206298 0.201034 0.213353 0.207723 0.196049 0.206999
718750 0.199928 0.214249 0.186307 33.139 4.45454 6.10169 0.196375 0.213291 0.185263 0.205743 0.215818 0.188015
718750 0.204787 0.208587 0.213952 3.23102 2.69247 -5.02586 0.20237 0.207008 0.216573 0.208244 0.210845 0.210204
718750 0.194768 0.213503 0.181799 8.00717 0.432939 26.5988 0.193077 0.213727 0.178153 0.196375 0.213291 0.185263
718750 0.198147 0.206988 0.207003 2.86621 -2.87714 -0.501247 0.196016 0.209113 0.207873 0.201761 0.203383 0.205528
718750 0.207058 0.203761 0.205347 -3.26919 -0.635103 0.461674 0.210158 0.203983 0.205241 0.201761 0.203383 0.205528
718750 0.183003 0.216152 0.208559 -2.34852 2.04148 1.21324 0.18683 0.211572 0.205799 0.180806 0.21878 0.210143
718750 0.198604 0.196647 0.185759 0.60984 -8.74491 -1.22926 0.197549 0.201355 0.186179 0.199467 0.192791 0.185415
718750 0.217073 0.208405 0.194654 2.94752 0.408529 -0.362187 0.214216 0.207813 0.195449 0.221835 0.209391 0.19333
718750 0.216004 0.217242 0.202627 10.0341 -16.6938 8.13465 0.214222 0.220867 0.201559 0.218315 0.212542 0.204011
718750 0.212206 0.214767 0.210136 -6.47789 -4.74964 0.570548 0.214373 0.216911 0.210098 0.208244 0.210845 0.210204
718750 0.190125 0.205947 0.217036 -15.3597 -11.0249 11.2262 0.193191 0.208835 0.215107 0.186258 0.202303 0.219469
718750 0.203336 0.213386 0.21095 5.17495 -2.11528 -1.52499 0.198971 0.215645 0.211613 0.208244 0.210845 0.210204
718750 0.181431 0.217167 0.196845 0.00158463 0.00354423 -0.0138492 0.18089 0.216002 0.199629 0.182153 0.218724 0.19312
718750 0.182779 0.214594 0.201591 0.00338075 -0.0032031 0.00296588 0.18089 0.216002 0.199629 0.18683 0.211572 0.205799
718750 0.191844 0.209641 0.19439 -0.0 -0.0 0.0 0.191573 0.208507 0.190061 0.192041 0.210465 0.197534
718750 0.188461 0.215766 0.201006 6.11163 9.05853 -10.8747 0.18683 0.211572 0.205799 0.189606 0.218711 0.19764
718750 0.190315 0.210831 0.20027 -0.00408748 0.0019361 0.00585835 0.192041 0.210465 0.197534 0.18683 0.211572 0.205799
718750 0.193328 0.215093 0.186718 -4.58767 2.62831 3.22752 0.196375 0.213291 0.185263 0.189629 0.217282 0.188484
718750 0.204611 0.203605 0.196519 -21.999 6.57276 -7.06056 0.208671 0.201612 0.197917 0.200051 0.205844 0.194949
718750 0.208992 0.214958 0.193299 4.69559 -1.27395 11.2582 0.205743 0.215818 0.188015 0.211241 0.214363 0.196955
718750 0.210518 0.205563 0.199765 0.0 -0.0 0.0 0.208671 0.201612 0.197917 0.211698 0.208089 0.200946
718750 0.198742 0.203495 0.190359 0.330082 0.370655 1.15759 0.197549 0.201355 0.186179 0.200051 0.205844 0.194949
718750 0.212881 0.211233 0.213279 0.37353 0.104678 0.269279 0.208244 0.210845 0.210204 0.217894 0.211653 0.216603
718750 0.206674 0.205881 0.185727 0.0 0.0 0.0 0.20804 0.207428 0.183055 0.205347 0.204378 0.188324
718750 0.207833 0.204203 0.182077 -0.0159126 -0.302535 -0.0412736 0.20804 0.207428 0.183055 0.207417 0.197721 0.180113
718750 0.193749 0.208894 0.199817 0.0 0.0 0.0 0.192041 0.210465 0.197534 0.195354 0.207419 0.201962
718750 0.189617 0.217999 0.193077 0.0152474 -0.00685575 1.96604 0.189629 0.217282 0.188484 0.189606 0.218711 0.19764
718750 0.212957 0.207951 0.198196 0.0 0.0 0.0 0.214216 0.207813 0.195449 0.211698 0.208089 0.200946
718750 0.181619 0.208593 0.195263 0.0 0.0 0.0 0.17922 0.21146 0.194267 0.184768 0.204879 0.196569
718750 0.180887 0.208376 0.199348 0.0 0.0 0.0 0.178526 0.210539 0.201038 0.184768 0.204879 0.196569
718750 0.181769 0.203976 0.200498 0.0 0.0 0.0 0.178654 0.203084 0.204577 0.184768 0.204879 0.196569
718750 0.187565 0.205582 0.184891 0.0 0.0 0.0 0.191003 0.205367 0.182594 0.183626 0.205877 0.187522
718750 0.187452 0.207121 0.188746 0.0 0.0 0.0 0.191573 0.208507 0.190061 0.183626 0.205877 0.187522
718750 0.188361 0.206773 0.193133 0.0 0.0 0.0 0.191573 0.208507 0.190061 0.184768 0.204879 0.196569
718750 0.189178 0.208245 0.197154 0.0 0.0 0.0 0.192041 0.210465 0.197534 0.184768 0.204879 0.196569
718750 0.182267 0.206812 0.205118 0.0 0.0 0.0 0.18683 0.211572 0.205799 0.178654 0.203084 0.204577
718750 0.182103 0.218292 0.201339 0.0 0.0 0.0 0.18089 0.216002 0.199629 0.183627 0.22122 0.203491
718750 0.185657 0.218026 0.190947 0.0 0.0 0.0 0.189629 0.217282 0.188484 0.182153 0.218724 0.19312
718750 0.193125 0.200686 0.188099 0.0 0.0 0.0 0.197549 0.201355 0.186179 0.189288 0.200146 0.189763
718750 0.190999 0.200275 0.194361 0.0 0.0 0.0 0.192919 0.200465 0.199519 0.189288 0.200146 0.189763
718750 0.19343 0.195492 0.200131 0.0 0.0 0.0 0.192919 0.200465 0.199519 0.1938 0.191944 0.200568
718750 0.190025 0.197439 0.201976 0.0 0.0 0.0 0.192919 0.200465 0.199519 0.188003 0.195361 0.20369
718750 0.189145 0.210048 0.18643 0.0 0.0 0.0 0.191573 0.208507 0.190061 0.187297 0.211261 0.183662
718750 0.191257 0.206751 0.185937 0.0 0.0 0.0 0.191573 0.208507 0.190061 0.191003 0.205367 0.182594
718750 0.195449 0.207268 0.192297 0.0 0.0 0.0 0.191573 0.208507 0.190061 0.200051 0.205844 0.194949
718750 0.194445 0.205048 0.188196 0.0 0.0 0.0 0.197549 0.201355 0.186179 0.191573 0.208507 0.190061
718750 0.19659 0.213864 0.189099 0.0 0.0 0.0 0.196822 0.214524 0.193216 0.196375 0.213291 0.185263
718750 0.189149 0.211511 0.195739 0.0 0.0 0.0 0.186226 0.212611 0.193924 0.192041 0.210465 0.197534
718750 0.194154 0.212238 0.195625 0.0 0.0 0.0 0.192041 0.210465 0.197534 0.196822 0.214524 0.193216
718750 0.195081 0.20869 0.196553 0.0 0.0 0.0 0.192041 0.210465 0.197534 0.200051 0.205844 0.194949
718750 0.194062 0.212306 0.199376 0.0 0.0 0.0 0.192041 0.210465 0.197534 0.197026 0.215055 0.202076
718750 0.197067 0.206823 0.199402 0.0 0.0 0.0 0.195354 0.207419 0.201962 0.200051 0.205844 0.194949
718750 0.195426 0.217156 0.183701 0.0 0.0 0.0 0.194228 0.22209 0.181725 0.196375 0.213291 0.185263
718750 0.191034 0.213854 0.197578 0.0 0.0 0.0 0.192041 0.210465 0.197534 0.189606 0.218711 0.19764
718750 0.193446 0.215797 0.190996 0.0 0.0 0.0 0.196822 0.214524 0.193216 0.189629 0.217282 0.188484
718750 0.193424 0.216475 0.195299 0.0 0.0 0.0 0.196822 0.214524 0.193216 0.189606 0.218711 0.19764
718750 0.201659 0.19982 0.183653 0.0 0.0 0.0 0.197549 0.201355 0.186179 0.207417 0.197721 0.180113
718750 0.200924 0.200355 0.197324 0.0 0.0 0.0 0.200051 0.205844 0.194949 0.201668 0.195722 0.199346
718750 0.200966 0.199548 0.189114 0.0 0.0 0.0 0.197549 0.201355 0.186179 0.203721 0.198131 0.191478
718750 0.197382 0.198024 0.199431 0.0 0.0 0.0 0.192919 0.200465 0.199519 0.201668 0.195722 0.199346
718750 0.19823 0.210913 0.182878 0.0 0.0 0.0 0.196375 0.213291 0.185263 0.200546 0.207994 0.179901
718750 0.205111 0.207213 0.193836 0.0 0.0 0.0 0.208288 0.208107 0.193137 0.200051 0.205844 0.194949
718750 0.203326 0.204916 0.190851 0.0 0.0 0.0 0.205347 0.204378 0.188324 0.200051 0.205844 0.194949
718750 0.202198 0.203136 0.187458 0.0 0.0 0.0 0.197549 0.201355 0.186179 0.205347 0.204378 0.188324
718750 0.202759 0.208787 0.198482 0.0 0.0 0.0 0.200051 0.205844 0.194949 0.204814 0.211057 0.201161
718750 0.200906 0.204591 0.200241 0.0 0.0 0.0 0.200051 0.205844 0.194949 0.201761 0.203383 0.205528
718750 0.197076 0.201816 0.202344 0.0 0.0 0.0 0.192919 0.200465 0.199519 0.201761 0.203383 0.205528
718750 0.198641 0.215013 0.182067 0.0 0.0 0.0 0.201287 0.217068 0.178334 0.196375 0.213291 0.185263
718750 0.200356 0.215016 0.191156 0.0 0.0 0.0 0.196822 0.214524 0.193216 0.205743 0.215818 0.188015
718750 0.200602 0.215946 0.19545 0.0 0.0 0.0 0.196822 0.214524 0.193216 0.203628 0.21712 0.197236
718750 0.194877 0.20898 0.210791 0.0 0.0 0.0 0.193191 0.208835 0.215107 0.196016 0.209113 0.207873
718750 0.190562 0.209945 0.211259 0.0 0.0 0.0 0.193191 0.208835 0.215107 0.18683 0.211572 0.205799
718750 0.193052 0.209885 0.207204 0.0 0.0 0.0 0.196016 0.209113 0.207873 0.18683 0.211572 0.205799
718750 0.196416 0.211447 0.205576 0.0 0.0 0.0 0.196016 0.209113 0.207873 0.197026 0.215055 0.202076
718750 0.192648 0.208716 0.20318 0.0 0.0 0.0 0.18683 0.211572 0.205799 0.195354 0.207419 0.201962
718750 0.194179 0.205363 0.204624 0.0 0.0 0.0 0.195354 0.207419 0.201962 0.192416 0.202328 0.208622
718750 0.192739 0.213569 0.203641 0.0 0.0 0.0 0.18683 0.211572 0.205799 0.197026 0.215055 0.202076
718750 0.195035 0.201842 0.212421 0.0 0.0 0.0 0.192416 0.202328 0.208622 0.19718 0.201484 0.215528
718750 0.196832 0.210528 0.218664 0.0 0.0 0.0 0.193191 0.208835 0.215107 0.19951 0.21181 0.221281
718750 0.196472 0.203083 0.218973 0.0 0.0 0.0 0.195606 0.20509 0.223195 0.19718 0.201484 0.215528
718750 0.189702 0.217516 0.206038 0.0 0.0 0.0 0.191787 0.221867 0.206212 0.18683 0.211572 0.205799
718750 0.197979 0.215323 0.206752 0.0 0.0 0.0 0.198971 0.215645 0.211613 0.197026 0.215055 0.202076
718750 0.198174 0.207822 0.215902 0.0 0.0 0.0 0.193191 0.208835 0.215107 0.20237 0.207008 0.216573
718750 0.200933 0.216257 0.199211 0.0 0.0 0.0 0.197026 0.215055 0.202076 0.203628 0.21712 0.197236
718750 0.199265 0.206107 0.21961 0.0 0.0 0.0 0.20237 0.207008 0.216573 0.195606 0.20509 0.223195
718750 0.199402 0.217742 0.216082 0.0 0.0 0.0 0.198971 0.215645 0.211613 0.199801 0.21972 0.220212
718750 0.194446 0.216888 0.213543 0.0 0.0 0.0 0.198971 0.215645 0.211613 0.189218 0.218369 0.215774
718750 0.202127 0.217372 0.208161 0.0 0.0 0.0 0.198971 0.215645 0.211613 0.205104 0.219041 0.204907
718750 0.206021 0.202187 0.185648 0.0 0.0 0.0 0.205347 0.204378 0.188324 0.207417 0.197721 0.180113
718750 0.20171 0.199225 0.20219 0.0 0.0 0.0 0.201761 0.203383 0.205528 0.201668 0.195722 0.199346
718750 0.216283 0.200493 0.196941 0.0 0.0 0.0 0.217946 0.203255 0.20028 0.215167 0.198671 0.194695
718750 0.211786 0.197894 0.199625 0.0 0.0 0.0 0.208671 0.201612 0.197917 0.21533 0.193713 0.201566
718750 0.209129 0.200612 0.205984 0.0 0.0 0.0 0.210158 0.203983 0.205241 0.207723 0.196049 0.206999
718750 0.215874 0.196694 0.206036 0.0 0.0 0.0 0.216531 0.200336 0.211424 0.21533 0.193713 0.201566
718750 0.202794 0.211357 0.183412 0.0 0.0 0.0 0.205743 0.215818 0.188015 0.200546 0.207994 0.179901
718750 0.207235 0.210345 0.184793 0.0 0.0 0.0 0.20804 0.207428 0.183055 0.205743 0.215818 0.188015
718750 0.211186 0.213284 0.184686 0.0 0.0 0.0 0.205743 0.215818 0.188015 0.215195 0.211454 0.182232
718750 0.207181 0.213885 0.182137 0.0 0.0 0.0 0.205743 0.215818 0.188015 0.207978 0.212849 0.178884
718750 0.213461 0.214272 0.193232 0.0 0.0 0.0 0.215353 0.214234 0.19006 0.211241 0.214363 0.196955
718750 0.211397 0.207931 0.194351 0.0 0.0 0.0 0.208288 0.208107 0.193137 0.214216 0.207813 0.195449
718750 0.212054 0.205375 0.196411 0.0 0.0 0.0 0.208671 0.201612 0.197917 0.214216 0.207813 0.195449
718750 0.209573 0.210808 0.194799 0.0 0.0 0.0 0.208288 0.208107 0.193137 0.211241 0.214363 0.196955
718750 0.206804 0.206204 0.190709 0.0 0.0 0.0 0.208288 0.208107 0.193137 0.205347 0.204378 0.188324
718750 0.208623 0.204126 0.188297 0.0 0.0 0.0 0.205347 0.204378 0.188324 0.213857 0.203781 0.188253
718750 0.211133 0.20262 0.193329 0.0 0.0 0.0 0.208671 0.201612 0.197917 0.213857 0.203781 0.188253
718750 0.211508 0.210648 0.199305 0.0 0.0 0.0 0.211241 0.214363 0.196955 0.211698 0.208089 0.200946
718750 0.205414 0.202425 0.201503 0.0 0.0 0.0 0.208671 0.201612 0.197917 0.201761 0.203383 0.205528
718750 0.214184 0.217804 0.191696 0.0 0.0 0.0 0.215353 0.214234 0.19006 0.212934 0.221671 0.193445
718750 0.20691 0.21591 0.197116 0.0 0.0 0.0 0.203628 0.21712 0.197236 0.211241 0.214363 0.196955
718750 0.214384 0.213533 0.200091 0.0 0.0 0.0 0.218315 0.212542 0.204011 0.211241 0.214363 0.196955
718750 0.213375 0.202424 0.199116 0.0 0.0 0.0 0.217946 0.203255 0.20028 0.208671 0.201612 0.197917
718750 0.217154 0.215782 0.192954 0.0 0.0 0.0 0.219071 0.217472 0.196029 0.215353 0.214234 0.19006
718750 0.21535 0.215974 0.19647 0.0 0.0 0.0 0.219071 0.217472 0.196029 0.211241 0.214363 0.196955
718750 0.208745 0.20934 0.201038 0.0 0.0 0.0 0.211698 0.208089 0.200946 0.204814 0.211057 0.201161
718750 0.210939 0.206064 0.203064 0.00291775 0.00444363 -0.00549157 0.210158 0.203983 0.205241 0.211698 0.208089 0.200946
718750 0.206253 0.210947 0.204957 0.0 0.0 0.0 0.208244 0.210845 0.210204 0.204814 0.211057 0.201161
718750 0.204923 0.207003 0.207809 0.0 0.0 0.0 0.208244 0.210845 0.210204 0.201761 0.203383 0.205528
718750 0.207103 0.205076 0.212049 0.0 0.0 0.0 0.208244 0.210845 0.210204 0.206298 0.201034 0.213353
718750 0.204365 0.202013 0.21002 0.0 0.0 0.0 0.206298 0.201034 0.213353 0.201761 0.203383 0.205528
718750 0.208131 0.2022 0.216697 0.0 0.0 0.0 0.21071 0.203891 0.221401 0.206298 0.201034 0.213353
718750 0.207298 0.216242 0.212439 0.0 0.0 0.0 0.208244 0.210845 0.210204 0.206543 0.220597 0.214228
718750 0.204948 0.214734 0.202896 0.0 0.0 0.0 0.205104 0.219041 0.204907 0.204814 0.211057 0.201161
718750 0.214067 0.209664 0.202044 0.0 0.0 0.0 0.218315 0.212542 0.204011 0.211698 0.208089 0.200946
718750 0.214175 0.206149 0.200682 0.0 0.0 0.0 0.217946 0.203255 0.20028 0.211698 0.208089 0.200946
718750 0.21335 0.211685 0.207063 0.0 0.0 0.0 0.208244 0.210845 0.210204 0.218315 0.212542 0.204011
718750 0.212072 0.205968 0.210768 0.0 0.0 0.0 0.208244 0.210845 0.210204 0.216531 0.200336 0.211424
718750 0.204636 0.209941 0.218179 0.0 0.0 0.0 0.20237 0.207008 0.216573 0.207409 0.213573 0.220145
718750 0.205812 0.2057 0.218565 0.0 0.0 0.0 0.20237 0.207008 0.216573 0.21071 0.203891 0.221401
718750 0.204236 0.217893 0.200403 0.0 0.0 0.0 0.205104 0.219041 0.204907 0.203628 0.21712 0.197236
718750 0.217358 0.202023 0.204902 0.0 0.0 0.0 0.217946 0.203255 0.20028 0.216531 0.200336 0.211424
718750 0.218753 0.215381 0.199381 0.0 0.0 0.0 0.219071 0.217472 0.196029 0.218315 0.212542 0.204011
