# ts x y z Fx Fy Fz x1 y1 z1 x2 y2 z2
1968750 0.185803 0.195661 0.187866 8.78204 2.63497 6.84839 0.182492 0.19458 0.186035 0.189338 0.196814 0.189822
1968750 0.1834 0.192998 0.197131 -9.66421 5.56294 1.46593 0.187182 0.190914 0.19585 0.180627 0.194526 0.19807
1968750 0.188949 0.199294 0.198093 -6.79701 2.71478 -1.50474 0.192889 0.197143 0.199537 0.18476 0.201581 0.196557
1968750 0.183613 0.191757 0.20816 8.25492 4.59356 5.73557 0.180514 0.189853 0.205095 0.186237 0.19337 0.210757
1968750 0.194405 0.181673 0.18142 9.98805 7.50136 1.47982 0.191342 0.178932 0.181484 0.196893 0.183899 0.181368
1968750 0.198047 0.186415 0.183233 -7.13946 -9.97071 -8.25036 0.199418 0.189405 0.185448 0.196893 0.183899 0.181368
1968750 0.199805 0.183265 0.182875 -2.26143 0.614158 -0.768035 0.202869 0.182599 0.184461 0.196893 0.183899 0.181368
1968750 0.185927 0.179012 0.191117 3.13482 24.2595 12.5924 0.185809 0.176265 0.18917 0.186076 0.1825 0.19359
1968750 0.192882 0.184066 0.187234 -8.28478 6.2158 -2.69269 0.195604 0.181246 0.188107 0.18917 0.187909 0.186045
1968750 0.197917 0.182421 0.191173 2.32213 1.21307 4.33384 0.195604 0.181246 0.188107 0.200793 0.183881 0.194985
1968750 0.188256 0.179712 0.214178 10.1334 6.42673 7.79292 0.18537 0.177168 0.212109 0.191775 0.182815 0.216699
1968750 0.196561 0.182077 0.214478 -5.05697 0.0998085 1.73641 0.200738 0.181433 0.212539 0.191775 0.182815 0.216699
1968750 0.197652 0.190406 0.188855 -6.7667 2.16044 9.40372 0.199418 0.189405 0.185448 0.195641 0.191546 0.192734
1968750 0.192376 0.194275 0.191226 -14.1766 13.6124 -3.91506 0.195641 0.191546 0.192734 0.189338 0.196814 0.189822
1968750 0.196564 0.194652 0.189588 -2.42862 -6.89899 5.18651 0.197553 0.197982 0.186213 0.195641 0.191546 0.192734
1968750 0.194295 0.194284 0.196062 2.79183 -11.6517 -14.9443 0.192889 0.197143 0.199537 0.195641 0.191546 0.192734
1968750 0.195061 0.194719 0.202948 2.23991 -2.85917 5.20741 0.192889 0.197143 0.199537 0.196628 0.19297 0.205407
1968750 0.192635 0.198092 0.204148 -0.938494 0.474039 9.32475 0.192889 0.197143 0.199537 0.192388 0.199016 0.208637
1968750 0.196215 0.199707 0.197391 0.542994 0.321783 -0.23697 0.192889 0.197143 0.199537 0.199968 0.202599 0.19497
1968750 0.198088 0.187906 0.193803 -20.3436 21.9165 -8.853 0.200793 0.183881 0.194985 0.195641 0.191546 0.192734
1968750 0.202358 0.191226 0.183504 7.0616 4.08042 -6.44649 0.199418 0.189405 0.185448 0.207385 0.19434 0.180178
1968750 0.202904 0.188552 0.187139 3.81205 -0.411705 2.34234 0.199418 0.189405 0.185448 0.206576 0.187655 0.188921
1968750 0.199033 0.201334 0.183047 3.27159 6.33113 -8.36879 0.197553 0.197982 0.186213 0.200492 0.204639 0.179925
1968750 0.189113 0.196009 0.209766 18.6023 12.5534 -4.20757 0.186237 0.19337 0.210757 0.192388 0.199016 0.208637
1968750 0.196716 0.199489 0.207183 -7.43856 -2.04942 3.01612 0.201725 0.200036 0.205499 0.192388 0.199016 0.208637
1968750 0.199537 0.188905 0.216504 -1.32179 -1.33189 4.03585 0.200563 0.190968 0.212307 0.198782 0.187386 0.219592
1968750 0.204563 0.184908 0.186499 0.827701 1.75883 1.33607 0.202869 0.182599 0.184461 0.206576 0.187655 0.188921
1968750 0.20068 0.179434 0.192715 -0.256612 -3.72831 -2.70333 0.200793 0.183881 0.194985 0.200602 0.176376 0.191153
1968750 0.210091 0.182324 0.192382 4.43343 4.32098 4.16843 0.207565 0.179486 0.190564 0.212544 0.18508 0.194148
1968750 0.212832 0.182797 0.197528 -2.37561 6.40543 -12.7515 0.213109 0.180604 0.200775 0.212544 0.18508 0.194148
1968750 0.201975 0.181136 0.198985 0.989958 -6.68816 8.65151 0.200793 0.183881 0.194985 0.202882 0.179026 0.202059
1968750 0.204211 0.184906 0.198478 8.53694 1.27473 6.67456 0.200793 0.183881 0.194985 0.206999 0.185742 0.201327
1968750 0.211113 0.188906 0.193935 1.18397 -5.25326 0.730049 0.210039 0.191781 0.193775 0.212544 0.18508 0.194148
1968750 0.213731 0.187322 0.197358 0.0187331 0.0371546 0.0382786 0.212544 0.18508 0.194148 0.215294 0.190275 0.201583
1968750 0.214135 0.187603 0.191351 -6.35387 -6.44611 9.13546 0.216026 0.190602 0.188026 0.212544 0.18508 0.194148
1968750 0.205773 0.178793 0.204574 -1.87969 -0.242411 -1.75675 0.208854 0.178545 0.207253 0.202882 0.179026 0.202059
1968750 0.20669 0.185558 0.205384 1.10911 0.364925 -4.69601 0.20644 0.185409 0.208675 0.206999 0.185742 0.201327
1968750 0.208025 0.183781 0.211071 4.62627 -3.00887 6.53023 0.20644 0.185409 0.208675 0.209468 0.182299 0.213253
1968750 0.204072 0.183758 0.210279 -3.80466 -2.00725 3.11785 0.20644 0.185409 0.208675 0.200738 0.181433 0.212539
1968750 0.210571 0.187694 0.201437 -12.026 -9.29319 -0.15341 0.215294 0.190275 0.201583 0.206999 0.185742 0.201327
1968750 0.206972 0.188582 0.207925 2.68888 8.62397 -1.30456 0.20644 0.185409 0.208675 0.207658 0.19267 0.206959
1968750 0.212245 0.182191 0.214402 4.5219 -0.508559 2.70754 0.209468 0.182299 0.213253 0.215961 0.182047 0.215941
1968750 0.205134 0.195221 0.198648 -6.71039 -4.20642 0.845372 0.208678 0.198272 0.197897 0.201747 0.192304 0.199366
1968750 0.208571 0.190032 0.191718 -4.42256 -3.66807 -4.41868 0.210039 0.191781 0.193775 0.206576 0.187655 0.188921
1968750 0.212564 0.193475 0.194222 2.77716 2.54683 0.764023 0.210039 0.191781 0.193775 0.215105 0.195179 0.194671
1968750 0.209503 0.194336 0.195397 -2.65984 6.45846 4.70279 0.210039 0.191781 0.193775 0.208678 0.198272 0.197897
1968750 0.218003 0.194122 0.194883 -6.78337 3.73029 -0.19459 0.221861 0.192713 0.195164 0.215105 0.195179 0.194671
1968750 0.204318 0.191869 0.209476 3.0826 1.04862 -1.755 0.200563 0.190968 0.212307 0.207658 0.19267 0.206959
1968750 0.205019 0.195946 0.20631 9.57343 -8.6136 1.85301 0.201725 0.200036 0.205499 0.207658 0.19267 0.206959
1968750 0.211029 0.191612 0.204585 -8.94903 1.59069 7.86748 0.215294 0.190275 0.201583 0.207658 0.19267 0.206959
1968750 0.203467 0.204401 0.203023 3.58492 13.8928 -9.36951 0.201725 0.200036 0.205499 0.204789 0.207715 0.201143
1968750 0.217193 0.186379 0.204777 -4.94598 10.0088 -11.3535 0.218894 0.182892 0.207637 0.215294 0.190275 0.201583
1968750 0.207079 0.191568 0.218572 12.0776 -6.9368 -7.71835 0.203942 0.193708 0.220017 0.210755 0.189061 0.216878
1968750 0.182603 0.181886 0.196017 -6.01683 -0.127024 3.3861 0.186076 0.1825 0.19359 0.177652 0.181011 0.199478
1968750 0.206288 0.182641 0.183644 -1.5635 -0.249365 0.505069 0.211545 0.182707 0.182387 0.202869 0.182599 0.184461
1968750 0.206956 0.195207 0.210305 1.2803 -2.31484 -3.02431 0.206305 0.197556 0.213404 0.207658 0.19267 0.206959
1968750 0.205142 0.195661 0.21666 0.176949 0.164011 -0.404997 0.203942 0.193708 0.220017 0.206305 0.197556 0.213404
1968750 0.203721 0.182062 0.216051 2.56875 0.213123 2.27744 0.200738 0.181433 0.212539 0.205935 0.182528 0.218658
1968750 0.202391 0.19245 0.216477 0.680475 1.06862 2.52689 0.200563 0.190968 0.212307 0.203942 0.193708 0.220017
1968750 0.194554 0.190692 0.206843 8.02742 6.67825 -3.71819 0.191986 0.187872 0.20862 0.196628 0.19297 0.205407
1968750 0.189049 0.190681 0.209711 -3.19788 3.53172 0.576267 0.191986 0.187872 0.20862 0.186237 0.19337 0.210757
1968750 0.208742 0.185498 0.186072 -2.06346 1.35062 2.62502 0.211545 0.182707 0.182387 0.206576 0.187655 0.188921
1968750 0.191893 0.185641 0.212185 0.161927 -3.20905 7.45872 0.191986 0.187872 0.20862 0.191775 0.182815 0.216699
1968750 0.199133 0.179429 0.196518 -4.32319 -10.4297 1.79148 0.200793 0.183881 0.194985 0.198058 0.176548 0.197511
1968750 0.195607 0.179838 0.218898 -4.49435 2.42822 -2.0396 0.199118 0.17711 0.220913 0.191775 0.182815 0.216699
1968750 0.198262 0.192139 0.208272 -0.319713 0.173584 -0.408946 0.200563 0.190968 0.212307 0.196628 0.19297 0.205407
1968750 0.215174 0.19339 0.197192 -0.663123 3.11975 -3.52859 0.215294 0.190275 0.201583 0.215105 0.195179 0.194671
1968750 0.211024 0.179595 0.203949 -2.10368 -0.499976 2.49553 0.213109 0.180604 0.200775 0.208854 0.178545 0.207253
1968750 0.196308 0.182694 0.184428 0.0324234 0.634516 -1.68215 0.195604 0.181246 0.188107 0.196893 0.183899 0.181368
1968750 0.181803 0.19859 0.193827 4.02906 2.82104 2.91075 0.180011 0.196777 0.192172 0.18476 0.201581 0.196557
1968750 0.19869 0.191925 0.196046 1.64241 0.592673 1.74777 0.195641 0.191546 0.192734 0.201747 0.192304 0.199366
1968750 0.219015 0.191657 0.197945 -5.68784 -2.07011 7.63177 0.221861 0.192713 0.195164 0.215294 0.190275 0.201583
1968750 0.216646 0.181249 0.199189 -2.22321 -0.109569 1.28308 0.222417 0.182301 0.196601 0.213109 0.180604 0.200775
1968750 0.202793 0.193612 0.195158 -0.633175 -0.586338 1.49362 0.203694 0.19474 0.191532 0.201747 0.192304 0.199366
1968750 0.205086 0.191318 0.190271 0.273792 -1.2245 -0.46408 0.203694 0.19474 0.191532 0.206576 0.187655 0.188921
1968750 0.204551 0.198143 0.189824 0.218709 1.0845 -0.342806 0.203694 0.19474 0.191532 0.20527 0.201004 0.188389
1968750 0.183242 0.182955 0.200974 3.13573 0.97601 1.40077 0.177652 0.181011 0.199478 0.187378 0.184394 0.202081
1968750 0.190376 0.181874 0.204328 -5.36339 3.12837 -4.11085 0.193585 0.179178 0.206731 0.187378 0.184394 0.202081
1968750 0.18728 0.187657 0.198962 0.374642 -3.10502 4.01717 0.187182 0.190914 0.19585 0.187378 0.184394 0.202081
1968750 0.189763 0.186194 0.205466 -1.37881 -1.69148 -2.60735 0.191986 0.187872 0.20862 0.187378 0.184394 0.202081
1968750 0.198617 0.195727 0.205443 -7.86637 -9.161 1.50308 0.201725 0.200036 0.205499 0.196628 0.19297 0.205407
1968750 0.207823 0.182405 0.215769 -0.715232 -0.16568 1.16084 0.209468 0.182299 0.213253 0.205935 0.182528 0.218658
1968750 0.186709 0.183422 0.197722 -0.038189 0.825134 3.9894 0.186076 0.1825 0.19359 0.187378 0.184394 0.202081
1968750 0.213196 0.192413 0.214535 4.34469 4.15215 -3.20198 0.210755 0.189061 0.216878 0.216523 0.196984 0.211341
1968750 0.186469 0.199651 0.188652 -6.20791 7.13933 -4.27301 0.189338 0.196814 0.189822 0.183626 0.202462 0.187494
1968750 0.194367 0.201369 0.201007 7.67623 24.3208 13.0618 0.192889 0.197143 0.199537 0.195326 0.204109 0.20196
1968750 0.181816 0.200632 0.200504 1.33997 0.100304 -1.5493 0.17876 0.199646 0.204602 0.18476 0.201581 0.196557
1968750 0.210136 0.178797 0.198948 1.54467 0.667033 0.684446 0.20782 0.17739 0.197525 0.213109 0.180604 0.200775
1968750 0.188298 0.193967 0.192731 3.62112 7.32038 -5.95227 0.187182 0.190914 0.19585 0.189338 0.196814 0.189822
1968750 0.20146 0.179444 0.183816 0.834623 1.33913 0.437461 0.199441 0.174928 0.182892 0.202869 0.182599 0.184461
1968750 0.19671 0.182731 0.205762 -12.9969 -11.2298 5.10913 0.199469 0.185868 0.204907 0.193585 0.179178 0.206731
1968750 0.199985 0.188271 0.208393 -1.03134 -3.23723 -6.80164 0.200563 0.190968 0.212307 0.199469 0.185868 0.204907
1968750 0.200574 0.18899 0.202219 1.07419 7.22299 -5.3953 0.199469 0.185868 0.204907 0.201747 0.192304 0.199366
1968750 0.18996 0.183892 0.194734 -0.0117919 -0.00247937 -0.00224925 0.192778 0.184902 0.195564 0.186076 0.1825 0.19359
1968750 0.193265 0.186764 0.198002 0.000432275 0.00136725 0.00255139 0.192778 0.184902 0.195564 0.193797 0.188801 0.200669
1968750 0.19773 0.197268 0.181425 7.30931e-06 0.000544279 0.00175076 0.19785 0.196789 0.178209 0.197553 0.197982 0.186213
1968750 0.209551 0.186479 0.208985 0.00131834 0.000378754 0.000342164 0.20644 0.185409 0.208675 0.212556 0.187512 0.209285
1968750 0.211834 0.188134 0.212331 -0.000455644 0.000662426 0.00173966 0.212556 0.187512 0.209285 0.210755 0.189061 0.216878
1968750 0.216676 0.195421 0.200816 -5.61548 -12.7429 2.71994 0.217857 0.199818 0.200162 0.215294 0.190275 0.201583
1968750 0.215622 0.202688 0.197348 -7.10688 6.19248 -6.75537 0.217857 0.199818 0.200162 0.214153 0.204576 0.195498
1968750 0.186615 0.1866 0.194691 -0.377978 -23.4928 -9.27069 0.187182 0.190914 0.19585 0.186076 0.1825 0.19359
1968750 0.195851 0.184511 0.195342 0.00602321 -0.00015794 0.000309508 0.192778 0.184902 0.195564 0.200793 0.183881 0.194985
1968750 0.185038 0.181478 0.211469 0.00014287 0.00352543 -0.000925011 0.18537 0.177168 0.212109 0.184751 0.185207 0.210915
1968750 0.191041 0.186909 0.201275 0.00246048 0.00120692 -0.000699276 0.187378 0.184394 0.202081 0.193797 0.188801 0.200669
1968750 0.187821 0.188793 0.203001 -0.000230464 0.00383037 0.000721253 0.187378 0.184394 0.202081 0.188145 0.192003 0.203672
1968750 0.196312 0.187501 0.202547 -0.00510919 0.00152342 -0.00383972 0.199469 0.185868 0.204907 0.193797 0.188801 0.200669
1968750 0.189832 0.190189 0.205844 -0.00161787 0.00171129 -0.00284067 0.191986 0.187872 0.20862 0.188145 0.192003 0.203672
1968750 0.19681 0.195914 0.218421 0.807836 1.86853 -2.48027 0.196474 0.193822 0.22121 0.197169 0.198156 0.215433
1968750 0.19866 0.194997 0.214059 -2.45709 6.13255 3.81696 0.200563 0.190968 0.212307 0.197169 0.198156 0.215433
1968750 0.202653 0.18429 0.181387 5.21061e-06 0.000374938 -0.000497919 0.202869 0.182599 0.184461 0.202459 0.185803 0.178636
1968750 0.207068 0.183587 0.189739 -0.826462 3.24164 -0.344931 0.207565 0.179486 0.190564 0.206576 0.187655 0.188921
1968750 0.21508 0.185672 0.208629 -0.00153685 0.000777645 0.00034149 0.218894 0.182892 0.207637 0.212556 0.187512 0.209285
1968750 0.192388 0.188053 0.215933 0.00188899 0.00715545 -0.00165591 0.191775 0.182815 0.216699 0.192798 0.191562 0.21542
1968750 0.192716 0.189902 0.18971 0.737769 0.279408 0.902405 0.18917 0.187909 0.186045 0.195641 0.191546 0.192734
1968750 0.200954 0.196186 0.189159 0.983318 -0.374144 0.618418 0.197553 0.197982 0.186213 0.203694 0.19474 0.191532
1968750 0.210307 0.202315 0.199749 0.651618 1.04986 0.527388 0.208678 0.198272 0.197897 0.211348 0.2049 0.200933
1968750 0.192569 0.182216 0.19711 -0.000238069 -0.00207942 0.00168167 0.192778 0.184902 0.195564 0.192351 0.179396 0.198734
1968750 0.217941 0.204084 0.201882 -0.283586 3.06756 1.7057 0.217857 0.199818 0.200162 0.218041 0.20911 0.20391
1968750 0.200076 0.183746 0.208558 -0.0628565 0.399306 -0.970319 0.200738 0.181433 0.212539 0.199469 0.185868 0.204907
1968750 0.189265 0.192947 0.188182 0.0967319 13.2794 8.31499 0.18917 0.187909 0.186045 0.189338 0.196814 0.189822
1968750 0.19383 0.200283 0.184138 -2.47646 1.77769 -2.03915 0.197553 0.197982 0.186213 0.191039 0.202009 0.182583
1968750 0.209427 0.179475 0.214289 0.754935 -5.57761 2.58717 0.209468 0.182299 0.213253 0.209337 0.173215 0.216588
1968750 0.214945 0.19534 0.188184 -1.44483 4.05467 -0.318516 0.216026 0.190602 0.188026 0.21378 0.200444 0.188353
1968750 0.18997 0.193958 0.197652 15.0527 12.5604 6.36105 0.187182 0.190914 0.19585 0.192889 0.197143 0.199537
1968750 0.182268 0.197327 0.197469 6.41217 8.65938 -0.70703 0.180627 0.194526 0.19807 0.18476 0.201581 0.196557
1968750 0.192848 0.179308 0.201957 -0.0 0.0 0.0 0.192351 0.179396 0.198734 0.193585 0.179178 0.206731
1968750 0.197889 0.18982 0.205185 -2.24737 4.97789 1.21014 0.199469 0.185868 0.204907 0.196628 0.19297 0.205407
1968750 0.198579 0.193267 0.185793 1.32875 -3.52328 -0.570534 0.197553 0.197982 0.186213 0.199418 0.189405 0.185448
1968750 0.204467 0.181497 0.192587 -8.01271 5.3822 7.47778 0.207565 0.179486 0.190564 0.200793 0.183881 0.194985
1968750 0.210109 0.183127 0.201046 -3.34591 2.03824 0.0902985 0.213109 0.180604 0.200775 0.206999 0.185742 0.201327
1968750 0.183332 0.18982 0.19378 -0.403952 -0.0439346 -0.241621 0.187182 0.190914 0.19585 0.179222 0.188653 0.191571
1968750 0.203321 0.185804 0.203076 7.40464 0.648128 -2.44527 0.199469 0.185868 0.204907 0.206999 0.185742 0.201327
1968750 0.217071 0.178599 0.206415 -1.91943 -4.52273 -0.481006 0.218894 0.182892 0.207637 0.215724 0.175429 0.205512
1968750 0.212566 0.196401 0.195945 3.25964 -0.917096 -1.57352 0.208678 0.198272 0.197897 0.215105 0.195179 0.194671
1968750 0.192425 0.189869 0.212299 0.0 0.0 -0.0 0.191986 0.187872 0.20862 0.192798 0.191562 0.21542
1968750 0.204879 0.182284 0.201704 -3.0329 -3.53496 0.467859 0.206999 0.185742 0.201327 0.202882 0.179026 0.202059
1968750 0.218546 0.186635 0.199308 -4.90106 5.58548 2.11728 0.222417 0.182301 0.196601 0.215294 0.190275 0.201583
1968750 0.184035 0.187052 0.203549 2.51206 -1.5352 -0.675863 0.180514 0.189853 0.205095 0.187378 0.184394 0.202081
1968750 0.195992 0.185566 0.21844 1.77173 0.790998 0.564661 0.191775 0.182815 0.216699 0.198782 0.187386 0.219592
1968750 0.192731 0.183825 0.207741 1.61217 -4.7307 -0.726886 0.191986 0.187872 0.20862 0.193585 0.179178 0.206731
1968750 0.182468 0.181065 0.19132 0.0 0.0 0.0 0.186076 0.1825 0.19359 0.178575 0.179643 0.188873
1968750 0.180582 0.192552 0.200948 0.0 0.0 0.0 0.180514 0.189853 0.205095 0.180627 0.194526 0.19807
1968750 0.182849 0.185338 0.192639 0.0 0.0 0.0 0.186076 0.1825 0.19359 0.179222 0.188653 0.191571
1968750 0.183875 0.188245 0.188987 0.0 0.0 0.0 0.18917 0.187909 0.186045 0.179222 0.188653 0.191571
1968750 0.182877 0.187203 0.208339 0.0 0.0 0.0 0.180514 0.189853 0.205095 0.184751 0.185207 0.210915
1968750 0.185949 0.184775 0.20689 0.0 0.0 0.0 0.187378 0.184394 0.202081 0.184751 0.185207 0.210915
1968750 0.187667 0.184153 0.213316 0.0 0.0 0.0 0.191775 0.182815 0.216699 0.184751 0.185207 0.210915
1968750 0.188176 0.186407 0.209829 0.0 0.0 0.0 0.191986 0.187872 0.20862 0.184751 0.185207 0.210915
1968750 0.185472 0.189097 0.210839 0.0 0.0 0.0 0.186237 0.19337 0.210757 0.184751 0.185207 0.210915
1968750 0.185024 0.191064 0.204254 0.0 0.0 0.0 0.180514 0.189853 0.205095 0.188145 0.192003 0.203672
1968750 0.186036 0.195904 0.196185 0.0 0.0 0.0 0.187182 0.190914 0.19585 0.18476 0.201581 0.196557
1968750 0.187251 0.198929 0.192893 0.0 0.0 0.0 0.189338 0.196814 0.189822 0.18476 0.201581 0.196557
1968750 0.197909 0.18026 0.181977 0.0 0.0 0.0 0.199441 0.174928 0.182892 0.196893 0.183899 0.181368
1968750 0.193498 0.180042 0.184836 0.0 0.0 0.0 0.195604 0.181246 0.188107 0.191342 0.178932 0.181484
1968750 0.193966 0.185359 0.183141 0.0 0.0 0.0 0.18917 0.187909 0.186045 0.196893 0.183899 0.181368
1968750 0.190411 0.182722 0.183442 0.0 0.0 0.0 0.18917 0.187909 0.186045 0.191342 0.178932 0.181484
1968750 0.186099 0.178502 0.195329 0.0 0.0 0.0 0.186076 0.1825 0.19359 0.186125 0.173736 0.19746
1968750 0.189638 0.180679 0.196509 0.0 0.0 0.0 0.186076 0.1825 0.19359 0.192351 0.179396 0.198734
1968750 0.190266 0.181432 0.200137 0.0 0.0 0.0 0.192351 0.179396 0.198734 0.187378 0.184394 0.202081
1968750 0.197523 0.185291 0.18677 0.0 0.0 0.0 0.195604 0.181246 0.188107 0.199418 0.189405 0.185448
1968750 0.187434 0.184815 0.190279 0.0 0.0 0.0 0.186076 0.1825 0.19359 0.18917 0.187909 0.186045
1968750 0.199478 0.181908 0.186163 0.0 0.0 0.0 0.195604 0.181246 0.188107 0.202869 0.182599 0.184461
1968750 0.198297 0.178561 0.189751 0.0 0.0 0.0 0.195604 0.181246 0.188107 0.200602 0.176376 0.191153
1968750 0.192725 0.180848 0.211471 0.0 0.0 0.0 0.191775 0.182815 0.216699 0.193585 0.179178 0.206731
1968750 0.190577 0.184636 0.198221 0.0 0.0 0.0 0.192778 0.184902 0.195564 0.187378 0.184394 0.202081
1968750 0.197231 0.180267 0.20969 0.0 0.0 0.0 0.200738 0.181433 0.212539 0.193585 0.179178 0.206731
1968750 0.199948 0.179263 0.216623 0.0 0.0 0.0 0.199118 0.17711 0.220913 0.200738 0.181433 0.212539
1968750 0.203111 0.180222 0.219592 0.0 0.0 0.0 0.199118 0.17711 0.220913 0.205935 0.182528 0.218658
1968750 0.198193 0.189565 0.181423 0.0 0.0 0.0 0.199418 0.189405 0.185448 0.197088 0.189822 0.177788
1968750 0.190494 0.187297 0.195682 0.0 0.0 0.0 0.192778 0.184902 0.195564 0.187182 0.190914 0.19585
1968750 0.193944 0.187551 0.194413 0.0 0.0 0.0 0.192778 0.184902 0.195564 0.195641 0.191546 0.192734
1968750 0.195113 0.188717 0.185699 0.0 0.0 0.0 0.199418 0.189405 0.185448 0.18917 0.187909 0.186045
1968750 0.18808 0.189498 0.191424 0.0 0.0 0.0 0.187182 0.190914 0.19585 0.18917 0.187909 0.186045
1968750 0.191407 0.191171 0.194295 0.0 0.0 0.0 0.187182 0.190914 0.19585 0.195641 0.191546 0.192734
1968750 0.191011 0.196911 0.1944 0.0 0.0 0.0 0.192889 0.197143 0.199537 0.189338 0.196814 0.189822
1968750 0.193155 0.197298 0.188146 0.0 0.0 0.0 0.197553 0.197982 0.186213 0.189338 0.196814 0.189822
1968750 0.190954 0.189651 0.198598 0.0 0.0 0.0 0.187182 0.190914 0.19585 0.193797 0.188801 0.200669
1968750 0.187739 0.191484 0.200368 0.0 0.0 0.0 0.187182 0.190914 0.19585 0.188145 0.192003 0.203672
1968750 0.194589 0.189922 0.197264 0.0 0.0 0.0 0.195641 0.191546 0.192734 0.193797 0.188801 0.200669
1968750 0.193416 0.192237 0.200195 0.0 0.0 0.0 0.192889 0.197143 0.199537 0.193797 0.188801 0.200669
1968750 0.190096 0.194058 0.201971 0.0 0.0 0.0 0.192889 0.197143 0.199537 0.188145 0.192003 0.203672
1968750 0.19025 0.199542 0.18594 0.0 0.0 0.0 0.189338 0.196814 0.189822 0.191039 0.202009 0.182583
1968750 0.194459 0.201668 0.188194 0.0 0.0 0.0 0.197553 0.197982 0.186213 0.191597 0.205191 0.190026
1968750 0.198704 0.200125 0.190386 0.0 0.0 0.0 0.197553 0.197982 0.186213 0.199968 0.202599 0.19497
1968750 0.201248 0.185737 0.184925 0.0 0.0 0.0 0.199418 0.189405 0.185448 0.202869 0.182599 0.184461
1968750 0.201114 0.187337 0.181648 0.0 0.0 0.0 0.199418 0.189405 0.185448 0.202459 0.185803 0.178636
1968750 0.201649 0.196406 0.1837 0.0 0.0 0.0 0.197553 0.197982 0.186213 0.207385 0.19434 0.180178
1968750 0.201574 0.192035 0.188515 0.0 0.0 0.0 0.203694 0.19474 0.191532 0.199418 0.189405 0.185448
1968750 0.199962 0.1932 0.19209 0.0 0.0 0.0 0.203694 0.19474 0.191532 0.195641 0.191546 0.192734
1968750 0.197408 0.194616 0.19945 0.0 0.0 0.0 0.192889 0.197143 0.199537 0.201747 0.192304 0.199366
1968750 0.197043 0.198445 0.20234 0.0 0.0 0.0 0.192889 0.197143 0.199537 0.201725 0.200036 0.205499
1968750 0.202154 0.199724 0.187511 0.0 0.0 0.0 0.197553 0.197982 0.186213 0.20527 0.201004 0.188389
1968750 0.195702 0.186818 0.206776 0.0 0.0 0.0 0.191986 0.187872 0.20862 0.199469 0.185868 0.204907
1968750 0.190928 0.190368 0.202194 0.0 0.0 0.0 0.188145 0.192003 0.203672 0.193797 0.188801 0.200669
1968750 0.192989 0.188328 0.204221 0.0 0.0 0.0 0.191986 0.187872 0.20862 0.193797 0.188801 0.200669
1968750 0.195211 0.190827 0.203037 0.0 0.0 0.0 0.196628 0.19297 0.205407 0.193797 0.188801 0.200669
1968750 0.187288 0.192558 0.206858 0.0 0.0 0.0 0.186237 0.19337 0.210757 0.188145 0.192003 0.203672
1968750 0.189716 0.192351 0.213229 0.0 0.0 0.0 0.186237 0.19337 0.210757 0.192798 0.191562 0.21542
1968750 0.194823 0.195486 0.206781 0.0 0.0 0.0 0.192388 0.199016 0.208637 0.196628 0.19297 0.205407
1968750 0.194928 0.194718 0.215426 0.0 0.0 0.0 0.192798 0.191562 0.21542 0.197169 0.198156 0.215433
1968750 0.195017 0.198485 0.212375 0.0 0.0 0.0 0.192388 0.199016 0.208637 0.197169 0.198156 0.215433
1968750 0.186298 0.19553 0.21427 0.0 0.0 0.0 0.186237 0.19337 0.210757 0.186383 0.198811 0.219368
1968750 0.194654 0.192643 0.218342 0.0 0.0 0.0 0.196474 0.193822 0.22121 0.192798 0.191562 0.21542
1968750 0.19581 0.1894 0.217519 0.0 0.0 0.0 0.192798 0.191562 0.21542 0.198782 0.187386 0.219592
1968750 0.190366 0.19425 0.216917 0.0 0.0 0.0 0.192798 0.191562 0.21542 0.186383 0.198811 0.219368
1968750 0.200078 0.184894 0.200337 0.0 0.0 0.0 0.200793 0.183881 0.194985 0.199469 0.185868 0.204907
1968750 0.201265 0.182207 0.203408 0.0 0.0 0.0 0.199469 0.185868 0.204907 0.202882 0.179026 0.202059
1968750 0.197204 0.190245 0.200111 0.0 0.0 0.0 0.201747 0.192304 0.199366 0.193797 0.188801 0.200669
1968750 0.198823 0.192626 0.202816 0.0 0.0 0.0 0.201747 0.192304 0.199366 0.196628 0.19297 0.205407
1968750 0.203398 0.185551 0.207031 0.0 0.0 0.0 0.20644 0.185409 0.208675 0.199469 0.185868 0.204907
1968750 0.195998 0.189262 0.210344 0.0 0.0 0.0 0.191986 0.187872 0.20862 0.200563 0.190968 0.212307
1968750 0.196114 0.191249 0.21409 0.0 0.0 0.0 0.200563 0.190968 0.212307 0.192798 0.191562 0.21542
1968750 0.200421 0.195962 0.217633 0.0 0.0 0.0 0.203942 0.193708 0.220017 0.197169 0.198156 0.215433
1968750 0.199626 0.18476 0.216551 0.0 0.0 0.0 0.200738 0.181433 0.212539 0.198782 0.187386 0.219592
1968750 0.201179 0.190262 0.219789 0.0 0.0 0.0 0.203942 0.193708 0.220017 0.198782 0.187386 0.219592
1968750 0.202117 0.198007 0.192987 0.0 0.0 0.0 0.203694 0.19474 0.191532 0.199968 0.202599 0.19497
1968750 0.204575 0.200252 0.196518 0.0 0.0 0.0 0.208678 0.198272 0.197897 0.199968 0.202599 0.19497
1968750 0.209308 0.180837 0.186983 0.0 0.0 0.0 0.207565 0.179486 0.190564 0.211545 0.182707 0.182387
1968750 0.205005 0.181123 0.187237 0.0 0.0 0.0 0.207565 0.179486 0.190564 0.202869 0.182599 0.184461
1968750 0.201293 0.188239 0.197283 0.0 0.0 0.0 0.200793 0.183881 0.194985 0.201747 0.192304 0.199366
1968750 0.203941 0.185876 0.191684 0.0 0.0 0.0 0.200793 0.183881 0.194985 0.206576 0.187655 0.188921
1968750 0.209207 0.180646 0.21071 0.0 0.0 0.0 0.209468 0.182299 0.213253 0.208854 0.178545 0.207253
1968750 0.205056 0.179835 0.209725 0.0 0.0 0.0 0.200738 0.181433 0.212539 0.208854 0.178545 0.207253
1968750 0.206039 0.181897 0.212971 0.0 0.0 0.0 0.209468 0.182299 0.213253 0.200738 0.181433 0.212539
1968750 0.214029 0.184624 0.201116 0.0 0.0 0.0 0.213109 0.180604 0.200775 0.215294 0.190275 0.201583
1968750 0.207924 0.18209 0.204284 0.0 0.0 0.0 0.208854 0.178545 0.207253 0.206999 0.185742 0.201327
1968750 0.207519 0.182282 0.20804 0.0 0.0 0.0 0.20644 0.185409 0.208675 0.208854 0.178545 0.207253
1968750 0.210966 0.184768 0.211327 0.0 0.0 0.0 0.209468 0.182299 0.213253 0.212556 0.187512 0.209285
1968750 0.200651 0.186072 0.212424 0.0 0.0 0.0 0.200563 0.190968 0.212307 0.200738 0.181433 0.212539
1968750 0.209966 0.184855 0.214656 0.0 0.0 0.0 0.209468 0.182299 0.213253 0.210755 0.189061 0.216878
1968750 0.215706 0.181571 0.203856 0.0 0.0 0.0 0.218894 0.182892 0.207637 0.213109 0.180604 0.200775
1968750 0.207096 0.17929 0.217951 0.0 0.0 0.0 0.205935 0.182528 0.218658 0.209337 0.173215 0.216588
1968750 0.207961 0.185213 0.21791 0.0 0.0 0.0 0.205935 0.182528 0.218658 0.210755 0.189061 0.216878
1968750 0.206884 0.190144 0.18559 0.0 0.0 0.0 0.207385 0.19434 0.180178 0.206576 0.187655 0.188921
1968750 0.205042 0.194535 0.187387 0.0 0.0 0.0 0.203694 0.19474 0.191532 0.207385 0.19434 0.180178
1968750 0.210994 0.197727 0.184793 0.0 0.0 0.0 0.207385 0.19434 0.180178 0.21378 0.200444 0.188353
1968750 0.212418 0.192104 0.184751 0.0 0.0 0.0 0.216026 0.190602 0.188026 0.207385 0.19434 0.180178
1968750 0.209591 0.186294 0.191563 0.0 0.0 0.0 0.212544 0.18508 0.194148 0.206576 0.187655 0.188921
1968750 0.207242 0.193026 0.192787 0.0 0.0 0.0 0.210039 0.191781 0.193775 0.203694 0.19474 0.191532
1968750 0.205945 0.196276 0.194408 0.0 0.0 0.0 0.203694 0.19474 0.191532 0.208678 0.198272 0.197897
1968750 0.209764 0.185352 0.197746 0.0 0.0 0.0 0.212544 0.18508 0.194148 0.206999 0.185742 0.201327
1968750 0.204511 0.18879 0.200399 0.0 0.0 0.0 0.201747 0.192304 0.199366 0.206999 0.185742 0.201327
1968750 0.204793 0.192434 0.203279 0.0 0.0 0.0 0.201747 0.192304 0.199366 0.207658 0.19267 0.206959
1968750 0.201737 0.195803 0.202188 0.0 0.0 0.0 0.201725 0.200036 0.205499 0.201747 0.192304 0.199366
1968750 0.211947 0.191174 0.196613 0.0 0.0 0.0 0.210039 0.191781 0.193775 0.215294 0.190275 0.201583
1968750 0.211773 0.194471 0.199622 0.0 0.0 0.0 0.208678 0.198272 0.197897 0.215294 0.190275 0.201583
1968750 0.205401 0.199045 0.201479 0.0 0.0 0.0 0.208678 0.198272 0.197897 0.201725 0.200036 0.205499
1968750 0.212018 0.202061 0.196434 0.0 0.0 0.0 0.208678 0.198272 0.197897 0.214153 0.204576 0.195498
1968750 0.2111 0.199245 0.193366 0.0 0.0 0.0 0.208678 0.198272 0.197897 0.21378 0.200444 0.188353
1968750 0.216388 0.183938 0.195104 0.0 0.0 0.0 0.222417 0.182301 0.196601 0.212544 0.18508 0.194148
1968750 0.210943 0.188958 0.188508 0.0 0.0 0.0 0.216026 0.190602 0.188026 0.206576 0.187655 0.188921
1968750 0.212357 0.191266 0.191549 0.0 0.0 0.0 0.210039 0.191781 0.193775 0.216026 0.190602 0.188026
1968750 0.215462 0.193341 0.192088 0.0 0.0 0.0 0.216026 0.190602 0.188026 0.215105 0.195179 0.194671
1968750 0.21621 0.196985 0.196879 0.0 0.0 0.0 0.217857 0.199818 0.200162 0.215105 0.195179 0.194671
1968750 0.213332 0.198998 0.199047 0.0 0.0 0.0 0.217857 0.199818 0.200162 0.208678 0.198272 0.197897
1968750 0.20732 0.18907 0.204081 0.0 0.0 0.0 0.206999 0.185742 0.201327 0.207658 0.19267 0.206959
1968750 0.204041 0.187621 0.210158 0.0 0.0 0.0 0.20644 0.185409 0.208675 0.200563 0.190968 0.212307
1968750 0.203711 0.194523 0.212908 0.0 0.0 0.0 0.200563 0.190968 0.212307 0.206305 0.197556 0.213404
1968750 0.201113 0.195209 0.209079 0.0 0.0 0.0 0.200563 0.190968 0.212307 0.201725 0.200036 0.205499
1968750 0.210457 0.189664 0.208288 0.0 0.0 0.0 0.212556 0.187512 0.209285 0.207658 0.19267 0.206959
1968750 0.213575 0.188481 0.206419 0.0 0.0 0.0 0.212556 0.187512 0.209285 0.215294 0.190275 0.201583
1968750 0.204354 0.198554 0.210037 0.0 0.0 0.0 0.206305 0.197556 0.213404 0.201725 0.200036 0.205499
1968750 0.208321 0.19365 0.214977 0.0 0.0 0.0 0.206305 0.197556 0.213404 0.210755 0.189061 0.216878
1968750 0.213863 0.190575 0.209962 0.0 0.0 0.0 0.212556 0.187512 0.209285 0.216523 0.196984 0.211341
1968750 0.211167 0.19432 0.208694 0.0 0.0 0.0 0.216523 0.196984 0.211341 0.207658 0.19267 0.206959
1968750 0.21585 0.193257 0.206007 0.0 0.0 0.0 0.216523 0.196984 0.211341 0.215294 0.190275 0.201583
1968750 0.210165 0.197281 0.212624 0.0 0.0 0.0 0.206305 0.197556 0.213404 0.216523 0.196984 0.211341
1968750 0.213928 0.202825 0.200628 0.0 0.0 0.0 0.217857 0.199818 0.200162 0.211348 0.2049 0.200933
1968750 0.217301 0.198584 0.204799 0.0 0.0 0.0 0.217857 0.199818 0.200162 0.216523 0.196984 0.211341
1968750 0.219733 0.202728 0.196924 0.0 0.0 0.0 0.217857 0.199818 0.200162 0.221794 0.206039 0.193375
1968750 0.183072 0.208772 0.194099 -4.69944 -0.515632 0.913402 0.186314 0.209313 0.19396 0.179307 0.208144 0.19426
1968750 0.190431 0.200868 0.189921 -10.5527 -29.5479 3.586 0.191597 0.205191 0.190026 0.189338 0.196814 0.189822
1968750 0.192792 0.20226 0.211858 -2.48878 -8.70449 -7.16451 0.193199 0.205536 0.215109 0.192388 0.199016 0.208637
1968750 0.194544 0.203041 0.208184 -5.00051 -9.16526 2.74788 0.196016 0.205788 0.207875 0.192388 0.199016 0.208637
1968750 0.19446 0.203591 0.219122 1.0668 -2.34624 6.47943 0.193199 0.205536 0.215109 0.195711 0.20166 0.223105
1968750 0.188245 0.210439 0.185645 -3.09807 -5.51395 -5.80676 0.189577 0.213941 0.188393 0.187266 0.207866 0.183626
1968750 0.18855 0.207568 0.192294 4.76308 -2.82369 -4.20228 0.186314 0.209313 0.19396 0.191597 0.205191 0.190026
1968750 0.194304 0.20837 0.19165 9.15937 9.37975 7.4599 0.191597 0.205191 0.190026 0.196786 0.211285 0.19314
1968750 0.187711 0.211894 0.195443 4.54169 8.53618 6.99587 0.186314 0.209313 0.19396 0.189673 0.215518 0.197525
1968750 0.19689 0.211499 0.197242 -0.631013 1.36214 7.85726 0.196786 0.211285 0.19314 0.197011 0.211747 0.202004
1968750 0.193282 0.213663 0.199728 -4.02555 1.48333 -1.72818 0.197011 0.211747 0.202004 0.189673 0.215518 0.197525
1968750 0.191884 0.216348 0.185154 -1.38645 -1.37119 2.60828 0.194284 0.218853 0.181781 0.189577 0.213941 0.188393
1968750 0.197293 0.215244 0.192165 1.76158 11.3259 -4.79271 0.196786 0.211285 0.19314 0.197881 0.219839 0.191034
1968750 0.190737 0.217046 0.201751 -0.252276 -0.795102 -2.75267 0.191837 0.218626 0.206119 0.189673 0.215518 0.197525
1968750 0.195925 0.208863 0.213384 2.46408 2.74689 -0.859104 0.193199 0.205536 0.215109 0.198842 0.212423 0.211537
1968750 0.195667 0.204938 0.204881 -1.82896 -3.50128 -8.11412 0.196016 0.205788 0.207875 0.195326 0.204109 0.20196
1968750 0.19711 0.208357 0.209292 -5.78884 -12.6245 -10.0583 0.198842 0.212423 0.211537 0.196016 0.205788 0.207875
1968750 0.191468 0.209825 0.215373 -11.7454 19.6948 2.21328 0.193199 0.205536 0.215109 0.189328 0.215129 0.2157
1968750 0.198542 0.216023 0.200548 4.1538 7.89902 -2.06329 0.197011 0.211747 0.202004 0.199763 0.219433 0.199388
1968750 0.194425 0.215186 0.204061 10.8682 -11.1286 -9.70021 0.191837 0.218626 0.206119 0.197011 0.211747 0.202004
1968750 0.202891 0.214937 0.212908 6.46638 4.77318 1.15089 0.198842 0.212423 0.211537 0.206532 0.217197 0.214141
1968750 0.201225 0.209562 0.201537 9.19258 -4.53873 0.610319 0.197011 0.211747 0.202004 0.204789 0.207715 0.201143
1968750 0.201084 0.213765 0.203452 8.00995 3.0589 4.03836 0.197011 0.211747 0.202004 0.205075 0.215742 0.204872
1968750 0.190697 0.217037 0.210473 -4.05541 -3.34466 8.99447 0.191837 0.218626 0.206119 0.189328 0.215129 0.2157
1968750 0.200851 0.206175 0.21908 -0.774813 1.23915 1.56504 0.202455 0.203548 0.216685 0.19945 0.208472 0.221173
1968750 0.214613 0.197134 0.192326 1.22143 -3.90935 6.6095 0.21378 0.200444 0.188353 0.215105 0.195179 0.194671
1968750 0.209548 0.199729 0.202317 -1.4897 -1.522 -9.4173 0.210119 0.200685 0.20522 0.208678 0.198272 0.197897
1968750 0.210245 0.202636 0.185171 7.87826 -5.03023 5.04362 0.207967 0.204049 0.18312 0.21378 0.200444 0.188353
1968750 0.208409 0.202119 0.19515 -1.14855 -9.59408 7.61848 0.20822 0.204831 0.193214 0.208678 0.198272 0.197897
1968750 0.214017 0.203063 0.192883 0.448335 -3.23374 -7.64027 0.214153 0.204576 0.195498 0.21378 0.200444 0.188353
1968750 0.209397 0.203131 0.207 -0.649709 5.86565 3.63142 0.210119 0.200685 0.20522 0.208101 0.207517 0.21019
1968750 0.20437 0.200568 0.215053 0.988345 -1.28581 -1.04467 0.202455 0.203548 0.216685 0.206305 0.197556 0.213404
1968750 0.212193 0.199486 0.207203 10.1123 -3.45831 8.08297 0.210119 0.200685 0.20522 0.216523 0.196984 0.211341
1968750 0.204871 0.204293 0.181797 -5.36917 -0.449955 -2.68037 0.207967 0.204049 0.18312 0.200492 0.204639 0.179925
1968750 0.203131 0.213233 0.182422 2.58908 -0.937652 9.19567 0.201265 0.213719 0.178392 0.205747 0.212552 0.188072
1968750 0.211788 0.211555 0.189386 -7.70894 2.06181 -0.684495 0.215348 0.210968 0.19016 0.205747 0.212552 0.188072
1968750 0.212948 0.207275 0.196131 -3.53793 13.2823 2.56802 0.214153 0.204576 0.195498 0.211221 0.211143 0.197038
1968750 0.20736 0.207516 0.191426 -5.36108 9.90535 -6.89361 0.20822 0.204831 0.193214 0.205747 0.212552 0.188072
1968750 0.20789 0.209368 0.199164 -14.248 -5.26307 10.9085 0.211221 0.211143 0.197038 0.204789 0.207715 0.201143
1968750 0.21275 0.214476 0.199346 -3.92275 -9.27966 -8.81225 0.214225 0.217689 0.201572 0.211221 0.211143 0.197038
1968750 0.212117 0.214964 0.195201 0.818268 14.7412 -7.22616 0.211221 0.211143 0.197038 0.212934 0.218448 0.193526
1968750 0.218073 0.208884 0.191519 9.22281 -5.17955 5.37565 0.215348 0.210968 0.19016 0.221794 0.206039 0.193375
1968750 0.206455 0.211991 0.207297 -2.15367 4.02151 -3.50473 0.208101 0.207517 0.21019 0.205075 0.215742 0.204872
1968750 0.210014 0.217025 0.216923 -3.92982 0.131644 -4.31462 0.213214 0.216866 0.21948 0.206532 0.217197 0.214141
1968750 0.208848 0.217592 0.20692 6.89573 4.00888 2.54693 0.205075 0.215742 0.204872 0.21145 0.218868 0.208333
1968750 0.212659 0.218355 0.205388 -1.87672 1.51938 4.24343 0.214225 0.217689 0.201572 0.21145 0.218868 0.208333
1968750 0.215629 0.211947 0.207848 1.51091 -1.12131 -2.17172 0.214272 0.213542 0.210063 0.218041 0.20911 0.20391
1968750 0.199943 0.210973 0.186323 7.40078 0.825063 2.65647 0.196397 0.210009 0.185254 0.205747 0.212552 0.188072
1968750 0.204779 0.205181 0.214012 0.653268 0.291008 -0.590998 0.202455 0.203548 0.216685 0.208101 0.207517 0.21019
1968750 0.194686 0.210224 0.181838 1.16497 -0.366362 3.63402 0.192885 0.21045 0.178242 0.196397 0.210009 0.185254
1968750 0.20702 0.200445 0.205323 -5.99088 0.481937 0.0840074 0.210119 0.200685 0.20522 0.201725 0.200036 0.205499
1968750 0.217019 0.205124 0.194702 2.50845 0.888542 -0.557764 0.214153 0.204576 0.195498 0.221794 0.206039 0.193375
1968750 0.212091 0.211413 0.210108 -0.665215 -0.512375 0.103005 0.214272 0.213542 0.210063 0.208101 0.207517 0.21019
1968750 0.193318 0.211785 0.186672 -2.89592 1.64147 1.98611 0.196397 0.210009 0.185254 0.189577 0.213941 0.188393
1968750 0.189625 0.214732 0.192974 -0.09869 0.0486316 1.32088 0.189577 0.213941 0.188393 0.189673 0.215518 0.197525
1968750 0.198219 0.20762 0.182883 1.34236 -2.75508 -2.30287 0.196397 0.210009 0.185254 0.200492 0.204639 0.179925
1968750 0.21345 0.211049 0.193323 -3.06799 -0.33399 7.35531 0.215348 0.210968 0.19016 0.211221 0.211143 0.197038
1968750 0.199343 0.214485 0.21602 0.138376 2.40914 3.72774 0.198842 0.212423 0.211537 0.199807 0.21639 0.220161
1968750 0.204285 0.213371 0.194108 -0.0987892 0.0926902 1.14236 0.205747 0.212552 0.188072 0.203518 0.213801 0.197276
1968750 0.204089 0.211069 0.199012 0.0969124 -1.0659 0.87354 0.203518 0.213801 0.197276 0.204789 0.207715 0.201143
1968750 0.203248 0.201612 0.190899 -0.343302 0.0197097 0.466766 0.20527 0.201004 0.188389 0.199968 0.202599 0.19497
1968750 0.206599 0.202505 0.185792 -0.410476 -0.59477 1.28202 0.207967 0.204049 0.18312 0.20527 0.201004 0.188389
1968750 0.197909 0.212079 0.206678 -0.309816 0.160262 -1.78842 0.198842 0.212423 0.211537 0.197011 0.211747 0.202004
1968750 0.207774 0.200823 0.182143 0.00680075 -0.946847 -0.445218 0.207967 0.204049 0.18312 0.207385 0.19434 0.180178
1968750 0.191873 0.206334 0.194351 -0.0 -0.0 0.0 0.191597 0.205191 0.190026 0.192074 0.207164 0.197493
1968750 0.190353 0.207538 0.200232 -0.000982584 0.000539518 0.00167617 0.192074 0.207164 0.197493 0.186876 0.208294 0.205764
1968750 0.19275 0.210295 0.203585 0.842967 0.295781 -0.483566 0.186876 0.208294 0.205764 0.197011 0.211747 0.202004
1968750 0.215441 0.211777 0.212255 2.31183 -2.5196 4.53125 0.214272 0.213542 0.210063 0.217754 0.208285 0.216591
1968750 0.218593 0.212011 0.199365 -0.111715 -1.00425 2.25072 0.218993 0.214112 0.196075 0.218041 0.20911 0.20391
1968750 0.204296 0.217735 0.184867 -1.12375 3.09512 -2.68034 0.205747 0.212552 0.188072 0.203491 0.220613 0.183088
1968750 0.204837 0.203686 0.207788 -1.59789 -1.3162 -0.998469 0.208101 0.207517 0.21019 0.201725 0.200036 0.205499
1968750 0.200336 0.211787 0.191132 4.83995 1.0755 -3.80963 0.196786 0.211285 0.19314 0.205747 0.212552 0.188072
1968750 0.210742 0.202821 0.203047 1.37144 2.70779 -2.52551 0.210119 0.200685 0.20522 0.211348 0.2049 0.200933
1968750 0.213746 0.206408 0.201999 -0.0101534 -0.00910611 -0.0051269 0.218041 0.20911 0.20391 0.211348 0.2049 0.200933
1968750 0.181665 0.205306 0.195253 0.873266 -0.757521 0.340703 0.179307 0.208144 0.19426 0.18476 0.201581 0.196557
1968750 0.21831 0.218316 0.20219 3.99668 0.526385 1.27271 0.214225 0.217689 0.201572 0.224735 0.219303 0.203163
1968750 0.201777 0.216412 0.198255 -0.789985 1.25429 0.733086 0.203518 0.213801 0.197276 0.199763 0.219433 0.199388
1968750 0.182285 0.216745 0.206835 -0.617348 -0.753597 1.35171 0.183665 0.21794 0.203442 0.180934 0.215574 0.210158
1968750 0.211296 0.207467 0.199331 0.54308 -3.93404 3.2436 0.211221 0.211143 0.197038 0.211348 0.2049 0.200933
1968750 0.187315 0.218247 0.204638 3.41996 -0.154111 1.5254 0.183665 0.21794 0.203442 0.191837 0.218626 0.206119
1968750 0.212901 0.216131 0.209222 -2.45323 5.60766 -2.74665 0.214272 0.213542 0.210063 0.21145 0.218868 0.208333
1968750 0.190185 0.202562 0.216993 -5.11021 -3.53635 2.89488 0.193199 0.205536 0.215109 0.186383 0.198811 0.219368
1968750 0.180806 0.218311 0.200886 -2.04326 0.275935 -2.51368 0.183665 0.21794 0.203442 0.178318 0.218634 0.198663
1968750 0.184852 0.214376 0.2043 3.08583 -6.43844 0.897428 0.183665 0.21794 0.203442 0.186876 0.208294 0.205764
1968750 0.211333 0.204697 0.194412 2.50943 -0.440314 1.30033 0.20822 0.204831 0.193214 0.214153 0.204576 0.195498
1968750 0.185675 0.204485 0.20054 -3.02943 -5.49674 -10.4932 0.186876 0.208294 0.205764 0.18476 0.201581 0.196557
1968750 0.182841 0.211151 0.201426 0.00244984 -0.00218402 0.00219053 0.180959 0.212482 0.199405 0.186876 0.208294 0.205764
1968750 0.198943 0.217282 0.212517 0.0853861 11.9739 0.490909 0.198842 0.212423 0.211537 0.199019 0.220923 0.213252
1968750 0.202146 0.217777 0.201848 -0.576823 0.526855 -0.854006 0.205075 0.215742 0.204872 0.199763 0.219433 0.199388
1968750 0.18414 0.202062 0.191605 -1.01272 2.24586 -8.56816 0.18476 0.201581 0.196557 0.183626 0.202462 0.187494
1968750 0.194186 0.20779 0.187452 3.2815 4.11273 -2.76491 0.191597 0.205191 0.190026 0.196397 0.210009 0.185254
1968750 0.20271 0.205508 0.19848 0.112454 0.182812 0.176757 0.199968 0.202599 0.19497 0.204789 0.207715 0.201143
1968750 0.187947 0.218198 0.189296 9.51495 -16.6873 -2.79162 0.186411 0.222209 0.190146 0.189577 0.213941 0.188393
1968750 0.195984 0.207092 0.201977 -6.29236 -24.5136 3.80843 0.197011 0.211747 0.202004 0.195326 0.204109 0.20196
1968750 0.208982 0.211719 0.193371 0.525516 -0.179983 0.640689 0.205747 0.212552 0.188072 0.211221 0.211143 0.197038
1968750 0.198173 0.207499 0.193938 0.0849171 -0.409396 0.0547797 0.196786 0.211285 0.19314 0.199968 0.202599 0.19497
1968750 0.209331 0.217572 0.186992 7.52025 7.82286 -2.69269 0.205747 0.212552 0.188072 0.211422 0.2205 0.186362
1968750 0.206935 0.213833 0.217042 -0.394724 -4.37855 3.94052 0.206532 0.217197 0.214141 0.207365 0.210237 0.220141
1968750 0.193751 0.205589 0.199797 -0.0 0.0 0.0 0.192074 0.207164 0.197493 0.195326 0.204109 0.20196
1968750 0.197663 0.202621 0.203252 2.52983 -1.39634 0.859122 0.195326 0.204109 0.20196 0.201725 0.200036 0.205499
1968750 0.184496 0.21202 0.193524 -2.51668 3.61868 0.109661 0.186314 0.209313 0.19396 0.182231 0.215395 0.192981
1968750 0.199761 0.2008 0.216047 -0.508524 -0.676605 -0.0622297 0.202455 0.203548 0.216685 0.197169 0.198156 0.215433
1968750 0.198133 0.203655 0.206994 3.26405 -3.58037 -0.643191 0.196016 0.205788 0.207875 0.201725 0.200036 0.205499
1968750 0.190123 0.20283 0.207456 0.476464 -0.848254 0.431238 0.186876 0.208294 0.205764 0.192388 0.199016 0.208637
1968750 0.207704 0.208983 0.215555 -1.48825 1.38675 6.53014 0.208101 0.207517 0.21019 0.207365 0.210237 0.220141
1968750 0.215975 0.216272 0.194805 -6.75564 3.3559 -2.21687 0.218993 0.214112 0.196075 0.212934 0.218448 0.193526
1968750 0.193067 0.206597 0.207194 -2.10716 0.42256 -0.164239 0.196016 0.205788 0.207875 0.186876 0.208294 0.205764
1968750 0.185698 0.20625 0.194989 -1.9863 -7.85856 4.11857 0.186314 0.209313 0.19396 0.18476 0.201581 0.196557
1968750 0.195392 0.201458 0.215288 4.86569 -7.34231 1.49786 0.193199 0.205536 0.215109 0.197169 0.198156 0.215433
1968750 0.191289 0.203433 0.185914 -0.101361 -0.35166 -1.40642 0.191597 0.205191 0.190026 0.191039 0.202009 0.182583
1968750 0.188186 0.211946 0.211073 0.902258 4.26829 8.18747 0.186876 0.208294 0.205764 0.189328 0.215129 0.2157
1968750 0.208086 0.198787 0.216698 -1.33139 -0.43084 -2.22511 0.210591 0.200518 0.221333 0.206305 0.197556 0.213404
1968750 0.181503 0.213728 0.196657 0.00157622 0.00237475 -0.00876349 0.180959 0.212482 0.199405 0.182231 0.215395 0.192981
1968750 0.190605 0.209486 0.189224 -2.90981 12.2541 -0.267891 0.191597 0.205191 0.190026 0.189577 0.213941 0.188393
1968750 0.19488 0.205686 0.210793 0.0854465 0.0506585 -0.298493 0.193199 0.205536 0.215109 0.196016 0.205788 0.207875
1968750 0.182346 0.203409 0.205116 0.0 0.0 0.0 0.186876 0.208294 0.205764 0.17876 0.199646 0.204602
1968750 0.180224 0.210491 0.197113 0.0 0.0 0.0 0.180959 0.212482 0.199405 0.179307 0.208144 0.19426
1968750 0.180917 0.204941 0.199326 0.0 0.0 0.0 0.17858 0.207081 0.201011 0.18476 0.201581 0.196557
1968750 0.182158 0.214841 0.201191 0.0 0.0 0.0 0.180959 0.212482 0.199405 0.183665 0.21794 0.203442
1968750 0.187585 0.20216 0.184872 0.0 0.0 0.0 0.191039 0.202009 0.182583 0.183626 0.202462 0.187494
1968750 0.185674 0.214656 0.19083 0.0 0.0 0.0 0.189577 0.213941 0.188393 0.182231 0.215395 0.192981
1968750 0.185731 0.215453 0.195118 -0.137601 0.0210013 -0.0735339 0.189673 0.215518 0.197525 0.182231 0.215395 0.192981
1968750 0.187464 0.203717 0.188713 0.0 0.0 0.0 0.191597 0.205191 0.190026 0.183626 0.202462 0.187494
1968750 0.188369 0.203429 0.193109 0.0 0.0 0.0 0.191597 0.205191 0.190026 0.18476 0.201581 0.196557
1968750 0.189194 0.20491 0.197125 0.0 0.0 0.0 0.192074 0.207164 0.197493 0.18476 0.201581 0.196557
1968750 0.181208 0.207406 0.202517 0.0 0.0 0.0 0.17858 0.207081 0.201011 0.186876 0.208294 0.205764
1968750 0.183101 0.212863 0.208556 0.0 0.0 0.0 0.186876 0.208294 0.205764 0.180934 0.215574 0.210158
1968750 0.186398 0.216782 0.20075 0.0 0.0 0.0 0.183665 0.21794 0.203442 0.189673 0.215518 0.197525
1968750 0.194151 0.202015 0.204629 0.0 0.0 0.0 0.195326 0.204109 0.20196 0.192388 0.199016 0.208637
1968750 0.196514 0.199672 0.218879 0.0 0.0 0.0 0.195711 0.20166 0.223105 0.197169 0.198156 0.215433
1968750 0.189138 0.206651 0.186394 0.0 0.0 0.0 0.191597 0.205191 0.190026 0.187266 0.207866 0.183626
1968750 0.195424 0.203948 0.192287 0.0 0.0 0.0 0.191597 0.205191 0.190026 0.199968 0.202599 0.19497
1968750 0.196584 0.210567 0.189057 0.0 0.0 0.0 0.196786 0.211285 0.19314 0.196397 0.210009 0.185254
1968750 0.189209 0.208176 0.195737 0.0 0.0 0.0 0.186314 0.209313 0.19396 0.192074 0.207164 0.197493
1968750 0.187666 0.211174 0.191654 0.0 0.0 0.0 0.186314 0.209313 0.19396 0.189577 0.213941 0.188393
1968750 0.194156 0.208929 0.195569 0.0 0.0 0.0 0.192074 0.207164 0.197493 0.196786 0.211285 0.19314
1968750 0.191081 0.210562 0.197506 0.0 0.0 0.0 0.192074 0.207164 0.197493 0.189673 0.215518 0.197525
1968750 0.19507 0.205375 0.196535 0.0 0.0 0.0 0.192074 0.207164 0.197493 0.199968 0.202599 0.19497
1968750 0.193402 0.212474 0.190912 0.0 0.0 0.0 0.196786 0.211285 0.19314 0.189577 0.213941 0.188393
1968750 0.193435 0.213222 0.195204 0.0 0.0 0.0 0.196786 0.211285 0.19314 0.189673 0.215518 0.197525
1968750 0.194076 0.208967 0.199323 0.0 0.0 0.0 0.192074 0.207164 0.197493 0.197011 0.211747 0.202004
1968750 0.188519 0.212481 0.200923 0.0 0.0 0.0 0.186876 0.208294 0.205764 0.189673 0.215518 0.197525
1968750 0.197019 0.2035 0.199408 0.0 0.0 0.0 0.195326 0.204109 0.20196 0.199968 0.202599 0.19497
1968750 0.195464 0.213858 0.183722 0.0 0.0 0.0 0.194284 0.218853 0.181781 0.196397 0.210009 0.185254
1968750 0.193674 0.216795 0.189697 0.0 0.0 0.0 0.197881 0.219839 0.191034 0.189577 0.213941 0.188393
1968750 0.200928 0.19698 0.197345 0.0 0.0 0.0 0.199968 0.202599 0.19497 0.201747 0.192304 0.199366
1968750 0.200846 0.201259 0.200236 0.0 0.0 0.0 0.199968 0.202599 0.19497 0.201725 0.200036 0.205499
1968750 0.198643 0.211663 0.182089 0.0 0.0 0.0 0.201265 0.213719 0.178392 0.196397 0.210009 0.185254
1968750 0.200524 0.212626 0.195438 0.0 0.0 0.0 0.196786 0.211285 0.19314 0.203518 0.213801 0.197276
1968750 0.205037 0.203913 0.193891 0.0 0.0 0.0 0.20822 0.204831 0.193214 0.199968 0.202599 0.19497
1968750 0.190584 0.206619 0.211246 0.0 0.0 0.0 0.193199 0.205536 0.215109 0.186876 0.208294 0.205764
1968750 0.19641 0.208092 0.205547 0.0 0.0 0.0 0.196016 0.205788 0.207875 0.197011 0.211747 0.202004
1968750 0.192643 0.20538 0.203167 0.0 0.0 0.0 0.186876 0.208294 0.205764 0.195326 0.204109 0.20196
1968750 0.196799 0.20717 0.218602 0.0 0.0 0.0 0.193199 0.205536 0.215109 0.19945 0.208472 0.221173
1968750 0.194428 0.213622 0.213468 0.0 0.0 0.0 0.198842 0.212423 0.211537 0.189328 0.215129 0.2157
1968750 0.189751 0.214224 0.205969 0.0 0.0 0.0 0.191837 0.218626 0.206119 0.186876 0.208294 0.205764
1968750 0.195272 0.215527 0.208776 0.0 0.0 0.0 0.198842 0.212423 0.211537 0.191837 0.218626 0.206119
1968750 0.200862 0.212906 0.199205 0.0 0.0 0.0 0.197011 0.211747 0.202004 0.203518 0.213801 0.197276
1968750 0.203199 0.210056 0.210902 0.0 0.0 0.0 0.198842 0.212423 0.211537 0.208101 0.207517 0.21019
1968750 0.198224 0.204398 0.215965 0.0 0.0 0.0 0.193199 0.205536 0.215109 0.202455 0.203548 0.216685
1968750 0.202049 0.214075 0.208106 0.0 0.0 0.0 0.198842 0.212423 0.211537 0.205075 0.215742 0.204872
1968750 0.195151 0.215773 0.218179 0.0 0.0 0.0 0.199807 0.21639 0.220161 0.189328 0.215129 0.2157
1968750 0.199361 0.202623 0.219629 0.0 0.0 0.0 0.202455 0.203548 0.216685 0.195711 0.20166 0.223105
1968750 0.201281 0.216632 0.189754 0.0 0.0 0.0 0.197881 0.219839 0.191034 0.205747 0.212552 0.188072
1968750 0.203214 0.216742 0.21711 0.0 0.0 0.0 0.199807 0.21639 0.220161 0.206532 0.217197 0.214141
1968750 0.205959 0.198773 0.185714 0.0 0.0 0.0 0.20527 0.201004 0.188389 0.207385 0.19434 0.180178
1968750 0.209079 0.197244 0.205954 0.0 0.0 0.0 0.210119 0.200685 0.20522 0.207658 0.19267 0.206959
1968750 0.207048 0.201623 0.212072 0.0 0.0 0.0 0.208101 0.207517 0.21019 0.206305 0.197556 0.213404
1968750 0.202765 0.208005 0.18345 0.0 0.0 0.0 0.205747 0.212552 0.188072 0.200492 0.204639 0.179925
1968750 0.207189 0.206969 0.184856 0.0 0.0 0.0 0.207967 0.204049 0.18312 0.205747 0.212552 0.188072
1968750 0.211165 0.209977 0.184773 0.0 0.0 0.0 0.205747 0.212552 0.188072 0.215157 0.208179 0.182342
1968750 0.207157 0.21051 0.1822 0.0 0.0 0.0 0.205747 0.212552 0.188072 0.207939 0.20947 0.178951
1968750 0.202516 0.217538 0.181034 0.0 0.0 0.0 0.201265 0.213719 0.178392 0.203491 0.220613 0.183088
1968750 0.209525 0.207521 0.194879 0.0 0.0 0.0 0.20822 0.204831 0.193214 0.211221 0.211143 0.197038
1968750 0.206731 0.202842 0.19078 0.0 0.0 0.0 0.20822 0.204831 0.193214 0.20527 0.201004 0.188389
1968750 0.210383 0.203066 0.191323 0.0 0.0 0.0 0.20822 0.204831 0.193214 0.21378 0.200444 0.188353
1968750 0.206839 0.212598 0.197174 0.0 0.0 0.0 0.203518 0.213801 0.197276 0.211221 0.211143 0.197038
1968750 0.208546 0.200729 0.188376 0.0 0.0 0.0 0.20527 0.201004 0.188389 0.21378 0.200444 0.188353
1968750 0.212749 0.20468 0.198215 0.0 0.0 0.0 0.214153 0.204576 0.195498 0.211348 0.2049 0.200933
1968750 0.214182 0.214523 0.191786 0.0 0.0 0.0 0.215348 0.210968 0.19016 0.212934 0.218448 0.193526
1968750 0.210152 0.21611 0.191417 0.0 0.0 0.0 0.205747 0.212552 0.188072 0.212934 0.218448 0.193526
1968750 0.206051 0.218421 0.190272 0.0 0.0 0.0 0.205747 0.212552 0.188072 0.206246 0.222209 0.191655
1968750 0.204159 0.214545 0.200412 0.0 0.0 0.0 0.205075 0.215742 0.204872 0.203518 0.213801 0.197276
1968750 0.217114 0.212435 0.193028 0.0 0.0 0.0 0.218993 0.214112 0.196075 0.215348 0.210968 0.19016
1968750 0.2153 0.212644 0.196533 0.0 0.0 0.0 0.218993 0.214112 0.196075 0.211221 0.211143 0.197038
1968750 0.21425 0.210182 0.200092 0.0 0.0 0.0 0.218041 0.20911 0.20391 0.211221 0.211143 0.197038
1968750 0.208534 0.206049 0.201023 0.0 0.0 0.0 0.211348 0.2049 0.200933 0.204789 0.207715 0.201143
1968750 0.206179 0.207574 0.20494 0.0 0.0 0.0 0.208101 0.207517 0.21019 0.204789 0.207715 0.201143
1968750 0.207228 0.212838 0.212384 0.0 0.0 0.0 0.208101 0.207517 0.21019 0.206532 0.217197 0.214141
1968750 0.204921 0.211376 0.20287 0.0 0.0 0.0 0.205075 0.215742 0.204872 0.204789 0.207715 0.201143
1968750 0.211991 0.202592 0.210722 0.0 0.0 0.0 0.208101 0.207517 0.21019 0.216523 0.196984 0.211341
1968750 0.21314 0.208266 0.207005 0.0 0.0 0.0 0.208101 0.207517 0.21019 0.218041 0.20911 0.20391
1968750 0.212738 0.207828 0.213265 0.0 0.0 0.0 0.208101 0.207517 0.21019 0.217754 0.208285 0.216591
1968750 0.215828 0.216033 0.210808 0.0 0.0 0.0 0.214272 0.213542 0.210063 0.218003 0.219645 0.211849
1968750 0.204663 0.2065 0.21824 0.0 0.0 0.0 0.202455 0.203548 0.216685 0.207365 0.210237 0.220141
1968750 0.205813 0.202239 0.218604 0.0 0.0 0.0 0.202455 0.203548 0.216685 0.210591 0.200518 0.221333
1968750 0.21356 0.218023 0.197438 0.0 0.0 0.0 0.214225 0.217689 0.201572 0.212934 0.218448 0.193526
1968750 0.216041 0.21839 0.191081 0.0 0.0 0.0 0.22066 0.218443 0.187445 0.212934 0.218448 0.193526
1968750 0.20582 0.21643 0.209615 0.0 0.0 0.0 0.206532 0.217197 0.214141 0.205075 0.215742 0.204872
1968750 0.209905 0.216714 0.20313 0.0 0.0 0.0 0.214225 0.217689 0.201572 0.205075 0.215742 0.204872
1968750 0.209385 0.21811 0.21077 0.0 0.0 0.0 0.206532 0.217197 0.214141 0.21145 0.218868 0.208333
1968750 0.216683 0.215787 0.198738 0.0 0.0 0.0 0.214225 0.217689 0.201572 0.218993 0.214112 0.196075
1968750 0.215884 0.213897 0.20259 0.0 0.0 0.0 0.214225 0.217689 0.201572 0.218041 0.20911 0.20391
