# ts x y z Fx Fy Fz x1 y1 z1 x2 y2 z2
3356250 0.185869 0.194556 0.187885 1.15428 0.185903 0.537515 0.182575 0.193448 0.186036 0.189385 0.195739 0.18986
3356250 0.183438 0.191909 0.197092 -3.77155 1.74039 0.60257 0.187211 0.189791 0.195836 0.180672 0.193462 0.198013
3356250 0.188948 0.198248 0.198051 -5.41339 2.75973 -3.1039 0.192871 0.196081 0.199519 0.184777 0.200552 0.19649
3356250 0.194441 0.180548 0.18146 5.81921 4.97165 -1.30904 0.19138 0.177804 0.181511 0.196927 0.182777 0.181418
3356250 0.198093 0.185286 0.183287 -4.43299 -7.47335 -7.80394 0.199477 0.188266 0.185508 0.196927 0.182777 0.181418
3356250 0.192894 0.1829 0.187256 -3.58383 2.72382 -1.0555 0.195593 0.180054 0.188119 0.189215 0.18678 0.186081
3356250 0.197919 0.181255 0.191164 1.76142 1.00296 3.28239 0.195593 0.180054 0.188119 0.200811 0.18275 0.194952
3356250 0.188272 0.178556 0.214132 7.4601 4.72408 5.75192 0.185381 0.176017 0.212065 0.191798 0.181653 0.216652
3356250 0.197697 0.189285 0.188903 -5.3811 3.78151 7.92369 0.199477 0.188266 0.185508 0.195671 0.190445 0.192768
3356250 0.192415 0.193187 0.191262 -6.7333 4.1839 -3.59703 0.195671 0.190445 0.192768 0.189385 0.195739 0.18986
3356250 0.196619 0.193537 0.189615 -1.52465 -2.71463 2.85346 0.197635 0.196853 0.186233 0.195671 0.190445 0.192768
3356250 0.194301 0.193202 0.196071 5.96185 -7.98928 -13.3602 0.192871 0.196081 0.199519 0.195671 0.190445 0.192768
3356250 0.195055 0.193648 0.202917 2.0404 -1.57772 2.23968 0.192871 0.196081 0.199519 0.19663 0.191894 0.205368
3356250 0.192634 0.197011 0.204136 0.865148 1.4797 7.84102 0.192871 0.196081 0.199519 0.192404 0.197917 0.208629
3356250 0.196191 0.198652 0.197371 0.27136 0.147167 -0.134563 0.192871 0.196081 0.199519 0.199937 0.201551 0.194949
3356250 0.198112 0.18679 0.193805 -11.6125 13.2377 -5.99374 0.200811 0.18275 0.194952 0.195671 0.190445 0.192768
3356250 0.202411 0.190101 0.183569 6.77753 4.25899 -6.33122 0.199477 0.188266 0.185508 0.207429 0.193241 0.180254
3356250 0.202968 0.187436 0.187201 2.1861 -0.205277 0.797887 0.199477 0.188266 0.185508 0.206644 0.186562 0.188985
3356250 0.199084 0.200215 0.183062 1.41638 2.43701 -3.19524 0.197635 0.196853 0.186233 0.200512 0.203531 0.179935
3356250 0.18914 0.194902 0.209777 9.89537 6.5104 -3.04426 0.186276 0.192256 0.210786 0.192404 0.197917 0.208629
3356250 0.196728 0.198398 0.207169 -6.05596 -0.650849 1.01547 0.201735 0.198954 0.205478 0.192404 0.197917 0.208629
3356250 0.19956 0.187792 0.216472 -0.121811 -0.143809 0.462846 0.200546 0.189869 0.21227 0.198834 0.186264 0.219563
3356250 0.210121 0.181146 0.192379 5.62335 5.04941 4.88798 0.207582 0.178319 0.190562 0.212586 0.183892 0.194144
3356250 0.201969 0.179987 0.198947 2.60866 -3.46395 5.30122 0.200811 0.18275 0.194952 0.202859 0.177865 0.202018
3356250 0.204207 0.183783 0.198465 4.27895 0.344895 3.9749 0.200811 0.18275 0.194952 0.206976 0.184626 0.20133
3356250 0.211107 0.187704 0.19407 1.67648 -6.67304 0.812248 0.209996 0.190569 0.194015 0.212586 0.183892 0.194144
3356250 0.214137 0.186472 0.191375 -2.91535 -3.17815 4.55276 0.215981 0.189539 0.188084 0.212586 0.183892 0.194144
3356250 0.206691 0.184448 0.20539 0.119463 0.393315 -1.91615 0.20646 0.184304 0.208682 0.206976 0.184626 0.20133
3356250 0.20803 0.182619 0.211051 0.994223 -1.07971 2.08746 0.20646 0.184304 0.208682 0.20946 0.181085 0.213207
3356250 0.204098 0.182631 0.210275 -3.53985 -1.65769 2.33211 0.20646 0.184304 0.208682 0.200774 0.180276 0.212516
3356250 0.210559 0.18656 0.201434 -5.74006 -3.81076 0.722705 0.215296 0.189116 0.201571 0.206976 0.184626 0.20133
3356250 0.206975 0.187472 0.207903 0.719851 4.87346 -0.395945 0.20646 0.184304 0.208682 0.207638 0.191556 0.206898
3356250 0.212238 0.181001 0.214356 2.68482 0.221084 0.757495 0.20946 0.181085 0.213207 0.215957 0.180888 0.215893
3356250 0.205169 0.194153 0.19866 -4.29887 -3.00915 0.209456 0.208701 0.197216 0.197903 0.201792 0.191225 0.199383
3356250 0.208575 0.188871 0.191883 -2.58542 -2.2839 -2.65579 0.209996 0.190569 0.194015 0.206644 0.186562 0.188985
3356250 0.212526 0.192286 0.194334 1.21433 0.885779 0.398257 0.209996 0.190569 0.194015 0.215071 0.194014 0.194654
3356250 0.209486 0.193186 0.195545 -2.12307 6.58522 5.20175 0.209996 0.190569 0.194015 0.208701 0.197216 0.197903
3356250 0.214584 0.196008 0.192341 0.544533 -1.72698 2.81116 0.21376 0.199386 0.188423 0.215071 0.194014 0.194654
3356250 0.209565 0.198657 0.202331 -1.33365 -2.13324 -4.38341 0.210132 0.199603 0.205238 0.208701 0.197216 0.197903
3356250 0.217979 0.192983 0.194872 -0.939309 0.500673 -0.0163781 0.22185 0.191611 0.195161 0.215071 0.194014 0.194654
3356250 0.205013 0.194847 0.206266 4.35695 -4.26354 0.291067 0.201735 0.198954 0.205478 0.207638 0.191556 0.206898
3356250 0.21102 0.190479 0.204546 -4.60414 0.81569 3.96445 0.215296 0.189116 0.201571 0.207638 0.191556 0.206898
3356250 0.203481 0.203317 0.202998 2.62882 12.1283 -7.60103 0.201735 0.198954 0.205478 0.204806 0.206629 0.201116
3356250 0.209402 0.202057 0.207004 -1.11082 2.65235 2.61623 0.210132 0.199603 0.205238 0.208094 0.206457 0.21017
3356250 0.217213 0.185221 0.204754 -5.76798 10.3149 -11.8381 0.21893 0.181733 0.207604 0.215296 0.189116 0.201571
3356250 0.212212 0.198383 0.207202 3.49446 -1.18374 3.19053 0.210132 0.199603 0.205238 0.216556 0.195837 0.211302
3356250 0.207098 0.190427 0.21853 7.02519 -3.2489 -3.31307 0.203962 0.192568 0.21998 0.210772 0.187919 0.216832
3356250 0.206966 0.19408 0.210261 0.987674 -2.19863 -2.44524 0.206344 0.196416 0.213374 0.207638 0.191556 0.206898
3356250 0.205171 0.194521 0.216627 0.833466 0.75164 -1.6723 0.203962 0.192568 0.21998 0.206344 0.196416 0.213374
3356250 0.203756 0.180903 0.216029 3.97081 0.0197677 3.9142 0.200774 0.180276 0.212516 0.205969 0.181368 0.218636
3356250 0.202394 0.191329 0.21644 0.800174 0.398862 2.22402 0.200546 0.189869 0.21227 0.203962 0.192568 0.21998
3356250 0.194575 0.189607 0.206819 5.34625 4.30107 -3.83164 0.192032 0.186778 0.208615 0.19663 0.191894 0.205368
3356250 0.207032 0.199364 0.205327 -0.859143 -0.180215 0.106197 0.210132 0.199603 0.205238 0.201735 0.198954 0.205478
3356250 0.189091 0.189576 0.209724 -1.57074 1.07305 0.462818 0.192032 0.186778 0.208615 0.186276 0.192256 0.210786
3356250 0.208769 0.1844 0.186108 -1.77737 1.19454 2.34727 0.211517 0.181604 0.182386 0.206644 0.186562 0.188985
3356250 0.191929 0.184516 0.212161 -0.237653 -3.033 6.99643 0.192032 0.186778 0.208615 0.191798 0.181653 0.216652
3356250 0.195621 0.178672 0.21886 -6.51579 3.51363 -3.03563 0.199123 0.175941 0.220884 0.191798 0.181653 0.216652
3356250 0.181826 0.197546 0.19377 2.21509 1.90136 2.54304 0.180037 0.195724 0.192121 0.184777 0.200552 0.19649
3356250 0.198728 0.190834 0.196072 1.17867 -0.116839 1.41722 0.195671 0.190445 0.192768 0.201792 0.191225 0.199383
3356250 0.21901 0.19053 0.197938 -5.77328 -0.899093 5.90136 0.22185 0.191611 0.195161 0.215296 0.189116 0.201571
3356250 0.216671 0.18015 0.199232 -0.265662 -0.0811596 0.166176 0.222423 0.181128 0.19657 0.213147 0.17955 0.200863
3356250 0.205172 0.190238 0.19032 0.258695 -0.50624 -0.281341 0.203796 0.193672 0.191567 0.206644 0.186562 0.188985
3356250 0.198622 0.194649 0.205411 -5.55356 -6.17895 -1.0935 0.201735 0.198954 0.205478 0.19663 0.191894 0.205368
3356250 0.211864 0.186986 0.212289 -0.000189914 0.000101927 0.00045212 0.212596 0.186361 0.209246 0.210772 0.187919 0.216832
3356250 0.216675 0.194262 0.20079 -4.00408 -9.16827 2.06389 0.217852 0.198658 0.200123 0.215296 0.189116 0.201571
3356250 0.215639 0.201601 0.197367 -6.552 5.90868 -6.17996 0.217852 0.198658 0.200123 0.214184 0.203535 0.195555
3356250 0.215119 0.184518 0.208592 -0.0107212 0.0068278 0.000774283 0.21893 0.181733 0.207604 0.212596 0.186361 0.209246
3356250 0.19393 0.199177 0.18415 -1.10595 0.692056 -0.898678 0.197635 0.196853 0.186233 0.191153 0.20092 0.182588
3356250 0.210117 0.182042 0.201092 -0.980848 0.589497 0.137104 0.213147 0.17955 0.200863 0.206976 0.184626 0.20133
3356250 0.211002 0.196709 0.184864 2.09024 1.37055 2.01972 0.207429 0.193241 0.180254 0.21376 0.199386 0.188423
3356250 0.198256 0.191053 0.208234 -0.326526 0.0675524 -0.627571 0.200546 0.189869 0.21227 0.19663 0.191894 0.205368
3356250 0.210201 0.196197 0.212591 1.1344 0.119563 -0.224347 0.206344 0.196416 0.213374 0.216556 0.195837 0.211302
3356250 0.196321 0.18154 0.184461 0.130409 2.04681 -5.08243 0.195593 0.180054 0.188119 0.196927 0.182777 0.181418
3356250 0.209581 0.18535 0.208969 0.000744373 0.000388051 9.59943e-05 0.20646 0.184304 0.208682 0.212596 0.186361 0.209246
3356250 0.202869 0.192539 0.195185 -0.200353 -0.221559 0.496416 0.203796 0.193672 0.191567 0.201792 0.191225 0.199383
3356250 0.182658 0.180769 0.19602 -0.47541 -0.178304 0.33186 0.186132 0.181366 0.193589 0.177704 0.179919 0.199486
3356250 0.191436 0.190118 0.194304 1.18871 -0.00279319 -0.631039 0.187211 0.189791 0.195836 0.195671 0.190445 0.192768
3356250 0.203987 0.184825 0.191703 0.644325 0.323042 -0.811351 0.200811 0.18275 0.194952 0.206644 0.186562 0.188985
3356250 0.190426 0.180738 0.204317 -7.32657 4.66724 -6.31159 0.193618 0.17802 0.206717 0.187442 0.183278 0.202074
3356250 0.183301 0.18185 0.200974 1.37644 0.386427 0.595854 0.177704 0.179919 0.199486 0.187442 0.183278 0.202074
3356250 0.187485 0.183742 0.190294 0.766074 0.841543 -1.64082 0.186132 0.181366 0.193589 0.189215 0.18678 0.186081
3356250 0.187326 0.186538 0.198952 -0.244453 -2.57531 1.92479 0.187211 0.189791 0.195836 0.187442 0.183278 0.202074
3356250 0.19659 0.180918 0.214444 -3.20865 -0.0703254 1.51874 0.200774 0.180276 0.212516 0.191798 0.181653 0.216652
3356250 0.189818 0.18509 0.20546 -2.40591 -1.18471 -3.76124 0.192032 0.186778 0.208615 0.187442 0.183278 0.202074
3356250 0.201047 0.195091 0.189187 0.126203 -0.0844872 0.153215 0.197635 0.196853 0.186233 0.203796 0.193672 0.191567
3356250 0.204575 0.197077 0.189826 0.188416 0.646501 -0.218056 0.203796 0.193672 0.191567 0.205229 0.19994 0.188363
3356250 0.210286 0.201268 0.199773 0.830054 2.82663 0.816101 0.208701 0.197216 0.197903 0.2113 0.203858 0.200968
3356250 0.20321 0.200554 0.190875 -0.207704 0.017666 0.302097 0.205229 0.19994 0.188363 0.199937 0.201551 0.194949
3356250 0.181855 0.199583 0.200448 3.09448 0.18885 -4.0153 0.178821 0.198576 0.204556 0.184777 0.200552 0.19649
3356250 0.207835 0.181217 0.215735 -0.925717 0.285377 1.22601 0.20946 0.181085 0.213207 0.205969 0.181368 0.218636
3356250 0.197264 0.17917 0.209672 -2.13221 -1.10955 -1.59754 0.200774 0.180276 0.212516 0.193618 0.17802 0.206717
3356250 0.18677 0.182296 0.197719 0.94344 0.43318 6.9614 0.186132 0.181366 0.193589 0.187442 0.183278 0.202074
3356250 0.209185 0.179487 0.210673 -0.0718872 -0.515535 -1.19335 0.20946 0.181085 0.213207 0.208811 0.177315 0.207228
3356250 0.184111 0.185961 0.203521 6.45907 -4.18088 -3.74136 0.180601 0.188788 0.205044 0.187442 0.183278 0.202074
3356250 0.212872 0.181677 0.197571 -1.14694 2.56226 -4.36257 0.213147 0.17955 0.200863 0.212586 0.183892 0.194144
3356250 0.215153 0.192227 0.197178 0.200267 1.22174 -2.25404 0.215296 0.189116 0.201571 0.215071 0.194014 0.194654
3356250 0.194378 0.200306 0.200971 4.29072 7.72779 2.62839 0.192871 0.196081 0.199519 0.195354 0.203045 0.201913
3356250 0.186522 0.198558 0.18863 -5.55363 6.03502 -1.20446 0.189385 0.195739 0.18986 0.183686 0.20135 0.187412
3356250 0.196703 0.181607 0.205736 -7.3266 -6.15793 2.14615 0.199426 0.184773 0.20487 0.193618 0.17802 0.206717
3356250 0.203288 0.184697 0.203059 2.53193 -0.215282 -1.68842 0.199426 0.184773 0.20487 0.206976 0.184626 0.20133
3356250 0.199954 0.187174 0.208357 0.0598156 -1.28138 -1.69194 0.200546 0.189869 0.21227 0.199426 0.184773 0.20487
3356250 0.200574 0.187902 0.202208 0.748745 3.89445 -3.89857 0.199426 0.184773 0.20487 0.201792 0.191225 0.199383
3356250 0.199815 0.183699 0.180014 0.00270179 0.000803637 -0.000798765 0.196927 0.182777 0.181418 0.202534 0.184568 0.178692
3356250 0.19 0.182778 0.194764 -0.00753106 -0.00143408 -0.00247553 0.192806 0.183802 0.195616 0.186132 0.181366 0.193589
3356250 0.193273 0.185709 0.198023 0.000556452 0.00186928 0.00175102 0.192806 0.183802 0.195616 0.193784 0.187795 0.200655
3356250 0.195875 0.183399 0.195361 0.012969 0.000366835 -0.00118112 0.192806 0.183802 0.195616 0.200811 0.18275 0.194952
3356250 0.18508 0.180336 0.211476 0.000399664 0.00847432 -0.00212048 0.185381 0.176017 0.212065 0.184819 0.184073 0.210966
3356250 0.191061 0.185856 0.201265 0.00286727 0.00141195 -0.00058387 0.187442 0.183278 0.202074 0.193784 0.187795 0.200655
3356250 0.187916 0.187682 0.202957 0.000617775 0.00392466 0.00144215 0.187442 0.183278 0.202074 0.188263 0.190895 0.203601
3356250 0.196285 0.186455 0.202524 -0.0027675 0.000873932 -0.00209228 0.199426 0.184773 0.20487 0.193784 0.187795 0.200655
3356250 0.197786 0.196116 0.181447 0.000164653 0.00112621 0.0037261 0.197887 0.19562 0.178233 0.197635 0.196853 0.186233
3356250 0.189918 0.189087 0.205803 0.0 0.0 0.0 0.192032 0.186778 0.208615 0.188263 0.190895 0.203601
3356250 0.192432 0.188779 0.212296 -0.00114508 0.00954542 0.0205386 0.192032 0.186778 0.208615 0.192771 0.190476 0.215419
3356250 0.19511 0.197504 0.212315 0.00310364 0.000363798 0.00430622 0.192404 0.197917 0.208629 0.197322 0.197167 0.215329
3356250 0.194638 0.191616 0.218242 -0.00741138 -0.00281902 -0.00829579 0.196469 0.192733 0.221011 0.192771 0.190476 0.215419
3356250 0.196881 0.194873 0.218268 8.92555e-05 0.000306935 -0.000299932 0.196469 0.192733 0.221011 0.197322 0.197167 0.215329
3356250 0.198739 0.19396 0.213985 -0.00133214 0.00513731 0.00235804 0.200546 0.189869 0.21227 0.197322 0.197167 0.215329
3356250 0.202691 0.183118 0.18148 -2.55097e-05 8.64763e-05 -0.000128743 0.202866 0.181498 0.184595 0.202534 0.184568 0.178692
3356250 0.204592 0.183811 0.1866 0.518753 0.880985 0.935945 0.202866 0.181498 0.184595 0.206644 0.186562 0.188985
3356250 0.216418 0.182815 0.195089 -5.43193 0.80461 -0.745905 0.222423 0.181128 0.19657 0.212586 0.183892 0.194144
3356250 0.183674 0.190665 0.208153 4.14653 2.59003 3.02245 0.180601 0.188788 0.205044 0.186276 0.192256 0.210786
3356250 0.188336 0.192869 0.192744 1.21158 3.19573 -4.44129 0.187211 0.189791 0.195836 0.189385 0.195739 0.18986
3356250 0.204484 0.180346 0.192571 -5.02214 3.75857 4.7347 0.207582 0.178319 0.190562 0.200811 0.18275 0.194952
3356250 0.213756 0.186147 0.19735 0.833373 1.092 1.38905 0.212586 0.183892 0.194144 0.215296 0.189116 0.201571
3356250 0.186658 0.185471 0.194684 -0.973652 -4.367 -1.84525 0.187211 0.189791 0.195836 0.186132 0.181366 0.193589
3356250 0.21322 0.19127 0.214492 2.18481 2.08391 -1.5959 0.210772 0.187919 0.216832 0.216556 0.195837 0.211302
3356250 0.198648 0.192132 0.185834 0.239916 -1.03957 0.0806753 0.197635 0.196853 0.186233 0.199477 0.188266 0.185508
3356250 0.216189 0.195881 0.196853 -0.12639 -0.150925 -0.160082 0.217852 0.198658 0.200123 0.215071 0.194014 0.194654
3356250 0.192753 0.188788 0.189745 3.15783 1.29376 3.3527 0.189215 0.18678 0.186081 0.195671 0.190445 0.192768
3356250 0.201766 0.194781 0.202187 -0.0508524 -0.570019 -0.600577 0.201735 0.198954 0.205478 0.201792 0.191225 0.199383
3356250 0.214912 0.194279 0.188247 -0.854319 2.24651 -0.091469 0.215981 0.189539 0.188084 0.21376 0.199386 0.188423
3356250 0.197871 0.188735 0.205147 -1.49674 2.61404 0.00693999 0.199426 0.184773 0.20487 0.19663 0.191894 0.205368
3356250 0.198732 0.199064 0.190387 0.0 0.0 0.0 0.197635 0.196853 0.186233 0.199937 0.201551 0.194949
3356250 0.199821 0.182154 0.182966 -0.47061 0.163644 -0.192638 0.202866 0.181498 0.184595 0.196927 0.182777 0.181418
3356250 0.182496 0.179931 0.191323 0.0 0.0 0.0 0.186132 0.181366 0.193589 0.178572 0.178495 0.188878
3356250 0.180644 0.191494 0.200894 0.0 0.0 0.0 0.180601 0.188788 0.205044 0.180672 0.193462 0.198013
3356250 0.182303 0.196226 0.197409 0.0 0.0 0.0 0.180672 0.193462 0.198013 0.184777 0.200552 0.19649
3356250 0.182888 0.18421 0.192619 0.0 0.0 0.0 0.186132 0.181366 0.193589 0.179242 0.187517 0.191529
3356250 0.183906 0.18712 0.188981 0.0 0.0 0.0 0.189215 0.18678 0.186081 0.179242 0.187517 0.191529
3356250 0.183356 0.188638 0.193752 0.0 0.0 0.0 0.187211 0.189791 0.195836 0.179242 0.187517 0.191529
3356250 0.182952 0.186108 0.208344 0.0 0.0 0.0 0.180601 0.188788 0.205044 0.184819 0.184073 0.210966
3356250 0.185129 0.189981 0.204191 0.0 0.0 0.0 0.180601 0.188788 0.205044 0.188263 0.190895 0.203601
3356250 0.187285 0.197883 0.192884 0.0 0.0 0.0 0.189385 0.195739 0.18986 0.184777 0.200552 0.19649
3356250 0.197957 0.179157 0.181987 0.0 0.0 0.0 0.19951 0.173835 0.182841 0.196927 0.182777 0.181418
3356250 0.193512 0.178889 0.184855 0.0 0.0 0.0 0.195593 0.180054 0.188119 0.19138 0.177804 0.181511
3356250 0.194005 0.184242 0.183186 0.0 0.0 0.0 0.189215 0.18678 0.186081 0.196927 0.182777 0.181418
3356250 0.190452 0.181601 0.183472 0.0 0.0 0.0 0.189215 0.18678 0.186081 0.19138 0.177804 0.181511
3356250 0.192561 0.181039 0.197111 0.0 0.0 0.0 0.192806 0.183802 0.195616 0.192305 0.178241 0.198684
3356250 0.189636 0.179539 0.19648 0.0 0.0 0.0 0.186132 0.181366 0.193589 0.192305 0.178241 0.198684
3356250 0.19062 0.183538 0.198247 0.0 0.0 0.0 0.192806 0.183802 0.195616 0.187442 0.183278 0.202074
3356250 0.190265 0.180354 0.200106 -9.17731e-05 8.13448e-05 3.92362e-05 0.192305 0.178241 0.198684 0.187442 0.183278 0.202074
3356250 0.197547 0.184133 0.186805 0.0 0.0 0.0 0.195593 0.180054 0.188119 0.199477 0.188266 0.185508
3356250 0.190523 0.186195 0.195705 0.0 0.0 0.0 0.192806 0.183802 0.195616 0.187211 0.189791 0.195836
3356250 0.193973 0.186458 0.194456 0.0 0.0 0.0 0.192806 0.183802 0.195616 0.195671 0.190445 0.192768
3356250 0.199471 0.180771 0.18624 0.0 0.0 0.0 0.195593 0.180054 0.188119 0.202866 0.181498 0.184595
3356250 0.186015 0.183658 0.206915 0.0 0.0 0.0 0.187442 0.183278 0.202074 0.184819 0.184073 0.210966
3356250 0.187716 0.183016 0.213325 0.0 0.0 0.0 0.191798 0.181653 0.216652 0.184819 0.184073 0.210966
3356250 0.192753 0.179695 0.211441 0.0 0.0 0.0 0.191798 0.181653 0.216652 0.193618 0.17802 0.206717
3356250 0.188233 0.1853 0.209853 0.0 0.0 0.0 0.192032 0.186778 0.208615 0.184819 0.184073 0.210966
3356250 0.185525 0.187981 0.210878 0.0 0.0 0.0 0.186276 0.192256 0.210786 0.184819 0.184073 0.210966
3356250 0.192771 0.182649 0.207731 0.0 0.0 0.0 0.192032 0.186778 0.208615 0.193618 0.17802 0.206717
3356250 0.195704 0.18573 0.206755 0.0 0.0 0.0 0.192032 0.186778 0.208615 0.199426 0.184773 0.20487
3356250 0.200063 0.183789 0.200301 0.0 0.0 0.0 0.200811 0.18275 0.194952 0.199426 0.184773 0.20487
3356250 0.201233 0.181084 0.203369 0.0 0.0 0.0 0.199426 0.184773 0.20487 0.202859 0.177865 0.202018
3356250 0.203389 0.184458 0.207018 0.0 0.0 0.0 0.20646 0.184304 0.208682 0.199426 0.184773 0.20487
3356250 0.200071 0.182569 0.208527 0.0 0.0 0.0 0.200774 0.180276 0.212516 0.199426 0.184773 0.20487
3356250 0.192382 0.186884 0.215913 0.0 0.0 0.0 0.191798 0.181653 0.216652 0.192771 0.190476 0.215419
3356250 0.196034 0.184376 0.218403 0.0 0.0 0.0 0.191798 0.181653 0.216652 0.198834 0.186264 0.219563
3356250 0.203134 0.179067 0.219567 0.0 0.0 0.0 0.199123 0.175941 0.220884 0.205969 0.181368 0.218636
3356250 0.198312 0.188447 0.18149 0.0 0.0 0.0 0.199477 0.188266 0.185508 0.19726 0.188708 0.177862
3356250 0.195165 0.18759 0.185749 0.0 0.0 0.0 0.199477 0.188266 0.185508 0.189215 0.18678 0.186081
3356250 0.188116 0.188379 0.191432 0.0 0.0 0.0 0.187211 0.189791 0.195836 0.189215 0.18678 0.186081
3356250 0.189311 0.191797 0.18822 0.0 0.0 0.0 0.189215 0.18678 0.186081 0.189385 0.195739 0.18986
3356250 0.189977 0.192813 0.197635 0.0 0.0 0.0 0.187211 0.189791 0.195836 0.192871 0.196081 0.199519
3356250 0.191028 0.19585 0.194412 0.0 0.0 0.0 0.192871 0.196081 0.199519 0.189385 0.195739 0.18986
3356250 0.193218 0.196205 0.188176 0.0 0.0 0.0 0.197635 0.196853 0.186233 0.189385 0.195739 0.18986
3356250 0.190958 0.188602 0.198584 0.0 0.0 0.0 0.187211 0.189791 0.195836 0.193784 0.187795 0.200655
3356250 0.187819 0.190377 0.20032 0.0 0.0 0.0 0.187211 0.189791 0.195836 0.188263 0.190895 0.203601
3356250 0.194594 0.188881 0.19727 0.0 0.0 0.0 0.195671 0.190445 0.192768 0.193784 0.187795 0.200655
3356250 0.193401 0.191214 0.200179 0.0 0.0 0.0 0.192871 0.196081 0.199519 0.193784 0.187795 0.200655
3356250 0.190159 0.192977 0.201922 0.0 0.0 0.0 0.192871 0.196081 0.199519 0.188263 0.190895 0.203601
3356250 0.190334 0.198467 0.18596 0.0 0.0 0.0 0.189385 0.195739 0.18986 0.191153 0.20092 0.182588
3356250 0.194527 0.200576 0.188204 0.0 0.0 0.0 0.197635 0.196853 0.186233 0.191651 0.20412 0.190026
3356250 0.201182 0.186151 0.181707 0.0 0.0 0.0 0.199477 0.188266 0.185508 0.202534 0.184568 0.178692
3356250 0.201273 0.184625 0.185025 0.0 0.0 0.0 0.199477 0.188266 0.185508 0.202866 0.181498 0.184595
3356250 0.201715 0.195297 0.183743 0.0 0.0 0.0 0.197635 0.196853 0.186233 0.207429 0.193241 0.180254
3356250 0.201654 0.19094 0.188562 0.0 0.0 0.0 0.203796 0.193672 0.191567 0.199477 0.188266 0.185508
3356250 0.20003 0.192124 0.192124 0.0 0.0 0.0 0.203796 0.193672 0.191567 0.195671 0.190445 0.192768
3356250 0.197422 0.193553 0.19945 0.0 0.0 0.0 0.192871 0.196081 0.199519 0.201792 0.191225 0.199383
3356250 0.202163 0.198642 0.187504 0.0 0.0 0.0 0.197635 0.196853 0.186233 0.205229 0.19994 0.188363
3356250 0.197039 0.197382 0.20232 0.0 0.0 0.0 0.192871 0.196081 0.199519 0.201735 0.198954 0.205478
3356250 0.190981 0.189318 0.20215 0.0 0.0 0.0 0.188263 0.190895 0.203601 0.193784 0.187795 0.200655
3356250 0.193001 0.18729 0.20421 0.0 0.0 0.0 0.192032 0.186778 0.208615 0.193784 0.187795 0.200655
3356250 0.195206 0.189793 0.20301 0.0 0.0 0.0 0.19663 0.191894 0.205368 0.193784 0.187795 0.200655
3356250 0.18737 0.191455 0.206832 0.0 0.0 0.0 0.186276 0.192256 0.210786 0.188263 0.190895 0.203601
3356250 0.189721 0.191261 0.213242 0.0 0.0 0.0 0.186276 0.192256 0.210786 0.192771 0.190476 0.215419
3356250 0.194832 0.194407 0.206755 0.0 0.0 0.0 0.192404 0.197917 0.208629 0.19663 0.191894 0.205368
3356250 0.194991 0.193686 0.215374 0.0 0.0 0.0 0.192771 0.190476 0.215419 0.197322 0.197167 0.215329
3356250 0.186351 0.194415 0.214256 0.0 0.0 0.0 0.186276 0.192256 0.210786 0.186457 0.197674 0.219292
3356250 0.195824 0.188304 0.217504 0.0 0.0 0.0 0.192771 0.190476 0.215419 0.198834 0.186264 0.219563
3356250 0.190379 0.193153 0.216887 0.0 0.0 0.0 0.192771 0.190476 0.215419 0.186457 0.197674 0.219292
3356250 0.197216 0.189214 0.20011 0.0 0.0 0.0 0.201792 0.191225 0.199383 0.193784 0.187795 0.200655
3356250 0.198844 0.191556 0.202801 0.0 0.0 0.0 0.201792 0.191225 0.199383 0.19663 0.191894 0.205368
3356250 0.196015 0.188172 0.210324 0.0 0.0 0.0 0.192032 0.186778 0.208615 0.200546 0.189869 0.21227
3356250 0.196093 0.190165 0.214074 0.0 0.0 0.0 0.200546 0.189869 0.21227 0.192771 0.190476 0.215419
3356250 0.199671 0.183629 0.216524 0.0 0.0 0.0 0.200774 0.180276 0.212516 0.198834 0.186264 0.219563
3356250 0.201216 0.189139 0.219756 0.0 0.0 0.0 0.203962 0.192568 0.21998 0.198834 0.186264 0.219563
3356250 0.202163 0.196956 0.192998 0.0 0.0 0.0 0.203796 0.193672 0.191567 0.199937 0.201551 0.194949
3356250 0.204572 0.199208 0.19651 0.0 0.0 0.0 0.208701 0.197216 0.197903 0.199937 0.201551 0.194949
3356250 0.206273 0.181487 0.183726 0.0 0.0 0.0 0.211517 0.181604 0.182386 0.202866 0.181498 0.184595
3356250 0.209305 0.179705 0.186982 0.0 0.0 0.0 0.207582 0.178319 0.190562 0.211517 0.181604 0.182386
3356250 0.20501 0.18 0.18731 0.0 0.0 0.0 0.207582 0.178319 0.190562 0.202866 0.181498 0.184595
3356250 0.209774 0.184208 0.197745 0.0 0.0 0.0 0.212586 0.183892 0.194144 0.206976 0.184626 0.20133
3356250 0.207111 0.182405 0.189771 0.0 0.0 0.0 0.207582 0.178319 0.190562 0.206644 0.186562 0.188985
3356250 0.209646 0.185161 0.191592 0.0 0.0 0.0 0.212586 0.183892 0.194144 0.206644 0.186562 0.188985
3356250 0.201325 0.187143 0.197276 0.0 0.0 0.0 0.200811 0.18275 0.194952 0.201792 0.191225 0.199383
3356250 0.204856 0.181093 0.201684 0.0 0.0 0.0 0.206976 0.184626 0.20133 0.202859 0.177865 0.202018
3356250 0.207891 0.180926 0.204273 0.0 0.0 0.0 0.208811 0.177315 0.207228 0.206976 0.184626 0.20133
3356250 0.207509 0.18113 0.208033 0.0 0.0 0.0 0.20646 0.184304 0.208682 0.208811 0.177315 0.207228
3356250 0.20505 0.178647 0.209702 0.0 0.0 0.0 0.200774 0.180276 0.212516 0.208811 0.177315 0.207228
3356250 0.206048 0.180716 0.212935 0.0 0.0 0.0 0.20946 0.181085 0.213207 0.200774 0.180276 0.212516
3356250 0.204521 0.187699 0.200408 0.0 0.0 0.0 0.201792 0.191225 0.199383 0.206976 0.184626 0.20133
3356250 0.214052 0.183534 0.201162 0.0 0.0 0.0 0.213147 0.17955 0.200863 0.215296 0.189116 0.201571
3356250 0.207299 0.187963 0.204052 0.0 0.0 0.0 0.206976 0.184626 0.20133 0.207638 0.191556 0.206898
3356250 0.204045 0.186525 0.210147 0.0 0.0 0.0 0.20646 0.184304 0.208682 0.200546 0.189869 0.21227
3356250 0.210981 0.183594 0.211284 0.0 0.0 0.0 0.20946 0.181085 0.213207 0.212596 0.186361 0.209246
3356250 0.200662 0.18495 0.212394 0.0 0.0 0.0 0.200546 0.189869 0.21227 0.200774 0.180276 0.212516
3356250 0.209968 0.183679 0.214609 0.0 0.0 0.0 0.20946 0.181085 0.213207 0.210772 0.187919 0.216832
3356250 0.215742 0.180478 0.20389 0.0 0.0 0.0 0.21893 0.181733 0.207604 0.213147 0.17955 0.200863
3356250 0.207988 0.184069 0.217877 0.0 0.0 0.0 0.205969 0.181368 0.218636 0.210772 0.187919 0.216832
3356250 0.206943 0.189056 0.185658 0.0 0.0 0.0 0.207429 0.193241 0.180254 0.206644 0.186562 0.188985
3356250 0.205123 0.193463 0.187436 0.0 0.0 0.0 0.203796 0.193672 0.191567 0.207429 0.193241 0.180254
3356250 0.205946 0.197706 0.185721 0.0 0.0 0.0 0.205229 0.19994 0.188363 0.207429 0.193241 0.180254
3356250 0.21241 0.191034 0.184817 0.0 0.0 0.0 0.215981 0.189539 0.188084 0.207429 0.193241 0.180254
3356250 0.207264 0.191885 0.192937 0.0 0.0 0.0 0.209996 0.190569 0.194015 0.203796 0.193672 0.191567
3356250 0.206012 0.195222 0.194429 0.0 0.0 0.0 0.203796 0.193672 0.191567 0.208701 0.197216 0.197903
3356250 0.212554 0.195228 0.195938 0.0 0.0 0.0 0.208701 0.197216 0.197903 0.215071 0.194014 0.194654
3356250 0.211102 0.198197 0.193402 0.0 0.0 0.0 0.208701 0.197216 0.197903 0.21376 0.199386 0.188423
3356250 0.208514 0.199676 0.188387 0.0 0.0 0.0 0.205229 0.19994 0.188363 0.21376 0.199386 0.188423
3356250 0.204805 0.191345 0.203256 0.0 0.0 0.0 0.201792 0.191225 0.199383 0.207638 0.191556 0.206898
3356250 0.211921 0.18999 0.196762 0.0 0.0 0.0 0.209996 0.190569 0.194015 0.215296 0.189116 0.201571
3356250 0.211787 0.193375 0.199619 0.0 0.0 0.0 0.208701 0.197216 0.197903 0.215296 0.189116 0.201571
3356250 0.205418 0.197985 0.201472 0.0 0.0 0.0 0.208701 0.197216 0.197903 0.201735 0.198954 0.205478
3356250 0.212046 0.201023 0.196471 0.0 0.0 0.0 0.208701 0.197216 0.197903 0.214184 0.203535 0.195555
3356250 0.210959 0.187887 0.188569 0.0 0.0 0.0 0.215981 0.189539 0.188084 0.206644 0.186562 0.188985
3356250 0.212313 0.190119 0.191719 0.0 0.0 0.0 0.209996 0.190569 0.194015 0.215981 0.189539 0.188084
3356250 0.215423 0.192223 0.192101 0.0 0.0 0.0 0.215981 0.189539 0.188084 0.215071 0.194014 0.194654
3356250 0.213342 0.197897 0.199029 0.0 0.0 0.0 0.217852 0.198658 0.200123 0.208701 0.197216 0.197903
3356250 0.2043 0.190711 0.209426 0.0 0.0 0.0 0.200546 0.189869 0.21227 0.207638 0.191556 0.206898
3356250 0.203725 0.193409 0.212875 0.0 0.0 0.0 0.200546 0.189869 0.21227 0.206344 0.196416 0.213374
3356250 0.20111 0.194125 0.20905 0.0 0.0 0.0 0.200546 0.189869 0.21227 0.201735 0.198954 0.205478
3356250 0.210471 0.188535 0.20824 0.0 0.0 0.0 0.212596 0.186361 0.209246 0.207638 0.191556 0.206898
3356250 0.2136 0.187334 0.20639 0.0 0.0 0.0 0.212596 0.186361 0.209246 0.215296 0.189116 0.201571
3356250 0.209079 0.196155 0.205938 0.0 0.0 0.0 0.210132 0.199603 0.205238 0.207638 0.191556 0.206898
3356250 0.20438 0.197447 0.21001 0.0 0.0 0.0 0.206344 0.196416 0.213374 0.201735 0.198954 0.205478
3356250 0.208349 0.192517 0.21494 0.0 0.0 0.0 0.206344 0.196416 0.213374 0.210772 0.187919 0.216832
3356250 0.208106 0.197601 0.216693 0.0 0.0 0.0 0.210588 0.199389 0.221364 0.206344 0.196416 0.213374
3356250 0.210723 0.201709 0.203073 0.0 0.0 0.0 0.210132 0.199603 0.205238 0.2113 0.203858 0.200968
3356250 0.218549 0.185418 0.199289 0.0 0.0 0.0 0.222423 0.181128 0.19657 0.215296 0.189116 0.201571
3356250 0.2139 0.189432 0.209923 0.0 0.0 0.0 0.212596 0.186361 0.209246 0.216556 0.195837 0.211302
3356250 0.211169 0.1932 0.208642 0.0 0.0 0.0 0.216556 0.195837 0.211302 0.207638 0.191556 0.206898
3356250 0.215866 0.192112 0.205982 0.0 0.0 0.0 0.216556 0.195837 0.211302 0.215296 0.189116 0.201571
3356250 0.213899 0.201744 0.200632 0.0 0.0 0.0 0.217852 0.198658 0.200123 0.2113 0.203858 0.200968
3356250 0.217313 0.197437 0.204759 0.0 0.0 0.0 0.217852 0.198658 0.200123 0.216556 0.195837 0.211302
3356250 0.219745 0.201614 0.196913 0.0 0.0 0.0 0.217852 0.198658 0.200123 0.221822 0.204956 0.193396
3356250 0.217941 0.202892 0.201866 0.0 0.0 0.0 0.217852 0.198658 0.200123 0.21805 0.20799 0.203919
3356250 0.18313 0.207759 0.194051 -1.48516 -0.331708 0.286056 0.186375 0.208287 0.193925 0.179362 0.207145 0.194196
3356250 0.182776 0.204652 0.210145 -1.22284 -0.439307 1.21704 0.186898 0.207237 0.20572 0.17996 0.202886 0.213169
3356250 0.190481 0.199794 0.18994 -1.12678 -6.03475 -0.969822 0.191651 0.20412 0.190026 0.189385 0.195739 0.18986
3356250 0.192804 0.201182 0.211828 -1.9778 -7.73289 -10.1598 0.193207 0.204479 0.215058 0.192404 0.197917 0.208629
3356250 0.18834 0.209377 0.185636 -3.63035 -6.30087 -6.26569 0.189638 0.212912 0.188359 0.187386 0.20678 0.183636
3356250 0.188608 0.206523 0.192275 1.24499 -0.656593 -0.85078 0.186375 0.208287 0.193925 0.191651 0.20412 0.190026
3356250 0.194345 0.207321 0.191631 5.52642 4.69093 3.05594 0.191651 0.20412 0.190026 0.196815 0.210256 0.193103
3356250 0.187768 0.210873 0.195407 2.12197 2.90749 2.32325 0.186375 0.208287 0.193925 0.189724 0.214503 0.197487
3356250 0.196918 0.210455 0.197206 -0.419426 0.509007 3.79674 0.196815 0.210256 0.193103 0.197038 0.210687 0.20197
3356250 0.193321 0.212626 0.199692 -1.45487 0.485203 -0.698087 0.197038 0.210687 0.20197 0.189724 0.214503 0.197487
3356250 0.191969 0.215328 0.185144 -1.53435 -1.16444 2.34557 0.194395 0.217843 0.181797 0.189638 0.212912 0.188359
3356250 0.197326 0.214217 0.192136 0.565213 6.25928 -2.59785 0.196815 0.210256 0.193103 0.197919 0.218815 0.191014
3356250 0.190794 0.216026 0.201712 -1.02446 -1.21098 -5.98402 0.191901 0.217601 0.20608 0.189724 0.214503 0.197487
3356250 0.19594 0.207805 0.21334 2.48664 3.76506 -2.50867 0.193207 0.204479 0.215058 0.198865 0.211364 0.211503
3356250 0.191498 0.208778 0.215326 -8.24634 13.872 0.654896 0.193207 0.204479 0.215058 0.189385 0.214093 0.215657
3356250 0.198556 0.214973 0.200526 1.67186 3.12845 -1.41311 0.197038 0.210687 0.20197 0.199767 0.21839 0.199375
3356250 0.20293 0.213855 0.212866 4.05223 1.70639 1.58366 0.198865 0.211364 0.211503 0.206587 0.216095 0.214093
3356250 0.201247 0.208488 0.201507 2.882 -1.15304 0.0789984 0.197038 0.210687 0.20197 0.204806 0.206629 0.201116
3356250 0.201124 0.212697 0.203395 2.72887 0.889664 1.17634 0.197038 0.210687 0.20197 0.205128 0.214667 0.204792
3356250 0.190758 0.216007 0.210433 -0.963192 -0.781732 4.09315 0.191901 0.217601 0.20608 0.189385 0.214093 0.215657
3356250 0.200985 0.20509 0.219129 -1.42612 2.69825 2.89496 0.202731 0.202436 0.216868 0.199459 0.207411 0.221105
3356250 0.210254 0.201567 0.1852 3.14223 -1.7723 2.00964 0.207994 0.202973 0.183123 0.21376 0.199386 0.188423
3356250 0.208436 0.201089 0.195191 -0.223975 -6.73749 6.24708 0.208248 0.203819 0.193279 0.208701 0.197216 0.197903
3356250 0.214029 0.202017 0.192945 0.479891 -3.19395 -7.26524 0.214184 0.203535 0.195555 0.21376 0.199386 0.188423
3356250 0.204527 0.199442 0.215131 2.08774 -2.48533 -1.94082 0.202731 0.202436 0.216868 0.206344 0.196416 0.213374
3356250 0.204896 0.203204 0.181803 -1.49816 0.353214 -0.78565 0.207994 0.202973 0.183123 0.200512 0.203531 0.179935
3356250 0.203168 0.212147 0.182416 0.961465 -0.670682 2.84287 0.201292 0.21261 0.178388 0.205797 0.211499 0.188065
3356250 0.211834 0.210502 0.189406 -4.79749 1.27629 -1.78226 0.21539 0.209914 0.190196 0.205797 0.211499 0.188065
3356250 0.212976 0.206237 0.196175 -3.65037 11.7085 1.22057 0.214184 0.203535 0.195555 0.211245 0.210108 0.197064
3356250 0.207396 0.206489 0.191466 -3.98494 7.3413 -5.69007 0.208248 0.203819 0.193279 0.205797 0.211499 0.188065
3356250 0.20791 0.208306 0.199163 -9.13112 -3.95606 7.51469 0.211245 0.210108 0.197064 0.204806 0.206629 0.201116
3356250 0.212778 0.213446 0.199362 -4.98496 -7.67507 -7.15849 0.214256 0.216665 0.201578 0.211245 0.210108 0.197064
3356250 0.212128 0.213935 0.195233 2.78017 6.62297 -3.71276 0.211245 0.210108 0.197064 0.212933 0.217426 0.193563
3356250 0.21811 0.207818 0.191549 5.57281 -3.10742 1.97405 0.21539 0.209914 0.190196 0.221822 0.204956 0.193396
3356250 0.210052 0.21592 0.216897 -3.39751 -0.439241 -2.39949 0.213236 0.215758 0.219474 0.206587 0.216095 0.214093
3356250 0.20888 0.2165 0.206896 1.58522 0.66228 0.564894 0.205128 0.214667 0.204792 0.211467 0.217764 0.208347
3356250 0.212682 0.217286 0.205399 -0.833496 0.818244 2.8873 0.214256 0.216665 0.201578 0.211467 0.217764 0.208347
3356250 0.215653 0.21084 0.207857 0.989187 -0.740161 -1.27697 0.214304 0.212444 0.210072 0.21805 0.20799 0.203919
3356250 0.214292 0.218103 0.209865 -2.45866 -0.640814 -1.73177 0.21802 0.218549 0.211867 0.211467 0.217764 0.208347
3356250 0.199995 0.20991 0.186318 1.61195 0.230987 0.29721 0.196449 0.20894 0.185251 0.205797 0.211499 0.188065
3356250 0.194706 0.209137 0.181849 0.129302 -0.0474252 0.210081 0.19287 0.209344 0.178268 0.196449 0.20894 0.185251
3356250 0.21211 0.210328 0.210107 -0.40416 -0.317803 0.0694003 0.214304 0.212444 0.210072 0.208094 0.206457 0.21017
3356250 0.193373 0.210733 0.186654 -1.92159 1.059 1.2934 0.196449 0.20894 0.185251 0.189638 0.212912 0.188359
3356250 0.18433 0.217679 0.19155 -3.34579 -4.20988 1.25353 0.186497 0.221195 0.190093 0.182301 0.214386 0.192913
3356250 0.198257 0.206533 0.182886 1.08294 -1.11355 -1.57822 0.196449 0.20894 0.185251 0.200512 0.203531 0.179935
3356250 0.207807 0.199739 0.18217 -0.289578 -1.99327 -0.906059 0.207994 0.202973 0.183123 0.207429 0.193241 0.180254
3356250 0.215455 0.210666 0.212264 1.81756 -1.87019 3.2472 0.214304 0.212444 0.210072 0.217732 0.20715 0.2166
3356250 0.184901 0.213326 0.204241 0.362656 -2.23968 0.424668 0.183731 0.216894 0.203375 0.186898 0.207237 0.20572
3356250 0.183182 0.217584 0.210181 1.08826 1.60164 0.358041 0.180978 0.214523 0.210081 0.185275 0.220492 0.210276
3356250 0.184181 0.200988 0.19153 -0.0968723 0.425905 -1.8021 0.184777 0.200552 0.19649 0.183686 0.20135 0.187412
3356250 0.185792 0.214441 0.195064 -0.990725 -0.120245 -0.816825 0.189724 0.214503 0.197487 0.182301 0.214386 0.192913
3356250 0.181256 0.206387 0.202449 0.0721459 -0.00221507 0.0393712 0.178638 0.205993 0.200931 0.186898 0.207237 0.20572
3356250 0.216046 0.217424 0.191128 -2.96234 0.40978 1.83992 0.220673 0.21742 0.187508 0.212933 0.217426 0.193563
3356250 0.203209 0.209054 0.210875 0.52324 -0.279145 0.018862 0.198865 0.211364 0.211503 0.208094 0.206457 0.21017
3356250 0.199365 0.213427 0.215985 -0.0991244 1.64769 4.84342 0.198865 0.211364 0.211503 0.199827 0.215333 0.220126
3356250 0.181704 0.204294 0.195188 2.9638 -2.67208 0.805243 0.179362 0.207145 0.194196 0.184777 0.200552 0.19649
3356250 0.212725 0.20679 0.21326 0.999167 0.0121586 0.467085 0.208094 0.206457 0.21017 0.217732 0.20715 0.2166
3356250 0.191376 0.202352 0.185917 0.379694 -1.48749 -4.04938 0.191651 0.20412 0.190026 0.191153 0.20092 0.182588
3356250 0.194501 0.20251 0.219047 1.12475 -2.92544 7.26596 0.193207 0.204479 0.215058 0.195785 0.200555 0.223008
3356250 0.189681 0.21371 0.192938 -0.57551 0.650992 3.76788 0.189638 0.212912 0.188359 0.189724 0.214503 0.197487
3356250 0.204161 0.212246 0.194065 -0.338588 0.428087 3.15334 0.205797 0.211499 0.188065 0.203302 0.212638 0.197214
3356250 0.197934 0.211019 0.206644 -1.54267 -0.654775 -4.45653 0.198865 0.211364 0.211503 0.197038 0.210687 0.20197
3356250 0.204371 0.216705 0.18489 -2.41351 10.0114 -4.05834 0.205797 0.211499 0.188065 0.203579 0.219596 0.183127
3356250 0.192775 0.209237 0.203546 0.366477 0.192557 -0.175272 0.186898 0.207237 0.20572 0.197038 0.210687 0.20197
3356250 0.191936 0.205311 0.194338 0.000419012 0.000591559 0.00529658 0.191651 0.20412 0.190026 0.192143 0.206177 0.19747
3356250 0.193799 0.204562 0.199761 0.00199542 -0.00126236 0.00212885 0.192143 0.206177 0.19747 0.195354 0.203045 0.201913
3356250 0.190406 0.206528 0.200202 -0.00134324 0.000723438 0.00247652 0.192143 0.206177 0.19747 0.186898 0.207237 0.20572
3356250 0.206592 0.201434 0.185781 -0.347319 -0.259267 0.710076 0.207994 0.202973 0.183123 0.205229 0.19994 0.188363
3356250 0.213484 0.210003 0.193355 -3.07579 0.46202 3.76242 0.21539 0.209914 0.190196 0.211245 0.210108 0.197064
3356250 0.213719 0.205339 0.202026 -2.80653 -1.16779 -0.928844 0.21805 0.20799 0.203919 0.2113 0.203858 0.200968
3356250 0.218341 0.217299 0.202192 2.94116 0.664897 0.0125589 0.214256 0.216665 0.201578 0.224765 0.218296 0.203157
3356250 0.200373 0.210748 0.191107 1.62757 0.344214 -1.27607 0.196815 0.210256 0.193103 0.205797 0.211499 0.188065
3356250 0.202706 0.204439 0.198456 0.0530089 0.0813778 0.0744744 0.199937 0.201551 0.194949 0.204806 0.206629 0.201116
3356250 0.194897 0.204629 0.210744 0.264113 0.0308231 -1.21094 0.193207 0.204479 0.215058 0.196038 0.204731 0.207829
3356250 0.195692 0.203877 0.204835 0.0723663 -0.39373 -1.5145 0.196038 0.204731 0.207829 0.195354 0.203045 0.201913
3356250 0.197132 0.207298 0.209251 -1.10429 -2.35106 -0.849741 0.198865 0.211364 0.211503 0.196038 0.204731 0.207829
3356250 0.208516 0.205046 0.201031 -0.98718 0.257464 0.0800436 0.2113 0.203858 0.200968 0.204806 0.206629 0.201116
3356250 0.21862 0.210914 0.199391 0.020971 -1.13189 2.27 0.219033 0.213031 0.196114 0.21805 0.20799 0.203919
3356250 0.212926 0.215029 0.209234 -1.48596 4.15476 -1.63557 0.214304 0.212444 0.210072 0.211467 0.217764 0.208347
3356250 0.187727 0.210204 0.191618 1.40943 1.36459 -1.6495 0.186375 0.208287 0.193925 0.189638 0.212912 0.188359
3356250 0.185742 0.205223 0.194941 -0.367223 -4.14626 1.91302 0.186375 0.208287 0.193925 0.184777 0.200552 0.19649
3356250 0.198151 0.202589 0.206957 2.17624 -1.60077 -0.658947 0.196038 0.204731 0.207829 0.201735 0.198954 0.205478
3356250 0.203977 0.20994 0.198966 0.587279 -3.44849 2.99775 0.203302 0.212638 0.197214 0.204806 0.206629 0.201116
3356250 0.201663 0.215304 0.198216 -2.99883 3.56309 1.8886 0.203302 0.212638 0.197214 0.199767 0.21839 0.199375
3356250 0.180263 0.209514 0.197055 -0.00108715 -0.00182531 -0.00195212 0.180987 0.211415 0.199349 0.179362 0.207145 0.194196
3356250 0.182866 0.210087 0.201374 0.000577789 -0.000558809 0.000891561 0.180987 0.211415 0.199349 0.186898 0.207237 0.20572
3356250 0.199012 0.216225 0.212479 0.000171469 0.00552838 0.00206163 0.198865 0.211364 0.211503 0.199123 0.219867 0.213211
3356250 0.199438 0.217837 0.216307 5.57883e-06 0.000357199 -0.000417739 0.199827 0.215333 0.220126 0.199123 0.219867 0.213211
3356250 0.190222 0.20147 0.21693 -5.00979 -3.5499 2.85117 0.193207 0.204479 0.215058 0.186457 0.197674 0.219292
3356250 0.207718 0.207893 0.215546 -0.184618 0.1547 0.915213 0.208094 0.206457 0.21017 0.207397 0.20912 0.220141
3356250 0.18234 0.215696 0.206763 -0.134418 -0.110388 0.226633 0.183731 0.216894 0.203375 0.180978 0.214523 0.210081
3356250 0.188021 0.217176 0.189252 3.99912 -7.39185 -2.46013 0.186497 0.221195 0.190093 0.189638 0.212912 0.188359
3356250 0.194471 0.214143 0.204024 2.88537 -2.84042 -2.35319 0.191901 0.217601 0.20608 0.197038 0.210687 0.20197
3356250 0.206481 0.210923 0.207244 -0.995016 2.19586 -2.02023 0.208094 0.206457 0.21017 0.205128 0.214667 0.204792
3356250 0.204938 0.204091 0.214111 0.890581 0.704848 -0.823881 0.202731 0.202436 0.216868 0.208094 0.206457 0.21017
3356250 0.185695 0.203444 0.200483 -0.241782 -0.38813 -0.693026 0.186898 0.207237 0.20572 0.184777 0.200552 0.19649
3356250 0.18087 0.217268 0.20082 -0.295063 0.0115444 -0.350027 0.183731 0.216894 0.203375 0.178381 0.217594 0.198598
3356250 0.194239 0.206719 0.18745 0.236967 0.16124 -0.191098 0.191651 0.20412 0.190026 0.196449 0.20894 0.185251
3356250 0.193089 0.205539 0.207148 -1.65769 0.372505 -0.661421 0.196038 0.204731 0.207829 0.186898 0.207237 0.20572
3356250 0.186857 0.21803 0.212347 -0.46058 0.513588 -0.595626 0.189385 0.214093 0.215657 0.185275 0.220492 0.210276
3356250 0.198175 0.206462 0.193908 0.0815984 -0.256537 0.0987983 0.196815 0.210256 0.193103 0.199937 0.201551 0.194949
3356250 0.196012 0.206029 0.201935 -0.495881 -8.505 -0.0836476 0.197038 0.210687 0.20197 0.195354 0.203045 0.201913
3356250 0.211363 0.20367 0.194473 2.24424 -0.32512 1.23379 0.208248 0.203819 0.193279 0.214184 0.203535 0.195555
3356250 0.20936 0.216542 0.187007 0.00385654 0.00393361 -0.00102296 0.205797 0.211499 0.188065 0.211437 0.219484 0.18639
3356250 0.217049 0.204068 0.194745 1.93729 0.657819 -0.751486 0.214184 0.203535 0.195555 0.221822 0.204956 0.193396
3356250 0.182391 0.202352 0.20507 0.0 0.0 0.0 0.186898 0.207237 0.20572 0.178821 0.198576 0.204556
3356250 0.181548 0.212636 0.196597 0.0 0.0 0.0 0.180987 0.211415 0.199349 0.182301 0.214386 0.192913
3356250 0.180961 0.203884 0.199251 0.0 0.0 0.0 0.178638 0.205993 0.200931 0.184777 0.200552 0.19649
3356250 0.183282 0.217914 0.195397 0.0 0.0 0.0 0.184076 0.220856 0.197406 0.182301 0.214386 0.192913
3356250 0.182202 0.213793 0.201133 0.0 0.0 0.0 0.180987 0.211415 0.199349 0.183731 0.216894 0.203375
3356250 0.187675 0.201069 0.184836 0.0 0.0 0.0 0.191153 0.20092 0.182588 0.183686 0.20135 0.187412
3356250 0.184562 0.210953 0.193475 0.0 0.0 0.0 0.186375 0.208287 0.193925 0.182301 0.214386 0.192913
3356250 0.18574 0.213646 0.190778 0.0 0.0 0.0 0.189638 0.212912 0.188359 0.182301 0.214386 0.192913
3356250 0.187522 0.202633 0.188671 0.0 0.0 0.0 0.191651 0.20412 0.190026 0.183686 0.20135 0.187412
3356250 0.188408 0.202386 0.193077 0.0 0.0 0.0 0.191651 0.20412 0.190026 0.184777 0.200552 0.19649
3356250 0.189244 0.203914 0.197084 0.0 0.0 0.0 0.192143 0.206177 0.19747 0.184777 0.200552 0.19649
3356250 0.183138 0.211818 0.208491 0.0 0.0 0.0 0.186898 0.207237 0.20572 0.180978 0.214523 0.210081
3356250 0.184317 0.214303 0.212295 0.0 0.0 0.0 0.180978 0.214523 0.210081 0.189385 0.214093 0.215657
3356250 0.186437 0.218151 0.19744 0.0 0.0 0.0 0.189724 0.214503 0.197487 0.184076 0.220856 0.197406
3356250 0.186457 0.215757 0.200696 0.0 0.0 0.0 0.183731 0.216894 0.203375 0.189724 0.214503 0.197487
3356250 0.187381 0.217161 0.204583 0.0 0.0 0.0 0.183731 0.216894 0.203375 0.191901 0.217601 0.20608
3356250 0.19548 0.200388 0.215207 0.0 0.0 0.0 0.193207 0.204479 0.215058 0.197322 0.197167 0.215329
3356250 0.194564 0.201917 0.208153 0.0 0.0 0.0 0.196038 0.204731 0.207829 0.192404 0.197917 0.208629
3356250 0.194175 0.200945 0.204597 0.0 0.0 0.0 0.195354 0.203045 0.201913 0.192404 0.197917 0.208629
3356250 0.190141 0.201698 0.207433 0.0 0.0 0.0 0.186898 0.207237 0.20572 0.192404 0.197917 0.208629
3356250 0.196632 0.198638 0.218778 0.0 0.0 0.0 0.195785 0.200555 0.223008 0.197322 0.197167 0.215329
3356250 0.199975 0.1997 0.216083 0.0 0.0 0.0 0.202731 0.202436 0.216868 0.197322 0.197167 0.215329
3356250 0.189231 0.205579 0.1864 0.0 0.0 0.0 0.191651 0.20412 0.190026 0.187386 0.20678 0.183636
3356250 0.190663 0.208386 0.189208 0.0 0.0 0.0 0.191651 0.20412 0.190026 0.189638 0.212912 0.188359
3356250 0.19544 0.202895 0.192277 0.0 0.0 0.0 0.191651 0.20412 0.190026 0.199937 0.201551 0.194949
3356250 0.196625 0.209525 0.189038 0.0 0.0 0.0 0.196815 0.210256 0.193103 0.196449 0.20894 0.185251
3356250 0.189275 0.207177 0.195707 0.0 0.0 0.0 0.186375 0.208287 0.193925 0.192143 0.206177 0.19747
3356250 0.194208 0.207931 0.19554 0.0 0.0 0.0 0.192143 0.206177 0.19747 0.196815 0.210256 0.193103
3356250 0.191143 0.20957 0.197477 0.0 0.0 0.0 0.192143 0.206177 0.19747 0.189724 0.214503 0.197487
3356250 0.195102 0.204372 0.196512 0.0 0.0 0.0 0.192143 0.206177 0.19747 0.199937 0.201551 0.194949
3356250 0.193446 0.211453 0.190877 0.0 0.0 0.0 0.196815 0.210256 0.193103 0.189638 0.212912 0.188359
3356250 0.193475 0.212207 0.195167 0.0 0.0 0.0 0.196815 0.210256 0.193103 0.189724 0.214503 0.197487
3356250 0.194129 0.207957 0.199295 0.0 0.0 0.0 0.192143 0.206177 0.19747 0.197038 0.210687 0.20197
3356250 0.188558 0.211456 0.200883 0.0 0.0 0.0 0.186898 0.207237 0.20572 0.189724 0.214503 0.197487
3356250 0.197027 0.20245 0.19937 0.0 0.0 0.0 0.195354 0.203045 0.201913 0.199937 0.201551 0.194949
3356250 0.195542 0.212823 0.183726 0.0 0.0 0.0 0.194395 0.217843 0.181797 0.196449 0.20894 0.185251
3356250 0.193724 0.215776 0.189669 0.0 0.0 0.0 0.197919 0.218815 0.191014 0.189638 0.212912 0.188359
3356250 0.188068 0.217888 0.193692 0.0 0.0 0.0 0.186497 0.221195 0.190093 0.189724 0.214503 0.197487
3356250 0.200836 0.200203 0.200215 0.0 0.0 0.0 0.199937 0.201551 0.194949 0.201735 0.198954 0.205478
3356250 0.198683 0.210583 0.182085 0.0 0.0 0.0 0.201292 0.21261 0.178388 0.196449 0.20894 0.185251
3356250 0.200418 0.21153 0.195387 0.0 0.0 0.0 0.196815 0.210256 0.193103 0.203302 0.212638 0.197214
3356250 0.205042 0.202895 0.193923 0.0 0.0 0.0 0.208248 0.203819 0.193279 0.199937 0.201551 0.194949
3356250 0.190599 0.20557 0.211197 0.0 0.0 0.0 0.193207 0.204479 0.215058 0.186898 0.207237 0.20572
3356250 0.196435 0.207042 0.205506 0.0 0.0 0.0 0.196038 0.204731 0.207829 0.197038 0.210687 0.20197
3356250 0.192671 0.204326 0.20312 0.0 0.0 0.0 0.186898 0.207237 0.20572 0.195354 0.203045 0.201913
3356250 0.196809 0.206119 0.218541 0.0 0.0 0.0 0.193207 0.204479 0.215058 0.199459 0.207411 0.221105
3356250 0.188228 0.210851 0.211029 0.0 0.0 0.0 0.186898 0.207237 0.20572 0.189385 0.214093 0.215657
3356250 0.194467 0.21258 0.21343 0.0 0.0 0.0 0.198865 0.211364 0.211503 0.189385 0.214093 0.215657
3356250 0.189798 0.213193 0.205928 0.0 0.0 0.0 0.191901 0.217601 0.20608 0.186898 0.207237 0.20572
3356250 0.195317 0.214493 0.20874 0.0 0.0 0.0 0.198865 0.211364 0.211503 0.191901 0.217601 0.20608
3356250 0.197684 0.201501 0.203214 0.0 0.0 0.0 0.195354 0.203045 0.201913 0.201735 0.198954 0.205478
3356250 0.200746 0.211792 0.199154 0.0 0.0 0.0 0.197038 0.210687 0.20197 0.203302 0.212638 0.197214
3356250 0.202089 0.213015 0.208048 0.0 0.0 0.0 0.198865 0.211364 0.211503 0.205128 0.214667 0.204792
3356250 0.198379 0.20332 0.21604 0.0 0.0 0.0 0.193207 0.204479 0.215058 0.202731 0.202436 0.216868
3356250 0.195188 0.214733 0.21814 0.0 0.0 0.0 0.199827 0.215333 0.220126 0.189385 0.214093 0.215657
3356250 0.199545 0.201523 0.219683 0.0 0.0 0.0 0.202731 0.202436 0.216868 0.195785 0.200555 0.223008
3356250 0.203253 0.21567 0.217069 0.0 0.0 0.0 0.199827 0.215333 0.220126 0.206587 0.216095 0.214093
3356250 0.196169 0.218284 0.186439 0.0 0.0 0.0 0.194395 0.217843 0.181797 0.197919 0.218815 0.191014
3356250 0.201324 0.215603 0.18974 0.0 0.0 0.0 0.197919 0.218815 0.191014 0.205797 0.211499 0.188065
3356250 0.202171 0.216671 0.201805 0.0 0.0 0.0 0.205128 0.214667 0.204792 0.199767 0.21839 0.199375
3356250 0.202515 0.218104 0.213611 0.0 0.0 0.0 0.206587 0.216095 0.214093 0.199123 0.219867 0.213211
3356250 0.210393 0.202044 0.19139 0.0 0.0 0.0 0.208248 0.203819 0.193279 0.21376 0.199386 0.188423
3356250 0.206725 0.201812 0.1908 0.0 0.0 0.0 0.208248 0.203819 0.193279 0.205229 0.19994 0.188363
3356250 0.207068 0.200525 0.212046 0.0 0.0 0.0 0.208094 0.206457 0.21017 0.206344 0.196416 0.213374
3356250 0.204838 0.202566 0.207766 0.0 0.0 0.0 0.208094 0.206457 0.21017 0.201735 0.198954 0.205478
3356250 0.205975 0.201128 0.218723 0.0 0.0 0.0 0.202731 0.202436 0.216868 0.210588 0.199389 0.221364
3356250 0.207225 0.205909 0.184854 0.0 0.0 0.0 0.207994 0.202973 0.183123 0.205797 0.211499 0.188065
3356250 0.211212 0.20894 0.184787 0.0 0.0 0.0 0.205797 0.211499 0.188065 0.215201 0.20714 0.182373
3356250 0.207208 0.209453 0.182203 0.0 0.0 0.0 0.205797 0.211499 0.188065 0.207989 0.208399 0.178959
3356250 0.202577 0.216488 0.181053 0.0 0.0 0.0 0.201292 0.21261 0.178388 0.203579 0.219596 0.183127
3356250 0.209552 0.206506 0.194927 0.0 0.0 0.0 0.208248 0.203819 0.193279 0.211245 0.210108 0.197064
3356250 0.209017 0.210628 0.193384 0.0 0.0 0.0 0.205797 0.211499 0.188065 0.211245 0.210108 0.197064
3356250 0.206728 0.211497 0.19715 0.0 0.0 0.0 0.203302 0.212638 0.197214 0.211245 0.210108 0.197064
3356250 0.212742 0.203646 0.198261 0.0 0.0 0.0 0.214184 0.203535 0.195555 0.2113 0.203858 0.200968
3356250 0.211277 0.206378 0.199363 0.0 0.0 0.0 0.211245 0.210108 0.197064 0.2113 0.203858 0.200968
3356250 0.204055 0.213426 0.200342 0.0 0.0 0.0 0.205128 0.214667 0.204792 0.203302 0.212638 0.197214
3356250 0.214203 0.213493 0.191823 0.0 0.0 0.0 0.21539 0.209914 0.190196 0.212933 0.217426 0.193563
3356250 0.210171 0.215084 0.191437 0.0 0.0 0.0 0.205797 0.211499 0.188065 0.212933 0.217426 0.193563
3356250 0.206084 0.217419 0.190294 0.0 0.0 0.0 0.205797 0.211499 0.188065 0.206266 0.221225 0.191696
3356250 0.217155 0.211377 0.193065 0.0 0.0 0.0 0.219033 0.213031 0.196114 0.21539 0.209914 0.190196
3356250 0.215332 0.211594 0.196566 0.0 0.0 0.0 0.219033 0.213031 0.196114 0.211245 0.210108 0.197064
3356250 0.214268 0.209118 0.200111 0.0 0.0 0.0 0.21805 0.20799 0.203919 0.211245 0.210108 0.197064
3356250 0.210172 0.204722 0.204204 0.0 0.0 0.0 0.208094 0.206457 0.21017 0.2113 0.203858 0.200968
3356250 0.206186 0.206507 0.204915 0.0 0.0 0.0 0.208094 0.206457 0.21017 0.204806 0.206629 0.201116
3356250 0.204955 0.210302 0.202818 0.0 0.0 0.0 0.205128 0.214667 0.204792 0.204806 0.206629 0.201116
3356250 0.207257 0.211763 0.212348 0.0 0.0 0.0 0.208094 0.206457 0.21017 0.206587 0.216095 0.214093
3356250 0.205874 0.21535 0.209551 0.0 0.0 0.0 0.206587 0.216095 0.214093 0.205128 0.214667 0.204792
3356250 0.209948 0.215674 0.203094 0.0 0.0 0.0 0.214256 0.216665 0.201578 0.205128 0.214667 0.204792
3356250 0.213142 0.207185 0.206999 0.0 0.0 0.0 0.208094 0.206457 0.21017 0.21805 0.20799 0.203919
3356250 0.215854 0.214943 0.210822 0.0 0.0 0.0 0.214304 0.212444 0.210072 0.21802 0.218549 0.211867
3356250 0.204831 0.205394 0.218339 0.0 0.0 0.0 0.202731 0.202436 0.216868 0.207397 0.20912 0.220141
3356250 0.206978 0.212674 0.217015 0.0 0.0 0.0 0.206587 0.216095 0.214093 0.207397 0.20912 0.220141
3356250 0.212154 0.218447 0.189837 0.0 0.0 0.0 0.211437 0.219484 0.18639 0.212933 0.217426 0.193563
3356250 0.213575 0.217008 0.19746 0.0 0.0 0.0 0.214256 0.216665 0.201578 0.212933 0.217426 0.193563
3356250 0.215993 0.215172 0.194844 0.0 0.0 0.0 0.219033 0.213031 0.196114 0.212933 0.217426 0.193563
3356250 0.209419 0.217016 0.210758 0.0 0.0 0.0 0.206587 0.216095 0.214093 0.211467 0.217764 0.208347
3356250 0.216719 0.214743 0.19876 0.0 0.0 0.0 0.214256 0.216665 0.201578 0.219033 0.213031 0.196114
3356250 0.215906 0.21284 0.202598 0.0 0.0 0.0 0.214256 0.216665 0.201578 0.21805 0.20799 0.203919
