# ts x y z Fx Fy Fz x1 y1 z1 x2 y2 z2
5031250 0.18343 0.193827 0.197068 -12.123 5.59351 5.8727 0.187206 0.1917 0.195844 0.180661 0.195387 0.197964
5031250 0.188968 0.20013 0.198041 -6.43965 4.10741 -3.85967 0.192883 0.197961 0.199523 0.184805 0.202438 0.196464
5031250 0.198163 0.187131 0.183272 -4.29412 -11.0857 -11.3939 0.199513 0.190081 0.185551 0.197027 0.184646 0.181353
5031250 0.19408 0.179008 0.190235 -1.50794 -2.04666 1.31765 0.195652 0.182011 0.188082 0.192713 0.176398 0.192106
5031250 0.185952 0.179786 0.191143 -3.28297 29.5036 19.1092 0.185753 0.177048 0.189191 0.186204 0.183263 0.193622
5031250 0.192925 0.184837 0.187239 -0.502123 0.385927 -0.0944639 0.195652 0.182011 0.188082 0.189207 0.188689 0.186089
5031250 0.197978 0.183187 0.191138 0.672404 0.167028 0.952439 0.195652 0.182011 0.188082 0.20087 0.184649 0.194939
5031250 0.188241 0.1805 0.214173 9.50176 6.3817 8.06679 0.185331 0.177983 0.212104 0.19179 0.183568 0.216695
5031250 0.197722 0.191125 0.188932 -4.59713 5.07333 11.5855 0.199513 0.190081 0.185551 0.195682 0.192314 0.192781
5031250 0.192437 0.195059 0.191262 -25.7406 15.2804 -9.97814 0.195682 0.192314 0.192781 0.189417 0.197613 0.189849
5031250 0.196665 0.195386 0.18962 -0.53546 -5.71555 6.23086 0.197719 0.198681 0.186229 0.195682 0.192314 0.192781
5031250 0.194313 0.195077 0.196079 7.95339 -9.96899 -15.9153 0.192883 0.197961 0.199523 0.195682 0.192314 0.192781
5031250 0.192662 0.198871 0.204144 1.21446 2.7272 11.1656 0.192883 0.197961 0.199523 0.192447 0.199757 0.208641
5031250 0.198146 0.188674 0.193806 -21.8473 35.3715 -9.06801 0.20087 0.184649 0.194939 0.195682 0.192314 0.192781
5031250 0.202437 0.191922 0.183602 8.70911 5.70204 -8.27478 0.199513 0.190081 0.185551 0.207436 0.195071 0.180268
5031250 0.203023 0.189295 0.187226 0.966211 -0.1057 0.317647 0.199513 0.190081 0.185551 0.206719 0.188466 0.188991
5031250 0.199147 0.202034 0.183039 2.51176 5.93354 -7.75849 0.197719 0.198681 0.186229 0.200555 0.205339 0.179894
5031250 0.189173 0.196758 0.209798 13.4505 9.02969 -3.18324 0.186299 0.194125 0.210814 0.192447 0.199757 0.208641
5031250 0.199583 0.189666 0.216474 -1.88232 -1.79615 5.41564 0.200599 0.191674 0.212247 0.198836 0.188188 0.219583
5031250 0.200721 0.18024 0.192597 -0.211067 -5.84603 -4.41609 0.20087 0.184649 0.194939 0.200619 0.177208 0.190987
5031250 0.210156 0.183049 0.192347 6.66893 10.055 7.319 0.207619 0.180249 0.190487 0.21262 0.185767 0.194153
5031250 0.201998 0.181913 0.198961 2.05076 -3.2746 7.00894 0.20087 0.184649 0.194939 0.202866 0.17981 0.202052
5031250 0.20426 0.18569 0.198452 10.3906 5.79617 10.8124 0.20087 0.184649 0.194939 0.207026 0.18654 0.201318
5031250 0.211132 0.189576 0.194114 3.21445 -13.775 1.10826 0.210014 0.192438 0.194085 0.21262 0.185767 0.194153
5031250 0.214177 0.188342 0.191382 -4.66464 -4.95215 6.8427 0.216027 0.191402 0.18809 0.21262 0.185767 0.194153
5031250 0.205758 0.179553 0.204562 -2.25007 0.415295 -1.47703 0.208839 0.17928 0.207238 0.202866 0.17981 0.202052
5031250 0.206725 0.186325 0.205374 0.421404 1.52421 -7.11076 0.206482 0.186151 0.208663 0.207026 0.18654 0.201318
5031250 0.208071 0.184517 0.211052 4.37695 -4.83617 9.43342 0.206482 0.186151 0.208663 0.209518 0.183029 0.213227
5031250 0.204108 0.184519 0.210279 -6.6736 -3.12781 4.89351 0.206482 0.186151 0.208663 0.200765 0.182222 0.212552
5031250 0.21061 0.188471 0.201419 -14.7099 -5.63114 1.07682 0.215348 0.191024 0.201553 0.207026 0.18654 0.201318
5031250 0.207015 0.189319 0.207902 2.48444 12.873 -0.996206 0.206482 0.186151 0.208663 0.207702 0.193403 0.20692
5031250 0.205216 0.196056 0.198667 -6.87947 -5.65281 -0.0141781 0.208758 0.199112 0.197935 0.201828 0.193134 0.199367
5031250 0.208618 0.190754 0.191926 -5.24096 -5.21502 -5.47675 0.210014 0.192438 0.194085 0.206719 0.188466 0.188991
5031250 0.21255 0.194155 0.194348 2.50986 2.13334 0.674009 0.210014 0.192438 0.194085 0.215102 0.195883 0.194612
5031250 0.20952 0.195065 0.1956 -4.71805 13.5516 10.0814 0.210014 0.192438 0.194085 0.208758 0.199112 0.197935
5031250 0.218011 0.194858 0.19483 -2.92892 1.34797 0.188123 0.221885 0.193494 0.19512 0.215102 0.195883 0.194612
5031250 0.211078 0.192352 0.20455 -13.4685 2.46998 11.9456 0.215348 0.191024 0.201553 0.207702 0.193403 0.20692
5031250 0.217276 0.187136 0.204736 -12.1551 21.9821 -25.2497 0.219003 0.183656 0.207587 0.215348 0.191024 0.201553
5031250 0.207077 0.192286 0.21853 18.0056 -8.12691 -7.98955 0.203931 0.194407 0.219982 0.210763 0.1898 0.216829
5031250 0.207026 0.195919 0.210287 0.888326 -3.18873 -6.0607 0.2064 0.198248 0.213405 0.207702 0.193403 0.20692
5031250 0.205184 0.196357 0.216643 1.26365 1.13697 -2.28679 0.203931 0.194407 0.219982 0.2064 0.198248 0.213405
5031250 0.203768 0.182858 0.216046 2.70792 0.573968 2.29124 0.200765 0.182222 0.212552 0.205997 0.18333 0.21864
5031250 0.19461 0.191486 0.206825 7.4131 6.26996 -3.54848 0.192074 0.188667 0.208646 0.19666 0.193764 0.205353
5031250 0.189124 0.191455 0.209753 -2.27774 1.53813 0.818969 0.192074 0.188667 0.208646 0.186299 0.194125 0.210814
5031250 0.208814 0.186327 0.186076 -1.28856 1.05372 2.15387 0.211524 0.18356 0.182305 0.206719 0.188466 0.188991
5031250 0.191949 0.186417 0.212198 0.0163344 -4.43341 10.2256 0.192074 0.188667 0.208646 0.19179 0.183568 0.216695
5031250 0.199127 0.180232 0.196478 -5.77665 -17.4533 9.18541 0.20087 0.184649 0.194939 0.197999 0.177373 0.197474
5031250 0.19564 0.180611 0.218891 -3.90766 2.12804 -1.66959 0.199167 0.177902 0.220903 0.19179 0.183568 0.216695
5031250 0.21109 0.180427 0.204021 -0.848355 -0.266817 1.49146 0.213252 0.181529 0.20093 0.208839 0.17928 0.207238
5031250 0.181837 0.199461 0.193731 4.60571 3.22026 3.26512 0.180038 0.197656 0.192074 0.184805 0.202438 0.196464
5031250 0.198752 0.192724 0.19607 1.63129 -0.0136894 2.26533 0.195682 0.192314 0.192781 0.201828 0.193134 0.199367
5031250 0.219053 0.192424 0.197907 -12.9323 -2.19096 14.1829 0.221885 0.193494 0.19512 0.215348 0.191024 0.201553
5031250 0.205269 0.192151 0.190328 0.470999 -1.50346 -0.800224 0.203914 0.195591 0.191576 0.206719 0.188466 0.188991
5031250 0.21516 0.18639 0.208593 -0.0 -0.0 0.0 0.219003 0.183656 0.207587 0.212617 0.188201 0.209259
5031250 0.210195 0.183989 0.201121 -5.41316 4.95268 1.44347 0.213252 0.181529 0.20093 0.207026 0.18654 0.201318
5031250 0.217221 0.179351 0.206351 -5.50667 -11.4514 -1.41028 0.219003 0.183656 0.207587 0.215905 0.176171 0.205437
5031250 0.211032 0.198559 0.184845 4.03664 2.99592 3.58099 0.207436 0.195071 0.180268 0.213807 0.201252 0.188378
5031250 0.210257 0.198033 0.212614 2.36102 0.159975 -0.748956 0.2064 0.198248 0.213405 0.216608 0.19768 0.211313
5031250 0.202949 0.194454 0.195183 -1.01756 -0.840869 2.24988 0.203914 0.195591 0.191576 0.201828 0.193134 0.199367
5031250 0.20115 0.19697 0.189191 1.28087 -0.446989 0.810345 0.197719 0.198681 0.186229 0.203914 0.195591 0.191576
5031250 0.204656 0.198995 0.189817 0.115444 1.8605 -0.767567 0.203914 0.195591 0.191576 0.20528 0.201856 0.188339
5031250 0.203763 0.178574 0.190763 -1.92405 -0.62682 -0.125211 0.207619 0.180249 0.190487 0.200619 0.177208 0.190987
5031250 0.212942 0.183606 0.19761 -2.29859 5.23361 -7.99147 0.213252 0.181529 0.20093 0.21262 0.185767 0.194153
5031250 0.194445 0.202165 0.200969 13.3579 25.1599 6.30008 0.192883 0.197961 0.199523 0.195457 0.20489 0.201906
5031250 0.196717 0.183506 0.205717 -16.2936 -13.9767 6.38872 0.199453 0.186647 0.204806 0.193617 0.179949 0.206749
5031250 0.203327 0.186592 0.203022 8.28692 1.3367 -3.77223 0.199453 0.186647 0.204806 0.207026 0.18654 0.201318
5031250 0.199993 0.189016 0.208312 -1.46009 -3.44499 -7.26571 0.200599 0.191674 0.212247 0.199453 0.186647 0.204806
5031250 0.204531 0.182262 0.192524 -13.288 5.69478 9.05998 0.207619 0.180249 0.190487 0.20087 0.184649 0.194939
5031250 0.211873 0.188842 0.212296 -0.000546272 0.000718675 0.0018606 0.212617 0.188201 0.209259 0.210763 0.1898 0.216829
5031250 0.21676 0.182115 0.19926 -3.16743 -1.12284 1.62056 0.222485 0.18307 0.196535 0.213252 0.181529 0.20093
5031250 0.212303 0.182945 0.214361 4.09683 0.360642 1.15298 0.209518 0.183029 0.213227 0.216029 0.182833 0.215877
5031250 0.190248 0.182314 0.200073 -0.0011083 0.00104013 0.000495912 0.192271 0.18022 0.198603 0.187445 0.185213 0.202108
5031250 0.187522 0.185644 0.190316 0.584398 0.732008 -0.91078 0.186204 0.183263 0.193622 0.189207 0.188689 0.186089
5031250 0.182708 0.182687 0.196025 -1.8776 -0.54 1.73167 0.186204 0.183263 0.193622 0.177723 0.181865 0.199452
5031250 0.183311 0.183789 0.200979 3.02383 1.00863 1.39013 0.177723 0.181865 0.199452 0.187445 0.185213 0.202108
5031250 0.190427 0.18267 0.20435 -10.846 6.68414 -8.92112 0.193617 0.179949 0.206749 0.187445 0.185213 0.202108
5031250 0.192755 0.190675 0.189756 0.742454 0.337425 0.54544 0.189207 0.188689 0.186089 0.195682 0.192314 0.192781
5031250 0.209602 0.187193 0.208966 0.0058054 0.00261048 0.0013959 0.206482 0.186151 0.208663 0.212617 0.188201 0.209259
5031250 0.195148 0.17879 0.198036 0.0 0.0 -0.0 0.192271 0.18022 0.198603 0.197999 0.177373 0.197474
5031250 0.196403 0.18345 0.184408 0.81659 0.67917 -2.42542 0.195652 0.182011 0.188082 0.197027 0.184646 0.181353
5031250 0.187325 0.18846 0.198973 -0.531566 -3.44464 4.03316 0.187206 0.1917 0.195844 0.187445 0.185213 0.202108
5031250 0.189841 0.187001 0.205492 -3.6771 -2.31752 -3.65206 0.192074 0.188667 0.208646 0.187445 0.185213 0.202108
5031250 0.210337 0.203161 0.199815 2.42681 4.26729 2.67157 0.208758 0.199112 0.197935 0.211346 0.205749 0.201016
5031250 0.196582 0.182849 0.214483 -7.72799 -0.198336 3.55736 0.200765 0.182222 0.212552 0.19179 0.183568 0.216695
5031250 0.186808 0.184212 0.197752 2.9852 2.0011 9.46575 0.186204 0.183263 0.193622 0.187445 0.185213 0.202108
5031250 0.196234 0.200498 0.197384 0.622928 0.321116 -0.325925 0.192883 0.197961 0.199523 0.200014 0.20336 0.194971
5031250 0.209231 0.18144 0.210689 0.0596587 -0.539271 -0.974292 0.209518 0.183029 0.213227 0.208839 0.17928 0.207238
5031250 0.202401 0.193153 0.216431 0.23001 0.366269 0.756792 0.200599 0.191674 0.212247 0.203931 0.194407 0.219982
5031250 0.184105 0.187882 0.203559 7.69899 -4.43528 -3.74058 0.180587 0.190695 0.205087 0.187445 0.185213 0.202108
5031250 0.216463 0.184717 0.195081 -11.2536 1.35544 -1.86126 0.222485 0.18307 0.196535 0.21262 0.185767 0.194153
5031250 0.194033 0.201016 0.184126 -2.49287 1.65002 -2.0755 0.197719 0.198681 0.186229 0.19127 0.202766 0.18255
5031250 0.215191 0.19411 0.197144 -1.55756 5.35683 -6.81349 0.215348 0.191024 0.201553 0.215102 0.195883 0.194612
5031250 0.186589 0.200462 0.188611 -8.3482 11.7557 -4.14442 0.189417 0.197613 0.189849 0.183787 0.203284 0.187384
5031250 0.194489 0.182478 0.181407 10.9127 6.76208 0.370085 0.191364 0.179809 0.181473 0.197027 0.184646 0.181353
5031250 0.214644 0.178719 0.203294 3.60818 -8.47458 9.45923 0.213252 0.181529 0.20093 0.215905 0.176171 0.205437
5031250 0.200605 0.189794 0.202168 1.24898 8.34789 -6.75292 0.199453 0.186647 0.204806 0.201828 0.193134 0.199367
5031250 0.201506 0.180277 0.183844 3.81146 5.89929 2.10796 0.19949 0.175808 0.182713 0.202914 0.183398 0.184633
5031250 0.19331 0.187663 0.197996 8.32149e-05 0.00137122 0.00227457 0.192873 0.185783 0.195562 0.193788 0.189718 0.200658
5031250 0.185044 0.182309 0.211552 0.000518675 0.00572254 -0.000931644 0.185331 0.177983 0.212104 0.184796 0.186051 0.211074
5031250 0.191065 0.187784 0.201281 0.00278674 0.00138894 -0.000728944 0.187445 0.185213 0.202108 0.193788 0.189718 0.200658
5031250 0.187914 0.18961 0.203027 -7.96668e-05 0.00182608 0.000501852 0.187445 0.185213 0.202108 0.188255 0.192819 0.203697
5031250 0.189932 0.190995 0.20587 -0.000562939 0.000558694 -0.000503607 0.192074 0.188667 0.208646 0.188255 0.192819 0.203697
5031250 0.192346 0.190763 0.212285 0.000585644 0.00186286 0.00479103 0.192074 0.188667 0.208646 0.192576 0.192541 0.215373
5031250 0.195231 0.199369 0.212271 0.0923296 -0.0202752 0.090191 0.192447 0.199757 0.208641 0.197508 0.199052 0.215239
5031250 0.194522 0.193611 0.21817 0.0 -0.0 -0.0 0.19643 0.194661 0.220913 0.192576 0.192541 0.215373
5031250 0.19695 0.196781 0.218174 1.17647 2.82821 -5.10797 0.19643 0.194661 0.220913 0.197508 0.199052 0.215239
5031250 0.198866 0.19581 0.213925 -4.64401 8.33713 2.33777 0.200599 0.191674 0.212247 0.197508 0.199052 0.215239
5031250 0.202786 0.185012 0.181513 -4.98986e-05 0.000281445 -0.000392861 0.202914 0.183398 0.184633 0.202672 0.186456 0.17872
5031250 0.204652 0.185713 0.186624 3.88748 4.38638 5.43693 0.202914 0.183398 0.184633 0.206719 0.188466 0.188991
5031250 0.207889 0.17913 0.19454 -0.00984947 -0.0699901 0.517842 0.207619 0.180249 0.190487 0.208086 0.178316 0.197485
5031250 0.210348 0.179723 0.198994 0.650017 0.264097 0.351727 0.208086 0.178316 0.197485 0.213252 0.181529 0.20093
5031250 0.183679 0.192552 0.208188 4.94223 2.99299 3.55296 0.180587 0.190695 0.205087 0.186299 0.194125 0.210814
5031250 0.198705 0.193953 0.185856 0.194583 -3.81977 -0.15757 0.197719 0.198681 0.186229 0.199513 0.190081 0.185551
5031250 0.18835 0.194759 0.192742 1.0248 6.83746 -7.39628 0.187206 0.1917 0.195844 0.189417 0.197613 0.189849
5031250 0.199895 0.184038 0.182951 -3.35757 1.29695 -1.64922 0.202914 0.183398 0.184633 0.197027 0.184646 0.181353
5031250 0.213237 0.193134 0.214495 5.02587 4.68835 -4.01733 0.210763 0.1898 0.216829 0.216608 0.19768 0.211313
5031250 0.186692 0.187374 0.194705 -7.25574 -27.322 -5.07528 0.187206 0.1917 0.195844 0.186204 0.183263 0.193622
5031250 0.18335 0.190639 0.193767 -0.0 0.0 0.0 0.187206 0.1917 0.195844 0.179235 0.189508 0.191549
5031250 0.182307 0.198187 0.197369 7.90917 11.3344 -4.59499 0.180661 0.195387 0.197964 0.184805 0.202438 0.196464
5031250 0.185899 0.196469 0.18786 14.3135 2.87891 10.3782 0.182605 0.195397 0.185996 0.189417 0.197613 0.189849
5031250 0.195077 0.195523 0.20291 3.68231 -2.60938 4.40291 0.192883 0.197961 0.199523 0.19666 0.193764 0.205353
5031250 0.18998 0.194759 0.197642 13.1763 13.6583 12.0801 0.187206 0.1917 0.195844 0.192883 0.197961 0.199523
5031250 0.206992 0.190984 0.185667 0.181568 -1.71343 2.82926 0.207436 0.195071 0.180268 0.206719 0.188466 0.188991
5031250 0.19258 0.18307 0.197045 -0.000180802 -0.00136213 0.00105563 0.192873 0.185783 0.195562 0.192271 0.18022 0.198603
5031250 0.209482 0.180207 0.214266 1.49864 -11.1753 3.19151 0.209518 0.183029 0.213227 0.209402 0.173948 0.216568
5031250 0.204055 0.186727 0.191701 1.08751 1.0219 -1.08212 0.20087 0.184649 0.194939 0.206719 0.188466 0.188991
5031250 0.214959 0.196144 0.188229 -0.745911 2.1274 -0.181386 0.216027 0.191402 0.18809 0.213807 0.201252 0.188378
5031250 0.204359 0.192589 0.209428 3.84323 1.7837 -3.04634 0.200599 0.191674 0.212247 0.207702 0.193403 0.20692
5031250 0.190069 0.184724 0.194747 -0.0 0.0 0.0 0.192873 0.185783 0.195562 0.186204 0.183263 0.193622
5031250 0.195939 0.185348 0.195323 0.00885483 0.000103308 -0.00029125 0.192873 0.185783 0.195562 0.20087 0.184649 0.194939
5031250 0.196299 0.188357 0.202497 -0.00424521 0.00135109 -0.00298069 0.199453 0.186647 0.204806 0.193788 0.189718 0.200658
5031250 0.206306 0.183462 0.183716 -1.41744 -0.00457811 0.151032 0.211524 0.18356 0.182305 0.202914 0.183398 0.184633
5031250 0.197899 0.190607 0.20511 -2.60746 5.59201 1.36398 0.199453 0.186647 0.204806 0.19666 0.193764 0.205353
5031250 0.21 0.18565 0.214621 1.63696 5.13784 2.10853 0.209518 0.183029 0.213227 0.210763 0.1898 0.216829
5031250 0.182525 0.181906 0.191326 0.0 0.0 0.0 0.186204 0.183263 0.193622 0.178556 0.180499 0.188849
5031250 0.180631 0.193437 0.200883 0.0 0.0 0.0 0.180587 0.190695 0.205087 0.180661 0.195387 0.197964
5031250 0.182922 0.186176 0.192646 0.0 0.0 0.0 0.186204 0.183263 0.193622 0.179235 0.189508 0.191549
5031250 0.183899 0.189097 0.188996 0.0 0.0 0.0 0.189207 0.188689 0.186089 0.179235 0.189508 0.191549
5031250 0.182933 0.188079 0.208424 0.0 0.0 0.0 0.180587 0.190695 0.205087 0.184796 0.186051 0.211074
5031250 0.187699 0.184992 0.213407 0.0 0.0 0.0 0.19179 0.183568 0.216695 0.184796 0.186051 0.211074
5031250 0.186004 0.185641 0.206989 0.0 0.0 0.0 0.187445 0.185213 0.202108 0.184796 0.186051 0.211074
5031250 0.18824 0.187261 0.209925 0.0 0.0 0.0 0.192074 0.188667 0.208646 0.184796 0.186051 0.211074
5031250 0.185524 0.189931 0.210948 0.0 0.0 0.0 0.186299 0.194125 0.210814 0.184796 0.186051 0.211074
5031250 0.185118 0.191922 0.204266 0.0 0.0 0.0 0.180587 0.190695 0.205087 0.188255 0.192819 0.203697
5031250 0.198009 0.181092 0.181897 0.0 0.0 0.0 0.19949 0.175808 0.182713 0.197027 0.184646 0.181353
5031250 0.193533 0.180894 0.184817 0.0 0.0 0.0 0.195652 0.182011 0.188082 0.191364 0.179809 0.181473
5031250 0.197355 0.179229 0.1857 0.0 0.0 0.0 0.195652 0.182011 0.188082 0.19949 0.175808 0.182713
5031250 0.194064 0.18615 0.183148 0.0 0.0 0.0 0.189207 0.188689 0.186089 0.197027 0.184646 0.181353
5031250 0.190439 0.18359 0.183453 0.0 0.0 0.0 0.189207 0.188689 0.186089 0.191364 0.179809 0.181473
5031250 0.186158 0.179283 0.195357 0.0 0.0 0.0 0.186204 0.183263 0.193622 0.186101 0.174468 0.197482
5031250 0.189648 0.181509 0.196448 0.0 0.0 0.0 0.186204 0.183263 0.193622 0.192271 0.18022 0.198603
5031250 0.192813 0.180083 0.201884 0.0 0.0 0.0 0.192271 0.18022 0.198603 0.193617 0.179949 0.206749
5031250 0.197594 0.186043 0.186809 0.0 0.0 0.0 0.195652 0.182011 0.188082 0.199513 0.190081 0.185551
5031250 0.199524 0.182723 0.186243 0.0 0.0 0.0 0.195652 0.182011 0.188082 0.202914 0.183398 0.184633
5031250 0.198329 0.179394 0.189648 0.0 0.0 0.0 0.195652 0.182011 0.188082 0.200619 0.177208 0.190987
5031250 0.189266 0.178888 0.209561 0.0 0.0 0.0 0.185331 0.177983 0.212104 0.193617 0.179949 0.206749
5031250 0.194089 0.17908 0.214887 0.0 0.0 0.0 0.195506 0.176362 0.213774 0.19179 0.183568 0.216695
5031250 0.192748 0.181642 0.211479 0.0 0.0 0.0 0.19179 0.183568 0.216695 0.193617 0.179949 0.206749
5031250 0.192792 0.184581 0.207762 0.0 0.0 0.0 0.192074 0.188667 0.208646 0.193617 0.179949 0.206749
5031250 0.197681 0.178757 0.213268 0.0 0.0 0.0 0.195506 0.176362 0.213774 0.200765 0.182222 0.212552
5031250 0.19726 0.181079 0.209705 0.0 0.0 0.0 0.200765 0.182222 0.212552 0.193617 0.179949 0.206749
5031250 0.192261 0.188913 0.215903 0.0 0.0 0.0 0.19179 0.183568 0.216695 0.192576 0.192541 0.215373
5031250 0.196031 0.18632 0.218433 0.0 0.0 0.0 0.19179 0.183568 0.216695 0.198836 0.188188 0.219583
5031250 0.199985 0.180085 0.216626 0.0 0.0 0.0 0.199167 0.177902 0.220903 0.200765 0.182222 0.212552
5031250 0.203167 0.181053 0.219577 0.0 0.0 0.0 0.199167 0.177902 0.220903 0.205997 0.18333 0.21864
5031250 0.198265 0.190332 0.181499 0.0 0.0 0.0 0.199513 0.190081 0.185551 0.197138 0.190611 0.17784
5031250 0.19781 0.197886 0.181427 0.0 0.0 0.0 0.197872 0.197398 0.178201 0.197719 0.198681 0.186229
5031250 0.19056 0.188171 0.195678 0.0 0.0 0.0 0.192873 0.185783 0.195562 0.187206 0.1917 0.195844
5031250 0.194017 0.188418 0.19443 0.0 0.0 0.0 0.192873 0.185783 0.195562 0.195682 0.192314 0.192781
5031250 0.195183 0.189469 0.185777 0.0 0.0 0.0 0.199513 0.190081 0.185551 0.189207 0.188689 0.186089
5031250 0.18811 0.190313 0.19144 0.0 0.0 0.0 0.187206 0.1917 0.195844 0.189207 0.188689 0.186089
5031250 0.189326 0.193711 0.188217 0.0 0.0 0.0 0.189207 0.188689 0.186089 0.189417 0.197613 0.189849
5031250 0.191439 0.191979 0.194315 0.0 0.0 0.0 0.187206 0.1917 0.195844 0.195682 0.192314 0.192781
5031250 0.19105 0.19775 0.194408 0.0 0.0 0.0 0.192883 0.197961 0.199523 0.189417 0.197613 0.189849
5031250 0.193274 0.198083 0.188168 0.0 0.0 0.0 0.197719 0.198681 0.186229 0.189417 0.197613 0.189849
5031250 0.190661 0.185524 0.19823 0.0 0.0 0.0 0.192873 0.185783 0.195562 0.187445 0.185213 0.202108
5031250 0.190959 0.190544 0.19859 0.0 0.0 0.0 0.187206 0.1917 0.195844 0.193788 0.189718 0.200658
5031250 0.187813 0.192319 0.20038 0.0 0.0 0.0 0.187206 0.1917 0.195844 0.188255 0.192819 0.203697
5031250 0.194601 0.190806 0.197278 0.0 0.0 0.0 0.195682 0.192314 0.192781 0.193788 0.189718 0.200658
5031250 0.193409 0.193143 0.200183 0.0 0.0 0.0 0.192883 0.197961 0.199523 0.193788 0.189718 0.200658
5031250 0.190159 0.194906 0.20198 0.0 0.0 0.0 0.192883 0.197961 0.199523 0.188255 0.192819 0.203697
5031250 0.190411 0.200351 0.185934 0.0 0.0 0.0 0.189417 0.197613 0.189849 0.19127 0.202766 0.18255
5031250 0.186069 0.196755 0.196138 0.0 0.0 0.0 0.187206 0.1917 0.195844 0.184805 0.202438 0.196464
5031250 0.187314 0.199787 0.192866 0.0 0.0 0.0 0.189417 0.197613 0.189849 0.184805 0.202438 0.196464
5031250 0.194566 0.202456 0.188178 0.0 0.0 0.0 0.197719 0.198681 0.186229 0.191649 0.206 0.189981
5031250 0.198812 0.200885 0.190395 0.0 0.0 0.0 0.197719 0.198681 0.186229 0.200014 0.20336 0.194971
5031250 0.201316 0.18651 0.185065 0.0 0.0 0.0 0.199513 0.190081 0.185551 0.202914 0.183398 0.184633
5031250 0.201275 0.188032 0.181741 0.0 0.0 0.0 0.199513 0.190081 0.185551 0.202672 0.186456 0.17872
5031250 0.201766 0.19715 0.183747 0.0 0.0 0.0 0.197719 0.198681 0.186229 0.207436 0.195071 0.180268
5031250 0.201731 0.192832 0.188588 0.0 0.0 0.0 0.203914 0.195591 0.191576 0.199513 0.190081 0.185551
5031250 0.200098 0.194045 0.192135 0.0 0.0 0.0 0.203914 0.195591 0.191576 0.195682 0.192314 0.192781
5031250 0.197446 0.195472 0.199444 0.0 0.0 0.0 0.192883 0.197961 0.199523 0.201828 0.193134 0.199367
5031250 0.202227 0.200547 0.187487 0.0 0.0 0.0 0.197719 0.198681 0.186229 0.20528 0.201856 0.188339
5031250 0.197072 0.19927 0.202352 0.0 0.0 0.0 0.192883 0.197961 0.199523 0.201793 0.200802 0.20554
5031250 0.195738 0.187637 0.206739 0.0 0.0 0.0 0.192074 0.188667 0.208646 0.199453 0.186647 0.204806
5031250 0.190979 0.191266 0.202201 0.0 0.0 0.0 0.188255 0.192819 0.203697 0.193788 0.189718 0.200658
5031250 0.193022 0.189222 0.204226 0.0 0.0 0.0 0.192074 0.188667 0.208646 0.193788 0.189718 0.200658
5031250 0.195223 0.191714 0.203004 0.0 0.0 0.0 0.19666 0.193764 0.205353 0.193788 0.189718 0.200658
5031250 0.187376 0.193379 0.206898 0.0 0.0 0.0 0.186299 0.194125 0.210814 0.188255 0.192819 0.203697
5031250 0.189627 0.193258 0.213231 0.0 0.0 0.0 0.186299 0.194125 0.210814 0.192576 0.192541 0.215373
5031250 0.194867 0.196288 0.206752 0.0 0.0 0.0 0.192447 0.199757 0.208641 0.19666 0.193764 0.205353
5031250 0.19498 0.195688 0.215308 0.0 0.0 0.0 0.192576 0.192541 0.215373 0.197508 0.199052 0.215239
5031250 0.186353 0.196343 0.214279 0.0 0.0 0.0 0.186299 0.194125 0.210814 0.186431 0.199628 0.219306
5031250 0.190247 0.195201 0.216864 0.0 0.0 0.0 0.192576 0.192541 0.215373 0.186431 0.199628 0.219306
5031250 0.200105 0.185699 0.200261 0.0 0.0 0.0 0.20087 0.184649 0.194939 0.199453 0.186647 0.204806
5031250 0.201249 0.18302 0.203356 0.0 0.0 0.0 0.199453 0.186647 0.204806 0.202866 0.17981 0.202052
5031250 0.200081 0.184502 0.208512 0.0 0.0 0.0 0.200765 0.182222 0.212552 0.199453 0.186647 0.204806
5031250 0.197233 0.191156 0.200106 0.0 0.0 0.0 0.201828 0.193134 0.199367 0.193788 0.189718 0.200658
5031250 0.198876 0.193467 0.202786 0.0 0.0 0.0 0.201828 0.193134 0.199367 0.19666 0.193764 0.205353
5031250 0.203414 0.18634 0.20698 0.0 0.0 0.0 0.206482 0.186151 0.208663 0.199453 0.186647 0.204806
5031250 0.196061 0.190047 0.21033 0.0 0.0 0.0 0.192074 0.188667 0.208646 0.200599 0.191674 0.212247
5031250 0.198295 0.19287 0.208216 0.0 0.0 0.0 0.200599 0.191674 0.212247 0.19666 0.193764 0.205353
5031250 0.196002 0.192144 0.214038 0.0 0.0 0.0 0.200599 0.191674 0.212247 0.192576 0.192541 0.215373
5031250 0.201844 0.198633 0.214344 0.0 0.0 0.0 0.2064 0.198248 0.213405 0.197508 0.199052 0.215239
5031250 0.200591 0.196795 0.217516 0.0 0.0 0.0 0.203931 0.194407 0.219982 0.197508 0.199052 0.215239
5031250 0.199668 0.185588 0.216552 0.0 0.0 0.0 0.200765 0.182222 0.212552 0.198836 0.188188 0.219583
5031250 0.201202 0.191048 0.219768 0.0 0.0 0.0 0.203931 0.194407 0.219982 0.198836 0.188188 0.219583
5031250 0.202263 0.198852 0.193013 0.0 0.0 0.0 0.203914 0.195591 0.191576 0.200014 0.20336 0.194971
5031250 0.204639 0.201086 0.196538 0.0 0.0 0.0 0.208758 0.199112 0.197935 0.200014 0.20336 0.194971
5031250 0.209329 0.181672 0.186904 0.0 0.0 0.0 0.207619 0.180249 0.190487 0.211524 0.18356 0.182305
5031250 0.205053 0.181938 0.187297 0.0 0.0 0.0 0.207619 0.180249 0.190487 0.202914 0.183398 0.184633
5031250 0.205769 0.17895 0.199511 0.0 0.0 0.0 0.208086 0.178316 0.197485 0.202866 0.17981 0.202052
5031250 0.207166 0.184347 0.189737 0.0 0.0 0.0 0.207619 0.180249 0.190487 0.206719 0.188466 0.188991
5031250 0.201372 0.189072 0.197262 0.0 0.0 0.0 0.20087 0.184649 0.194939 0.201828 0.193134 0.199367
5031250 0.205061 0.180628 0.209724 0.0 0.0 0.0 0.200765 0.182222 0.212552 0.208839 0.17928 0.207238
5031250 0.20608 0.182683 0.212962 0.0 0.0 0.0 0.209518 0.183029 0.213227 0.200765 0.182222 0.212552
5031250 0.207878 0.183141 0.215747 0.0 0.0 0.0 0.209518 0.183029 0.213227 0.205997 0.18333 0.21864
5031250 0.204313 0.178795 0.214202 0.0 0.0 0.0 0.200765 0.182222 0.212552 0.209402 0.173948 0.216568
5031250 0.204883 0.183047 0.201696 0.0 0.0 0.0 0.207026 0.18654 0.201318 0.202866 0.17981 0.202052
5031250 0.214135 0.185507 0.201193 0.0 0.0 0.0 0.213252 0.181529 0.20093 0.215348 0.191024 0.201553
5031250 0.20793 0.182889 0.204272 0.0 0.0 0.0 0.208839 0.17928 0.207238 0.207026 0.18654 0.201318
5031250 0.207534 0.183053 0.208027 0.0 0.0 0.0 0.206482 0.186151 0.208663 0.208839 0.17928 0.207238
5031250 0.211022 0.185511 0.211301 0.0 0.0 0.0 0.209518 0.183029 0.213227 0.212617 0.188201 0.209259
5031250 0.200683 0.186851 0.212402 0.0 0.0 0.0 0.200599 0.191674 0.212247 0.200765 0.182222 0.212552
5031250 0.215833 0.182456 0.203919 0.0 0.0 0.0 0.219003 0.183656 0.207587 0.213252 0.181529 0.20093
5031250 0.207158 0.180102 0.217933 0.0 0.0 0.0 0.205997 0.18333 0.21864 0.209402 0.173948 0.216568
5031250 0.208 0.186021 0.217879 0.0 0.0 0.0 0.205997 0.18333 0.21864 0.210763 0.1898 0.216829
5031250 0.2052 0.195374 0.187448 0.0 0.0 0.0 0.203914 0.195591 0.191576 0.207436 0.195071 0.180268
5031250 0.212441 0.192907 0.184826 0.0 0.0 0.0 0.216027 0.191402 0.18809 0.207436 0.195071 0.180268
5031250 0.209701 0.187075 0.1916 0.0 0.0 0.0 0.21262 0.185767 0.194153 0.206719 0.188466 0.188991
5031250 0.207326 0.1938 0.19298 0.0 0.0 0.0 0.210014 0.192438 0.194085 0.203914 0.195591 0.191576
5031250 0.206102 0.197155 0.194449 0.0 0.0 0.0 0.203914 0.195591 0.191576 0.208758 0.199112 0.197935
5031250 0.212595 0.197131 0.195925 0.0 0.0 0.0 0.208758 0.199112 0.197935 0.215102 0.195883 0.194612
5031250 0.209817 0.186127 0.197743 0.0 0.0 0.0 0.21262 0.185767 0.194153 0.207026 0.18654 0.201318
5031250 0.213797 0.188009 0.197348 0.0 0.0 0.0 0.21262 0.185767 0.194153 0.215348 0.191024 0.201553
5031250 0.204564 0.189635 0.200395 0.0 0.0 0.0 0.201828 0.193134 0.199367 0.207026 0.18654 0.201318
5031250 0.204855 0.193246 0.20326 0.0 0.0 0.0 0.201828 0.193134 0.199367 0.207702 0.193403 0.20692
5031250 0.211952 0.191896 0.1968 0.0 0.0 0.0 0.210014 0.192438 0.194085 0.215348 0.191024 0.201553
5031250 0.211841 0.1953 0.199628 0.0 0.0 0.0 0.208758 0.199112 0.197935 0.215348 0.191024 0.201553
5031250 0.212086 0.202915 0.19646 0.0 0.0 0.0 0.208758 0.199112 0.197935 0.214212 0.205388 0.195517
5031250 0.211155 0.200101 0.193397 0.0 0.0 0.0 0.208758 0.199112 0.197935 0.213807 0.201252 0.188378
5031250 0.205475 0.199881 0.201518 0.0 0.0 0.0 0.208758 0.199112 0.197935 0.201793 0.200802 0.20554
5031250 0.211021 0.189796 0.188575 0.0 0.0 0.0 0.216027 0.191402 0.18809 0.206719 0.188466 0.188991
5031250 0.212343 0.192009 0.191763 0.0 0.0 0.0 0.210014 0.192438 0.194085 0.216027 0.191402 0.18809
5031250 0.215461 0.194114 0.192077 0.0 0.0 0.0 0.216027 0.191402 0.18809 0.215102 0.195883 0.194612
5031250 0.207356 0.189868 0.204057 0.0 0.0 0.0 0.207026 0.18654 0.201318 0.207702 0.193403 0.20692
5031250 0.204079 0.188379 0.210127 0.0 0.0 0.0 0.206482 0.186151 0.208663 0.200599 0.191674 0.212247
5031250 0.20378 0.195253 0.212882 0.0 0.0 0.0 0.200599 0.191674 0.212247 0.2064 0.198248 0.213405
5031250 0.210511 0.190402 0.208257 0.0 0.0 0.0 0.212617 0.188201 0.209259 0.207702 0.193403 0.20692
5031250 0.213633 0.189224 0.206391 0.0 0.0 0.0 0.212617 0.188201 0.209259 0.215348 0.191024 0.201553
5031250 0.208376 0.194395 0.214955 0.0 0.0 0.0 0.2064 0.198248 0.213405 0.210763 0.1898 0.216829
5031250 0.201164 0.195974 0.209068 0.0 0.0 0.0 0.200599 0.191674 0.212247 0.201793 0.200802 0.20554
5031250 0.204437 0.199309 0.210055 0.0 0.0 0.0 0.2064 0.198248 0.213405 0.201793 0.200802 0.20554
5031250 0.218605 0.187365 0.199263 0.0 0.0 0.0 0.222485 0.18307 0.196535 0.215348 0.191024 0.201553
5031250 0.213932 0.191297 0.209935 0.0 0.0 0.0 0.212617 0.188201 0.209259 0.216608 0.19768 0.211313
5031250 0.211229 0.19507 0.20866 0.0 0.0 0.0 0.216608 0.19768 0.211313 0.207702 0.193403 0.20692
5031250 0.215918 0.194014 0.205978 0.0 0.0 0.0 0.216608 0.19768 0.211313 0.215348 0.191024 0.201553
5031250 0.183128 0.209641 0.194031 -3.12221 -0.925677 0.467769 0.186372 0.210167 0.193876 0.179361 0.20903 0.194212
5031250 0.182781 0.206538 0.210126 -3.79804 -1.3728 3.37021 0.186937 0.209088 0.205714 0.179941 0.204795 0.213141
5031250 0.189352 0.205802 0.183087 -2.71743 4.59677 -0.0395072 0.19127 0.202766 0.18255 0.187549 0.208657 0.183592
5031250 0.190497 0.201672 0.189913 -10.1558 -23.4808 1.07037 0.191649 0.206 0.189981 0.189417 0.197613 0.189849
5031250 0.192874 0.203016 0.211843 -2.16719 -9.79927 -13.1792 0.193306 0.206307 0.215075 0.192447 0.199757 0.208641
5031250 0.188476 0.211249 0.185612 -2.85846 -7.35308 -7.96644 0.189737 0.214777 0.18836 0.187549 0.208657 0.183592
5031250 0.188606 0.208403 0.192227 3.9137 -2.15278 -2.22464 0.186372 0.210167 0.193876 0.191649 0.206 0.189981
5031250 0.194385 0.209158 0.191597 7.94386 7.89699 6.30573 0.191649 0.206 0.189981 0.196893 0.212055 0.193079
5031250 0.187767 0.212736 0.195381 8.62211 10.9265 8.12916 0.186372 0.210167 0.193876 0.189725 0.216343 0.197495
5031250 0.196974 0.212282 0.197181 -0.764397 0.713608 5.99414 0.196893 0.212055 0.193079 0.197067 0.212545 0.201943
5031250 0.193336 0.214475 0.199683 -5.02615 1.80569 -3.69496 0.197067 0.212545 0.201943 0.189725 0.216343 0.197495
5031250 0.192064 0.217176 0.185131 -3.44781 -3.68402 6.71747 0.194487 0.219672 0.181768 0.189737 0.214777 0.18836
5031250 0.197413 0.216007 0.192086 1.22999 10.2939 -4.41336 0.196893 0.212055 0.193079 0.198016 0.220596 0.190933
5031250 0.190788 0.217841 0.201731 -0.409156 -1.87363 -5.2042 0.191888 0.219389 0.206111 0.189725 0.216343 0.197495
5031250 0.196 0.209653 0.213338 5.41437 8.17342 -5.60382 0.193306 0.206307 0.215075 0.198883 0.213233 0.211478
5031250 0.19155 0.210585 0.215348 -17.9643 29.947 0.348951 0.193306 0.206307 0.215075 0.18938 0.215875 0.215687
5031250 0.202965 0.215668 0.212889 10.435 5.40376 5.48652 0.198883 0.213233 0.211478 0.206637 0.217858 0.214157
5031250 0.201274 0.210337 0.201514 7.06634 -2.51105 -0.138642 0.197067 0.212545 0.201943 0.204832 0.208471 0.20115
5031250 0.201179 0.214515 0.203344 10.1755 3.87181 1.77439 0.197067 0.212545 0.201943 0.205209 0.216447 0.204716
5031250 0.190748 0.217792 0.210462 -1.65656 -1.33243 6.96531 0.191888 0.219389 0.206111 0.18938 0.215875 0.215687
5031250 0.201063 0.206913 0.2192 -5.80856 6.65484 4.74426 0.202844 0.204258 0.216969 0.199506 0.209234 0.22115
5031250 0.214621 0.197876 0.192298 1.31133 -5.43291 8.79023 0.213807 0.201252 0.188378 0.215102 0.195883 0.194612
5031250 0.20962 0.200544 0.202365 -3.61241 -3.85724 -9.81661 0.210186 0.201484 0.205274 0.208758 0.199112 0.197935
5031250 0.210305 0.203423 0.185145 7.88962 -3.00701 6.04086 0.208047 0.204821 0.183062 0.213807 0.201252 0.188378
5031250 0.208473 0.202958 0.19519 -0.742247 -11.0347 9.95521 0.208272 0.20567 0.193254 0.208758 0.199112 0.197935
5031250 0.214064 0.203874 0.192904 1.07168 -5.4868 -11.7837 0.214212 0.205388 0.195517 0.213807 0.201252 0.188378
5031250 0.205074 0.196694 0.206306 12.7049 -11.5811 2.03184 0.201793 0.200802 0.20554 0.207702 0.193403 0.20692
5031250 0.20352 0.205161 0.203045 4.29091 19.8791 -9.33878 0.201793 0.200802 0.20554 0.204832 0.208471 0.20115
5031250 0.20945 0.203929 0.207049 -2.91569 5.87495 5.43932 0.210186 0.201484 0.205274 0.208132 0.208313 0.210231
5031250 0.204612 0.20127 0.215196 3.68483 -5.36359 -4.64209 0.202844 0.204258 0.216969 0.2064 0.198248 0.213405
5031250 0.212266 0.200252 0.20723 6.50986 -5.47632 5.72752 0.210186 0.201484 0.205274 0.216608 0.19768 0.211313
5031250 0.204945 0.205036 0.18175 -4.11892 0.173276 -1.02017 0.208047 0.204821 0.183062 0.200555 0.205339 0.179894
5031250 0.203219 0.213961 0.182351 3.89984 0.216397 11.3709 0.201344 0.214411 0.178322 0.205848 0.21333 0.188
5031250 0.21187 0.21231 0.189379 -14.5382 4.95761 -3.14041 0.215419 0.21171 0.190191 0.205848 0.21333 0.188
5031250 0.212988 0.20808 0.196141 -5.31341 19.339 5.00875 0.214212 0.205388 0.195517 0.211235 0.211939 0.197035
5031250 0.207429 0.208333 0.191427 -6.46622 12.5375 -7.97251 0.208272 0.20567 0.193254 0.205848 0.21333 0.188
5031250 0.207919 0.210143 0.199166 -14.268 -6.07287 11.8472 0.211235 0.211939 0.197035 0.204832 0.208471 0.20115
5031250 0.21279 0.215254 0.199352 -3.68469 -7.58939 -7.43744 0.214289 0.21845 0.201586 0.211235 0.211939 0.197035
5031250 0.212123 0.21575 0.195176 3.68346 18.1515 -12.6744 0.211235 0.211939 0.197035 0.212933 0.219225 0.193481
5031250 0.210101 0.217697 0.216961 -10.9468 -1.18891 -7.24501 0.213285 0.217548 0.219537 0.206637 0.217858 0.214157
5031250 0.208939 0.218255 0.206877 6.04304 2.69258 4.89247 0.205209 0.216447 0.204716 0.211512 0.219503 0.208367
5031250 0.215753 0.212641 0.2079 1.57151 -1.20855 -1.89957 0.214408 0.214227 0.210129 0.218145 0.209821 0.203938
5031250 0.200046 0.211735 0.186264 9.08937 0.945926 2.53479 0.1965 0.21076 0.185202 0.205848 0.21333 0.188
5031250 0.194736 0.210958 0.181812 2.25574 -0.910529 6.28964 0.19288 0.211165 0.178244 0.1965 0.21076 0.185202
5031250 0.207087 0.201232 0.205372 -2.29083 -0.556759 0.126176 0.210186 0.201484 0.205274 0.201793 0.200802 0.20554
5031250 0.212189 0.212137 0.210165 -4.83356 -3.87736 0.931798 0.214408 0.214227 0.210129 0.208132 0.208313 0.210231
5031250 0.207844 0.201582 0.182134 -0.625632 -3.47296 -0.594335 0.208047 0.204821 0.183062 0.207436 0.195071 0.180268
5031250 0.215538 0.212448 0.212331 1.93341 -2.86252 4.9866 0.214408 0.214227 0.210129 0.217772 0.20893 0.216686
5031250 0.184915 0.21517 0.204242 2.53444 -4.94409 0.971235 0.18373 0.218734 0.203379 0.186937 0.209088 0.205714
5031250 0.216759 0.196154 0.200738 -6.17183 -15.7018 0.566217 0.217964 0.200538 0.200042 0.215348 0.191024 0.201553
5031250 0.2157 0.203464 0.197312 -10.7912 9.37057 -10.9853 0.217964 0.200538 0.200042 0.214212 0.205388 0.195517
5031250 0.185799 0.216301 0.195063 -1.90591 0.270698 -0.970072 0.189725 0.216343 0.197495 0.182313 0.216264 0.192904
5031250 0.204245 0.214059 0.194011 -1.60339 -0.244042 7.85999 0.205848 0.21333 0.188 0.203404 0.214442 0.197165
5031250 0.206644 0.203317 0.185738 -0.889804 -0.793077 2.15743 0.208047 0.204821 0.183062 0.20528 0.201856 0.188339
5031250 0.200441 0.21256 0.191067 3.70511 1.09518 -2.70828 0.196893 0.212055 0.193079 0.205848 0.21333 0.188
5031250 0.195763 0.205726 0.20483 0.319008 -1.42032 -6.02178 0.196076 0.206582 0.207826 0.195457 0.20489 0.201906
5031250 0.197162 0.209156 0.20924 -2.82895 -5.83003 -2.12825 0.198883 0.213233 0.211478 0.196076 0.206582 0.207826
5031250 0.187767 0.212078 0.19159 3.29995 3.27292 -3.63723 0.186372 0.210167 0.193876 0.189737 0.214777 0.18836
5031250 0.185751 0.207105 0.194901 -0.767753 -18.9963 7.32687 0.186372 0.210167 0.193876 0.184805 0.202438 0.196464
5031250 0.196778 0.200241 0.207204 -9.32466 0.399568 2.48886 0.201793 0.200802 0.20554 0.192447 0.199757 0.208641
5031250 0.19144 0.204214 0.185876 -0.451111 -0.785285 -2.27699 0.191649 0.206 0.189981 0.19127 0.202766 0.18255
5031250 0.194534 0.204363 0.219098 0.944486 -3.0175 7.26005 0.193306 0.206307 0.215075 0.195753 0.202434 0.223091
5031250 0.194958 0.206471 0.210749 1.52014 -0.212631 -6.77557 0.193306 0.206307 0.215075 0.196076 0.206582 0.207826
5031250 0.213783 0.207208 0.202063 -3.88299 -1.89659 -0.953526 0.218145 0.209821 0.203938 0.211346 0.205749 0.201016
5031250 0.197957 0.212882 0.206618 -0.713479 -0.389142 -2.18989 0.198883 0.213233 0.211478 0.197067 0.212545 0.201943
5031250 0.189731 0.215562 0.192942 -0.014418 0.00549465 0.31849 0.189737 0.214777 0.18836 0.189725 0.216343 0.197495
5031250 0.181875 0.201479 0.20042 3.51974 0.460192 -3.70524 0.178834 0.200484 0.204526 0.184805 0.202438 0.196464
5031250 0.191941 0.207112 0.194313 -0.0 -0.0 0.0 0.191649 0.206 0.189981 0.192153 0.20792 0.19746
5031250 0.190426 0.208307 0.200193 -0.00110799 0.000619305 0.00191272 0.192153 0.20792 0.19746 0.186937 0.209088 0.205714
5031250 0.203271 0.20243 0.190869 -0.563338 0.0361779 0.831652 0.20528 0.201856 0.188339 0.200014 0.20336 0.194971
5031250 0.202754 0.206266 0.198485 0.134089 0.218467 0.212652 0.200014 0.20336 0.194971 0.204832 0.208471 0.20115
5031250 0.208554 0.206916 0.201074 -1.26035 0.40459 0.204274 0.211346 0.205749 0.201016 0.204832 0.208471 0.20115
5031250 0.218671 0.212736 0.199398 0.165176 -1.49584 2.26122 0.219052 0.214847 0.196113 0.218145 0.209821 0.203938
5031250 0.213 0.216791 0.209273 -3.75553 6.42136 -0.960864 0.214408 0.214227 0.210129 0.211512 0.219503 0.208367
5031250 0.213495 0.211815 0.193338 -0.890265 0.220579 2.07404 0.215419 0.21171 0.190191 0.211235 0.211939 0.197035
5031250 0.198624 0.216806 0.20047 3.51322 6.74688 -3.36562 0.197067 0.212545 0.201943 0.199865 0.220203 0.199294
5031250 0.198196 0.204438 0.206978 4.95273 -3.6795 -2.17515 0.196076 0.206582 0.207826 0.201793 0.200802 0.20554
5031250 0.204045 0.211761 0.198954 1.22233 -5.89282 5.41444 0.203404 0.214442 0.197165 0.204832 0.208471 0.20115
5031250 0.198663 0.196511 0.205426 -8.88975 -8.8979 0.171056 0.201793 0.200802 0.20554 0.19666 0.193764 0.205353
5031250 0.192808 0.211091 0.203529 0.408868 0.14671 -0.0793861 0.186937 0.209088 0.205714 0.197067 0.212545 0.201943
5031250 0.199177 0.218082 0.212475 0.0377259 5.29343 1.94615 0.198883 0.213233 0.211478 0.199398 0.221715 0.213221
5031250 0.201812 0.196662 0.202207 -0.0294381 -1.18137 -1.30523 0.201793 0.200802 0.20554 0.201828 0.193134 0.199367
5031250 0.207766 0.209711 0.215617 -1.18852 1.15062 5.18018 0.208132 0.208313 0.210231 0.207454 0.210906 0.220221
5031250 0.217083 0.205911 0.194723 2.62978 0.712869 -0.356566 0.214212 0.205388 0.195517 0.221867 0.206783 0.193401
5031250 0.216746 0.216592 0.198763 4.18219 -2.18568 -5.37412 0.214289 0.21845 0.201586 0.219052 0.214847 0.196113
5031250 0.20502 0.205927 0.214196 1.68932 1.83089 -3.15277 0.202844 0.204258 0.216969 0.208132 0.208313 0.210231
5031250 0.184249 0.2029 0.191503 -0.827307 1.89166 -7.33192 0.184805 0.202438 0.196464 0.183787 0.203284 0.187384
5031250 0.206542 0.212737 0.207231 -1.23798 3.62195 -3.39914 0.208132 0.208313 0.210231 0.205209 0.216447 0.204716
5031250 0.193127 0.207391 0.207144 -3.25551 1.13315 -1.31433 0.196076 0.206582 0.207826 0.186937 0.209088 0.205714
5031250 0.201763 0.217113 0.198152 -3.99519 9.43996 2.51646 0.203404 0.214442 0.197165 0.199865 0.220203 0.199294
5031250 0.190265 0.203354 0.216946 -13.9048 -9.46389 7.3774 0.193306 0.206307 0.215075 0.186431 0.199628 0.219306
5031250 0.200125 0.201606 0.216087 -1.78359 -1.61959 -0.970256 0.202844 0.204258 0.216969 0.197508 0.199052 0.215239
5031250 0.194266 0.208567 0.187404 3.04154 4.2282 -3.15384 0.191649 0.206 0.189981 0.1965 0.21076 0.185202
5031250 0.211388 0.205522 0.194441 3.79262 -0.674459 1.95804 0.208272 0.20567 0.193254 0.214212 0.205388 0.195517
5031250 0.193446 0.212574 0.186629 -1.83722 0.802812 1.07974 0.1965 0.21076 0.185202 0.189737 0.214777 0.18836
5031250 0.209423 0.218359 0.186928 2.91706 3.02876 -1.00794 0.205848 0.21333 0.188 0.211508 0.221293 0.186302
5031250 0.182313 0.21752 0.206751 -0.732026 -0.995056 1.77071 0.18373 0.218734 0.203379 0.180925 0.216331 0.210052
5031250 0.196086 0.20788 0.20192 -2.01128 -27.3268 -2.48013 0.197067 0.212545 0.201943 0.195457 0.20489 0.201906
5031250 0.184565 0.212881 0.193443 -3.58151 7.04517 -0.19199 0.186372 0.210167 0.193876 0.182313 0.216264 0.192904
5031250 0.215936 0.216762 0.210855 2.31428 4.75864 2.07624 0.214408 0.214227 0.210129 0.218071 0.2203 0.211868
5031250 0.193857 0.206358 0.199753 0.00254748 -0.0016193 0.00249366 0.192153 0.20792 0.19746 0.195457 0.20489 0.201906
5031250 0.185727 0.205315 0.200466 -0.477313 -3.93675 -6.81011 0.186937 0.209088 0.205714 0.184805 0.202438 0.196464
5031250 0.194478 0.215966 0.204026 10.7123 -9.96624 -6.6972 0.191888 0.219389 0.206111 0.197067 0.212545 0.201943
5031250 0.195627 0.202299 0.215166 6.23782 -9.91068 -1.58758 0.193306 0.206307 0.215075 0.197508 0.199052 0.215239
5031250 0.198304 0.208348 0.182841 0.714721 -1.51764 -1.35672 0.1965 0.21076 0.185202 0.200555 0.205339 0.179894
5031250 0.198254 0.208265 0.193904 0.218519 -0.70943 0.274666 0.196893 0.212055 0.193079 0.200014 0.20336 0.194971
5031250 0.197771 0.203397 0.203233 2.80479 -2.1437 2.3741 0.195457 0.20489 0.201906 0.201793 0.200802 0.20554
5031250 0.180306 0.211403 0.197053 -0.000455722 -0.000821626 -0.00080507 0.181065 0.213307 0.199333 0.179361 0.20903 0.194212
5031250 0.182932 0.211966 0.201362 0.000643549 -0.000614016 0.00100819 0.181065 0.213307 0.199333 0.186937 0.209088 0.205714
5031250 0.204886 0.204467 0.207829 -1.79776 -2.95341 -2.01087 0.208132 0.208313 0.210231 0.201793 0.200802 0.20554
5031250 0.190711 0.210308 0.189185 -2.86244 9.9458 -0.350803 0.191649 0.206 0.189981 0.189737 0.214777 0.18836
5031250 0.2113 0.208294 0.199379 0.10564 -2.37165 2.11937 0.211235 0.211939 0.197035 0.211346 0.205749 0.201016
5031250 0.188242 0.212715 0.211043 0.334797 2.26442 4.10927 0.186937 0.209088 0.205714 0.18938 0.215875 0.215687
5031250 0.210774 0.203646 0.203116 0.0857715 0.932874 -1.1154 0.210186 0.201484 0.205274 0.211346 0.205749 0.201016
5031250 0.181598 0.214546 0.196584 0.0 0.0 0.0 0.181065 0.213307 0.199333 0.182313 0.216264 0.192904
5031250 0.182245 0.215685 0.201126 0.0 0.0 0.0 0.181065 0.213307 0.199333 0.18373 0.218734 0.203379
5031250 0.187783 0.20298 0.184802 0.0 0.0 0.0 0.19127 0.202766 0.18255 0.183787 0.203284 0.187384
5031250 0.181715 0.206153 0.195186 0.0 0.0 0.0 0.179361 0.20903 0.194212 0.184805 0.202438 0.196464
5031250 0.187573 0.204565 0.188635 0.0 0.0 0.0 0.191649 0.206 0.189981 0.183787 0.203284 0.187384
5031250 0.180974 0.205825 0.199258 0.0 0.0 0.0 0.178644 0.207929 0.200958 0.184805 0.202438 0.196464
5031250 0.181272 0.208269 0.202465 0.0 0.0 0.0 0.178644 0.207929 0.200958 0.186937 0.209088 0.205714
5031250 0.182415 0.204259 0.205051 0.0 0.0 0.0 0.186937 0.209088 0.205714 0.178834 0.200484 0.204526
5031250 0.185792 0.215541 0.190774 0.0 0.0 0.0 0.189737 0.214777 0.18836 0.182313 0.216264 0.192904
5031250 0.183117 0.213665 0.208471 0.0 0.0 0.0 0.186937 0.209088 0.205714 0.180925 0.216331 0.210052
5031250 0.186457 0.21762 0.200703 0.0 0.0 0.0 0.18373 0.218734 0.203379 0.189725 0.216343 0.197495
5031250 0.184282 0.216124 0.212289 0.0 0.0 0.0 0.180925 0.216331 0.210052 0.18938 0.215875 0.215687
5031250 0.194603 0.203787 0.208156 0.0 0.0 0.0 0.196076 0.206582 0.207826 0.192447 0.199757 0.208641
5031250 0.194253 0.202812 0.204598 0.0 0.0 0.0 0.195457 0.20489 0.201906 0.192447 0.199757 0.208641
5031250 0.190182 0.203566 0.207438 0.0 0.0 0.0 0.186937 0.209088 0.205714 0.192447 0.199757 0.208641
5031250 0.196719 0.200545 0.218767 0.0 0.0 0.0 0.195753 0.202434 0.223091 0.197508 0.199052 0.215239
5031250 0.189322 0.207481 0.186356 0.0 0.0 0.0 0.191649 0.206 0.189981 0.187549 0.208657 0.183592
5031250 0.195474 0.204766 0.192263 0.0 0.0 0.0 0.191649 0.206 0.189981 0.200014 0.20336 0.194971
5031250 0.188418 0.204292 0.193041 0.0 0.0 0.0 0.191649 0.206 0.189981 0.184805 0.202438 0.196464
5031250 0.196689 0.211359 0.189001 0.0 0.0 0.0 0.196893 0.212055 0.193079 0.1965 0.21076 0.185202
5031250 0.189278 0.209012 0.195678 0.0 0.0 0.0 0.186372 0.210167 0.193876 0.192153 0.20792 0.19746
5031250 0.194248 0.209723 0.195524 0.0 0.0 0.0 0.192153 0.20792 0.19746 0.196893 0.212055 0.193079
5031250 0.195137 0.206164 0.196515 0.0 0.0 0.0 0.192153 0.20792 0.19746 0.200014 0.20336 0.194971
5031250 0.18926 0.205737 0.197068 0.0 0.0 0.0 0.192153 0.20792 0.19746 0.184805 0.202438 0.196464
5031250 0.193535 0.213306 0.190865 0.0 0.0 0.0 0.196893 0.212055 0.193079 0.189737 0.214777 0.18836
5031250 0.194146 0.209771 0.199279 0.0 0.0 0.0 0.192153 0.20792 0.19746 0.197067 0.212545 0.201943
5031250 0.19712 0.204306 0.199374 0.0 0.0 0.0 0.195457 0.20489 0.201906 0.200014 0.20336 0.194971
5031250 0.195611 0.21467 0.183686 0.0 0.0 0.0 0.194487 0.219672 0.181768 0.1965 0.21076 0.185202
5031250 0.191149 0.211378 0.197475 0.0 0.0 0.0 0.192153 0.20792 0.19746 0.189725 0.216343 0.197495
5031250 0.193517 0.214048 0.195158 0.0 0.0 0.0 0.196893 0.212055 0.193079 0.189725 0.216343 0.197495
5031250 0.193822 0.217623 0.18963 0.0 0.0 0.0 0.198016 0.220596 0.190933 0.189737 0.214777 0.18836
5031250 0.200993 0.19781 0.197346 0.0 0.0 0.0 0.200014 0.20336 0.194971 0.201828 0.193134 0.199367
5031250 0.198735 0.212418 0.182028 0.0 0.0 0.0 0.201344 0.214411 0.178322 0.1965 0.21076 0.185202
5031250 0.20051 0.213356 0.195349 0.0 0.0 0.0 0.196893 0.212055 0.193079 0.203404 0.214442 0.197165
5031250 0.205087 0.204753 0.193916 0.0 0.0 0.0 0.208272 0.20567 0.193254 0.200014 0.20336 0.194971
5031250 0.200903 0.202054 0.200257 0.0 0.0 0.0 0.200014 0.20336 0.194971 0.201793 0.200802 0.20554
5031250 0.190672 0.207431 0.211205 0.0 0.0 0.0 0.193306 0.206307 0.215075 0.186937 0.209088 0.205714
5031250 0.196468 0.208919 0.205494 0.0 0.0 0.0 0.196076 0.206582 0.207826 0.197067 0.212545 0.201943
5031250 0.192753 0.206196 0.203114 0.0 0.0 0.0 0.186937 0.209088 0.205714 0.195457 0.20489 0.201906
5031250 0.196877 0.207967 0.218575 0.0 0.0 0.0 0.193306 0.206307 0.215075 0.199506 0.209234 0.22115
5031250 0.188575 0.213324 0.200885 0.0 0.0 0.0 0.186937 0.209088 0.205714 0.189725 0.216343 0.197495
5031250 0.189806 0.215031 0.205944 0.0 0.0 0.0 0.191888 0.219389 0.206111 0.186937 0.209088 0.205714
5031250 0.195319 0.216344 0.208743 0.0 0.0 0.0 0.198883 0.213233 0.211478 0.191888 0.219389 0.206111
5031250 0.199388 0.215243 0.215976 0.0 0.0 0.0 0.198883 0.213233 0.211478 0.199854 0.21715 0.220132
5031250 0.194474 0.214432 0.21343 0.0 0.0 0.0 0.198883 0.213233 0.211478 0.18938 0.215875 0.215687
5031250 0.200818 0.213642 0.199114 0.0 0.0 0.0 0.197067 0.212545 0.201943 0.203404 0.214442 0.197165
5031250 0.203236 0.210891 0.210891 0.0 0.0 0.0 0.198883 0.213233 0.211478 0.208132 0.208313 0.210231
5031250 0.198485 0.205168 0.216103 0.0 0.0 0.0 0.193306 0.206307 0.215075 0.202844 0.204258 0.216969
5031250 0.202139 0.214861 0.207998 0.0 0.0 0.0 0.198883 0.213233 0.211478 0.205209 0.216447 0.204716
5031250 0.199591 0.203395 0.219776 0.0 0.0 0.0 0.202844 0.204258 0.216969 0.195753 0.202434 0.223091
5031250 0.201401 0.217429 0.189666 0.0 0.0 0.0 0.198016 0.220596 0.190933 0.205848 0.21333 0.188
5031250 0.202261 0.218492 0.201727 0.0 0.0 0.0 0.205209 0.216447 0.204716 0.199865 0.220203 0.199294
5031250 0.195201 0.216557 0.218156 0.0 0.0 0.0 0.199854 0.21715 0.220132 0.18938 0.215875 0.215687
5031250 0.203292 0.217483 0.217103 0.0 0.0 0.0 0.199854 0.21715 0.220132 0.206637 0.217858 0.214157
5031250 0.205982 0.199618 0.185709 0.0 0.0 0.0 0.20528 0.201856 0.188339 0.207436 0.195071 0.180268
5031250 0.216252 0.197727 0.196795 0.0 0.0 0.0 0.217964 0.200538 0.200042 0.215102 0.195883 0.194612
5031250 0.213427 0.199808 0.199004 0.0 0.0 0.0 0.217964 0.200538 0.200042 0.208758 0.199112 0.197935
5031250 0.209137 0.198046 0.205969 0.0 0.0 0.0 0.210186 0.201484 0.205274 0.207702 0.193403 0.20692
5031250 0.207116 0.20239 0.21209 0.0 0.0 0.0 0.208132 0.208313 0.210231 0.2064 0.198248 0.213405
5031250 0.208149 0.199433 0.216733 0.0 0.0 0.0 0.210611 0.201163 0.221416 0.2064 0.198248 0.213405
5031250 0.207277 0.207774 0.184792 0.0 0.0 0.0 0.208047 0.204821 0.183062 0.205848 0.21333 0.188
5031250 0.211277 0.210782 0.184753 0.0 0.0 0.0 0.205848 0.21333 0.188 0.215276 0.208951 0.18236
5031250 0.207284 0.211333 0.182161 0.0 0.0 0.0 0.205848 0.21333 0.188 0.20808 0.21027 0.178931
5031250 0.202627 0.218332 0.180992 0.0 0.0 0.0 0.201344 0.214411 0.178322 0.203626 0.221431 0.18307
5031250 0.209561 0.208372 0.1949 0.0 0.0 0.0 0.208272 0.20567 0.193254 0.211235 0.211939 0.197035
5031250 0.206762 0.203719 0.190775 0.0 0.0 0.0 0.208272 0.20567 0.193254 0.20528 0.201856 0.188339
5031250 0.210426 0.203924 0.191357 0.0 0.0 0.0 0.208272 0.20567 0.193254 0.213807 0.201252 0.188378
5031250 0.209031 0.212482 0.19334 0.0 0.0 0.0 0.205848 0.21333 0.188 0.211235 0.211939 0.197035
5031250 0.206781 0.213337 0.197109 0.0 0.0 0.0 0.203404 0.214442 0.197165 0.211235 0.211939 0.197035
5031250 0.208563 0.201597 0.188354 0.0 0.0 0.0 0.20528 0.201856 0.188339 0.213807 0.201252 0.188378
5031250 0.212779 0.205542 0.198266 0.0 0.0 0.0 0.214212 0.205388 0.195517 0.211346 0.205749 0.201016
5031250 0.214218 0.215313 0.19178 0.0 0.0 0.0 0.215419 0.21171 0.190191 0.212933 0.219225 0.193481
5031250 0.210191 0.216918 0.191361 0.0 0.0 0.0 0.205848 0.21333 0.188 0.212933 0.219225 0.193481
5031250 0.204148 0.215244 0.200282 0.0 0.0 0.0 0.205209 0.216447 0.204716 0.203404 0.214442 0.197165
5031250 0.21718 0.213204 0.193061 0.0 0.0 0.0 0.219052 0.214847 0.196113 0.215419 0.21171 0.190191
5031250 0.215338 0.213439 0.196551 0.0 0.0 0.0 0.219052 0.214847 0.196113 0.211235 0.211939 0.197035
5031250 0.214305 0.210972 0.200102 0.0 0.0 0.0 0.218145 0.209821 0.203938 0.211235 0.211939 0.197035
5031250 0.210215 0.206625 0.204258 0.0 0.0 0.0 0.208132 0.208313 0.210231 0.211346 0.205749 0.201016
5031250 0.206216 0.208378 0.204962 0.0 0.0 0.0 0.208132 0.208313 0.210231 0.204832 0.208471 0.20115
5031250 0.207301 0.21359 0.212412 0.0 0.0 0.0 0.208132 0.208313 0.210231 0.206637 0.217858 0.214157
5031250 0.205006 0.212139 0.202802 0.0 0.0 0.0 0.205209 0.216447 0.204716 0.204832 0.208471 0.20115
5031250 0.213972 0.203654 0.200629 0.0 0.0 0.0 0.217964 0.200538 0.200042 0.211346 0.205749 0.201016
5031250 0.213209 0.209052 0.20704 0.0 0.0 0.0 0.208132 0.208313 0.210231 0.218145 0.209821 0.203938
5031250 0.212764 0.208583 0.213332 0.0 0.0 0.0 0.208132 0.208313 0.210231 0.217772 0.20893 0.216686
5031250 0.204918 0.207223 0.218431 0.0 0.0 0.0 0.202844 0.204258 0.216969 0.207454 0.210906 0.220221
5031250 0.20605 0.202954 0.218804 0.0 0.0 0.0 0.202844 0.204258 0.216969 0.210611 0.201163 0.221416
5031250 0.207032 0.214471 0.217088 0.0 0.0 0.0 0.206637 0.217858 0.214157 0.207454 0.210906 0.220221
5031250 0.216004 0.217002 0.194802 0.0 0.0 0.0 0.219052 0.214847 0.196113 0.212933 0.219225 0.193481
5031250 0.20594 0.217143 0.209547 0.0 0.0 0.0 0.206637 0.217858 0.214157 0.205209 0.216447 0.204716
5031250 0.210004 0.217479 0.203063 0.0 0.0 0.0 0.214289 0.21845 0.201586 0.205209 0.216447 0.204716
5031250 0.215967 0.214668 0.20261 0.0 0.0 0.0 0.214289 0.21845 0.201586 0.218145 0.209821 0.203938
5031250 0.217401 0.199325 0.204716 0.0 0.0 0.0 0.217964 0.200538 0.200042 0.216608 0.19768 0.211313
5031250 0.218046 0.204773 0.201831 0.0 0.0 0.0 0.217964 0.200538 0.200042 0.218145 0.209821 0.203938
