# ts x y z Fx Fy Fz x1 y1 z1 x2 y2 z2
5593750 0.182179 0.179846 0.198319 -15.3068 15.5802 7.33627 0.186043 0.176427 0.197378 0.177683 0.183825 0.199415
5593750 0.183403 0.195694 0.197032 -22.4909 12.5827 12.1712 0.187179 0.193588 0.195776 0.180634 0.197238 0.197952
5593750 0.188994 0.201921 0.198034 -14.7028 10.1342 -8.9593 0.192885 0.199751 0.199573 0.184855 0.204228 0.196398
5593750 0.198243 0.189061 0.183276 -3.08512 -10.7883 -6.74276 0.199606 0.191968 0.185603 0.197095 0.186613 0.181317
5593750 0.200211 0.178631 0.187524 4.35437 0.385829 19.1908 0.199466 0.177825 0.182615 0.200719 0.179181 0.190875
5593750 0.194087 0.181028 0.190185 -1.52097 -3.91955 3.33541 0.195738 0.18401 0.188063 0.192652 0.178436 0.192029
5593750 0.185902 0.181687 0.191063 -1.43981 16.5082 14.5481 0.185702 0.178958 0.189097 0.186156 0.185153 0.19356
5593750 0.192973 0.186796 0.187215 -7.49689 7.32867 -0.576131 0.195738 0.18401 0.188063 0.189204 0.190593 0.186058
5593750 0.198081 0.185151 0.191118 5.50951 3.35687 10.348 0.195738 0.18401 0.188063 0.200994 0.186569 0.194917
5593750 0.190201 0.178569 0.206238 -12.262 -16.4966 -1.48319 0.193622 0.181935 0.206778 0.187784 0.17619 0.205856
5593750 0.188218 0.182583 0.214167 11.3994 8.85502 11.1352 0.185269 0.180136 0.21207 0.191813 0.185566 0.216724
5593750 0.197081 0.178953 0.216744 8.31472 6.46071 14.9118 0.195664 0.178266 0.213867 0.199188 0.179974 0.221025
5593750 0.197237 0.178793 0.207408 -4.48402 4.93174 -0.15821 0.201075 0.175458 0.208077 0.193622 0.181935 0.206778
5593750 0.197766 0.192988 0.188965 -6.11022 6.18576 16.353 0.199606 0.191968 0.185603 0.195671 0.194148 0.192792
5593750 0.192461 0.196924 0.19125 -14.5299 9.00751 -5.21998 0.195671 0.194148 0.192792 0.189475 0.199506 0.189815
5593750 0.194308 0.196889 0.19611 14.8467 -17.7519 -25.602 0.192885 0.199751 0.199573 0.195671 0.194148 0.192792
5593750 0.192681 0.200669 0.204193 -0.151613 6.18085 16.8824 0.192885 0.199751 0.199573 0.192483 0.201562 0.208689
5593750 0.198199 0.190549 0.193801 -23.0331 47.7514 -12.4401 0.200994 0.186569 0.194917 0.195671 0.194148 0.192792
5593750 0.202507 0.193802 0.183615 11.7099 7.61085 -5.36538 0.199606 0.191968 0.185603 0.207468 0.196939 0.180215
5593750 0.203134 0.191185 0.187239 1.87316 -0.34569 1.24959 0.199606 0.191968 0.185603 0.206851 0.190361 0.188963
5593750 0.189135 0.198647 0.209843 19.1197 21.5163 -10.7 0.186196 0.196088 0.210857 0.192483 0.201562 0.208689
5593750 0.199689 0.191545 0.216423 -3.19441 -4.14992 7.22177 0.200762 0.193548 0.212209 0.198899 0.190071 0.219524
5593750 0.20945 0.179141 0.188094 -10.2625 21.2705 22.2332 0.211415 0.175654 0.185329 0.20775 0.182159 0.190486
5593750 0.200831 0.182192 0.192522 2.31782 -16.2544 -8.59863 0.200994 0.186569 0.194917 0.200719 0.179181 0.190875
5593750 0.2103 0.184955 0.192333 9.81215 13.8757 6.08887 0.20775 0.182159 0.190486 0.212777 0.187669 0.194127
5593750 0.202175 0.183844 0.19893 6.39066 -8.0501 13.3598 0.200994 0.186569 0.194917 0.203083 0.181749 0.202014
5593750 0.20438 0.187654 0.19842 26.7964 6.5274 20.0609 0.200994 0.186569 0.194917 0.207141 0.188538 0.201277
5593750 0.211267 0.19147 0.194095 1.91994 -8.01859 -0.498125 0.210131 0.194325 0.194071 0.212777 0.187669 0.194127
5593750 0.214328 0.190231 0.191341 -5.48247 -8.61608 6.85982 0.216172 0.193275 0.188031 0.212777 0.187669 0.194127
5593750 0.202223 0.179056 0.20461 2.98873 8.33146 -5.88194 0.201075 0.175458 0.208077 0.203083 0.181749 0.202014
5593750 0.205958 0.181502 0.204542 -10.6967 3.24245 -10.5751 0.209022 0.181238 0.207237 0.203083 0.181749 0.202014
5593750 0.206781 0.188267 0.205323 0.280589 -1.2173 -16.1923 0.206488 0.188048 0.208604 0.207141 0.188538 0.201277
5593750 0.208114 0.186476 0.21101 6.46798 -9.30426 10.3302 0.206488 0.188048 0.208604 0.209595 0.185045 0.2132
5593750 0.204147 0.186417 0.210266 -18.4486 -13.1897 8.77239 0.206488 0.188048 0.208604 0.200852 0.184122 0.212605
5593750 0.209163 0.179246 0.210804 -5.23683 14.9733 -23.7817 0.209392 0.175996 0.216621 0.209022 0.181238 0.207237
5593750 0.210747 0.190426 0.201383 -25.8359 -15.5778 -5.27112 0.215513 0.192921 0.201523 0.207141 0.188538 0.201277
5593750 0.207093 0.191206 0.207858 2.19702 20.4578 -7.88385 0.206488 0.188048 0.208604 0.207872 0.195278 0.206897
5593750 0.216852 0.178587 0.208845 2.07274 3.05848 10.5335 0.216057 0.178154 0.205402 0.217568 0.178978 0.211949
5593750 0.208741 0.192645 0.191905 -5.47413 -5.12712 -5.75965 0.210131 0.194325 0.194071 0.206851 0.190361 0.188963
5593750 0.212648 0.196068 0.194346 5.04994 3.06848 -0.338652 0.210131 0.194325 0.194071 0.21518 0.197822 0.194623
5593750 0.209624 0.196936 0.19561 -3.90626 10.2682 5.63931 0.210131 0.194325 0.194071 0.208841 0.200959 0.197982
5593750 0.21809 0.196792 0.194793 -12.1507 2.39502 -1.48032 0.221964 0.19542 0.195018 0.21518 0.197822 0.194623
5593750 0.211246 0.194237 0.204524 -48.1393 10.9495 23.6708 0.215513 0.192921 0.201523 0.207872 0.195278 0.206897
5593750 0.217384 0.189074 0.204786 -18.8419 53.2981 -32.6298 0.21906 0.185629 0.207706 0.215513 0.192921 0.201523
5593750 0.207069 0.194213 0.218589 35.6366 -25.0363 -8.99366 0.203893 0.196302 0.220018 0.210791 0.191765 0.216914
5593750 0.207168 0.197744 0.210292 0.161616 -11.4158 -16.2452 0.206517 0.200028 0.213436 0.207872 0.195278 0.206897
5593750 0.205225 0.198193 0.216677 4.09178 4.96731 -6.81083 0.203893 0.196302 0.220018 0.206517 0.200028 0.213436
5593750 0.203826 0.184806 0.216112 7.19855 0.104122 9.93722 0.200852 0.184122 0.212605 0.206034 0.185314 0.218716
5593750 0.194571 0.193367 0.206849 7.77125 6.90735 -6.84689 0.191939 0.190618 0.208641 0.196698 0.195589 0.205401
5593750 0.189005 0.193412 0.209773 -6.30975 5.94836 3.9872 0.191939 0.190618 0.208641 0.186196 0.196088 0.210857
5593750 0.208929 0.188221 0.186036 -2.85826 1.95474 3.01279 0.211617 0.185452 0.182251 0.206851 0.190361 0.188963
5593750 0.191884 0.188389 0.212208 -2.36912 -9.45159 12.6601 0.191939 0.190618 0.208641 0.191813 0.185566 0.216724
5593750 0.199229 0.182196 0.196556 -3.26109 -14.3282 4.38224 0.200994 0.186569 0.194917 0.198086 0.179366 0.197618
5593750 0.195662 0.182648 0.218968 -15.7496 8.11719 -7.81594 0.199188 0.179974 0.221025 0.191813 0.185566 0.216724
5593750 0.211298 0.182479 0.204076 -14.0516 -9.85008 15.8283 0.213485 0.18367 0.20104 0.209022 0.181238 0.207237
5593750 0.181805 0.201298 0.193706 4.40536 3.01311 4.04881 0.179956 0.199522 0.192074 0.184855 0.204228 0.196398
5593750 0.219169 0.194337 0.197837 -21.0894 -8.43288 29.4101 0.221964 0.19542 0.195018 0.215513 0.192921 0.201523
5593750 0.205395 0.194037 0.190316 0.296891 -1.39718 -0.499134 0.204035 0.19747 0.19158 0.206851 0.190361 0.188963
5593750 0.215178 0.18831 0.208699 -6.49569 6.04942 2.55206 0.21906 0.185629 0.207706 0.212609 0.190084 0.209356
5593750 0.21037 0.18606 0.201156 -11.3146 7.10216 -1.31708 0.213485 0.18367 0.20104 0.207141 0.188538 0.201277
5593750 0.217333 0.18133 0.206381 -5.72746 -18.66 -2.80707 0.21906 0.185629 0.207706 0.216057 0.178154 0.205402
5593750 0.211068 0.200416 0.184793 11.0462 14.8631 13.9083 0.207468 0.196939 0.180215 0.213848 0.2031 0.188328
5593750 0.210372 0.199837 0.212638 9.245 -1.29146 -3.27517 0.206517 0.200028 0.213436 0.216722 0.199523 0.211322
5593750 0.203016 0.196352 0.195178 -0.418859 -0.654986 1.30491 0.204035 0.19747 0.19158 0.201834 0.195055 0.199353
5593750 0.204752 0.200897 0.189856 0.0413938 1.1456 -0.636752 0.204035 0.19747 0.19158 0.205355 0.203777 0.188407
5593750 0.203877 0.180519 0.1907 -9.929 -5.90925 -0.355764 0.20775 0.182159 0.190486 0.200719 0.179181 0.190875
5593750 0.21151 0.180297 0.18387 0.387765 6.75553 -1.0211 0.211415 0.175654 0.185329 0.211617 0.185452 0.182251
5593750 0.213138 0.185629 0.197653 -1.68742 3.89257 -9.69542 0.213485 0.18367 0.20104 0.212777 0.187669 0.194127
5593750 0.194476 0.203936 0.201041 12.551 33.2797 5.67063 0.192885 0.199751 0.199573 0.195507 0.206649 0.201992
5593750 0.195003 0.18005 0.181964 -21.7096 8.02076 -5.8451 0.199466 0.177825 0.182615 0.191355 0.181868 0.181432
5593750 0.196784 0.185428 0.205716 -8.81713 -13.41 2.80741 0.199576 0.188512 0.204779 0.193622 0.181935 0.206778
5593750 0.203446 0.188526 0.202988 11.9038 -1.25946 -7.50889 0.199576 0.188512 0.204779 0.207141 0.188538 0.201277
5593750 0.200135 0.190885 0.20828 -1.77537 -3.3585 -4.91271 0.200762 0.193548 0.212209 0.199576 0.188512 0.204779
5593750 0.204659 0.184177 0.192513 -14.2565 6.85719 6.59632 0.20775 0.182159 0.190486 0.200994 0.186569 0.194917
5593750 0.216972 0.184181 0.199307 -23.2416 -0.523825 15.0431 0.222662 0.185015 0.196478 0.213485 0.18367 0.20104
5593750 0.212355 0.184937 0.214389 7.80622 0.978132 2.96251 0.209595 0.185045 0.2132 0.216048 0.184793 0.215979
5593750 0.196289 0.202253 0.197476 2.75436 2.66707 -2.44172 0.192885 0.199751 0.199573 0.200128 0.205074 0.195111
5593750 0.202456 0.195037 0.216433 3.14192 3.54195 6.4262 0.200762 0.193548 0.212209 0.203893 0.196302 0.220018
5593750 0.219222 0.179611 0.196254 -8.72633 -19.969 -0.0186315 0.222662 0.185015 0.196478 0.215604 0.173929 0.196018
5593750 0.216628 0.186636 0.195043 -5.60553 2.53756 -1.4514 0.222662 0.185015 0.196478 0.212777 0.187669 0.194127
5593750 0.200958 0.180002 0.210452 0.321157 -7.4724 -2.50815 0.200852 0.184122 0.212605 0.201075 0.175458 0.208077
5593750 0.215301 0.196034 0.197141 -5.20329 19.6766 -37.6483 0.215513 0.192921 0.201523 0.21518 0.197822 0.194623
5593750 0.186719 0.20242 0.188565 -7.14425 7.94767 -5.28139 0.189475 0.199506 0.189815 0.183989 0.205307 0.187327
5593750 0.194522 0.184487 0.181369 13.7976 10.247 2.32493 0.191355 0.181868 0.181432 0.197095 0.186613 0.181317
5593750 0.214834 0.180777 0.203328 2.73059 -7.44166 4.1314 0.213485 0.18367 0.20104 0.216057 0.178154 0.205402
5593750 0.200671 0.191686 0.202147 0.954197 1.67398 -1.74522 0.199576 0.188512 0.204779 0.201834 0.195055 0.199353
5593750 0.201547 0.182261 0.183762 0.309387 1.06977 0.313882 0.199466 0.177825 0.182615 0.203001 0.185359 0.184563
5593750 0.196976 0.198561 0.218315 1.28994 4.56554 -8.43891 0.196409 0.19646 0.221058 0.197585 0.200812 0.215376
5593750 0.198981 0.19762 0.213984 -10.3503 23.494 5.77763 0.200762 0.193548 0.212209 0.197585 0.200812 0.215376
5593750 0.20476 0.187644 0.186573 0.535556 0.93887 0.592554 0.203001 0.185359 0.184563 0.206851 0.190361 0.188963
5593750 0.208034 0.181263 0.194592 -0.298422 -1.56135 4.85277 0.20775 0.182159 0.190486 0.208241 0.180612 0.197576
5593750 0.210538 0.181951 0.199093 2.89795 2.42081 2.5159 0.208241 0.180612 0.197576 0.213485 0.18367 0.20104
5593750 0.183593 0.194496 0.208227 7.98218 3.20117 9.10824 0.18052 0.192616 0.205122 0.186196 0.196088 0.210857
5593750 0.188367 0.19665 0.192692 0.992669 3.63502 -2.67293 0.187179 0.193588 0.195776 0.189475 0.199506 0.189815
5593750 0.213301 0.195047 0.214548 6.50926 12.3691 -9.33529 0.210791 0.191765 0.216914 0.216722 0.199523 0.211322
5593750 0.186654 0.189263 0.19464 -2.58844 -28.463 -2.84494 0.187179 0.193588 0.195776 0.186156 0.185153 0.19356
5593750 0.182311 0.200014 0.197335 10.7157 20.607 -8.06717 0.180634 0.197238 0.197952 0.184855 0.204228 0.196398
5593750 0.185929 0.198443 0.187828 6.38321 2.57062 5.02975 0.182608 0.197448 0.185966 0.189475 0.199506 0.189815
5593750 0.1951 0.197333 0.202959 10.5869 -10.082 11.1395 0.192885 0.199751 0.199573 0.196698 0.195589 0.205401
5593750 0.189967 0.1966 0.197631 11.2075 13.4228 11.3757 0.187179 0.193588 0.195776 0.192885 0.199751 0.199573
5593750 0.207086 0.192868 0.185628 -2.17084 -6.79678 8.00699 0.207468 0.196939 0.180215 0.206851 0.190361 0.188963
5593750 0.209532 0.182233 0.214264 1.47603 -10.3996 4.55087 0.209595 0.185045 0.2132 0.209392 0.175996 0.216621
5593750 0.204183 0.188633 0.191675 3.71014 2.08688 -2.64462 0.200994 0.186569 0.194917 0.206851 0.190361 0.188963
5593750 0.215053 0.198005 0.188174 -0.242312 2.747 0.265583 0.216172 0.193275 0.188031 0.213848 0.2031 0.188328
5593750 0.204525 0.194464 0.209397 13.9705 3.06095 -14.3109 0.200762 0.193548 0.212209 0.207872 0.195278 0.206897
5593750 0.197974 0.19245 0.205125 -3.18952 9.45487 -0.652256 0.199576 0.188512 0.204779 0.196698 0.195589 0.205401
5593750 0.210058 0.187646 0.214638 1.26551 3.61013 2.48626 0.209595 0.185045 0.2132 0.210791 0.191765 0.216914
5593750 0.192722 0.186576 0.207774 0.542468 -7.41743 -0.748887 0.191939 0.190618 0.208641 0.193622 0.181935 0.206778
5593750 0.20004 0.182098 0.216713 0.126972 0.644729 -1.81149 0.199188 0.179974 0.221025 0.200852 0.184122 0.212605
5593750 0.189357 0.195635 0.188184 -0.592062 5.76895 3.193 0.189204 0.190593 0.186058 0.189475 0.199506 0.189815
5593750 0.201422 0.184953 0.203324 1.81957 -2.44143 -1.27608 0.199576 0.188512 0.204779 0.203083 0.181749 0.202014
5593750 0.20762 0.185005 0.207993 0.498001 -2.20838 -0.640908 0.206488 0.188048 0.208604 0.209022 0.181238 0.207237
5593750 0.200807 0.188766 0.21241 -0.608888 -22.533 -2.54634 0.200762 0.193548 0.212209 0.200852 0.184122 0.212605
5593750 0.207299 0.186277 0.189721 -1.88662 7.7264 -2.26905 0.20775 0.182159 0.190486 0.206851 0.190361 0.188963
5593750 0.218777 0.189312 0.19922 -13.2766 19.3947 14.3279 0.222662 0.185015 0.196478 0.215513 0.192921 0.201523
5593750 0.197393 0.181265 0.185645 5.47634 -7.34022 -5.13079 0.195738 0.18401 0.188063 0.199466 0.177825 0.182615
5593750 0.216061 0.195914 0.205965 0.579903 -10.0759 -12.6745 0.216722 0.199523 0.211322 0.215513 0.192921 0.201523
5593750 0.19781 0.180688 0.213345 22.6636 29.7937 -11.6244 0.195664 0.178266 0.213867 0.200852 0.184122 0.212605
5593750 0.186105 0.181232 0.195275 -0.229895 -15.4458 4.00543 0.186156 0.185153 0.19356 0.186043 0.176427 0.197378
5593750 0.196078 0.188278 0.218409 2.31969 2.03421 0.828835 0.191813 0.185566 0.216724 0.198899 0.190071 0.219524
5593750 0.208033 0.188025 0.217959 2.3991 3.08442 -0.25222 0.206034 0.185314 0.218716 0.210791 0.191765 0.216914
5593750 0.21188 0.190758 0.212389 -1.34252 0.291541 4.91115 0.212609 0.190084 0.209356 0.210791 0.191765 0.216914
5593750 0.210579 0.192309 0.208302 -4.49532 3.64245 -2.52489 0.212609 0.190084 0.209356 0.207872 0.195278 0.206897
5593750 0.207179 0.182136 0.218001 1.22984 -2.25134 -0.416574 0.206034 0.185314 0.218716 0.209392 0.175996 0.216621
5593750 0.182663 0.184605 0.195974 -9.20665 -1.0325 4.41715 0.186156 0.185153 0.19356 0.177683 0.183825 0.199415
5593750 0.199973 0.186002 0.182898 -1.18043 0.0537497 -0.750152 0.203001 0.185359 0.184563 0.197095 0.186613 0.181317
5593750 0.187493 0.18754 0.190268 1.48043 5.23635 -7.52011 0.186156 0.185153 0.19356 0.189204 0.190593 0.186058
5593750 0.198385 0.194741 0.208228 -3.2241 1.54638 -7.78688 0.200762 0.193548 0.212209 0.196698 0.195589 0.205401
5593750 0.183287 0.192577 0.193744 -4.82227 -1.75188 -1.78632 0.187179 0.193588 0.195776 0.179134 0.191497 0.191575
5593750 0.206396 0.185396 0.183652 -0.951431 -0.142309 0.352658 0.211617 0.185452 0.182251 0.203001 0.185359 0.184563
5593750 0.209602 0.189083 0.208987 2.91486 0.807885 -0.103938 0.206488 0.188048 0.208604 0.212609 0.190084 0.209356
5593750 0.190092 0.196829 0.202001 -3.72363 -4.81281 2.65921 0.192885 0.199751 0.199573 0.18814 0.194788 0.203696
5593750 0.185022 0.193899 0.204279 5.36149 1.5207 -1.95038 0.18052 0.192616 0.205122 0.18814 0.194788 0.203696
5593750 0.189808 0.192957 0.205868 -1.96422 1.70196 -2.98827 0.191939 0.190618 0.208641 0.18814 0.194788 0.203696
5593750 0.189765 0.188926 0.205461 -3.38118 -4.1551 -5.6379 0.191939 0.190618 0.208641 0.187432 0.18711 0.202049
5593750 0.183286 0.185713 0.200929 7.29248 2.18114 0.730801 0.177683 0.183825 0.199415 0.187432 0.18711 0.202049
5593750 0.195194 0.18072 0.198114 2.38705 -1.62638 -0.42734 0.192275 0.182086 0.198616 0.198086 0.179366 0.197618
5593750 0.190244 0.184193 0.200056 -1.54804 2.07768 1.66541 0.192275 0.182086 0.198616 0.187432 0.18711 0.202049
5593750 0.19142 0.193868 0.194286 18.2861 2.90931 -3.85952 0.187179 0.193588 0.195776 0.195671 0.194148 0.192792
5593750 0.189886 0.179917 0.198141 0.650659 0.802907 0.206371 0.186043 0.176427 0.197378 0.192275 0.182086 0.198616
5593750 0.190095 0.186499 0.194564 0.0 -0.0 -0.0 0.192953 0.187476 0.195292 0.186156 0.185153 0.19356
5593750 0.196036 0.187128 0.195148 0.00627155 -0.00147942 -0.000984171 0.192953 0.187476 0.195292 0.200994 0.186569 0.194917
5593750 0.19342 0.189463 0.197737 0.0 0.0 0.0 0.192953 0.187476 0.195292 0.193928 0.191342 0.200435
5593750 0.187305 0.190353 0.198909 0.395205 -1.71387 2.0523 0.187179 0.193588 0.195776 0.187432 0.18711 0.202049
5593750 0.184979 0.184625 0.211569 0.0 0.0 0.0 0.185269 0.180136 0.21207 0.184731 0.188224 0.211129
5593750 0.192747 0.192541 0.189748 4.65716 2.66455 3.52709 0.189204 0.190593 0.186058 0.195671 0.194148 0.192792
5593750 0.198749 0.194601 0.196068 1.37465 -0.0226518 1.84699 0.195671 0.194148 0.192792 0.201834 0.195055 0.199353
5593750 0.191139 0.189669 0.201123 0.0 0.0 0.0 0.187432 0.18711 0.202049 0.193928 0.191342 0.200435
5593750 0.196434 0.190231 0.202355 0.0 0.0 0.0 0.199576 0.188512 0.204779 0.193928 0.191342 0.200435
5593750 0.192318 0.19097 0.215956 0.0 0.0 0.0 0.191813 0.185566 0.216724 0.192658 0.194341 0.21544
5593750 0.214661 0.178937 0.18717 0.0 0.0 0.0 0.211415 0.175654 0.185329 0.217167 0.181215 0.188597
5593750 0.21661 0.17875 0.191255 0.0 0.0 0.0 0.215604 0.173929 0.196018 0.217167 0.181215 0.188597
5593750 0.20037 0.180456 0.199627 -3.64684 -2.73863 -3.94201 0.203083 0.181749 0.202014 0.198086 0.179366 0.197618
5593750 0.192326 0.192782 0.21232 0.0 0.0 0.0 0.191939 0.190618 0.208641 0.192658 0.194341 0.21544
5593750 0.205952 0.181117 0.199545 -1.1196 0.462988 1.22769 0.208241 0.180612 0.197576 0.203083 0.181749 0.202014
5593750 0.209352 0.183432 0.210673 0.0791249 -0.552285 -0.956747 0.209595 0.185045 0.2132 0.209022 0.181238 0.207237
5593750 0.213958 0.189937 0.19732 2.05628 2.27118 3.97702 0.212777 0.187669 0.194127 0.215513 0.192921 0.201523
5593750 0.182493 0.184041 0.191272 0.0 0.0 0.0 0.186156 0.185153 0.19356 0.17855 0.182502 0.188811
5593750 0.180586 0.195503 0.200891 0.0 0.0 0.0 0.18052 0.192616 0.205122 0.180634 0.197238 0.197952
5593750 0.182845 0.188304 0.192623 0.0 0.0 0.0 0.186156 0.185153 0.19356 0.179134 0.191497 0.191575
5593750 0.183842 0.191236 0.188993 0.0 0.0 0.0 0.189204 0.190593 0.186058 0.179134 0.191497 0.191575
5593750 0.182863 0.190325 0.208471 0.0 0.0 0.0 0.18052 0.192616 0.205122 0.184731 0.188224 0.211129
5593750 0.185956 0.187874 0.206995 0.0 0.0 0.0 0.187432 0.18711 0.202049 0.184731 0.188224 0.211129
5593750 0.188138 0.189513 0.209955 0.0 0.0 0.0 0.191939 0.190618 0.208641 0.184731 0.188224 0.211129
5593750 0.185436 0.192187 0.210999 0.0 0.0 0.0 0.186196 0.196088 0.210857 0.184731 0.188224 0.211129
5593750 0.184063 0.189953 0.203545 0.0 0.0 0.0 0.18052 0.192616 0.205122 0.187432 0.18711 0.202049
5593750 0.187668 0.187277 0.213455 0.0 0.0 0.0 0.191813 0.185566 0.216724 0.184731 0.188224 0.211129
5593750 0.193572 0.183114 0.184784 0.0 0.0 0.0 0.195738 0.18401 0.188063 0.191355 0.181868 0.181432
5593750 0.19804 0.183269 0.181832 0.0 0.0 0.0 0.199466 0.177825 0.182615 0.197095 0.186613 0.181317
5593750 0.190431 0.185772 0.183411 0.0 0.0 0.0 0.189204 0.190593 0.186058 0.191355 0.181868 0.181432
5593750 0.189113 0.178865 0.190532 0.0 0.0 0.0 0.185702 0.178958 0.189097 0.192652 0.178436 0.192029
5593750 0.195471 0.179082 0.194929 0.0 0.0 0.0 0.192652 0.178436 0.192029 0.198086 0.179366 0.197618
5593750 0.192454 0.180485 0.195434 0.0 0.0 0.0 0.192652 0.178436 0.192029 0.192275 0.182086 0.198616
5593750 0.192817 0.182187 0.201905 0.0 0.0 0.0 0.192275 0.182086 0.198616 0.193622 0.181935 0.206778
5593750 0.196479 0.185431 0.18438 0.136154 0.134785 -0.355281 0.195738 0.18401 0.188063 0.197095 0.186613 0.181317
5593750 0.194169 0.186121 0.192131 0.0 0.0 0.0 0.192953 0.187476 0.195292 0.195738 0.18401 0.188063
5593750 0.197685 0.188174 0.186825 0.0 0.0 0.0 0.195738 0.18401 0.188063 0.199606 0.191968 0.185603
5593750 0.192622 0.184847 0.196913 -0.000348556 -0.00416969 0.00174403 0.192953 0.187476 0.195292 0.192275 0.182086 0.198616
5593750 0.189626 0.183575 0.196429 0.0 0.0 0.0 0.186156 0.185153 0.19356 0.192275 0.182086 0.198616
5593750 0.196716 0.178973 0.191443 0.0 0.0 0.0 0.192652 0.178436 0.192029 0.200719 0.179181 0.190875
5593750 0.199362 0.17944 0.194346 0.0 0.0 0.0 0.200719 0.179181 0.190875 0.198086 0.179366 0.197618
5593750 0.198423 0.181569 0.189576 0.0 0.0 0.0 0.195738 0.18401 0.188063 0.200719 0.179181 0.190875
5593750 0.199613 0.18489 0.186193 0.0 0.0 0.0 0.195738 0.18401 0.188063 0.203001 0.185359 0.184563
5593750 0.189237 0.181152 0.209556 0.0 0.0 0.0 0.185269 0.180136 0.21207 0.193622 0.181935 0.206778
5593750 0.194841 0.179909 0.211 0.0 0.0 0.0 0.195664 0.178266 0.213867 0.193622 0.181935 0.206778
5593750 0.19042 0.184772 0.204332 0.0 0.0 0.0 0.193622 0.181935 0.206778 0.187432 0.18711 0.202049
5593750 0.194199 0.181207 0.214958 0.0 0.0 0.0 0.195664 0.178266 0.213867 0.191813 0.185566 0.216724
5593750 0.192763 0.183823 0.211508 0.0 0.0 0.0 0.191813 0.185566 0.216724 0.193622 0.181935 0.206778
5593750 0.197307 0.183209 0.209747 0.0 0.0 0.0 0.200852 0.184122 0.212605 0.193622 0.181935 0.206778
5593750 0.203199 0.183262 0.219676 0.0 0.0 0.0 0.199188 0.179974 0.221025 0.206034 0.185314 0.218716
5593750 0.194105 0.188281 0.183111 0.0 0.0 0.0 0.189204 0.190593 0.186058 0.197095 0.186613 0.181317
5593750 0.198308 0.192456 0.181515 0.0 0.0 0.0 0.199606 0.191968 0.185603 0.19714 0.1926 0.177824
5593750 0.19785 0.200013 0.18143 0.0 0.0 0.0 0.197919 0.199384 0.178153 0.197773 0.200562 0.186313
5593750 0.190597 0.190126 0.195479 0.0 0.0 0.0 0.192953 0.187476 0.195292 0.187179 0.193588 0.195776
5593750 0.19406 0.190297 0.194268 0.0 0.0 0.0 0.192953 0.187476 0.195292 0.195671 0.194148 0.192792
5593750 0.195236 0.19155 0.185792 0.0 0.0 0.0 0.199606 0.191968 0.185603 0.189204 0.190593 0.186058
5593750 0.188093 0.192396 0.191386 0.0 0.0 0.0 0.187179 0.193588 0.195776 0.189204 0.190593 0.186058
5593750 0.191083 0.199779 0.194412 0.0 0.0 0.0 0.192885 0.199751 0.199573 0.189475 0.199506 0.189815
5593750 0.190702 0.187484 0.198036 0.0 0.0 0.0 0.192953 0.187476 0.195292 0.187432 0.18711 0.202049
5593750 0.186773 0.186267 0.19769 0.0 0.0 0.0 0.186156 0.185153 0.19356 0.187432 0.18711 0.202049
5593750 0.191028 0.192455 0.198426 0.0 0.0 0.0 0.187179 0.193588 0.195776 0.193928 0.191342 0.200435
5593750 0.187733 0.194441 0.200351 0.0 0.0 0.0 0.187179 0.193588 0.195776 0.18814 0.194788 0.203696
5593750 0.194677 0.192693 0.197148 0.0 0.0 0.0 0.195671 0.194148 0.192792 0.193928 0.191342 0.200435
5593750 0.193493 0.195009 0.200068 0.0 0.0 0.0 0.192885 0.199751 0.199573 0.193928 0.191342 0.200435
5593750 0.190525 0.202439 0.185877 0.0 0.0 0.0 0.189475 0.199506 0.189815 0.19143 0.204677 0.182482
5593750 0.186079 0.198783 0.196069 0.0 0.0 0.0 0.187179 0.193588 0.195776 0.184855 0.204228 0.196398
5593750 0.187369 0.201817 0.192815 0.0 0.0 0.0 0.189475 0.199506 0.189815 0.184855 0.204228 0.196398
5593750 0.201306 0.19015 0.181647 0.0 0.0 0.0 0.199606 0.191968 0.185603 0.202651 0.188426 0.17851
5593750 0.201408 0.188624 0.185048 0.0 0.0 0.0 0.199606 0.191968 0.185603 0.203001 0.185359 0.184563
5593750 0.201839 0.1949 0.188614 0.0 0.0 0.0 0.204035 0.19747 0.19158 0.199606 0.191968 0.185603
5593750 0.200158 0.196088 0.192139 0.0 0.0 0.0 0.204035 0.19747 0.19158 0.195671 0.194148 0.192792
5593750 0.197451 0.197514 0.199459 0.0 0.0 0.0 0.192885 0.199751 0.199573 0.201834 0.195055 0.199353
5593750 0.197102 0.201251 0.202438 0.0 0.0 0.0 0.192885 0.199751 0.199573 0.201851 0.202608 0.205664
5593750 0.187839 0.19171 0.203002 0.0 0.0 0.0 0.187432 0.18711 0.202049 0.18814 0.194788 0.203696
5593750 0.195732 0.189732 0.206723 0.0 0.0 0.0 0.191939 0.190618 0.208641 0.199576 0.188512 0.204779
5593750 0.19099 0.19324 0.202086 0.0 0.0 0.0 0.18814 0.194788 0.203696 0.193928 0.191342 0.200435
5593750 0.19304 0.191166 0.204095 0.0 0.0 0.0 0.191939 0.190618 0.208641 0.193928 0.191342 0.200435
5593750 0.195312 0.193612 0.202913 0.0 0.0 0.0 0.196698 0.195589 0.205401 0.193928 0.191342 0.200435
5593750 0.187264 0.195532 0.206917 0.0 0.0 0.0 0.186196 0.196088 0.210857 0.18814 0.194788 0.203696
5593750 0.189619 0.195317 0.213286 0.0 0.0 0.0 0.186196 0.196088 0.210857 0.192658 0.194341 0.21544
5593750 0.194551 0.195565 0.218277 0.0 0.0 0.0 0.196409 0.19646 0.221058 0.192658 0.194341 0.21544
5593750 0.195058 0.197649 0.215409 0.0 0.0 0.0 0.192658 0.194341 0.21544 0.197585 0.200812 0.215376
5593750 0.186227 0.198507 0.214368 0.0 0.0 0.0 0.186196 0.196088 0.210857 0.186278 0.201627 0.219463
5593750 0.190236 0.197258 0.216966 0.0 0.0 0.0 0.192658 0.194341 0.21544 0.186278 0.201627 0.219463
5593750 0.200189 0.186571 0.208524 0.0 0.0 0.0 0.200852 0.184122 0.212605 0.199576 0.188512 0.204779
5593750 0.200232 0.187778 0.200234 0.0 0.0 0.0 0.200994 0.186569 0.194917 0.199576 0.188512 0.204779
5593750 0.197317 0.19308 0.199964 0.0 0.0 0.0 0.201834 0.195055 0.199353 0.193928 0.191342 0.200435
5593750 0.1989 0.195519 0.202807 0.0 0.0 0.0 0.201834 0.195055 0.199353 0.196698 0.195589 0.205401
5593750 0.203472 0.188409 0.206933 0.0 0.0 0.0 0.206488 0.188048 0.208604 0.199576 0.188512 0.204779
5593750 0.196066 0.192147 0.210311 0.0 0.0 0.0 0.191939 0.190618 0.208641 0.200762 0.193548 0.212209
5593750 0.196118 0.194157 0.21406 0.0 0.0 0.0 0.200762 0.193548 0.212209 0.192658 0.194341 0.21544
5593750 0.196641 0.184955 0.214528 0.0 0.0 0.0 0.200852 0.184122 0.212605 0.191813 0.185566 0.216724
5593750 0.199744 0.187665 0.216544 0.0 0.0 0.0 0.200852 0.184122 0.212605 0.198899 0.190071 0.219524
5593750 0.201222 0.193124 0.219753 0.0 0.0 0.0 0.203893 0.196302 0.220018 0.198899 0.190071 0.219524
5593750 0.202383 0.200844 0.193072 0.0 0.0 0.0 0.204035 0.19747 0.19158 0.200128 0.205074 0.195111
5593750 0.201943 0.200587 0.214429 0.0 0.0 0.0 0.206517 0.200028 0.213436 0.197585 0.200812 0.215376
5593750 0.200615 0.198805 0.217604 0.0 0.0 0.0 0.203893 0.196302 0.220018 0.197585 0.200812 0.215376
5593750 0.209446 0.183761 0.186877 0.0 0.0 0.0 0.20775 0.182159 0.190486 0.211617 0.185452 0.182251
5593750 0.205163 0.184064 0.187253 0.0 0.0 0.0 0.20775 0.182159 0.190486 0.203001 0.185359 0.184563
5593750 0.210544 0.178685 0.197088 0.0 0.0 0.0 0.208241 0.180612 0.197576 0.215604 0.173929 0.196018
5593750 0.205498 0.178834 0.207608 0.0 0.0 0.0 0.201075 0.175458 0.208077 0.209022 0.181238 0.207237
5593750 0.205201 0.182746 0.209749 0.0 0.0 0.0 0.200852 0.184122 0.212605 0.209022 0.181238 0.207237
5593750 0.204362 0.180944 0.214258 0.0 0.0 0.0 0.200852 0.184122 0.212605 0.209392 0.175996 0.216621
5593750 0.205055 0.185203 0.201655 0.0 0.0 0.0 0.207141 0.188538 0.201277 0.203083 0.181749 0.202014
5593750 0.214344 0.187733 0.201242 0.0 0.0 0.0 0.213485 0.18367 0.20104 0.215513 0.192921 0.201523
5593750 0.208082 0.185054 0.204249 0.0 0.0 0.0 0.209022 0.181238 0.207237 0.207141 0.188538 0.201277
5593750 0.206165 0.184843 0.212966 0.0 0.0 0.0 0.209595 0.185045 0.2132 0.200852 0.184122 0.212605
5593750 0.214268 0.180244 0.19919 0.0 0.0 0.0 0.213485 0.18367 0.20104 0.215604 0.173929 0.196018
5593750 0.212786 0.179749 0.206255 0.0 0.0 0.0 0.209022 0.181238 0.207237 0.216057 0.178154 0.205402
5593750 0.215992 0.18471 0.204032 0.0 0.0 0.0 0.21906 0.185629 0.207706 0.213485 0.18367 0.20104
5593750 0.202819 0.187136 0.181367 0.0 0.0 0.0 0.203001 0.185359 0.184563 0.202651 0.188426 0.17851
5593750 0.205289 0.197434 0.187426 0.0 0.0 0.0 0.204035 0.19747 0.19158 0.207468 0.196939 0.180215
5593750 0.212542 0.194962 0.184765 0.0 0.0 0.0 0.216172 0.193275 0.188031 0.207468 0.196939 0.180215
5593750 0.209849 0.189159 0.191569 0.0 0.0 0.0 0.212777 0.187669 0.194127 0.206851 0.190361 0.188963
5593750 0.201436 0.19118 0.197241 0.0 0.0 0.0 0.200994 0.186569 0.194917 0.201834 0.195055 0.199353
5593750 0.207446 0.195868 0.19297 0.0 0.0 0.0 0.210131 0.194325 0.194071 0.204035 0.19747 0.19158
5593750 0.209956 0.188264 0.197708 0.0 0.0 0.0 0.212777 0.187669 0.194127 0.207141 0.188538 0.201277
5593750 0.204629 0.191784 0.200364 0.0 0.0 0.0 0.201834 0.195055 0.199353 0.207141 0.188538 0.201277
5593750 0.204947 0.195328 0.203239 0.0 0.0 0.0 0.201834 0.195055 0.199353 0.207872 0.195278 0.206897
5593750 0.212089 0.193973 0.196777 0.0 0.0 0.0 0.210131 0.194325 0.194071 0.215513 0.192921 0.201523
5593750 0.206208 0.199203 0.19447 0.0 0.0 0.0 0.204035 0.19747 0.19158 0.208841 0.200959 0.197982
5593750 0.211163 0.191866 0.188528 0.0 0.0 0.0 0.216172 0.193275 0.188031 0.206851 0.190361 0.188963
5593750 0.212474 0.194076 0.191728 0.0 0.0 0.0 0.210131 0.194325 0.194071 0.216172 0.193275 0.188031
5593750 0.215569 0.19621 0.192056 0.0 0.0 0.0 0.216172 0.193275 0.188031 0.21518 0.197822 0.194623
5593750 0.207501 0.191991 0.204023 0.0 0.0 0.0 0.207141 0.188538 0.201277 0.207872 0.195278 0.206897
5593750 0.204151 0.190451 0.210075 0.0 0.0 0.0 0.206488 0.188048 0.208604 0.200762 0.193548 0.212209
5593750 0.21106 0.187648 0.211333 0.0 0.0 0.0 0.209595 0.185045 0.2132 0.212609 0.190084 0.209356
5593750 0.203921 0.19726 0.212881 0.0 0.0 0.0 0.200762 0.193548 0.212209 0.206517 0.200028 0.213436
5593750 0.213691 0.191296 0.206441 0.0 0.0 0.0 0.212609 0.190084 0.209356 0.215513 0.192921 0.201523
5593750 0.207941 0.185332 0.215768 0.0 0.0 0.0 0.209595 0.185045 0.2132 0.206034 0.185314 0.218716
5593750 0.208454 0.196445 0.21501 0.0 0.0 0.0 0.206517 0.200028 0.213436 0.210791 0.191765 0.216914
5593750 0.20128 0.198 0.209107 0.0 0.0 0.0 0.200762 0.193548 0.212209 0.201851 0.202608 0.205664
5593750 0.204532 0.201284 0.210125 0.0 0.0 0.0 0.206517 0.200028 0.213436 0.201851 0.202608 0.205664
5593750 0.213965 0.19335 0.210004 0.0 0.0 0.0 0.212609 0.190084 0.209356 0.216722 0.199523 0.211322
5593750 0.211379 0.197116 0.208648 0.0 0.0 0.0 0.216722 0.199523 0.211322 0.207872 0.195278 0.206897
5593750 0.183151 0.211413 0.19394 -11.9699 -3.1406 -0.694682 0.186391 0.211931 0.193714 0.179389 0.210811 0.194202
5593750 0.189541 0.207736 0.182984 -2.22419 4.92437 0.245189 0.19143 0.204677 0.182482 0.187765 0.210613 0.183456
5593750 0.196685 0.197243 0.189666 -2.6112 -17.9943 21.6187 0.197773 0.200562 0.186313 0.195671 0.194148 0.192792
5593750 0.190611 0.20355 0.18987 -6.11364 -13.4198 0.400331 0.191824 0.207863 0.18993 0.189475 0.199506 0.189815
5593750 0.199181 0.203869 0.183069 5.51291 21.1693 -15.7795 0.197773 0.200562 0.186313 0.20057 0.207128 0.17987
5593750 0.192921 0.204791 0.211919 -1.87472 -11.7297 -16.2287 0.193363 0.208051 0.215181 0.192483 0.201562 0.208689
5593750 0.188652 0.213171 0.185535 -1.02491 -6.98572 -4.92527 0.189861 0.216653 0.188366 0.187765 0.210613 0.183456
5593750 0.188691 0.210209 0.192112 2.28597 -2.35893 -2.20967 0.186391 0.211931 0.193714 0.191824 0.207863 0.18993
5593750 0.19458 0.210958 0.191628 15.261 24.0722 10.1623 0.191824 0.207863 0.18993 0.197107 0.213796 0.193185
5593750 0.187791 0.214446 0.195304 7.785 11.7799 5.34064 0.186391 0.211931 0.193714 0.189757 0.217977 0.197536
5593750 0.197114 0.21403 0.197285 2.7132 -2.05211 28.5129 0.197107 0.213796 0.193185 0.197122 0.214301 0.202045
5593750 0.19338 0.216169 0.199754 -10.1562 7.0094 -8.53208 0.197122 0.214301 0.202045 0.189757 0.217977 0.197536
5593750 0.197578 0.217736 0.192123 6.03901 21.1267 -5.05946 0.197107 0.213796 0.193185 0.198125 0.222309 0.19089
5593750 0.196058 0.211393 0.21344 8.38584 11.3582 -8.44778 0.193363 0.208051 0.215181 0.198943 0.214969 0.211577
5593750 0.191532 0.212297 0.215431 -14.6018 44.7012 -3.56299 0.193363 0.208051 0.215181 0.189268 0.217549 0.215741
5593750 0.203046 0.217371 0.21298 18.7729 7.2902 5.08107 0.198943 0.214969 0.211577 0.206737 0.219532 0.214242
5593750 0.201338 0.212113 0.201619 13.0189 -6.06744 -3.55263 0.197122 0.214301 0.202045 0.204904 0.210262 0.201259
5593750 0.201235 0.216281 0.203426 20.2792 12.7864 4.3654 0.197122 0.214301 0.202045 0.205266 0.218221 0.20478
5593750 0.201127 0.208626 0.219276 -11.5104 15.3766 9.3486 0.202954 0.206002 0.217047 0.199531 0.21092 0.221224
5593750 0.205259 0.197941 0.198682 -1.07124 -1.22983 0.321525 0.208841 0.200959 0.197982 0.201834 0.195055 0.199353
5593750 0.214685 0.199781 0.192286 3.71815 -35.7995 32.5212 0.213848 0.2031 0.188328 0.21518 0.197822 0.194623
5593750 0.209686 0.202376 0.202419 -4.72272 -4.88695 -12.9123 0.210241 0.203306 0.205333 0.208841 0.200959 0.197982
5593750 0.210325 0.205275 0.185124 15.272 -6.40279 15.8908 0.208054 0.206677 0.183058 0.213848 0.2031 0.188328
5593750 0.208552 0.204783 0.195203 -0.692554 -5.90464 4.10312 0.208347 0.207478 0.193245 0.208841 0.200959 0.197982
5593750 0.214133 0.205696 0.192865 2.67604 -12.6833 -25.351 0.214297 0.207195 0.195485 0.213848 0.2031 0.188328
5593750 0.205194 0.198539 0.206348 19.8466 -31.689 1.30352 0.201851 0.202608 0.205664 0.207872 0.195278 0.206897
5593750 0.203586 0.206959 0.20316 5.06039 21.5002 -14.6553 0.201851 0.202608 0.205664 0.204904 0.210262 0.201259
5593750 0.209514 0.205745 0.20712 -4.32022 8.22708 6.72045 0.210241 0.203306 0.205333 0.208213 0.210118 0.210324
5593750 0.204726 0.203031 0.215252 12.549 -14.6669 -11.4335 0.202954 0.206002 0.217047 0.206517 0.200028 0.213436
5593750 0.21234 0.202081 0.207273 6.06979 -5.28921 7.38562 0.210241 0.203306 0.205333 0.216722 0.199523 0.211322
5593750 0.204955 0.206864 0.181738 -15.5352 2.43243 -4.37142 0.208054 0.206677 0.183058 0.20057 0.207128 0.17987
5593750 0.203298 0.215746 0.182311 9.92655 -2.47582 33.9105 0.201401 0.216194 0.178293 0.205957 0.215118 0.187943
5593750 0.211971 0.21409 0.189343 -30.3093 3.4729 -2.3359 0.215515 0.213485 0.190167 0.205957 0.215118 0.187943
5593750 0.21304 0.20987 0.196115 -9.26919 32.5681 7.5682 0.214297 0.207195 0.195485 0.211238 0.213702 0.197019
5593750 0.207516 0.210135 0.191402 -2.68928 6.60944 -3.39193 0.208347 0.207478 0.193245 0.205957 0.215118 0.187943
5593750 0.207958 0.211921 0.199214 -24.0921 -10.6729 10.8403 0.211238 0.213702 0.197019 0.204904 0.210262 0.201259
5593750 0.212853 0.216952 0.199384 -7.37529 -25.504 -15.6841 0.214409 0.220086 0.201664 0.211238 0.213702 0.197019
5593750 0.212153 0.217474 0.195094 1.14323 18.1319 -9.75543 0.211238 0.213702 0.197019 0.212987 0.220914 0.193339
5593750 0.21598 0.214398 0.207913 3.39945 -5.71504 -8.59868 0.214583 0.215925 0.21015 0.218465 0.211683 0.203936
5593750 0.200142 0.213598 0.186181 8.03243 2.40458 3.95129 0.196589 0.21267 0.185105 0.205957 0.215118 0.187943
5593750 0.194789 0.212857 0.181732 0.710661 -0.0383722 0.938262 0.192894 0.213053 0.178182 0.196589 0.21267 0.185105
5593750 0.207143 0.203049 0.205455 -1.87793 -0.251756 0.364162 0.210241 0.203306 0.205333 0.201851 0.202608 0.205664
5593750 0.212331 0.213873 0.210212 -11.0268 -7.83863 -1.11448 0.214583 0.215925 0.21015 0.208213 0.210118 0.210324
5593750 0.20786 0.203442 0.182114 -0.244196 -2.86785 -0.367044 0.208054 0.206677 0.183058 0.207468 0.196939 0.180215
5593750 0.215689 0.214176 0.212387 2.07912 -5.95071 6.47694 0.214583 0.215925 0.21015 0.217877 0.210717 0.216812
5593750 0.216912 0.198059 0.200738 -5.51011 -28.4517 8.56846 0.218107 0.202448 0.200067 0.215513 0.192921 0.201523
5593750 0.215808 0.205312 0.197302 -17.593 15.2406 -15.4647 0.218107 0.202448 0.200067 0.214297 0.207195 0.195485
5593750 0.185824 0.218021 0.195119 -11.0485 -1.89325 -6.42218 0.189757 0.217977 0.197536 0.182331 0.218061 0.192973
5593750 0.204477 0.215834 0.193988 -0.0476171 0.092318 0.45106 0.205957 0.215118 0.187943 0.2037 0.21621 0.197161
5593750 0.201241 0.19885 0.18923 0.502663 -0.18033 0.527547 0.197773 0.200562 0.186313 0.204035 0.19747 0.19158
5593750 0.206685 0.205206 0.185771 -1.03216 -0.754985 2.25085 0.208054 0.206677 0.183058 0.205355 0.203777 0.188407
5593750 0.200613 0.21432 0.191108 16.0414 0.705699 -6.81625 0.197107 0.213796 0.193185 0.205957 0.215118 0.187943
5593750 0.195792 0.207489 0.204917 -0.416429 -0.887032 -7.09496 0.196083 0.208349 0.207913 0.195507 0.206649 0.201992
5593750 0.19719 0.210912 0.209331 -5.72148 -14.4872 -5.05957 0.198943 0.214969 0.211577 0.196083 0.208349 0.207913
5593750 0.187829 0.213888 0.191497 7.62105 9.42165 -15.1214 0.186391 0.211931 0.193714 0.189861 0.216653 0.188366
5593750 0.185782 0.208879 0.194777 -3.67196 -23.4246 4.20998 0.186391 0.211931 0.193714 0.184855 0.204228 0.196398
5593750 0.196825 0.202047 0.207287 -20.0784 -1.09085 3.28245 0.201851 0.202608 0.205664 0.192483 0.201562 0.208689
5593750 0.203361 0.204272 0.190964 -1.39369 0.623451 1.53436 0.205355 0.203777 0.188407 0.200128 0.205074 0.195111
5593750 0.202844 0.208025 0.198607 0.370487 0.581543 0.511331 0.200128 0.205074 0.195111 0.204904 0.210262 0.201259
5593750 0.21886 0.214567 0.199366 -2.87503 -6.98378 10.2452 0.219147 0.216655 0.196058 0.218465 0.211683 0.203936
5593750 0.213139 0.218476 0.209314 -5.36686 7.11718 -1.65382 0.214583 0.215925 0.21015 0.211613 0.221173 0.20843
5593750 0.194148 0.202914 0.184124 -2.29226 1.38231 -0.867091 0.197773 0.200562 0.186313 0.19143 0.204677 0.182482
5593750 0.198222 0.20622 0.207079 11.2943 -8.43297 -5.19991 0.196083 0.208349 0.207913 0.201851 0.202608 0.205664
5593750 0.204241 0.21354 0.199001 0.0442363 -0.507949 0.257981 0.2037 0.21621 0.197161 0.204904 0.210262 0.201259
5593750 0.198709 0.198328 0.205504 -6.55102 -10.2379 -2.15517 0.201851 0.202608 0.205664 0.196698 0.195589 0.205401
5593750 0.207815 0.21147 0.215719 1.14085 2.98797 12.8353 0.208213 0.210118 0.210324 0.207475 0.212625 0.22033
5593750 0.217172 0.207711 0.194701 2.56431 0.716954 -0.358022 0.214297 0.207195 0.195485 0.221962 0.208571 0.193395
5593750 0.216853 0.218316 0.198773 1.74261 -1.41002 -1.57007 0.214409 0.220086 0.201664 0.219147 0.216655 0.196058
5593750 0.205118 0.207696 0.214281 1.63 1.84721 -3.0394 0.202954 0.206002 0.217047 0.208213 0.210118 0.210324
5593750 0.184382 0.204818 0.191442 -1.67842 -0.113785 -8.92494 0.184855 0.204228 0.196398 0.183989 0.205307 0.187327
5593750 0.20661 0.214525 0.207308 -1.12566 6.11058 -3.41781 0.208213 0.210118 0.210324 0.205266 0.218221 0.20478
5593750 0.193137 0.209139 0.207203 -10.2117 4.25385 -3.70284 0.196083 0.208349 0.207913 0.186952 0.210798 0.205712
5593750 0.19023 0.20521 0.217074 -7.98806 -8.47983 3.3575 0.193363 0.208051 0.215181 0.186278 0.201627 0.219463
5593750 0.200218 0.203357 0.216196 -4.96414 -4.43606 -2.61573 0.202954 0.206002 0.217047 0.197585 0.200812 0.215376
5593750 0.194395 0.210602 0.187325 0.0 0.0 0.0 0.191824 0.207863 0.18993 0.196589 0.21267 0.185105
5593750 0.211469 0.20733 0.19442 2.32249 -0.418229 1.18065 0.208347 0.207478 0.193245 0.214297 0.207195 0.195485
5593750 0.193551 0.214469 0.186577 -17.1863 7.63658 5.4195 0.196589 0.21267 0.185105 0.189861 0.216653 0.188366
5593750 0.196138 0.209638 0.202013 -7.69749 -33.4859 -5.70136 0.197122 0.214301 0.202045 0.195507 0.206649 0.201992
5593750 0.184584 0.21466 0.193384 -3.35819 4.84321 -1.55367 0.186391 0.211931 0.193714 0.182331 0.218061 0.192973
5593750 0.216082 0.218476 0.210881 5.43773 11.8585 1.55832 0.214583 0.215925 0.21015 0.218174 0.222035 0.211901
5593750 0.185762 0.207071 0.200428 -1.59223 -7.87153 -8.13004 0.186952 0.210798 0.205712 0.184855 0.204228 0.196398
5593750 0.194458 0.217675 0.204107 17.4397 -24.3473 -9.08956 0.191792 0.221051 0.20617 0.197122 0.214301 0.202045
5593750 0.195695 0.204052 0.215289 13.3882 -23.3316 -3.65884 0.193363 0.208051 0.215181 0.197585 0.200812 0.215376
5593750 0.19836 0.210204 0.182776 5.3164 -11.74 -9.54812 0.196589 0.21267 0.185105 0.20057 0.207128 0.17987
5593750 0.198423 0.209995 0.194024 1.79474 -3.38656 0.611279 0.197107 0.213796 0.193185 0.200128 0.205074 0.195111
5593750 0.197824 0.205173 0.203333 3.69306 -2.53182 3.13015 0.195507 0.206649 0.201992 0.201851 0.202608 0.205664
5593750 0.204955 0.206273 0.207938 -4.97398 -8.40586 -4.1607 0.208213 0.210118 0.210324 0.201851 0.202608 0.205664
5593750 0.188189 0.214405 0.211071 0.188921 0.295032 0.429781 0.186952 0.210798 0.205712 0.189268 0.217549 0.215741
5593750 0.181641 0.216554 0.196688 0.0 0.0 0.0 0.181124 0.215269 0.199465 0.182331 0.218061 0.192973
5593750 0.181265 0.210174 0.20247 4.77317 1.00712 1.97164 0.178627 0.209885 0.200966 0.186952 0.210798 0.205712
5593750 0.218271 0.206688 0.201843 -1.08621 8.31589 3.88384 0.218107 0.202448 0.200067 0.218465 0.211683 0.203936
5593750 0.194622 0.205596 0.208228 -2.81925 -4.75185 -0.28022 0.196083 0.208349 0.207913 0.192483 0.201562 0.208689
5593750 0.205071 0.213949 0.202889 -0.503609 -2.49846 -1.37557 0.205266 0.218221 0.20478 0.204904 0.210262 0.201259
5593750 0.204988 0.208982 0.218524 3.97874 5.35373 1.59379 0.202954 0.206002 0.217047 0.207475 0.212625 0.22033
5593750 0.183056 0.215344 0.208436 -0.128175 0.184894 0.140268 0.186952 0.210798 0.205712 0.180821 0.217953 0.209998
5593750 0.189756 0.216739 0.205978 -4.5193 -13.2574 1.00366 0.191792 0.221051 0.20617 0.186952 0.210798 0.205712
5593750 0.209078 0.214281 0.193307 9.83829 -2.33839 12.0039 0.205957 0.215118 0.187943 0.211238 0.213702 0.197019
5593750 0.210489 0.205784 0.191331 0.0 0.0 0.0 0.208347 0.207478 0.193245 0.213848 0.2031 0.188328
5593750 0.203306 0.212685 0.210987 1.08192 -0.75591 -0.0322508 0.198943 0.214969 0.211577 0.208213 0.210118 0.210324
5593750 0.204737 0.202897 0.196629 -3.93321 2.72165 -1.55807 0.208841 0.200959 0.197982 0.200128 0.205074 0.195111
5593750 0.212676 0.199061 0.19595 1.52751 -1.09604 -1.04775 0.208841 0.200959 0.197982 0.21518 0.197822 0.194623
5593750 0.207391 0.213202 0.182155 1.49034 -1.26611 -3.43678 0.205957 0.215118 0.187943 0.208184 0.212142 0.178953
5593750 0.217275 0.215021 0.193022 -5.26742 -3.99123 -11.2249 0.219147 0.216655 0.196058 0.215515 0.213485 0.190167
5593750 0.198895 0.202713 0.190506 0.330671 1.16832 1.64147 0.197773 0.200562 0.186313 0.200128 0.205074 0.195111
5593750 0.201842 0.19853 0.202256 -0.152075 -1.24982 -0.805915 0.201851 0.202608 0.205664 0.201834 0.195055 0.199353
5593750 0.187762 0.206538 0.18858 -9.32922 -2.36805 -4.67256 0.191824 0.207863 0.18993 0.183989 0.205307 0.187327
5593750 0.181753 0.207965 0.195152 4.78796 -4.14816 1.65029 0.179389 0.210811 0.194202 0.184855 0.204228 0.196398
5593750 0.191606 0.206103 0.185815 -2.82879 -4.79823 -13.737 0.191824 0.207863 0.18993 0.19143 0.204677 0.182482
5593750 0.194986 0.208229 0.210844 2.31581 -0.847775 -6.80578 0.193363 0.208051 0.215181 0.196083 0.208349 0.207913
5593750 0.198015 0.214629 0.206718 -4.33281 -4.74983 -20.2168 0.198943 0.214969 0.211577 0.197122 0.214301 0.202045
5593750 0.189809 0.217317 0.192966 0.745626 1.36598 5.87947 0.189861 0.216653 0.188366 0.189757 0.217977 0.197536
5593750 0.208626 0.203517 0.188377 0.390473 0.0204054 0.0310724 0.205355 0.203777 0.188407 0.213848 0.2031 0.188328
5593750 0.190444 0.210042 0.200203 0.0 0.0 0.0 0.192176 0.209549 0.197475 0.186952 0.210798 0.205712
5593750 0.192024 0.208979 0.194299 0.0 0.0 0.0 0.191824 0.207863 0.18993 0.192176 0.209549 0.197475
5593750 0.193891 0.208194 0.199805 0.0 0.0 0.0 0.192176 0.209549 0.197475 0.195507 0.206649 0.201992
5593750 0.19021 0.205508 0.207466 0.0 0.0 0.0 0.186952 0.210798 0.205712 0.192483 0.201562 0.208689
5593750 0.199423 0.216981 0.216083 2.32002 3.36911 11.0235 0.198943 0.214969 0.211577 0.199867 0.218839 0.220247
5593750 0.210596 0.204934 0.199867 -0.0 -0.0 0.0 0.208841 0.200959 0.197982 0.211717 0.207475 0.201073
5593750 0.210999 0.205567 0.203175 0.0 0.0 0.0 0.210241 0.203306 0.205333 0.211717 0.207475 0.201073
5593750 0.182977 0.213848 0.201451 0.000916067 -0.000441653 0.000938092 0.181124 0.215269 0.199465 0.186952 0.210798 0.205712
5593750 0.184876 0.21686 0.204229 0.147492 -0.305858 0.0412797 0.18366 0.220412 0.20336 0.186952 0.210798 0.205712
5593750 0.214142 0.209071 0.2021 0.0 0.0 0.0 0.218465 0.211683 0.203936 0.211717 0.207475 0.201073
5593750 0.180352 0.213439 0.197122 0.0 0.0 0.0 0.181124 0.215269 0.199465 0.179389 0.210811 0.194202
5593750 0.182248 0.217702 0.201191 0.0 0.0 0.0 0.181124 0.215269 0.199465 0.18366 0.220412 0.20336
5593750 0.187964 0.205129 0.184737 0.0 0.0 0.0 0.19143 0.204677 0.182482 0.183989 0.205307 0.187327
5593750 0.181866 0.20349 0.200348 0.0 0.0 0.0 0.178766 0.2024 0.204449 0.184855 0.204228 0.196398
5593750 0.182381 0.206268 0.205008 0.0 0.0 0.0 0.186952 0.210798 0.205712 0.178766 0.2024 0.204449
5593750 0.185862 0.217557 0.190816 0.0 0.0 0.0 0.189861 0.216653 0.188366 0.182331 0.218061 0.192973
5593750 0.198781 0.195997 0.185921 0.0 0.0 0.0 0.197773 0.200562 0.186313 0.199606 0.191968 0.185603
5593750 0.19333 0.200155 0.188186 0.0 0.0 0.0 0.197773 0.200562 0.186313 0.189475 0.199506 0.189815
5593750 0.194904 0.198288 0.206802 0.0 0.0 0.0 0.192483 0.201562 0.208689 0.196698 0.195589 0.205401
5593750 0.18952 0.209582 0.186254 0.0 0.0 0.0 0.191824 0.207863 0.18993 0.187765 0.210613 0.183456
5593750 0.195379 0.205893 0.181349 0.0 0.0 0.0 0.19143 0.204677 0.182482 0.20057 0.207128 0.17987
5593750 0.195623 0.206744 0.192296 0.0 0.0 0.0 0.191824 0.207863 0.18993 0.200128 0.205074 0.195111
5593750 0.188536 0.206305 0.19298 0.0 0.0 0.0 0.191824 0.207863 0.18993 0.184855 0.204228 0.196398
5593750 0.194683 0.204513 0.188188 0.0 0.0 0.0 0.197773 0.200562 0.186313 0.191824 0.207863 0.18993
5593750 0.196842 0.213367 0.188999 0.0 0.0 0.0 0.197107 0.213796 0.193185 0.196589 0.21267 0.185105
5593750 0.189294 0.210879 0.195603 0.0 0.0 0.0 0.186391 0.211931 0.193714 0.192176 0.209549 0.197475
5593750 0.194353 0.211569 0.195579 0.0 0.0 0.0 0.192176 0.209549 0.197475 0.197107 0.213796 0.193185
5593750 0.195191 0.207992 0.196577 0.0 0.0 0.0 0.192176 0.209549 0.197475 0.200128 0.205074 0.195111
5593750 0.189289 0.207598 0.197051 0.0 0.0 0.0 0.192176 0.209549 0.197475 0.184855 0.204228 0.196398
5593750 0.194178 0.21162 0.199329 0.0 0.0 0.0 0.192176 0.209549 0.197475 0.197122 0.214301 0.202045
5593750 0.197196 0.206229 0.199481 0.0 0.0 0.0 0.195507 0.206649 0.201992 0.200128 0.205074 0.195111
5593750 0.195684 0.216717 0.183587 0.0 0.0 0.0 0.194537 0.221483 0.181675 0.196589 0.21267 0.185105
5593750 0.190862 0.212335 0.18916 0.0 0.0 0.0 0.191824 0.207863 0.18993 0.189861 0.216653 0.188366
5593750 0.191171 0.213175 0.197501 0.0 0.0 0.0 0.192176 0.209549 0.197475 0.189757 0.217977 0.197536
5593750 0.193711 0.215291 0.190924 0.0 0.0 0.0 0.197107 0.213796 0.193185 0.189861 0.216653 0.188366
5593750 0.193648 0.215917 0.195234 0.0 0.0 0.0 0.197107 0.213796 0.193185 0.189757 0.217977 0.197536
5593750 0.201811 0.199211 0.18377 0.0 0.0 0.0 0.197773 0.200562 0.186313 0.207468 0.196939 0.180215
5593750 0.201051 0.199819 0.1974 0.0 0.0 0.0 0.200128 0.205074 0.195111 0.201834 0.195055 0.199353
5593750 0.205181 0.206706 0.193964 0.0 0.0 0.0 0.208347 0.207478 0.193245 0.200128 0.205074 0.195111
5593750 0.202294 0.202637 0.187559 0.0 0.0 0.0 0.197773 0.200562 0.186313 0.205355 0.203777 0.188407
5593750 0.200992 0.203995 0.20039 0.0 0.0 0.0 0.200128 0.205074 0.195111 0.201851 0.202608 0.205664
5593750 0.198812 0.214452 0.181958 0.0 0.0 0.0 0.201401 0.216194 0.178293 0.196589 0.21267 0.185105
5593750 0.200772 0.215289 0.195391 0.0 0.0 0.0 0.197107 0.213796 0.193185 0.2037 0.21621 0.197161
5593750 0.190713 0.209341 0.211267 0.0 0.0 0.0 0.193363 0.208051 0.215181 0.186952 0.210798 0.205712
5593750 0.196496 0.210864 0.205587 0.0 0.0 0.0 0.196083 0.208349 0.207913 0.197122 0.214301 0.202045
5593750 0.192794 0.208121 0.203173 0.0 0.0 0.0 0.186952 0.210798 0.205712 0.195507 0.206649 0.201992
5593750 0.1943 0.204771 0.20467 0.0 0.0 0.0 0.195507 0.206649 0.201992 0.192483 0.201562 0.208689
5593750 0.192848 0.212983 0.203587 0.0 0.0 0.0 0.186952 0.210798 0.205712 0.197122 0.214301 0.202045
5593750 0.195291 0.201305 0.212368 0.0 0.0 0.0 0.192483 0.201562 0.208689 0.197585 0.200812 0.215376
5593750 0.196917 0.209859 0.218663 0.0 0.0 0.0 0.193363 0.208051 0.215181 0.199531 0.21092 0.221224
5593750 0.196718 0.202499 0.218919 0.0 0.0 0.0 0.195655 0.204218 0.223258 0.197585 0.200812 0.215376
5593750 0.188599 0.215168 0.20091 0.0 0.0 0.0 0.186952 0.210798 0.205712 0.189757 0.217977 0.197536
5593750 0.1953 0.218222 0.208823 0.0 0.0 0.0 0.198943 0.214969 0.211577 0.191792 0.221051 0.20617
5593750 0.194455 0.21632 0.213509 0.0 0.0 0.0 0.198943 0.214969 0.211577 0.189268 0.217549 0.215741
5593750 0.198572 0.207094 0.216194 0.0 0.0 0.0 0.193363 0.208051 0.215181 0.202954 0.206002 0.217047
5593750 0.201018 0.215585 0.19915 0.0 0.0 0.0 0.197122 0.214301 0.202045 0.2037 0.21621 0.197161
5593750 0.2022 0.216798 0.208077 0.0 0.0 0.0 0.198943 0.214969 0.211577 0.205266 0.218221 0.20478
5593750 0.199605 0.20534 0.219897 0.0 0.0 0.0 0.202954 0.206002 0.217047 0.195655 0.204218 0.223258
5593750 0.195157 0.21842 0.218246 0.0 0.0 0.0 0.199867 0.218839 0.220247 0.189268 0.217549 0.215741
5593750 0.206045 0.201707 0.185734 0.0 0.0 0.0 0.205355 0.203777 0.188407 0.207468 0.196939 0.180215
5593750 0.216359 0.199839 0.196808 0.0 0.0 0.0 0.218107 0.202448 0.200067 0.21518 0.197822 0.194623
5593750 0.211967 0.197355 0.199638 0.0 0.0 0.0 0.208841 0.200959 0.197982 0.215513 0.192921 0.201523
5593750 0.209242 0.200074 0.205992 0.0 0.0 0.0 0.210241 0.203306 0.205333 0.207872 0.195278 0.206897
5593750 0.207222 0.204364 0.212146 0.0 0.0 0.0 0.208213 0.210118 0.210324 0.206517 0.200028 0.213436
5593750 0.208266 0.201381 0.216772 0.0 0.0 0.0 0.210719 0.202905 0.221467 0.206517 0.200028 0.213436
5593750 0.207321 0.209789 0.184766 0.0 0.0 0.0 0.208054 0.206677 0.183058 0.205957 0.215118 0.187943
5593750 0.211392 0.21276 0.184706 0.0 0.0 0.0 0.205957 0.215118 0.187943 0.215389 0.210756 0.182328
5593750 0.21355 0.213738 0.193315 0.0 0.0 0.0 0.215515 0.213485 0.190167 0.211238 0.213702 0.197019
5593750 0.212176 0.204922 0.196454 0.0 0.0 0.0 0.208841 0.200959 0.197982 0.214297 0.207195 0.195485
5593750 0.209608 0.210342 0.194885 0.0 0.0 0.0 0.208347 0.207478 0.193245 0.211238 0.213702 0.197019
5593750 0.206841 0.205768 0.190803 0.0 0.0 0.0 0.208347 0.207478 0.193245 0.205355 0.203777 0.188407
5593750 0.211221 0.202131 0.193396 0.0 0.0 0.0 0.208841 0.200959 0.197982 0.213848 0.2031 0.188328
5593750 0.213021 0.207488 0.198276 0.0 0.0 0.0 0.214297 0.207195 0.195485 0.211717 0.207475 0.201073
5593750 0.211533 0.210186 0.199405 0.0 0.0 0.0 0.211238 0.213702 0.197019 0.211717 0.207475 0.201073
5593750 0.20555 0.201892 0.201602 0.0 0.0 0.0 0.208841 0.200959 0.197982 0.201851 0.202608 0.205664
5593750 0.214296 0.217225 0.191695 0.0 0.0 0.0 0.215515 0.213485 0.190167 0.212987 0.220914 0.193339
5593750 0.206952 0.215281 0.197095 0.0 0.0 0.0 0.2037 0.21621 0.197161 0.211238 0.213702 0.197019
5593750 0.213546 0.201872 0.199038 0.0 0.0 0.0 0.218107 0.202448 0.200067 0.208841 0.200959 0.197982
5593750 0.214455 0.212961 0.200091 0.0 0.0 0.0 0.218465 0.211683 0.203936 0.211238 0.213702 0.197019
5593750 0.215391 0.215406 0.196511 0.0 0.0 0.0 0.219147 0.216655 0.196058 0.211238 0.213702 0.197019
5593750 0.208809 0.20882 0.201153 0.0 0.0 0.0 0.211717 0.207475 0.201073 0.204904 0.210262 0.201259
5593750 0.206295 0.210357 0.205064 0.0 0.0 0.0 0.208213 0.210118 0.210324 0.204904 0.210262 0.201259
5593750 0.207394 0.215504 0.212503 0.0 0.0 0.0 0.208213 0.210118 0.210324 0.206737 0.219532 0.214242
5593750 0.214267 0.205632 0.200673 0.0 0.0 0.0 0.218107 0.202448 0.200067 0.211717 0.207475 0.201073
5593750 0.213418 0.211068 0.207085 0.0 0.0 0.0 0.208213 0.210118 0.210324 0.218465 0.211683 0.203936
5593750 0.212861 0.210562 0.213442 0.0 0.0 0.0 0.208213 0.210118 0.210324 0.217877 0.210717 0.216812
5593750 0.206162 0.20488 0.218871 0.0 0.0 0.0 0.202954 0.206002 0.217047 0.210719 0.202905 0.221467
5593750 0.207094 0.216349 0.217186 0.0 0.0 0.0 0.206737 0.219532 0.214242 0.207475 0.212625 0.22033
5593750 0.204348 0.217193 0.200302 0.0 0.0 0.0 0.205266 0.218221 0.20478 0.2037 0.21621 0.197161
5593750 0.216182 0.216582 0.202652 0.0 0.0 0.0 0.214409 0.220086 0.201664 0.218465 0.211683 0.203936
5593750 0.217536 0.201394 0.204732 0.0 0.0 0.0 0.218107 0.202448 0.200067 0.216722 0.199523 0.211322
