# ts x y z Fx Fy Fz x1 y1 z1 x2 y2 z2
2081250 0.182176 0.178559 0.198381 -19.1545 17.998 0.730208 0.186095 0.175202 0.197443 0.177616 0.182465 0.199471
2081250 0.18579 0.197091 0.187853 14.0854 4.18634 10.9936 0.182474 0.196031 0.18602 0.189331 0.198221 0.18981
2081250 0.183385 0.194411 0.197131 -18.3429 10.0258 2.75749 0.187166 0.192332 0.195844 0.180613 0.195934 0.198074
2081250 0.188963 0.200677 0.198091 -9.38508 3.82279 -2.04291 0.192898 0.198526 0.199546 0.184778 0.202964 0.196544
2081250 0.183572 0.193206 0.208165 11.1795 7.95686 8.43492 0.180477 0.191298 0.205099 0.186192 0.194822 0.210762
2081250 0.194407 0.183119 0.181383 16.2464 15.2028 3.17372 0.191318 0.180409 0.181439 0.196915 0.185321 0.181337
2081250 0.198059 0.187834 0.183212 -10.4958 -14.8641 -11.7134 0.199416 0.19082 0.185439 0.196915 0.185321 0.181337
2081250 0.199824 0.184691 0.182853 -3.15567 0.679706 -1.04235 0.202885 0.184028 0.184447 0.196915 0.185321 0.181337
2081250 0.194067 0.179659 0.190199 -2.08916 -2.7237 1.93578 0.195633 0.182701 0.188097 0.192706 0.177015 0.192026
2081250 0.185901 0.180447 0.191101 1.11628 26.5424 13.3259 0.185776 0.177715 0.189134 0.18606 0.183916 0.193599
2081250 0.192896 0.185504 0.187215 -9.12341 7.23169 -3.88708 0.195633 0.182701 0.188097 0.189165 0.189325 0.186014
2081250 0.197949 0.183868 0.191162 3.77466 1.23336 3.69055 0.195633 0.182701 0.188097 0.200829 0.18532 0.194975
2081250 0.188232 0.181199 0.214193 15.6221 9.42155 10.8085 0.185342 0.178667 0.212116 0.191755 0.184286 0.216726
2081250 0.196546 0.183554 0.214514 -7.78815 0.865918 2.20512 0.200727 0.182916 0.212582 0.191755 0.184286 0.216726
2081250 0.197644 0.191815 0.188844 -9.59871 3.0121 13.3124 0.199416 0.19082 0.185439 0.195626 0.192947 0.192722
2081250 0.192365 0.195679 0.191213 -20.4738 19.6259 -5.62347 0.195626 0.192947 0.192722 0.189331 0.198221 0.18981
2081250 0.196556 0.196059 0.189584 -4.71121 -12.6668 9.59997 0.197554 0.199396 0.18622 0.195626 0.192947 0.192722
2081250 0.194292 0.195677 0.19606 4.32376 -18.4619 -23.6692 0.192898 0.198526 0.199546 0.195626 0.192947 0.192722
2081250 0.195077 0.19611 0.202959 2.48871 -3.07812 5.70586 0.192898 0.198526 0.199546 0.196647 0.194367 0.20542
2081250 0.192653 0.199471 0.204158 -0.554033 0.790192 17.7188 0.192898 0.198526 0.199546 0.192415 0.20039 0.208647
2081250 0.196238 0.201076 0.197404 1.39277 0.78635 -0.628809 0.192898 0.198526 0.199546 0.200006 0.203952 0.194989
2081250 0.198097 0.189325 0.193792 -32.82 34.868 -14.1762 0.200829 0.18532 0.194975 0.195626 0.192947 0.192722
2081250 0.20236 0.192629 0.183491 10.8562 4.66382 -8.33243 0.199416 0.19082 0.185439 0.207395 0.195722 0.180159
2081250 0.202909 0.189981 0.187122 7.43668 -0.487907 3.20519 0.199416 0.19082 0.185439 0.206587 0.189097 0.188895
2081250 0.199033 0.202731 0.183036 5.68668 10.7701 -14.4014 0.197554 0.199396 0.18622 0.200491 0.206019 0.179897
2081250 0.189101 0.197425 0.209773 25.9065 16.5695 -6.94416 0.186192 0.194822 0.210762 0.192415 0.20039 0.208647
2081250 0.199562 0.190316 0.216506 -2.13629 -2.32475 7.70473 0.200608 0.192354 0.212302 0.198793 0.188816 0.2196
2081250 0.204576 0.186344 0.186479 1.30469 2.80005 2.23743 0.202885 0.184028 0.184447 0.206587 0.189097 0.188895
2081250 0.200702 0.180892 0.19267 -0.454409 -4.31656 -3.12793 0.200829 0.18532 0.194975 0.200615 0.177846 0.191085
2081250 0.210122 0.183758 0.192364 6.76458 7.34639 6.93272 0.207592 0.180931 0.190538 0.212579 0.186505 0.194138
2081250 0.212872 0.184237 0.197527 -4.95619 11.3 -19.7403 0.213153 0.182058 0.200782 0.212579 0.186505 0.194138
2081250 0.202006 0.182583 0.198981 1.15788 -8.30052 11.5104 0.200829 0.18532 0.194975 0.202911 0.180479 0.20206
2081250 0.204247 0.186349 0.198465 12.0436 1.35831 9.97864 0.200829 0.18532 0.194975 0.207036 0.187188 0.201312
2081250 0.211143 0.190328 0.19392 1.65292 -8.13812 0.497657 0.210065 0.193201 0.193756 0.212579 0.186505 0.194138
2081250 0.214172 0.189016 0.191332 -10.5328 -10.6988 15.6599 0.216066 0.192001 0.187998 0.212579 0.186505 0.194138
2081250 0.205804 0.180245 0.204572 -4.22943 0.99428 -3.02289 0.208885 0.179995 0.207249 0.202911 0.180479 0.20206
2081250 0.214533 0.17934 0.203257 4.63788 -16.8872 13.7068 0.213153 0.182058 0.200782 0.215784 0.176876 0.205501
2081250 0.206701 0.186988 0.205366 1.27309 -0.00958088 -5.37358 0.20643 0.186825 0.208654 0.207036 0.187188 0.201312
2081250 0.20087 0.178769 0.210483 0.254397 -4.5627 -3.30361 0.200727 0.182916 0.212582 0.201027 0.174195 0.208168
2081250 0.208029 0.185223 0.211058 7.95205 -5.1544 9.00897 0.20643 0.186825 0.208654 0.209485 0.183765 0.213247
2081250 0.204061 0.185201 0.210286 -7.73596 -4.46193 6.95459 0.20643 0.186825 0.208654 0.200727 0.182916 0.212582
2081250 0.210609 0.189138 0.201423 -18.289 -12.9943 -3.01137 0.215332 0.191715 0.201569 0.207036 0.187188 0.201312
2081250 0.206987 0.189995 0.207918 6.65198 19.4727 -3.71934 0.20643 0.186825 0.208654 0.207706 0.19408 0.206969
2081250 0.212259 0.183658 0.214403 3.29121 0.143719 1.95391 0.209485 0.183765 0.213247 0.215972 0.183515 0.21595
2081250 0.205129 0.196636 0.198639 -7.649 -4.65801 1.51961 0.208683 0.199675 0.197894 0.20173 0.19373 0.199351
2081250 0.208591 0.191461 0.191695 -6.41579 -4.91141 -7.51266 0.210065 0.193201 0.193756 0.206587 0.189097 0.188895
2081250 0.212584 0.194903 0.194204 4.23477 3.89161 0.516739 0.210065 0.193201 0.193756 0.215119 0.196615 0.194656
2081250 0.209521 0.195749 0.195385 -4.31714 10.3073 6.84736 0.210065 0.193201 0.193756 0.208683 0.199675 0.197894
2081250 0.218018 0.195558 0.194858 -11.0562 2.83466 -2.19978 0.221876 0.194151 0.195128 0.215119 0.196615 0.194656
2081250 0.204365 0.193267 0.209479 6.40231 2.50171 -3.92199 0.200608 0.192354 0.212302 0.207706 0.19408 0.206969
2081250 0.211073 0.193035 0.204585 -19.6467 3.26087 17.1447 0.215332 0.191715 0.201569 0.207706 0.19408 0.206969
2081250 0.217224 0.187827 0.204777 -5.91967 11.4239 -13.1393 0.218918 0.184347 0.207649 0.215332 0.191715 0.201569
2081250 0.207066 0.193011 0.218577 22.3867 -13.0773 -14.5112 0.203925 0.195142 0.220023 0.210747 0.190513 0.216883
2081250 0.182579 0.183318 0.19602 -0.285952 -0.0435756 0.274295 0.18606 0.183916 0.193599 0.177616 0.182465 0.199471
2081250 0.211365 0.178994 0.183974 -0.431455 5.52668 -2.47312 0.211192 0.174352 0.185427 0.211557 0.18415 0.182361
2081250 0.206301 0.184076 0.183625 -2.37073 0.207525 0.900637 0.211557 0.18415 0.182361 0.202885 0.184028 0.184447
2081250 0.203749 0.179231 0.190839 -2.2034 -0.853814 0.537058 0.207592 0.180931 0.190538 0.200615 0.177846 0.191085
2081250 0.194957 0.178601 0.182066 -8.5069 3.58041 -2.8484 0.19941 0.176389 0.182832 0.191318 0.180409 0.181439
2081250 0.206997 0.196614 0.210314 2.55402 -4.42064 -7.25117 0.20634 0.198961 0.213412 0.207706 0.19408 0.206969
2081250 0.205151 0.197081 0.216667 0.553306 0.489518 -1.16109 0.203925 0.195142 0.220023 0.20634 0.198961 0.213412
2081250 0.203732 0.183539 0.216078 0.358724 0.0618139 0.302612 0.200727 0.182916 0.212582 0.205962 0.184002 0.218673
2081250 0.202402 0.193862 0.216478 0.276174 0.445636 1.08983 0.200608 0.192354 0.212302 0.203925 0.195142 0.220023
2081250 0.194546 0.192114 0.206857 9.95349 7.78876 -4.88742 0.191946 0.189327 0.208635 0.196647 0.194367 0.20542
2081250 0.189007 0.192134 0.209722 -5.79224 7.63866 2.98884 0.191946 0.189327 0.208635 0.186192 0.194822 0.210762
2081250 0.208754 0.18694 0.186046 -1.51846 2.28099 2.29926 0.211557 0.18415 0.182361 0.206587 0.189097 0.188895
2081250 0.191862 0.187102 0.212206 0.661409 -3.03745 6.34568 0.191946 0.189327 0.208635 0.191755 0.184286 0.216726
2081250 0.199158 0.180881 0.196527 -11.4663 -22.459 5.11726 0.200829 0.18532 0.194975 0.198076 0.178007 0.197531
2081250 0.1956 0.181321 0.218922 -0.361252 0.18966 -0.179755 0.199123 0.178605 0.220934 0.191755 0.184286 0.216726
2081250 0.215197 0.194827 0.197178 -0.936874 3.03101 -5.2651 0.215332 0.191715 0.201569 0.215119 0.196615 0.194656
2081250 0.207742 0.179747 0.194577 0.104724 -0.487633 3.83581 0.207592 0.180931 0.190538 0.207851 0.178887 0.197513
2081250 0.211062 0.181047 0.203951 -4.51981 -2.35917 5.05235 0.213153 0.182058 0.200782 0.208885 0.179995 0.207249
2081250 0.181799 0.199986 0.193824 3.4222 2.39487 2.38832 0.179993 0.198181 0.192174 0.184778 0.202964 0.196544
2081250 0.198674 0.193338 0.196032 1.58327 0.582461 2.04015 0.195626 0.192947 0.192722 0.20173 0.19373 0.199351
2081250 0.219041 0.193095 0.197919 -6.78498 -3.39303 9.28655 0.221876 0.194151 0.195128 0.215332 0.191715 0.201569
2081250 0.216686 0.182698 0.199185 -5.26893 -0.549028 3.33978 0.22245 0.183743 0.19658 0.213153 0.182058 0.200782
2081250 0.202796 0.195044 0.19515 -0.564893 -0.349978 1.32796 0.203715 0.196176 0.19153 0.20173 0.19373 0.199351
2081250 0.205102 0.192757 0.190257 0.573917 -1.31667 -0.764362 0.203715 0.196176 0.19153 0.206587 0.189097 0.188895
2081250 0.204571 0.199576 0.189816 0.350516 1.18297 -0.860846 0.203715 0.196176 0.19153 0.205291 0.202434 0.188376
2081250 0.183206 0.1844 0.200981 1.36831 0.372664 0.59136 0.177616 0.182465 0.199471 0.187342 0.185832 0.202097
2081250 0.189952 0.178667 0.198247 0.00841633 0.00541159 0.00152325 0.186095 0.175202 0.197443 0.19235 0.180822 0.198747
2081250 0.19035 0.183323 0.204344 -3.26415 2.16269 -2.97928 0.193569 0.18064 0.206747 0.187342 0.185832 0.202097
2081250 0.187254 0.189086 0.198967 -0.403095 -2.6651 3.18659 0.187166 0.192332 0.195844 0.187342 0.185832 0.202097
2081250 0.195226 0.179408 0.198136 -0.0 0.0 -0.0 0.19235 0.180822 0.198747 0.198076 0.178007 0.197531
2081250 0.194708 0.178526 0.210941 -1.15245 1.08016 -2.89817 0.195481 0.177092 0.213788 0.193569 0.18064 0.206747
2081250 0.213206 0.193845 0.214533 10.16 9.51252 -7.96782 0.210747 0.190513 0.216883 0.216558 0.198389 0.211329
2081250 0.186477 0.201075 0.188643 -8.4543 10.9694 -5.58508 0.189331 0.198221 0.18981 0.18365 0.203902 0.187488
2081250 0.194385 0.202748 0.201015 12.1845 34.566 18.885 0.192898 0.198526 0.199546 0.195349 0.205485 0.201968
2081250 0.210173 0.180276 0.198945 4.00996 1.51688 2.16284 0.207851 0.178887 0.197513 0.213153 0.182058 0.200782
2081250 0.188286 0.195379 0.192722 5.06433 10.757 -8.52811 0.187166 0.192332 0.195844 0.189331 0.198221 0.18981
2081250 0.201456 0.180887 0.183783 2.00109 3.02507 0.840663 0.19941 0.176389 0.182832 0.202885 0.184028 0.184447
2081250 0.196722 0.184163 0.205761 -14.988 -12.7135 5.90776 0.199506 0.187274 0.20489 0.193569 0.18064 0.206747
2081250 0.200025 0.189667 0.208382 -2.10606 -4.68944 -9.49299 0.200608 0.192354 0.212302 0.199506 0.187274 0.20489
2081250 0.200585 0.190406 0.202203 1.11878 7.10689 -5.00042 0.199506 0.187274 0.20489 0.20173 0.19373 0.199351
2081250 0.189967 0.185284 0.194696 -0.00427184 -0.000793814 -0.000899971 0.192801 0.186276 0.195491 0.18606 0.183916 0.193599
2081250 0.193286 0.18812 0.197943 0.000527563 0.00121377 0.00227589 0.192801 0.186276 0.195491 0.193817 0.190136 0.200625
2081250 0.197721 0.198622 0.18144 -3.27785e-05 0.000465816 0.00141117 0.197834 0.198102 0.178231 0.197554 0.199396 0.18622
2081250 0.211825 0.189559 0.212342 -0.132799 0.116484 0.351519 0.212547 0.188919 0.2093 0.210747 0.190513 0.216883
2081250 0.186599 0.188017 0.194693 -7.09029 -36.9722 -16.2382 0.187166 0.192332 0.195844 0.18606 0.183916 0.193599
2081250 0.195879 0.18591 0.195293 0.00440531 -7.77949e-05 0.000259125 0.192801 0.186276 0.195491 0.200829 0.18532 0.194975
2081250 0.185018 0.182976 0.211465 0.000738574 0.00943292 -0.000988126 0.185342 0.178667 0.212116 0.184737 0.186704 0.210901
2081250 0.191038 0.188288 0.201257 0.00357362 0.00171396 -0.00109347 0.187342 0.185832 0.202097 0.193817 0.190136 0.200625
2081250 0.187784 0.190233 0.203009 -0.000282607 0.00472489 0.000863894 0.187342 0.185832 0.202097 0.188107 0.193444 0.203674
2081250 0.196339 0.188867 0.202516 -0.00502523 0.00162161 -0.00435692 0.199506 0.187274 0.20489 0.193817 0.190136 0.200625
2081250 0.189793 0.191636 0.205853 -0.00188605 0.00154451 -0.00277409 0.191946 0.189327 0.208635 0.188107 0.193444 0.203674
2081250 0.196827 0.197311 0.218442 2.2622 5.51447 -6.70937 0.196463 0.195237 0.22124 0.197216 0.199533 0.215444
2081250 0.198707 0.196378 0.214063 -3.94061 10.9546 6.50755 0.200608 0.192354 0.212302 0.197216 0.199533 0.215444
2081250 0.207088 0.18503 0.189713 -1.1866 7.2692 -0.319162 0.207592 0.180931 0.190538 0.206587 0.189097 0.188895
2081250 0.215085 0.187098 0.208642 -0.92719 0.50905 0.34512 0.218918 0.184347 0.207649 0.212547 0.188919 0.2093
2081250 0.19238 0.18952 0.215947 0.00173551 0.0065241 -0.00153493 0.191755 0.184286 0.216726 0.192798 0.193028 0.215425
2081250 0.192705 0.191309 0.189689 0.76545 0.254099 0.861447 0.189165 0.189325 0.186014 0.195626 0.192947 0.192722
2081250 0.200966 0.197613 0.189161 0.873895 -0.287825 0.585909 0.197554 0.199396 0.18622 0.203715 0.196176 0.19153
2081250 0.210363 0.203701 0.199741 0.396452 0.625725 0.292609 0.208683 0.199675 0.197894 0.211436 0.206273 0.200921
2081250 0.192581 0.183616 0.197079 -0.000288972 -0.0020823 0.00173041 0.192801 0.186276 0.195491 0.19235 0.180822 0.198747
2081250 0.189259 0.194358 0.188161 -0.0266053 14.9677 9.40122 0.189165 0.189325 0.186014 0.189331 0.198221 0.18981
2081250 0.193846 0.201701 0.184122 -4.8411 3.51493 -4.04081 0.197554 0.199396 0.18622 0.191067 0.203428 0.182549
2081250 0.209442 0.180944 0.214288 -1.00364 -14.163 7.83033 0.209485 0.183765 0.213247 0.209347 0.174689 0.216597
2081250 0.21497 0.196735 0.188145 -4.93386 13.414 -0.967136 0.216066 0.192001 0.187998 0.21379 0.201835 0.188303
2081250 0.189967 0.195359 0.197653 22.4082 18.7003 9.34846 0.187166 0.192332 0.195844 0.192898 0.198526 0.199546
2081250 0.182267 0.198726 0.197466 13.0576 18.0853 -1.21158 0.180613 0.195934 0.198074 0.184778 0.202964 0.196544
2081250 0.197309 0.179899 0.18576 3.62802 -7.49949 -7.98927 0.195633 0.182701 0.188097 0.19941 0.176389 0.182832
2081250 0.192842 0.180748 0.201971 -0.0 0.0 0.0 0.19235 0.180822 0.198747 0.193569 0.18064 0.206747
2081250 0.197915 0.191221 0.205185 -2.31918 5.44177 1.36359 0.199506 0.187274 0.20489 0.196647 0.194367 0.20542
2081250 0.198578 0.194681 0.185791 2.15328 -5.75837 -0.978865 0.197554 0.199396 0.18622 0.199416 0.19082 0.185439
2081250 0.204498 0.182939 0.192568 -12.8562 8.69131 12.0685 0.207592 0.180931 0.190538 0.200829 0.18532 0.194975
2081250 0.21015 0.184577 0.201042 -4.89089 3.00296 0.038561 0.213153 0.182058 0.200782 0.207036 0.187188 0.201312
2081250 0.18331 0.191261 0.193774 -0.635468 -0.0784855 -0.411435 0.187166 0.192332 0.195844 0.179193 0.190119 0.191565
2081250 0.203357 0.18723 0.20306 10.5373 0.5689 -3.23001 0.199506 0.187274 0.20489 0.207036 0.187188 0.201312
2081250 0.217116 0.18005 0.206414 -3.02336 -7.21138 -0.789151 0.218918 0.184347 0.207649 0.215784 0.176876 0.205501
2081250 0.212577 0.197824 0.195935 3.70472 -1.5571 -2.6329 0.208683 0.199675 0.197894 0.215119 0.196615 0.194656
2081250 0.204912 0.183734 0.201697 -4.36067 -5.17516 1.03778 0.207036 0.187188 0.201312 0.202911 0.180479 0.20206
2081250 0.218581 0.188076 0.199292 -9.44002 11.3197 9.92632 0.22245 0.183743 0.19658 0.215332 0.191715 0.201569
2081250 0.183999 0.188494 0.203559 1.08826 -0.639251 -0.561278 0.180477 0.191298 0.205099 0.187342 0.185832 0.202097
2081250 0.195991 0.187013 0.218456 8.48235 3.64878 2.9585 0.191755 0.184286 0.216726 0.198793 0.188816 0.2196
2081250 0.205659 0.179594 0.19953 -1.07762 0.108561 0.986321 0.207851 0.178887 0.197513 0.202911 0.180479 0.20206
2081250 0.192702 0.185283 0.207757 3.52609 -12.2141 -1.06432 0.191946 0.189327 0.208635 0.193569 0.18064 0.206747
2081250 0.184985 0.192566 0.204257 0.0 0.0 0.0 0.180477 0.191298 0.205099 0.188107 0.193444 0.203674
2081250 0.209974 0.186377 0.214654 0.0443133 8.13865 4.28246 0.209485 0.183765 0.213247 0.210747 0.190513 0.216883
2081250 0.207527 0.183773 0.208026 2.83951 -5.11812 -1.091 0.20643 0.186825 0.208654 0.208885 0.179995 0.207249
2081250 0.207117 0.180826 0.217965 0.0195172 -0.10292 -0.0241056 0.205962 0.184002 0.218673 0.209347 0.174689 0.216597
2081250 0.197651 0.179501 0.213289 2.52528 2.51381 -0.0124334 0.195481 0.177092 0.213788 0.200727 0.182916 0.212582
2081250 0.186076 0.180001 0.195326 -0.0761549 -14.4201 9.3217 0.18606 0.183916 0.193599 0.186095 0.175202 0.197443
2081250 0.200287 0.179137 0.199601 -1.03685 -0.5436 -1.34231 0.202911 0.180479 0.20206 0.198076 0.178007 0.197531
2081250 0.201302 0.189731 0.19727 -0.144464 2.08288 1.02345 0.200829 0.18532 0.194975 0.20173 0.19373 0.199351
2081250 0.182851 0.188738 0.208332 0.0019275 -0.0013364 0.00225452 0.180477 0.191298 0.205099 0.184737 0.186704 0.210901
2081250 0.192407 0.191329 0.212309 0.0 0.0 0.0 0.191946 0.189327 0.208635 0.192798 0.193028 0.215425
2081250 0.211004 0.199172 0.184755 2.19734 2.15841 2.04364 0.207395 0.195722 0.180159 0.21379 0.201835 0.188303
2081250 0.210473 0.19113 0.208301 -0.633605 0.79138 -0.50155 0.212547 0.188919 0.2093 0.207706 0.19408 0.206969
2081250 0.182451 0.182513 0.191313 0.0 0.0 0.0 0.18606 0.183916 0.193599 0.178556 0.181115 0.188845
2081250 0.180558 0.193979 0.200953 0.0 0.0 0.0 0.180477 0.191298 0.205099 0.180613 0.195934 0.198074
2081250 0.182827 0.186782 0.192642 0.0 0.0 0.0 0.18606 0.183916 0.193599 0.179193 0.190119 0.191565
2081250 0.183857 0.189692 0.18897 0.0 0.0 0.0 0.189165 0.189325 0.186014 0.179193 0.190119 0.191565
2081250 0.18765 0.185643 0.213318 0.0 0.0 0.0 0.191755 0.184286 0.216726 0.184737 0.186704 0.210901
2081250 0.185924 0.186249 0.206889 0.0 0.0 0.0 0.187342 0.185832 0.202097 0.184737 0.186704 0.210901
2081250 0.188149 0.187888 0.209828 0.0 0.0 0.0 0.191946 0.189327 0.208635 0.184737 0.186704 0.210901
2081250 0.185442 0.190576 0.210833 0.0 0.0 0.0 0.186192 0.194822 0.210762 0.184737 0.186704 0.210901
2081250 0.186036 0.19731 0.196176 0.0 0.0 0.0 0.187166 0.192332 0.195844 0.184778 0.202964 0.196544
2081250 0.187254 0.20033 0.192881 0.0 0.0 0.0 0.189331 0.198221 0.18981 0.184778 0.202964 0.196544
2081250 0.193501 0.181512 0.184808 0.0 0.0 0.0 0.195633 0.182701 0.188097 0.191318 0.180409 0.181439
2081250 0.197911 0.181702 0.181935 0.0 0.0 0.0 0.19941 0.176389 0.182832 0.196915 0.185321 0.181337
2081250 0.190395 0.184178 0.183403 0.0 0.0 0.0 0.189165 0.189325 0.186014 0.191318 0.180409 0.181439
2081250 0.192523 0.178927 0.195501 0.0 0.0 0.0 0.192706 0.177015 0.192026 0.19235 0.180822 0.198747
2081250 0.189631 0.182105 0.196521 0.0 0.0 0.0 0.18606 0.183916 0.193599 0.19235 0.180822 0.198747
2081250 0.196332 0.184076 0.184407 0.0 0.0 0.0 0.195633 0.182701 0.188097 0.196915 0.185321 0.181337
2081250 0.197535 0.18673 0.18676 0.0 0.0 0.0 0.195633 0.182701 0.188097 0.199416 0.19082 0.185439
2081250 0.187424 0.186235 0.190272 0.0 0.0 0.0 0.18606 0.183916 0.193599 0.189165 0.189325 0.186014
2081250 0.186685 0.184793 0.197735 0.0 0.0 0.0 0.18606 0.183916 0.193599 0.187342 0.185832 0.202097
2081250 0.190251 0.182868 0.200152 0.0 0.0 0.0 0.19235 0.180822 0.198747 0.187342 0.185832 0.202097
2081250 0.199499 0.183353 0.186151 0.0 0.0 0.0 0.195633 0.182701 0.188097 0.202885 0.184028 0.184447
2081250 0.198317 0.180028 0.189709 0.0 0.0 0.0 0.195633 0.182701 0.188097 0.200615 0.177846 0.191085
2081250 0.18925 0.179546 0.209566 0.0 0.0 0.0 0.185342 0.178667 0.212116 0.193569 0.18064 0.206747
2081250 0.194061 0.179776 0.214907 0.0 0.0 0.0 0.195481 0.177092 0.213788 0.191755 0.184286 0.216726
2081250 0.192707 0.182317 0.211492 0.0 0.0 0.0 0.191755 0.184286 0.216726 0.193569 0.18064 0.206747
2081250 0.197217 0.181743 0.209719 0.0 0.0 0.0 0.200727 0.182916 0.212582 0.193569 0.18064 0.206747
2081250 0.199944 0.180755 0.216655 0.0 0.0 0.0 0.199123 0.178605 0.220934 0.200727 0.182916 0.212582
2081250 0.203127 0.181709 0.219609 0.0 0.0 0.0 0.199123 0.178605 0.220934 0.205962 0.184002 0.218673
2081250 0.193978 0.186783 0.18311 0.0 0.0 0.0 0.189165 0.189325 0.186014 0.196915 0.185321 0.181337
2081250 0.198196 0.190997 0.181417 0.0 0.0 0.0 0.199416 0.19082 0.185439 0.197094 0.191261 0.177785
2081250 0.190502 0.188694 0.195638 0.0 0.0 0.0 0.192801 0.186276 0.195491 0.187166 0.192332 0.195844
2081250 0.193952 0.188941 0.194366 0.0 0.0 0.0 0.192801 0.186276 0.195491 0.195626 0.192947 0.192722
2081250 0.195109 0.190137 0.185681 0.0 0.0 0.0 0.199416 0.19082 0.185439 0.189165 0.189325 0.186014
2081250 0.188069 0.190919 0.191407 0.0 0.0 0.0 0.187166 0.192332 0.195844 0.189165 0.189325 0.186014
2081250 0.191392 0.192584 0.194285 0.0 0.0 0.0 0.187166 0.192332 0.195844 0.195626 0.192947 0.192722
2081250 0.191011 0.198311 0.194398 0.0 0.0 0.0 0.192898 0.198526 0.199546 0.189331 0.198221 0.18981
2081250 0.19315 0.198713 0.188143 0.0 0.0 0.0 0.197554 0.199396 0.18622 0.189331 0.198221 0.18981
2081250 0.190576 0.186042 0.198186 0.0 0.0 0.0 0.192801 0.186276 0.195491 0.187342 0.185832 0.202097
2081250 0.190958 0.191028 0.198573 0.0 0.0 0.0 0.187166 0.192332 0.195844 0.193817 0.190136 0.200625
2081250 0.187711 0.192919 0.200367 0.0 0.0 0.0 0.187166 0.192332 0.195844 0.188107 0.193444 0.203674
2081250 0.194593 0.191291 0.197236 0.0 0.0 0.0 0.195626 0.192947 0.192722 0.193817 0.190136 0.200625
2081250 0.193431 0.193598 0.200176 0.0 0.0 0.0 0.192898 0.198526 0.199546 0.193817 0.190136 0.200625
2081250 0.190078 0.19548 0.201976 0.0 0.0 0.0 0.192898 0.198526 0.199546 0.188107 0.193444 0.203674
2081250 0.190262 0.20096 0.185916 0.0 0.0 0.0 0.189331 0.198221 0.18981 0.191067 0.203428 0.182549
2081250 0.194478 0.203076 0.188187 0.0 0.0 0.0 0.197554 0.199396 0.18622 0.191634 0.206585 0.190005
2081250 0.198721 0.201514 0.190399 0.0 0.0 0.0 0.197554 0.199396 0.18622 0.200006 0.203952 0.194989
2081250 0.201255 0.187163 0.184914 0.0 0.0 0.0 0.199416 0.19082 0.185439 0.202885 0.184028 0.184447
2081250 0.201126 0.188764 0.181635 0.0 0.0 0.0 0.199416 0.19082 0.185439 0.202483 0.187231 0.178617
2081250 0.201652 0.197812 0.183695 0.0 0.0 0.0 0.197554 0.199396 0.18622 0.207395 0.195722 0.180159
2081250 0.201583 0.193465 0.18851 0.0 0.0 0.0 0.203715 0.196176 0.19153 0.199416 0.19082 0.185439
2081250 0.199965 0.194625 0.192083 0.0 0.0 0.0 0.203715 0.196176 0.19153 0.195626 0.192947 0.192722
2081250 0.197404 0.196025 0.199447 0.0 0.0 0.0 0.192898 0.198526 0.199546 0.20173 0.19373 0.199351
2081250 0.202167 0.201153 0.187506 0.0 0.0 0.0 0.197554 0.199396 0.18622 0.205291 0.202434 0.188376
2081250 0.19706 0.199836 0.202352 0.0 0.0 0.0 0.192898 0.198526 0.199546 0.201752 0.201426 0.205516
2081250 0.189726 0.187585 0.205481 0.0 0.0 0.0 0.191946 0.189327 0.208635 0.187342 0.185832 0.202097
2081250 0.1957 0.188252 0.206776 0.0 0.0 0.0 0.191946 0.189327 0.208635 0.199506 0.187274 0.20489
2081250 0.190919 0.191763 0.202175 0.0 0.0 0.0 0.188107 0.193444 0.203674 0.193817 0.190136 0.200625
2081250 0.192981 0.189722 0.204205 0.0 0.0 0.0 0.191946 0.189327 0.208635 0.193817 0.190136 0.200625
2081250 0.19523 0.192198 0.203023 0.0 0.0 0.0 0.196647 0.194367 0.20542 0.193817 0.190136 0.200625
2081250 0.187247 0.194008 0.206862 0.0 0.0 0.0 0.186192 0.194822 0.210762 0.188107 0.193444 0.203674
2081250 0.189695 0.193814 0.213234 0.0 0.0 0.0 0.186192 0.194822 0.210762 0.192798 0.193028 0.215425
2081250 0.194951 0.196144 0.215434 0.0 0.0 0.0 0.192798 0.193028 0.215425 0.197216 0.199533 0.215444
2081250 0.194649 0.194087 0.21836 0.0 0.0 0.0 0.196463 0.195237 0.22124 0.192798 0.193028 0.215425
2081250 0.195814 0.190852 0.217526 0.0 0.0 0.0 0.192798 0.193028 0.215425 0.198793 0.188816 0.2196
2081250 0.186256 0.196986 0.214283 0.0 0.0 0.0 0.186192 0.194822 0.210762 0.186345 0.200263 0.219395
2081250 0.190352 0.195714 0.21693 0.0 0.0 0.0 0.192798 0.193028 0.215425 0.186345 0.200263 0.219395
2081250 0.201297 0.183642 0.203401 0.0 0.0 0.0 0.199506 0.187274 0.20489 0.202911 0.180479 0.20206
2081250 0.200089 0.185133 0.20857 0.0 0.0 0.0 0.200727 0.182916 0.212582 0.199506 0.187274 0.20489
2081250 0.200114 0.186319 0.200323 0.0 0.0 0.0 0.200829 0.18532 0.194975 0.199506 0.187274 0.20489
2081250 0.197208 0.191624 0.200082 0.0 0.0 0.0 0.20173 0.19373 0.199351 0.193817 0.190136 0.200625
2081250 0.198827 0.194039 0.202817 0.0 0.0 0.0 0.20173 0.19373 0.199351 0.196647 0.194367 0.20542
2081250 0.203407 0.186966 0.207012 0.0 0.0 0.0 0.20643 0.186825 0.208654 0.199506 0.187274 0.20489
2081250 0.195997 0.190688 0.21035 0.0 0.0 0.0 0.191946 0.189327 0.208635 0.200608 0.192354 0.212302
2081250 0.19829 0.193477 0.208278 0.0 0.0 0.0 0.200608 0.192354 0.212302 0.196647 0.194367 0.20542
2081250 0.196133 0.192684 0.214091 0.0 0.0 0.0 0.200608 0.192354 0.212302 0.192798 0.193028 0.215425
2081250 0.200437 0.197371 0.217642 0.0 0.0 0.0 0.203925 0.195142 0.220023 0.197216 0.199533 0.215444
2081250 0.199626 0.186217 0.216574 0.0 0.0 0.0 0.200727 0.182916 0.212582 0.198793 0.188816 0.2196
2081250 0.201176 0.191699 0.219796 0.0 0.0 0.0 0.203925 0.195142 0.220023 0.198793 0.188816 0.2196
2081250 0.202144 0.199413 0.192993 0.0 0.0 0.0 0.203715 0.196176 0.19153 0.200006 0.203952 0.194989
2081250 0.204595 0.201637 0.196525 0.0 0.0 0.0 0.208683 0.199675 0.197894 0.200006 0.203952 0.194989
2081250 0.209327 0.182285 0.186958 0.0 0.0 0.0 0.207592 0.180931 0.190538 0.211557 0.18415 0.182361
2081250 0.205025 0.182563 0.187219 0.0 0.0 0.0 0.207592 0.180931 0.190538 0.202885 0.184028 0.184447
2081250 0.202672 0.185664 0.181372 0.0 0.0 0.0 0.202885 0.184028 0.184447 0.202483 0.187231 0.178617
2081250 0.21398 0.178538 0.199063 0.0 0.0 0.0 0.213153 0.182058 0.200782 0.215403 0.172651 0.196112
2081250 0.20923 0.182112 0.210705 0.0 0.0 0.0 0.209485 0.183765 0.213247 0.208885 0.179995 0.207249
2081250 0.205067 0.181306 0.209744 0.0 0.0 0.0 0.200727 0.182916 0.212582 0.208885 0.179995 0.207249
2081250 0.206045 0.183375 0.212985 0.0 0.0 0.0 0.209485 0.183765 0.213247 0.200727 0.182916 0.212582
2081250 0.207843 0.183819 0.215773 0.0 0.0 0.0 0.209485 0.183765 0.213247 0.205962 0.184002 0.218673
2081250 0.204268 0.179479 0.21423 0.0 0.0 0.0 0.200727 0.182916 0.212582 0.209347 0.174689 0.216597
2081250 0.214071 0.186076 0.201114 0.0 0.0 0.0 0.213153 0.182058 0.200782 0.215332 0.191715 0.201569
2081250 0.207957 0.183544 0.204275 0.0 0.0 0.0 0.208885 0.179995 0.207249 0.207036 0.187188 0.201312
2081250 0.21097 0.18621 0.211331 0.0 0.0 0.0 0.209485 0.183765 0.213247 0.212547 0.188919 0.2093
2081250 0.200667 0.18751 0.212443 0.0 0.0 0.0 0.200608 0.192354 0.212302 0.200727 0.182916 0.212582
2081250 0.21574 0.18303 0.203865 0.0 0.0 0.0 0.218918 0.184347 0.207649 0.213153 0.182058 0.200782
2081250 0.207972 0.186682 0.21792 0.0 0.0 0.0 0.205962 0.184002 0.218673 0.210747 0.190513 0.216883
2081250 0.206894 0.191567 0.185566 0.0 0.0 0.0 0.207395 0.195722 0.180159 0.206587 0.189097 0.188895
2081250 0.205058 0.195956 0.187378 0.0 0.0 0.0 0.203715 0.196176 0.19153 0.207395 0.195722 0.180159
2081250 0.212445 0.193501 0.184726 0.0 0.0 0.0 0.216066 0.192001 0.187998 0.207395 0.195722 0.180159
2081250 0.209614 0.187731 0.191545 0.0 0.0 0.0 0.212579 0.186505 0.194138 0.206587 0.189097 0.188895
2081250 0.203963 0.187321 0.191666 0.0 0.0 0.0 0.200829 0.18532 0.194975 0.206587 0.189097 0.188895
2081250 0.207266 0.194457 0.192775 0.0 0.0 0.0 0.210065 0.193201 0.193756 0.203715 0.196176 0.19153
2081250 0.205959 0.197702 0.194405 0.0 0.0 0.0 0.203715 0.196176 0.19153 0.208683 0.199675 0.197894
2081250 0.2098 0.186792 0.197733 0.0 0.0 0.0 0.212579 0.186505 0.194138 0.207036 0.187188 0.201312
2081250 0.213766 0.188699 0.197347 0.0 0.0 0.0 0.212579 0.186505 0.194138 0.215332 0.191715 0.201569
2081250 0.204523 0.190231 0.200384 0.0 0.0 0.0 0.20173 0.19373 0.199351 0.207036 0.187188 0.201312
2081250 0.20481 0.193855 0.203277 0.0 0.0 0.0 0.20173 0.19373 0.199351 0.207706 0.19408 0.206969
2081250 0.211978 0.192606 0.196596 0.0 0.0 0.0 0.210065 0.193201 0.193756 0.215332 0.191715 0.201569
2081250 0.211793 0.195896 0.199614 0.0 0.0 0.0 0.208683 0.199675 0.197894 0.215332 0.191715 0.201569
2081250 0.212044 0.203457 0.196402 0.0 0.0 0.0 0.208683 0.199675 0.197894 0.214192 0.205959 0.195448
2081250 0.211107 0.200647 0.193341 0.0 0.0 0.0 0.208683 0.199675 0.197894 0.21379 0.201835 0.188303
2081250 0.205416 0.200446 0.201486 0.0 0.0 0.0 0.208683 0.199675 0.197894 0.201752 0.201426 0.205516
2081250 0.216423 0.185374 0.19509 0.0 0.0 0.0 0.22245 0.183743 0.19658 0.212579 0.186505 0.194138
2081250 0.210967 0.190384 0.188482 0.0 0.0 0.0 0.216066 0.192001 0.187998 0.206587 0.189097 0.188895
2081250 0.212388 0.192682 0.191526 0.0 0.0 0.0 0.210065 0.193201 0.193756 0.216066 0.192001 0.187998
2081250 0.215486 0.194767 0.192068 0.0 0.0 0.0 0.216066 0.192001 0.187998 0.215119 0.196615 0.194656
2081250 0.207362 0.190503 0.204078 0.0 0.0 0.0 0.207036 0.187188 0.201312 0.207706 0.19408 0.206969
2081250 0.204052 0.189028 0.210144 0.0 0.0 0.0 0.20643 0.186825 0.208654 0.200608 0.192354 0.212302
2081250 0.209541 0.187836 0.208982 0.0 0.0 0.0 0.20643 0.186825 0.208654 0.212547 0.188919 0.2093
2081250 0.20375 0.195924 0.212911 0.0 0.0 0.0 0.200608 0.192354 0.212302 0.20634 0.198961 0.213412
2081250 0.213582 0.189905 0.206422 0.0 0.0 0.0 0.212547 0.188919 0.2093 0.215332 0.191715 0.201569
2081250 0.208335 0.19508 0.214984 0.0 0.0 0.0 0.20634 0.198961 0.213412 0.210747 0.190513 0.216883
2081250 0.201149 0.1966 0.209085 0.0 0.0 0.0 0.200608 0.192354 0.212302 0.201752 0.201426 0.205516
2081250 0.204384 0.199957 0.210049 0.0 0.0 0.0 0.20634 0.198961 0.213412 0.201752 0.201426 0.205516
2081250 0.213868 0.191985 0.209967 0.0 0.0 0.0 0.212547 0.188919 0.2093 0.216558 0.198389 0.211329
2081250 0.21121 0.195732 0.208695 0.0 0.0 0.0 0.216558 0.198389 0.211329 0.207706 0.19408 0.206969
2081250 0.215886 0.194686 0.205994 0.0 0.0 0.0 0.216558 0.198389 0.211329 0.215332 0.191715 0.201569
2081250 0.210198 0.198691 0.212625 0.0 0.0 0.0 0.20634 0.198961 0.213412 0.216558 0.198389 0.211329
2081250 0.183081 0.210151 0.194075 -5.33747 -0.151672 0.692707 0.186323 0.210688 0.193923 0.179317 0.209527 0.194251
2081250 0.190445 0.202269 0.189904 -15.1291 -38.0764 3.79837 0.191634 0.206585 0.190005 0.189331 0.198221 0.18981
2081250 0.192821 0.203631 0.211869 -2.01928 -16.8563 -12.1188 0.193231 0.206904 0.215122 0.192415 0.20039 0.208647
2081250 0.194564 0.204418 0.208192 -6.11578 -12.3957 3.60031 0.196031 0.207167 0.207882 0.192415 0.20039 0.208647
2081250 0.196742 0.20087 0.207196 -6.96714 -1.85495 3.01493 0.201752 0.201426 0.205516 0.192415 0.20039 0.208647
2081250 0.19446 0.204978 0.219153 2.12817 -4.87784 13.6661 0.193231 0.206904 0.215122 0.195679 0.203066 0.223154
2081250 0.188276 0.211848 0.185629 -4.64145 -8.43186 -9.06241 0.18961 0.215336 0.188393 0.187297 0.209284 0.183599
2081250 0.188571 0.208951 0.192264 3.01358 -1.71674 -2.55943 0.186323 0.210688 0.193923 0.191634 0.206585 0.190005
2081250 0.194349 0.209745 0.191651 11.929 11.7885 9.5289 0.191634 0.206585 0.190005 0.196839 0.212643 0.193159
2081250 0.187723 0.213255 0.195428 4.65048 10.0389 7.96507 0.186323 0.210688 0.193923 0.189688 0.216859 0.197541
2081250 0.196932 0.212864 0.197261 -0.98997 1.50446 9.69603 0.196839 0.212643 0.193159 0.19704 0.21312 0.202023
2081250 0.193304 0.21502 0.199745 -9.20347 3.28798 -3.99781 0.19704 0.21312 0.202023 0.189688 0.216859 0.197541
2081250 0.191911 0.21773 0.18514 -4.28101 -4.00526 7.86136 0.194305 0.220221 0.181755 0.18961 0.215336 0.188393
2081250 0.197348 0.216598 0.19217 2.33101 14.9052 -6.37448 0.196839 0.212643 0.193159 0.197938 0.221188 0.191021
2081250 0.190742 0.218389 0.201769 -0.163581 -0.451406 -1.66665 0.191833 0.219972 0.206139 0.189688 0.216859 0.197541
2081250 0.195963 0.210226 0.213399 7.73338 7.63253 -2.85204 0.193231 0.206904 0.215122 0.198887 0.213781 0.211555
2081250 0.195686 0.206316 0.204889 -2.16897 -5.48884 -12.0236 0.196031 0.207167 0.207882 0.195349 0.205485 0.201968
2081250 0.197136 0.209727 0.209304 -9.83799 -19.6795 -15.7983 0.198887 0.213781 0.211555 0.196031 0.207167 0.207882
2081250 0.191481 0.211183 0.215388 -20.4077 34.2913 4.60288 0.193231 0.206904 0.215122 0.189315 0.216475 0.215717
2081250 0.198578 0.217389 0.200551 4.15295 7.53606 -2.34164 0.19704 0.21312 0.202023 0.199804 0.220792 0.199378
2081250 0.194437 0.216545 0.20408 16.7927 -17.0117 -14.9035 0.191833 0.219972 0.206139 0.19704 0.21312 0.202023
2081250 0.202931 0.2163 0.212926 11.1957 8.43733 2.08245 0.198887 0.213781 0.211555 0.20657 0.218565 0.214159
2081250 0.201254 0.210939 0.201548 13.317 -6.41718 0.832903 0.19704 0.21312 0.202023 0.204818 0.209094 0.201146
2081250 0.201115 0.215136 0.203463 15.0604 5.78984 7.60261 0.19704 0.21312 0.202023 0.205109 0.217111 0.204875
2081250 0.190689 0.218383 0.210491 -6.45606 -5.07916 14.3819 0.191833 0.219972 0.206139 0.189315 0.216475 0.215717
2081250 0.200876 0.207557 0.219107 -2.61734 4.09813 5.23652 0.202483 0.204942 0.216704 0.19947 0.209844 0.221208
2081250 0.214626 0.198553 0.192297 0.597118 -6.04409 9.43133 0.21379 0.201835 0.188303 0.215119 0.196615 0.194656
2081250 0.209565 0.201129 0.202313 -2.81119 -2.39471 -15.1752 0.210145 0.202083 0.205214 0.208683 0.199675 0.197894
2081250 0.210252 0.204027 0.185125 11.1787 -7.07838 7.12136 0.207972 0.205439 0.183076 0.21379 0.201835 0.188303
2081250 0.208429 0.203513 0.195135 -1.66702 -13.4602 10.7665 0.208249 0.206219 0.193189 0.208683 0.199675 0.197894
2081250 0.214045 0.204449 0.192832 1.47658 -7.15572 -15.0593 0.214192 0.205959 0.195448 0.21379 0.201835 0.188303
2081250 0.205058 0.197347 0.206322 20.7939 -18.8262 3.06815 0.201752 0.201426 0.205516 0.207706 0.19408 0.206969
2081250 0.203495 0.205785 0.203032 12.7303 20.3208 -12.5869 0.201752 0.201426 0.205516 0.204818 0.209094 0.201146
2081250 0.209426 0.204523 0.207003 -1.14292 9.86213 6.00778 0.210145 0.202083 0.205214 0.208138 0.208898 0.210209
2081250 0.204401 0.201968 0.215067 3.8355 -4.14822 -2.79628 0.202483 0.204942 0.216704 0.20634 0.198961 0.213412
2081250 0.212222 0.200887 0.207194 12.6565 -4.44137 9.7536 0.210145 0.202083 0.205214 0.216558 0.198389 0.211329
2081250 0.204874 0.205679 0.18176 -7.93153 -0.566609 -4.193 0.207972 0.205439 0.183076 0.200491 0.206019 0.179897
2081250 0.203157 0.214613 0.182397 3.38324 -1.66226 11.9686 0.201292 0.215095 0.178367 0.205771 0.213937 0.188048
2081250 0.211812 0.212934 0.189364 -3.69731 1.25008 -0.784632 0.215372 0.212343 0.19014 0.205771 0.213937 0.188048
2081250 0.212979 0.208651 0.196092 -5.98944 22.4056 5.08535 0.214192 0.205959 0.195448 0.211239 0.212509 0.197015
2081250 0.207388 0.208903 0.191402 -7.33511 13.4787 -10.1557 0.208249 0.206219 0.193189 0.205771 0.213937 0.188048
2081250 0.207914 0.21074 0.199154 -18.1565 -9.37912 16.355 0.211239 0.212509 0.197015 0.204818 0.209094 0.201146
2081250 0.212786 0.21583 0.199328 -7.01973 -11.8857 -11.6493 0.214278 0.219032 0.201557 0.211239 0.212509 0.197015
2081250 0.212145 0.216318 0.195163 3.5116 19.8142 -13.5349 0.211239 0.212509 0.197015 0.212972 0.219793 0.193475
2081250 0.20649 0.213365 0.207308 -3.41316 6.15831 -5.27735 0.208138 0.208898 0.210209 0.205109 0.217111 0.204875
2081250 0.21004 0.218394 0.216955 -6.20425 0.611389 -6.84696 0.213229 0.218236 0.219525 0.20657 0.218565 0.214159
2081250 0.215682 0.213338 0.207856 1.79192 -1.29742 -2.52813 0.214316 0.214916 0.210078 0.218111 0.210533 0.203906
2081250 0.199967 0.212368 0.186296 7.89384 0.787129 2.46062 0.19642 0.211409 0.185225 0.205771 0.213937 0.188048
2081250 0.20481 0.20657 0.214031 2.14456 1.23798 -1.73546 0.202483 0.204942 0.216704 0.208138 0.208898 0.210209
2081250 0.194717 0.21161 0.181804 1.97678 0.485157 4.15444 0.192924 0.211822 0.178204 0.19642 0.211409 0.185225
2081250 0.207046 0.20184 0.205326 -6.21044 0.435846 -0.129757 0.210145 0.202083 0.205214 0.201752 0.201426 0.205516
2081250 0.217059 0.206509 0.194656 2.40024 0.737283 -0.371829 0.214192 0.205959 0.195448 0.221836 0.207424 0.193337
2081250 0.212132 0.212789 0.210124 -0.621008 -0.526518 -0.104513 0.214316 0.214916 0.210078 0.208138 0.208898 0.210209
2081250 0.193345 0.213182 0.186656 -2.66895 1.57489 1.8637 0.19642 0.211409 0.185225 0.18961 0.215336 0.188393
2081250 0.198231 0.209011 0.182855 1.53049 -3.14529 -2.55757 0.19642 0.211409 0.185225 0.200491 0.206019 0.179897
2081250 0.213471 0.212419 0.193302 -3.7936 1.38501 6.80799 0.215372 0.212343 0.19014 0.211239 0.212509 0.197015
2081250 0.204327 0.214747 0.194089 -0.376268 0.185709 3.83048 0.205771 0.213937 0.188048 0.203569 0.215171 0.197259
2081250 0.20413 0.212443 0.199004 0.638526 -3.23273 2.87965 0.203569 0.215171 0.197259 0.204818 0.209094 0.201146
2081250 0.203275 0.203013 0.190898 -0.824223 0.0756438 1.26133 0.205291 0.202434 0.188376 0.200006 0.203952 0.194989
2081250 0.206612 0.203915 0.185764 -0.597285 -1.17625 1.67905 0.207972 0.205439 0.183076 0.205291 0.202434 0.188376
2081250 0.197945 0.213444 0.206696 -0.0 0.0 -0.0 0.198887 0.213781 0.211555 0.19704 0.21312 0.202023
2081250 0.20778 0.202211 0.182107 0.153145 -1.47588 -0.499909 0.207972 0.205439 0.183076 0.207395 0.195722 0.180159
2081250 0.191897 0.2077 0.194339 -0.0 -0.0 0.0 0.191634 0.206585 0.190005 0.192088 0.208509 0.197487
2081250 0.190368 0.208893 0.200225 -0.000959735 0.000531014 0.00162428 0.192088 0.208509 0.197487 0.186895 0.209666 0.205757
2081250 0.21548 0.213154 0.212276 3.25 -3.0713 4.86111 0.214316 0.214916 0.210078 0.217783 0.20967 0.216622
2081250 0.218655 0.213412 0.199346 -0.21741 -0.796996 1.86444 0.219049 0.215497 0.196046 0.218111 0.210533 0.203906
2081250 0.204868 0.205072 0.207806 -0.294827 -0.248 -0.214428 0.208138 0.208898 0.210209 0.201752 0.201426 0.205516
2081250 0.19864 0.197121 0.205457 -8.38749 -11.4682 2.11152 0.201752 0.201426 0.205516 0.196647 0.194367 0.20542
2081250 0.200378 0.213156 0.191134 5.39953 1.29554 -4.26026 0.196839 0.212643 0.193159 0.205771 0.213937 0.188048
2081250 0.210799 0.204207 0.203039 1.04576 1.89742 -1.91006 0.210145 0.202083 0.205214 0.211436 0.206273 0.200921
2081250 0.201823 0.217777 0.198242 -3.07841 3.99326 2.43391 0.203569 0.215171 0.197259 0.199804 0.220792 0.199378
2081250 0.182274 0.218097 0.206838 -1.07923 -1.28612 2.28415 0.183662 0.219309 0.203453 0.180915 0.216912 0.210152
2081250 0.211355 0.208837 0.199315 0.67555 -3.03918 2.02905 0.211239 0.212509 0.197015 0.211436 0.206273 0.200921
2081250 0.212946 0.2175 0.209219 -2.61264 6.15232 -3.00353 0.214316 0.214916 0.210078 0.211498 0.220232 0.208311
2081250 0.190186 0.203967 0.217012 -10.8504 -7.37052 6.44451 0.193231 0.206904 0.215122 0.186345 0.200263 0.219395
2081250 0.181815 0.202045 0.200485 0.809743 0.049642 -0.940497 0.17874 0.20109 0.204576 0.184778 0.202964 0.196544
2081250 0.184856 0.215746 0.204304 6.19809 -12.0603 2.27864 0.183662 0.219309 0.203453 0.186895 0.209666 0.205757
2081250 0.216726 0.196856 0.200798 -9.13246 -20.1841 3.05426 0.217918 0.201249 0.200139 0.215332 0.191715 0.201569
2081250 0.211368 0.206083 0.194374 3.36265 -0.665884 1.60577 0.208249 0.206219 0.193189 0.214192 0.205959 0.195448
2081250 0.21567 0.204091 0.197308 -12.2548 10.3256 -12.5259 0.217918 0.201249 0.200139 0.214192 0.205959 0.195448
2081250 0.185694 0.205864 0.20053 -5.37795 -9.52806 -18.0872 0.186895 0.209666 0.205757 0.184778 0.202964 0.196544
2081250 0.182855 0.212593 0.20147 0.00115314 -0.00108093 0.00105123 0.180972 0.213958 0.199472 0.186895 0.209666 0.205757
2081250 0.218006 0.205511 0.201868 0.410187 3.23185 1.83319 0.217918 0.201249 0.200139 0.218111 0.210533 0.203906
2081250 0.184162 0.203477 0.191596 -1.45086 4.15597 -15.6804 0.184778 0.202964 0.196544 0.18365 0.203902 0.187488
2081250 0.194215 0.209187 0.187427 3.71247 5.00633 -3.49132 0.191634 0.206585 0.190005 0.19642 0.211409 0.185225
2081250 0.202743 0.206876 0.19849 0.296871 0.45739 0.404898 0.200006 0.203952 0.194989 0.204818 0.209094 0.201146
2081250 0.19601 0.208467 0.201989 -8.23098 -35.4594 5.54974 0.19704 0.21312 0.202023 0.195349 0.205485 0.201968
2081250 0.209003 0.213093 0.193348 0.439142 -0.0627324 0.520105 0.205771 0.213937 0.188048 0.211239 0.212509 0.197015
2081250 0.198219 0.208855 0.193957 0.234862 -1.1754 0.173271 0.196839 0.212643 0.193159 0.200006 0.203952 0.194989
2081250 0.206963 0.215201 0.217061 -0.641066 -6.86017 5.97974 0.20657 0.218565 0.214159 0.207383 0.211606 0.220162
2081250 0.197688 0.204003 0.203263 4.29988 -2.37721 1.46238 0.195349 0.205485 0.201968 0.201752 0.201426 0.205516
2081250 0.184506 0.2134 0.193516 -1.62022 2.22932 0.082282 0.186323 0.210688 0.193923 0.182241 0.216781 0.193008
2081250 0.1998 0.202186 0.216062 -1.1592 -1.63595 -0.25645 0.202483 0.204942 0.216704 0.197216 0.199533 0.215444
2081250 0.198153 0.205038 0.207004 8.87313 -9.52128 -1.68581 0.196031 0.207167 0.207882 0.201752 0.201426 0.205516
2081250 0.207731 0.210358 0.215575 -1.95082 1.83205 8.37177 0.208138 0.208898 0.210209 0.207383 0.211606 0.220162
2081250 0.216022 0.217637 0.194765 -8.64691 4.1514 -3.45807 0.219049 0.215497 0.196046 0.212972 0.219793 0.193475
2081250 0.193083 0.207973 0.207196 -7.86817 1.58384 -0.620869 0.196031 0.207167 0.207882 0.186895 0.209666 0.205757
2081250 0.185711 0.207628 0.194961 -4.06994 -12.8644 6.41138 0.186323 0.210688 0.193923 0.184778 0.202964 0.196544
2081250 0.195433 0.202832 0.2153 9.83743 -12.9842 1.34551 0.193231 0.206904 0.215122 0.197216 0.199533 0.215444
2081250 0.188188 0.213305 0.211079 1.37663 6.60772 12.7776 0.186895 0.209666 0.205757 0.189315 0.216475 0.215717
2081250 0.208122 0.20018 0.21671 -1.52912 -0.642824 -3.38454 0.210629 0.201894 0.22135 0.20634 0.198961 0.213412
2081250 0.181515 0.215165 0.196707 0.00152041 0.00235937 -0.00916499 0.180972 0.213958 0.199472 0.182241 0.216781 0.193008
2081250 0.190641 0.210881 0.189214 -4.29732 18.9962 -0.370582 0.191634 0.206585 0.190005 0.18961 0.215336 0.188393
2081250 0.194902 0.207061 0.210802 0.45314 0.27402 -1.5793 0.193231 0.206904 0.215122 0.196031 0.207167 0.207882
2081250 0.185744 0.216817 0.19514 -3.99568 0.692356 -2.32919 0.189688 0.216859 0.197541 0.182241 0.216781 0.193008
2081250 0.187685 0.212615 0.191631 2.8577 4.79578 -4.01805 0.186323 0.210688 0.193923 0.18961 0.215336 0.188393
2081250 0.181224 0.208894 0.202515 0.304676 -0.014378 0.173663 0.178593 0.208536 0.201011 0.186895 0.209666 0.205757
2081250 0.216739 0.217209 0.198715 3.94242 -1.7791 -4.35343 0.214278 0.219032 0.201557 0.219049 0.215497 0.196046
2081250 0.208564 0.202203 0.188348 0.347505 -0.0624041 -0.0446579 0.205291 0.202434 0.188376 0.21379 0.201835 0.188303
2081250 0.19377 0.20695 0.199798 0.0 0.0 0.0 0.192088 0.208509 0.197487 0.195349 0.205485 0.201968
2081250 0.180234 0.21193 0.197147 0.0 0.0 0.0 0.180972 0.213958 0.199472 0.179317 0.209527 0.194251
2081250 0.181677 0.206636 0.195243 0.0 0.0 0.0 0.179317 0.209527 0.194251 0.184778 0.202964 0.196544
2081250 0.180932 0.206374 0.199322 0.0 0.0 0.0 0.178593 0.208536 0.201011 0.184778 0.202964 0.196544
2081250 0.182163 0.216274 0.201234 0.0 0.0 0.0 0.180972 0.213958 0.199472 0.183662 0.219309 0.203453
2081250 0.187611 0.203594 0.184851 0.0 0.0 0.0 0.191067 0.203428 0.182549 0.18365 0.203902 0.187488
2081250 0.187494 0.205139 0.188701 0.0 0.0 0.0 0.191634 0.206585 0.190005 0.18365 0.203902 0.187488
2081250 0.188397 0.204822 0.193092 0.0 0.0 0.0 0.191634 0.206585 0.190005 0.184778 0.202964 0.196544
2081250 0.189209 0.206274 0.197116 0.0 0.0 0.0 0.192088 0.208509 0.197487 0.184778 0.202964 0.196544
2081250 0.182343 0.204825 0.205098 0.0 0.0 0.0 0.186895 0.209666 0.205757 0.17874 0.20109 0.204576
2081250 0.185694 0.21605 0.190844 0.0 0.0 0.0 0.18961 0.215336 0.188393 0.182241 0.216781 0.193008
2081250 0.183095 0.214218 0.20855 0.0 0.0 0.0 0.186895 0.209666 0.205757 0.180915 0.216912 0.210152
2081250 0.186402 0.218142 0.200763 0.0 0.0 0.0 0.183662 0.219309 0.203453 0.189688 0.216859 0.197541
2081250 0.194845 0.196877 0.206793 0.0 0.0 0.0 0.192415 0.20039 0.208647 0.196647 0.194367 0.20542
2081250 0.195054 0.199866 0.212386 0.0 0.0 0.0 0.192415 0.20039 0.208647 0.197216 0.199533 0.215444
2081250 0.196525 0.201068 0.218908 0.0 0.0 0.0 0.195679 0.203066 0.223154 0.197216 0.199533 0.215444
2081250 0.18917 0.208062 0.18637 0.0 0.0 0.0 0.191634 0.206585 0.190005 0.187297 0.209284 0.183599
2081250 0.191319 0.204787 0.185887 0.0 0.0 0.0 0.191634 0.206585 0.190005 0.191067 0.203428 0.182549
2081250 0.19546 0.205328 0.192284 0.0 0.0 0.0 0.191634 0.206585 0.190005 0.200006 0.203952 0.194989
2081250 0.19662 0.211951 0.189052 0.0 0.0 0.0 0.196839 0.212643 0.193159 0.19642 0.211409 0.185225
2081250 0.18922 0.209541 0.195715 0.0 0.0 0.0 0.186323 0.210688 0.193923 0.192088 0.208509 0.197487
2081250 0.194186 0.210285 0.195574 0.0 0.0 0.0 0.192088 0.208509 0.197487 0.196839 0.212643 0.193159
2081250 0.195093 0.206728 0.196538 0.0 0.0 0.0 0.192088 0.208509 0.197487 0.200006 0.203952 0.194989
2081250 0.193445 0.213854 0.190922 0.0 0.0 0.0 0.196839 0.212643 0.193159 0.18961 0.215336 0.188393
2081250 0.194095 0.210328 0.199326 0.0 0.0 0.0 0.192088 0.208509 0.197487 0.19704 0.21312 0.202023
2081250 0.197047 0.204873 0.19942 0.0 0.0 0.0 0.195349 0.205485 0.201968 0.200006 0.203952 0.194989
2081250 0.195485 0.215247 0.183694 0.0 0.0 0.0 0.194305 0.220221 0.181755 0.19642 0.211409 0.185225
2081250 0.191095 0.21191 0.197509 0.0 0.0 0.0 0.192088 0.208509 0.197487 0.189688 0.216859 0.197541
2081250 0.19347 0.214576 0.195222 0.0 0.0 0.0 0.196839 0.212643 0.193159 0.189688 0.216859 0.197541
2081250 0.189648 0.216047 0.192982 0.0 0.0 0.0 0.18961 0.215336 0.188393 0.189688 0.216859 0.197541
2081250 0.193718 0.218172 0.189691 0.0 0.0 0.0 0.197938 0.221188 0.191021 0.18961 0.215336 0.188393
2081250 0.200937 0.198377 0.197345 0.0 0.0 0.0 0.200006 0.203952 0.194989 0.20173 0.19373 0.199351
2081250 0.198667 0.213056 0.182062 0.0 0.0 0.0 0.201292 0.215095 0.178367 0.19642 0.211409 0.185225
2081250 0.200575 0.213996 0.195437 0.0 0.0 0.0 0.196839 0.212643 0.193159 0.203569 0.215171 0.197259
2081250 0.205069 0.205292 0.193883 0.0 0.0 0.0 0.208249 0.206219 0.193189 0.200006 0.203952 0.194989
2081250 0.200878 0.202635 0.200254 0.0 0.0 0.0 0.200006 0.203952 0.194989 0.201752 0.201426 0.205516
2081250 0.190611 0.207993 0.21125 0.0 0.0 0.0 0.193231 0.206904 0.215122 0.186895 0.209666 0.205757
2081250 0.19643 0.209474 0.205559 0.0 0.0 0.0 0.196031 0.207167 0.207882 0.19704 0.21312 0.202023
2081250 0.192665 0.206759 0.20317 0.0 0.0 0.0 0.186895 0.209666 0.205757 0.195349 0.205485 0.201968
2081250 0.194175 0.203396 0.204637 0.0 0.0 0.0 0.195349 0.205485 0.201968 0.192415 0.20039 0.208647
2081250 0.192773 0.211615 0.203592 0.0 0.0 0.0 0.186895 0.209666 0.205757 0.19704 0.21312 0.202023
2081250 0.190144 0.204151 0.207459 0.0 0.0 0.0 0.186895 0.209666 0.205757 0.192415 0.20039 0.208647
2081250 0.196825 0.208545 0.218628 0.0 0.0 0.0 0.193231 0.206904 0.215122 0.19947 0.209844 0.221208
2081250 0.188535 0.21384 0.20093 0.0 0.0 0.0 0.186895 0.209666 0.205757 0.189688 0.216859 0.197541
2081250 0.189756 0.215585 0.205978 0.0 0.0 0.0 0.191833 0.219972 0.206139 0.186895 0.209666 0.205757
2081250 0.195291 0.216884 0.208794 0.0 0.0 0.0 0.198887 0.213781 0.211555 0.191833 0.219972 0.206139
2081250 0.199372 0.215797 0.216039 0.0 0.0 0.0 0.198887 0.213781 0.211555 0.199823 0.21776 0.220185
2081250 0.194445 0.214979 0.213485 0.0 0.0 0.0 0.198887 0.213781 0.211555 0.189315 0.216475 0.215717
2081250 0.200903 0.214282 0.199203 0.0 0.0 0.0 0.19704 0.21312 0.202023 0.203569 0.215171 0.197259
2081250 0.20324 0.21143 0.210921 0.0 0.0 0.0 0.198887 0.213781 0.211555 0.208138 0.208898 0.210209
2081250 0.198254 0.205785 0.21598 0.0 0.0 0.0 0.193231 0.206904 0.215122 0.202483 0.204942 0.216704
2081250 0.202087 0.215443 0.208116 0.0 0.0 0.0 0.198887 0.213781 0.211555 0.205109 0.217111 0.204875
2081250 0.199361 0.204028 0.219662 0.0 0.0 0.0 0.202483 0.204942 0.216704 0.195679 0.203066 0.223154
2081250 0.201322 0.218001 0.189737 0.0 0.0 0.0 0.197938 0.221188 0.191021 0.205771 0.213937 0.188048
2081250 0.195154 0.217137 0.218199 0.0 0.0 0.0 0.199823 0.21776 0.220185 0.189315 0.216475 0.215717
2081250 0.203241 0.218115 0.217131 0.0 0.0 0.0 0.199823 0.21776 0.220185 0.20657 0.218565 0.214159
2081250 0.205976 0.200193 0.185699 0.0 0.0 0.0 0.205291 0.202434 0.188376 0.207395 0.195722 0.180159
2081250 0.20174 0.197216 0.202187 0.0 0.0 0.0 0.201752 0.201426 0.205516 0.20173 0.19373 0.199351
2081250 0.216243 0.198423 0.196861 0.0 0.0 0.0 0.217918 0.201249 0.200139 0.215119 0.196615 0.194656
2081250 0.213366 0.200419 0.199033 0.0 0.0 0.0 0.217918 0.201249 0.200139 0.208683 0.199675 0.197894
2081250 0.209114 0.198651 0.205955 0.0 0.0 0.0 0.210145 0.202083 0.205214 0.207706 0.19408 0.206969
2081250 0.207083 0.203023 0.212085 0.0 0.0 0.0 0.208138 0.208898 0.210209 0.20634 0.198961 0.213412
2081250 0.202774 0.209391 0.183424 0.0 0.0 0.0 0.205771 0.213937 0.188048 0.200491 0.206019 0.179897
2081250 0.207201 0.208362 0.184819 0.0 0.0 0.0 0.207972 0.205439 0.183076 0.205771 0.213937 0.188048
2081250 0.211186 0.211352 0.184755 0.0 0.0 0.0 0.205771 0.213937 0.188048 0.215177 0.209541 0.182327
2081250 0.20719 0.211905 0.182168 0.0 0.0 0.0 0.205771 0.213937 0.188048 0.207977 0.210864 0.178913
2081250 0.209549 0.208903 0.194855 0.0 0.0 0.0 0.208249 0.206219 0.193189 0.211239 0.212509 0.197015
2081250 0.206756 0.204256 0.190762 0.0 0.0 0.0 0.208249 0.206219 0.193189 0.205291 0.202434 0.188376
2081250 0.210405 0.204459 0.191288 0.0 0.0 0.0 0.208249 0.206219 0.193189 0.21379 0.201835 0.188303
2081250 0.206875 0.21397 0.197155 0.0 0.0 0.0 0.203569 0.215171 0.197259 0.211239 0.212509 0.197015
2081250 0.212812 0.206063 0.198185 0.0 0.0 0.0 0.214192 0.205959 0.195448 0.211436 0.206273 0.200921
2081250 0.214211 0.215888 0.191752 0.0 0.0 0.0 0.215372 0.212343 0.19014 0.212972 0.219793 0.193475
2081250 0.210184 0.217475 0.191377 0.0 0.0 0.0 0.205771 0.213937 0.188048 0.212972 0.219793 0.193475
2081250 0.204203 0.21592 0.200404 0.0 0.0 0.0 0.205109 0.217111 0.204875 0.203569 0.215171 0.197259
2081250 0.217152 0.213819 0.193003 0.0 0.0 0.0 0.219049 0.215497 0.196046 0.215372 0.212343 0.19014
2081250 0.215337 0.214024 0.196507 0.0 0.0 0.0 0.219049 0.215497 0.196046 0.211239 0.212509 0.197015
2081250 0.21429 0.211577 0.200077 0.0 0.0 0.0 0.218111 0.210533 0.203906 0.211239 0.212509 0.197015
2081250 0.208596 0.20743 0.201018 0.0 0.0 0.0 0.211436 0.206273 0.200921 0.204818 0.209094 0.201146
2081250 0.20621 0.208959 0.20495 0.0 0.0 0.0 0.208138 0.208898 0.210209 0.204818 0.209094 0.201146
2081250 0.207265 0.214216 0.212403 0.0 0.0 0.0 0.208138 0.208898 0.210209 0.20657 0.218565 0.214159
2081250 0.204951 0.212755 0.202873 0.0 0.0 0.0 0.205109 0.217111 0.204875 0.204818 0.209094 0.201146
2081250 0.212027 0.203989 0.210726 0.0 0.0 0.0 0.208138 0.208898 0.210209 0.216558 0.198389 0.211329
2081250 0.214005 0.204226 0.200611 0.0 0.0 0.0 0.217918 0.201249 0.200139 0.211436 0.206273 0.200921
2081250 0.213824 0.207746 0.201991 0.0 0.0 0.0 0.218111 0.210533 0.203906 0.211436 0.206273 0.200921
2081250 0.213193 0.209673 0.207012 0.0 0.0 0.0 0.208138 0.208898 0.210209 0.218111 0.210533 0.203906
2081250 0.212771 0.209216 0.21329 0.0 0.0 0.0 0.208138 0.208898 0.210209 0.217783 0.20967 0.216622
2081250 0.215866 0.217406 0.21082 0.0 0.0 0.0 0.214316 0.214916 0.210078 0.218034 0.221008 0.211856
2081250 0.204687 0.207887 0.218259 0.0 0.0 0.0 0.202483 0.204942 0.216704 0.207383 0.211606 0.220162
2081250 0.205845 0.20363 0.218621 0.0 0.0 0.0 0.202483 0.204942 0.216704 0.210629 0.201894 0.22135
2081250 0.205855 0.217802 0.209626 0.0 0.0 0.0 0.20657 0.218565 0.214159 0.205109 0.217111 0.204875
2081250 0.209949 0.218073 0.203124 0.0 0.0 0.0 0.214278 0.219032 0.201557 0.205109 0.217111 0.204875
2081250 0.215944 0.215278 0.20258 0.0 0.0 0.0 0.214278 0.219032 0.201557 0.218111 0.210533 0.203906
2081250 0.217352 0.200008 0.20478 0.0 0.0 0.0 0.217918 0.201249 0.200139 0.216558 0.198389 0.211329
