# ts x y z Fx Fy Fz x1 y1 z1 x2 y2 z2
5481250 0.182157 0.180615 0.198315 -22.2484 22.4063 10.6072 0.186025 0.177198 0.197384 0.177658 0.184591 0.199399
5481250 0.1834 0.19644 0.197037 -26.7383 14.6338 14.535 0.187175 0.194344 0.195765 0.180632 0.197977 0.19797
5481250 0.198239 0.189814 0.183271 -4.45735 -14.6881 -8.86546 0.199607 0.192722 0.185594 0.197088 0.187365 0.181316
5481250 0.200198 0.1794 0.187495 4.8267 2.8219 14.9487 0.199445 0.178593 0.182587 0.200712 0.17995 0.190845
5481250 0.194073 0.181775 0.190184 -3.36864 -5.6832 2.77431 0.195734 0.184757 0.18807 0.192628 0.179184 0.192021
5481250 0.18588 0.182461 0.191034 1.20925 21.6662 21.7156 0.18568 0.179741 0.189055 0.186133 0.185914 0.193546
5481250 0.19297 0.187539 0.187209 -11.6238 9.14564 -1.66944 0.195734 0.184757 0.18807 0.189201 0.191331 0.186036
5481250 0.198084 0.185903 0.191117 6.46963 3.3075 11.8304 0.195734 0.184757 0.18807 0.201006 0.187327 0.194906
5481250 0.186674 0.178687 0.208592 11.5904 -15.7782 -19.1981 0.185273 0.180899 0.212086 0.187768 0.176958 0.205862
5481250 0.19019 0.179332 0.206235 -15.463 -20.1461 -0.898453 0.193618 0.182693 0.206763 0.187768 0.176958 0.205862
5481250 0.188223 0.183343 0.214184 10.4292 6.42296 8.4906 0.185273 0.180899 0.212086 0.19182 0.186323 0.216743
5481250 0.197063 0.179709 0.216762 6.67587 5.81323 13.6469 0.19564 0.179036 0.213886 0.199181 0.180711 0.221042
5481250 0.197237 0.179556 0.207396 -7.96414 7.63908 -3.20013 0.201078 0.176226 0.208068 0.193618 0.182693 0.206763
5481250 0.197765 0.193739 0.188956 -6.00345 5.97539 16.2726 0.199607 0.192722 0.185594 0.195669 0.194897 0.192783
5481250 0.19246 0.197667 0.191232 -22.9294 16.1856 -6.34764 0.195669 0.194897 0.192783 0.189474 0.200244 0.189789
5481250 0.198204 0.191302 0.193792 -25.2166 51.4938 -15.4578 0.201006 0.187327 0.194906 0.195669 0.194897 0.192783
5481250 0.202505 0.194553 0.1836 11.8962 6.70716 -5.36907 0.199607 0.192722 0.185594 0.207463 0.197685 0.180189
5481250 0.203137 0.191938 0.187224 3.97726 -0.968712 2.688 0.199607 0.192722 0.185594 0.206856 0.191111 0.18894
5481250 0.189133 0.199387 0.209844 25.8361 28.7326 -14.4599 0.186185 0.196839 0.210855 0.192491 0.202291 0.208692
5481250 0.199699 0.192292 0.216429 -1.16166 -1.95747 2.99636 0.200766 0.194291 0.212211 0.198914 0.190821 0.219534
5481250 0.209452 0.179892 0.188079 -11.4771 28.7806 27.313 0.211417 0.176403 0.185318 0.207751 0.182912 0.190468
5481250 0.200832 0.182957 0.1925 1.92459 -13.8462 -8.37978 0.201006 0.187327 0.194906 0.200712 0.17995 0.190845
5481250 0.210306 0.185704 0.192315 7.86258 12.3748 6.87493 0.207751 0.182912 0.190468 0.212787 0.188415 0.194108
5481250 0.20219 0.184604 0.198919 8.36985 -11.9382 16.2251 0.201006 0.187327 0.194906 0.203099 0.182511 0.202003
5481250 0.20439 0.188406 0.198413 27.0635 8.37915 20.2523 0.201006 0.187327 0.194906 0.207149 0.189286 0.201274
5481250 0.211268 0.192211 0.194081 3.4267 -15.0704 0.466309 0.210127 0.195064 0.194061 0.212787 0.188415 0.194108
5481250 0.214342 0.19097 0.191319 -4.37579 -5.2067 5.09175 0.216191 0.194007 0.188004 0.212787 0.188415 0.194108
5481250 0.202234 0.179821 0.204599 3.59193 6.8901 -8.82599 0.201078 0.176226 0.208068 0.203099 0.182511 0.202003
5481250 0.205973 0.182257 0.204533 -8.94334 0.219191 -10.6518 0.209035 0.181986 0.207228 0.203099 0.182511 0.202003
5481250 0.206776 0.189009 0.205318 -0.608192 -0.483161 -17.5441 0.206473 0.188784 0.208598 0.207149 0.189286 0.201274
5481250 0.208119 0.187226 0.210998 7.06125 -10.15 11.5151 0.206473 0.188784 0.208598 0.209618 0.185806 0.213183
5481250 0.204139 0.187158 0.210273 -20.9662 -14.3936 9.96358 0.206473 0.188784 0.208598 0.200852 0.184868 0.21263
5481250 0.209173 0.180002 0.210801 -3.66684 14.2971 -20.1054 0.209399 0.176766 0.216626 0.209035 0.181986 0.207228
5481250 0.210753 0.191176 0.201378 -25.35 -13.1268 -5.31711 0.215518 0.193676 0.201516 0.207149 0.189286 0.201274
5481250 0.207086 0.191942 0.207854 2.27753 22.9595 -8.65399 0.206473 0.188784 0.208598 0.207875 0.196011 0.206895
5481250 0.216859 0.17935 0.208843 1.63345 1.62774 5.61453 0.216068 0.178913 0.205399 0.217572 0.179744 0.211948
5481250 0.208741 0.193389 0.191891 -9.57134 -8.57321 -10.2034 0.210127 0.195064 0.194061 0.206856 0.191111 0.18894
5481250 0.212647 0.196803 0.19433 7.24067 6.90761 0.666573 0.210127 0.195064 0.194061 0.215182 0.198553 0.194601
5481250 0.209627 0.197674 0.195604 -7.22918 18.4768 11.5948 0.210127 0.195064 0.194061 0.208857 0.201694 0.19798
5481250 0.218094 0.197533 0.194776 -14.9556 2.76108 -1.46038 0.221972 0.196175 0.195009 0.215182 0.198553 0.194601
5481250 0.21125 0.19498 0.20452 -52.1898 12.5188 25.4625 0.215518 0.193676 0.201516 0.207875 0.196011 0.206895
5481250 0.217392 0.189831 0.204778 -19.5564 56.5919 -34.9666 0.219071 0.186388 0.207698 0.215518 0.193676 0.201516
5481250 0.207072 0.194976 0.218582 38.3586 -27.8111 -9.9 0.203899 0.19707 0.220008 0.210791 0.192522 0.21691
5481250 0.205232 0.198955 0.216664 4.38406 5.06433 -7.18216 0.203899 0.19707 0.220008 0.206524 0.200783 0.21342
5481250 0.203828 0.185562 0.216133 9.64771 1.75567 15.5965 0.200852 0.184868 0.21263 0.206037 0.186078 0.218733
5481250 0.194564 0.194114 0.20686 8.72924 7.0091 -6.87274 0.191932 0.191367 0.208654 0.196692 0.196334 0.20541
5481250 0.188996 0.194162 0.209778 -8.35309 8.43086 5.39866 0.191932 0.191367 0.208654 0.186185 0.196839 0.210855
5481250 0.208933 0.18897 0.186014 -0.761474 0.592216 0.743871 0.21162 0.1862 0.182228 0.206856 0.191111 0.18894
5481250 0.191883 0.189142 0.212223 0.248252 -6.90211 7.99346 0.191932 0.191367 0.208654 0.19182 0.186323 0.216743
5481250 0.199218 0.182963 0.196541 -3.96952 -17.6771 6.28843 0.201006 0.187327 0.194906 0.198061 0.180138 0.197599
5481250 0.195661 0.183395 0.218987 -12.6808 6.5479 -6.54814 0.199181 0.180711 0.221042 0.19182 0.186323 0.216743
5481250 0.211305 0.183221 0.20406 -12.7417 -5.46015 12.6941 0.213485 0.184407 0.201017 0.209035 0.181986 0.207228
5481250 0.219175 0.195092 0.197828 -10.5028 -4.56159 14.7555 0.221972 0.196175 0.195009 0.215518 0.193676 0.201516
5481250 0.205393 0.194783 0.190298 0.456767 -2.08114 -0.65233 0.204027 0.198212 0.191565 0.206856 0.191111 0.18894
5481250 0.215176 0.189046 0.208697 -7.45669 6.72151 3.09511 0.219071 0.186388 0.207698 0.212598 0.190806 0.209357
5481250 0.210374 0.186802 0.201143 -8.52456 5.84006 -1.20935 0.213485 0.184407 0.201017 0.207149 0.189286 0.201274
5481250 0.217344 0.182089 0.206376 -11.2606 -26.8043 -3.50958 0.219071 0.186388 0.207698 0.216068 0.178913 0.205399
5481250 0.211069 0.201152 0.18477 20.6071 23.1089 20.935 0.207463 0.197685 0.180189 0.213852 0.203829 0.188306
5481250 0.203013 0.197097 0.195165 -1.41186 -0.888365 3.02643 0.204027 0.198212 0.191565 0.201837 0.195802 0.199342
5481250 0.204752 0.201639 0.189843 0.17906 2.47687 -0.93272 0.204027 0.198212 0.191565 0.205361 0.204518 0.188396
5481250 0.203874 0.181281 0.190676 -7.97843 -3.70329 -0.927628 0.207751 0.182912 0.190468 0.200712 0.17995 0.190845
5481250 0.211513 0.181045 0.183854 0.17501 1.50068 -0.269534 0.211417 0.176403 0.185318 0.21162 0.1862 0.182228
5481250 0.213143 0.186371 0.197632 -2.95282 5.7326 -10.3455 0.213485 0.184407 0.201017 0.212787 0.188415 0.194108
5481250 0.194982 0.180819 0.181935 -17.9593 10.5433 -5.85221 0.199445 0.178593 0.182587 0.191334 0.182637 0.181402
5481250 0.196785 0.186183 0.205707 -9.52251 -11.8216 1.10837 0.199582 0.189264 0.204774 0.193618 0.182693 0.206763
5481250 0.203453 0.189275 0.202984 8.39726 -0.30678 -5.60426 0.199582 0.189264 0.204774 0.207149 0.189286 0.201274
5481250 0.20014 0.191632 0.208278 -1.37911 -2.71133 -5.42705 0.200766 0.194291 0.212211 0.199582 0.189264 0.204774
5481250 0.204665 0.184932 0.192499 -18.4457 8.87519 8.58818 0.207751 0.182912 0.190468 0.201006 0.187327 0.194906
5481250 0.216975 0.184926 0.199291 -18.5361 -2.55655 13.1677 0.22267 0.185773 0.196476 0.213485 0.184407 0.201017
5481250 0.212376 0.185703 0.214377 7.06953 0.961329 3.03648 0.209618 0.185806 0.213183 0.216067 0.185565 0.215975
5481250 0.20246 0.195794 0.216428 5.65052 5.99051 10.962 0.200766 0.194291 0.212211 0.203899 0.19707 0.220008
5481250 0.219228 0.180371 0.19625 -14.8004 -28.6989 2.45273 0.22267 0.185773 0.196476 0.215609 0.174691 0.196013
5481250 0.216636 0.187386 0.19503 -10.7197 3.35698 -0.836586 0.22267 0.185773 0.196476 0.212787 0.188415 0.194108
5481250 0.20096 0.180759 0.21046 0.186593 -25.4143 -8.6429 0.200852 0.184868 0.21263 0.201078 0.176226 0.208068
5481250 0.215304 0.196774 0.197123 -9.77651 27.6689 -46.3684 0.215518 0.193676 0.201516 0.215182 0.198553 0.194601
5481250 0.194509 0.185246 0.181354 19.5959 13.9937 3.19811 0.191334 0.182637 0.181402 0.197088 0.187365 0.181316
5481250 0.21484 0.181525 0.203315 2.61177 -10.0452 8.49261 0.213485 0.184407 0.201017 0.216068 0.178913 0.205399
5481250 0.200676 0.192436 0.202139 0.901024 2.49805 -2.86995 0.199582 0.189264 0.204774 0.201837 0.195802 0.199342
5481250 0.201541 0.183021 0.183737 2.51666 3.84526 0.680802 0.199445 0.178593 0.182587 0.203005 0.186113 0.184541
5481250 0.196981 0.199302 0.218324 2.53878 6.86887 -12.8315 0.196417 0.197206 0.22107 0.197586 0.201549 0.215381
5481250 0.198983 0.19836 0.213988 -16.2805 37.174 9.15644 0.200766 0.194291 0.212211 0.197586 0.201549 0.215381
5481250 0.206784 0.178728 0.198206 -3.02967 -7.48328 1.00782 0.208257 0.181328 0.197547 0.204719 0.175082 0.19913
5481250 0.204764 0.188396 0.186551 1.9903 3.75336 3.53196 0.203005 0.186113 0.184541 0.206856 0.191111 0.18894
5481250 0.208044 0.181995 0.194568 -0.542407 -1.12225 7.96845 0.207751 0.182912 0.190468 0.208257 0.181328 0.197547
5481250 0.210547 0.182677 0.199067 6.22431 2.28327 3.62863 0.208257 0.181328 0.197547 0.213485 0.184407 0.201017
5481250 0.183585 0.195247 0.208224 12.0973 4.34581 12.2029 0.180514 0.193367 0.205117 0.186185 0.196839 0.210855
5481250 0.188365 0.197396 0.192673 2.00085 5.80558 -4.20826 0.187175 0.194344 0.195765 0.189474 0.200244 0.189789
5481250 0.213304 0.195802 0.214544 8.95578 16.9874 -12.8005 0.210791 0.192522 0.21691 0.216731 0.200272 0.211318
5481250 0.186641 0.190021 0.194627 -3.21565 -43.8728 -4.62285 0.187175 0.194344 0.195765 0.186133 0.185914 0.193546
5481250 0.182309 0.200751 0.197347 14.8159 26.4877 -10.9095 0.180632 0.197977 0.19797 0.184854 0.204962 0.196402
5481250 0.185917 0.199182 0.187823 8.28287 3.22245 6.48508 0.182585 0.198186 0.18598 0.189474 0.200244 0.189789
5481250 0.203864 0.179004 0.200646 -0.905785 7.94366 4.27006 0.204719 0.175082 0.19913 0.203099 0.182511 0.202003
5481250 0.189966 0.197347 0.197626 19.147 20.2195 18.4252 0.187175 0.194344 0.195765 0.192888 0.20049 0.199574
5481250 0.207088 0.193617 0.185605 -3.53867 -10.2989 12.8882 0.207463 0.197685 0.180189 0.206856 0.191111 0.18894
5481250 0.20955 0.182997 0.214253 1.54645 -11.8451 5.54803 0.209618 0.185806 0.213183 0.209399 0.176766 0.216626
5481250 0.204191 0.189388 0.191658 4.13339 2.51576 -2.97378 0.201006 0.187327 0.194906 0.206856 0.191111 0.18894
5481250 0.215065 0.198735 0.188149 -0.127797 1.67977 0.0227238 0.216191 0.194007 0.188004 0.213852 0.203829 0.188306
5481250 0.191111 0.178946 0.183199 0.428116 8.03208 -5.63291 0.19085 0.174618 0.185306 0.191334 0.182637 0.181402
5481250 0.204529 0.195202 0.209397 16.3241 3.83249 -16.8215 0.200766 0.194291 0.212211 0.207875 0.196011 0.206895
5481250 0.197974 0.193198 0.205128 -3.95213 11.3737 -0.798801 0.199582 0.189264 0.204774 0.196692 0.196334 0.20541
5481250 0.210072 0.188406 0.214626 1.48787 4.49972 3.23021 0.209618 0.185806 0.213183 0.210791 0.192522 0.21691
5481250 0.192717 0.18733 0.207774 4.88459 -13.2125 -2.97746 0.191932 0.191367 0.208654 0.193618 0.182693 0.206763
5481250 0.200037 0.18284 0.216734 0.622788 1.9059 -5.79993 0.199181 0.180711 0.221042 0.200852 0.184868 0.21263
5481250 0.189356 0.196373 0.188159 -0.597265 11.333 6.7822 0.189201 0.191331 0.186036 0.189474 0.200244 0.189789
5481250 0.201433 0.185709 0.203316 3.82528 -5.62159 -3.41588 0.199582 0.189264 0.204774 0.203099 0.182511 0.202003
5481250 0.207618 0.185747 0.207986 0.906774 -4.02074 -1.1396 0.206473 0.188784 0.208598 0.209035 0.181986 0.207228
5481250 0.20081 0.189511 0.212423 -0.125013 -41.4898 -4.74054 0.200766 0.194291 0.212211 0.200852 0.184868 0.21263
5481250 0.207302 0.187028 0.189701 -3.68708 13.7395 -3.39889 0.207751 0.182912 0.190468 0.206856 0.191111 0.18894
5481250 0.218783 0.190068 0.199215 -20.9217 29.3686 22.766 0.22267 0.185773 0.196476 0.215518 0.193676 0.201516
5481250 0.197381 0.182021 0.185636 4.00368 -10.6274 -7.64758 0.195734 0.184757 0.18807 0.199445 0.178593 0.182587
5481250 0.197796 0.181448 0.213366 25.4668 35.0384 -12.6309 0.19564 0.179036 0.213886 0.200852 0.184868 0.21263
5481250 0.198417 0.182237 0.189563 0.0 0.0 0.0 0.195734 0.184757 0.18807 0.200712 0.17995 0.190845
5481250 0.186084 0.181997 0.19527 -1.2367 -22.4062 6.00199 0.186133 0.185914 0.193546 0.186025 0.177198 0.197384
5481250 0.19609 0.189031 0.218423 2.5618 1.5409 0.494008 0.19182 0.186323 0.216743 0.198914 0.190821 0.219534
5481250 0.208035 0.188786 0.217967 7.55509 7.75177 -1.52548 0.206037 0.186078 0.218733 0.210791 0.192522 0.21691
5481250 0.211873 0.191494 0.212388 -1.41088 0.34331 5.60613 0.212598 0.190806 0.209357 0.210791 0.192522 0.21691
5481250 0.210574 0.193036 0.208303 -4.98553 4.19167 -3.02493 0.212598 0.190806 0.209357 0.207875 0.196011 0.206895
5481250 0.207184 0.182902 0.218015 5.23412 -9.42694 -2.59955 0.206037 0.186078 0.218733 0.209399 0.176766 0.216626
5481250 0.182639 0.185369 0.195959 -7.92453 -0.621002 3.88468 0.186133 0.185914 0.193546 0.177658 0.184591 0.199399
5481250 0.199971 0.186755 0.182887 -2.47741 0.284328 -0.928378 0.203005 0.186113 0.184541 0.197088 0.187365 0.181316
5481250 0.187479 0.188291 0.19025 1.31419 4.53266 -6.59054 0.186133 0.185914 0.193546 0.189201 0.191331 0.186036
5481250 0.198384 0.195486 0.208234 -4.74881 2.44896 -11.5937 0.200766 0.194291 0.212211 0.196692 0.196334 0.20541
5481250 0.183281 0.193341 0.193734 -4.90719 -1.57936 -1.70163 0.187175 0.194344 0.195765 0.179124 0.192271 0.191566
5481250 0.209371 0.184188 0.21066 0.00866616 -0.392598 -0.83227 0.209618 0.185806 0.213183 0.209035 0.181986 0.207228
5481250 0.206399 0.186147 0.18363 -1.48887 0.0974442 0.182738 0.21162 0.1862 0.182228 0.203005 0.186113 0.184541
5481250 0.209588 0.189812 0.208984 3.7447 1.25029 -0.163686 0.206473 0.188784 0.208598 0.212598 0.190806 0.209357
5481250 0.185019 0.194649 0.204282 4.55945 0.918639 -1.51823 0.180514 0.193367 0.205117 0.188138 0.195537 0.203704
5481250 0.189804 0.193706 0.205878 -1.45257 1.75143 -2.72945 0.191932 0.191367 0.208654 0.188138 0.195537 0.203704
5481250 0.189745 0.189695 0.205474 0.0 0.0 0.0 0.191932 0.191367 0.208654 0.187399 0.187884 0.202062
5481250 0.183257 0.186484 0.20093 0.00473954 0.000868856 0.000882677 0.177658 0.184591 0.199399 0.187399 0.187884 0.202062
5481250 0.195174 0.181497 0.198116 0.0 0.0 0.0 0.19226 0.182869 0.198639 0.198061 0.180138 0.197599
5481250 0.190222 0.184972 0.200074 -0.00199303 0.00288955 0.00199164 0.19226 0.182869 0.198639 0.187399 0.187884 0.202062
5481250 0.191417 0.19462 0.194276 16.2477 1.90914 -3.08616 0.187175 0.194344 0.195765 0.195669 0.194897 0.192783
5481250 0.18247 0.184771 0.191258 0.0 0.0 0.0 0.186133 0.185914 0.193546 0.178526 0.18328 0.188794
5481250 0.182782 0.178821 0.208252 0.0 0.0 0.0 0.18061 0.176759 0.204912 0.185273 0.180899 0.212086
5481250 0.180585 0.196209 0.2009 0.0 0.0 0.0 0.180514 0.193367 0.205117 0.180632 0.197977 0.19797
5481250 0.182831 0.189033 0.192611 0.0 0.0 0.0 0.186133 0.185914 0.193546 0.179124 0.192271 0.191566
5481250 0.183835 0.191953 0.188975 0.0 0.0 0.0 0.189201 0.191331 0.186036 0.179124 0.192271 0.191566
5481250 0.182853 0.190963 0.208474 0.0 0.0 0.0 0.180514 0.193367 0.205117 0.184713 0.189011 0.211144
5481250 0.184971 0.185325 0.211582 0.0 0.0 0.0 0.185273 0.180899 0.212086 0.184713 0.189011 0.211144
5481250 0.185933 0.18862 0.207012 0.0 0.0 0.0 0.187399 0.187884 0.202062 0.184713 0.189011 0.211144
5481250 0.188129 0.190247 0.20997 0.0 0.0 0.0 0.191932 0.191367 0.208654 0.184713 0.189011 0.211144
5481250 0.185425 0.192921 0.211006 0.0 0.0 0.0 0.186185 0.196839 0.210855 0.184713 0.189011 0.211144
5481250 0.184044 0.190678 0.203553 0.0 0.0 0.0 0.180514 0.193367 0.205117 0.187399 0.187884 0.202062
5481250 0.187663 0.188016 0.213472 0.0 0.0 0.0 0.19182 0.186323 0.216743 0.184713 0.189011 0.211144
5481250 0.198024 0.183987 0.181821 0.0 0.0 0.0 0.199445 0.178593 0.182587 0.197088 0.187365 0.181316
5481250 0.193557 0.183831 0.184773 0.0 0.0 0.0 0.195734 0.184757 0.18807 0.191334 0.182637 0.181402
5481250 0.190415 0.186486 0.183384 0.0 0.0 0.0 0.189201 0.191331 0.186036 0.191334 0.182637 0.181402
5481250 0.185813 0.178874 0.192311 0.0 0.0 0.0 0.18568 0.179741 0.189055 0.186025 0.177198 0.197384
5481250 0.189867 0.180786 0.198167 0.0 0.0 0.0 0.186025 0.177198 0.197384 0.19226 0.182869 0.198639
5481250 0.189092 0.179592 0.19051 0.0 0.0 0.0 0.18568 0.179741 0.189055 0.192628 0.179184 0.192021
5481250 0.195446 0.179802 0.194912 0.0 0.0 0.0 0.192628 0.179184 0.192021 0.198061 0.180138 0.197599
5481250 0.192437 0.18121 0.195453 0.0 0.0 0.0 0.192628 0.179184 0.192021 0.19226 0.182869 0.198639
5481250 0.192806 0.18292 0.201925 0.0 0.0 0.0 0.19226 0.182869 0.198639 0.193618 0.182693 0.206763
5481250 0.192617 0.185633 0.196895 0.0 0.0 0.0 0.192952 0.188206 0.195233 0.19226 0.182869 0.198639
5481250 0.18961 0.184308 0.196448 0.0 0.0 0.0 0.186133 0.185914 0.193546 0.19226 0.182869 0.198639
5481250 0.196702 0.179693 0.191426 0.0 0.0 0.0 0.192628 0.179184 0.192021 0.200712 0.17995 0.190845
5481250 0.199343 0.18017 0.194317 0.0 0.0 0.0 0.200712 0.17995 0.190845 0.198061 0.180138 0.197599
5481250 0.200363 0.181347 0.199606 0.0 0.0 0.0 0.203099 0.182511 0.202003 0.198061 0.180138 0.197599
5481250 0.189236 0.181873 0.209561 0.0 0.0 0.0 0.185273 0.180899 0.212086 0.193618 0.182693 0.206763
5481250 0.194811 0.180645 0.21101 0.0 0.0 0.0 0.19564 0.179036 0.213886 0.193618 0.182693 0.206763
5481250 0.190399 0.1855 0.204337 0.0 0.0 0.0 0.193618 0.182693 0.206763 0.187399 0.187884 0.202062
5481250 0.194174 0.181944 0.214982 0.0 0.0 0.0 0.19564 0.179036 0.213886 0.19182 0.186323 0.216743
5481250 0.192763 0.184542 0.211512 0.0 0.0 0.0 0.19182 0.186323 0.216743 0.193618 0.182693 0.206763
5481250 0.197302 0.183924 0.209756 0.0 0.0 0.0 0.200852 0.184868 0.21263 0.193618 0.182693 0.206763
5481250 0.2035 0.179166 0.21918 0.0 0.0 0.0 0.199181 0.180711 0.221042 0.209399 0.176766 0.216626
5481250 0.203197 0.183976 0.219694 0.0 0.0 0.0 0.199181 0.180711 0.221042 0.206037 0.186078 0.218733
5481250 0.196471 0.186301 0.184383 0.0 0.0 0.0 0.195734 0.184757 0.18807 0.197088 0.187365 0.181316
5481250 0.194096 0.188986 0.183102 0.0 0.0 0.0 0.189201 0.191331 0.186036 0.197088 0.187365 0.181316
5481250 0.198309 0.193214 0.181527 0.0 0.0 0.0 0.199607 0.192722 0.185594 0.197136 0.193399 0.177849
5481250 0.194163 0.186819 0.192114 0.0 0.0 0.0 0.192952 0.188206 0.195233 0.195734 0.184757 0.18807
5481250 0.197681 0.188885 0.186822 0.0 0.0 0.0 0.195734 0.184757 0.18807 0.199607 0.192722 0.185594
5481250 0.190088 0.187323 0.194523 0.0 0.0 0.0 0.192952 0.188206 0.195233 0.186133 0.185914 0.193546
5481250 0.190593 0.190828 0.195454 0.0 0.0 0.0 0.192952 0.188206 0.195233 0.187175 0.194344 0.195765
5481250 0.194061 0.19097 0.194235 0.0 0.0 0.0 0.192952 0.188206 0.195233 0.195669 0.194897 0.192783
5481250 0.195233 0.192257 0.185775 0.0 0.0 0.0 0.199607 0.192722 0.185594 0.189201 0.191331 0.186036
5481250 0.188089 0.193104 0.191369 0.0 0.0 0.0 0.187175 0.194344 0.195765 0.189201 0.191331 0.186036
5481250 0.192745 0.193404 0.189729 0.0 0.0 0.0 0.189201 0.191331 0.186036 0.195669 0.194897 0.192783
5481250 0.190685 0.188194 0.198025 0.0 0.0 0.0 0.192952 0.188206 0.195233 0.187399 0.187884 0.202062
5481250 0.193423 0.19011 0.197697 0.0 0.0 0.0 0.192952 0.188206 0.195233 0.193935 0.192066 0.20039
5481250 0.186745 0.186997 0.197694 0.0 0.0 0.0 0.186133 0.185914 0.193546 0.187399 0.187884 0.202062
5481250 0.187287 0.191134 0.19891 0.0 0.0 0.0 0.187175 0.194344 0.195765 0.187399 0.187884 0.202062
5481250 0.191027 0.193183 0.198406 0.0 0.0 0.0 0.187175 0.194344 0.195765 0.193935 0.192066 0.20039
5481250 0.187733 0.195155 0.200351 0.0 0.0 0.0 0.187175 0.194344 0.195765 0.188138 0.195537 0.203704
5481250 0.194678 0.193419 0.197129 0.0 0.0 0.0 0.195669 0.194897 0.192783 0.193935 0.192066 0.20039
5481250 0.186077 0.199491 0.196066 0.0 0.0 0.0 0.187175 0.194344 0.195765 0.184854 0.204962 0.196402
5481250 0.199611 0.185601 0.186185 0.0 0.0 0.0 0.195734 0.184757 0.18807 0.203005 0.186113 0.184541
5481250 0.201309 0.190852 0.181655 0.0 0.0 0.0 0.199607 0.192722 0.185594 0.202658 0.189157 0.178527
5481250 0.201408 0.189339 0.185031 0.0 0.0 0.0 0.199607 0.192722 0.185594 0.203005 0.186113 0.184541
5481250 0.196045 0.187951 0.195107 0.0 0.0 0.0 0.192952 0.188206 0.195233 0.201006 0.187327 0.194906
5481250 0.201833 0.195611 0.188601 0.0 0.0 0.0 0.204027 0.198212 0.191565 0.199607 0.192722 0.185594
5481250 0.198751 0.195469 0.196057 0.0 0.0 0.0 0.195669 0.194897 0.192783 0.201837 0.195802 0.199342
5481250 0.200153 0.196797 0.192128 0.0 0.0 0.0 0.204027 0.198212 0.191565 0.195669 0.194897 0.192783
5481250 0.191127 0.190342 0.201111 0.0 0.0 0.0 0.187399 0.187884 0.202062 0.193935 0.192066 0.20039
5481250 0.187825 0.192431 0.203016 0.0 0.0 0.0 0.187399 0.187884 0.202062 0.188138 0.195537 0.203704
5481250 0.196437 0.190894 0.202335 0.0 0.0 0.0 0.199582 0.189264 0.204774 0.193935 0.192066 0.20039
5481250 0.195732 0.190445 0.20673 0.0 0.0 0.0 0.191932 0.191367 0.208654 0.199582 0.189264 0.204774
5481250 0.190991 0.193963 0.202078 0.0 0.0 0.0 0.188138 0.195537 0.203704 0.193935 0.192066 0.20039
5481250 0.193038 0.191891 0.204088 0.0 0.0 0.0 0.191932 0.191367 0.208654 0.193935 0.192066 0.20039
5481250 0.19531 0.194334 0.202904 0.0 0.0 0.0 0.196692 0.196334 0.20541 0.193935 0.192066 0.20039
5481250 0.187261 0.196244 0.206922 0.0 0.0 0.0 0.186185 0.196839 0.210855 0.188138 0.195537 0.203704
5481250 0.192311 0.193479 0.212331 0.0 0.0 0.0 0.191932 0.191367 0.208654 0.192637 0.195131 0.215448
5481250 0.189607 0.196071 0.213292 0.0 0.0 0.0 0.186185 0.196839 0.210855 0.192637 0.195131 0.215448
5481250 0.192307 0.19167 0.21597 0.0 0.0 0.0 0.19182 0.186323 0.216743 0.192637 0.195131 0.215448
5481250 0.194547 0.196315 0.218289 0.0 0.0 0.0 0.196417 0.197206 0.22107 0.192637 0.195131 0.215448
5481250 0.19505 0.198396 0.215418 0.0 0.0 0.0 0.192637 0.195131 0.215448 0.197586 0.201549 0.215381
5481250 0.18622 0.199217 0.214368 0.0 0.0 0.0 0.186185 0.196839 0.210855 0.186271 0.20237 0.219467
5481250 0.190225 0.198014 0.216974 0.0 0.0 0.0 0.192637 0.195131 0.215448 0.186271 0.20237 0.219467
5481250 0.20024 0.188494 0.200228 0.0 0.0 0.0 0.201006 0.187327 0.194906 0.199582 0.189264 0.204774
5481250 0.19732 0.193804 0.199945 0.0 0.0 0.0 0.201837 0.195802 0.199342 0.193935 0.192066 0.20039
5481250 0.1989 0.196226 0.202808 0.0 0.0 0.0 0.201837 0.195802 0.199342 0.196692 0.196334 0.20541
5481250 0.203463 0.189114 0.20693 0.0 0.0 0.0 0.206473 0.188784 0.208598 0.199582 0.189264 0.204774
5481250 0.200189 0.187283 0.208537 0.0 0.0 0.0 0.200852 0.184868 0.21263 0.199582 0.189264 0.204774
5481250 0.196064 0.192856 0.210321 0.0 0.0 0.0 0.191932 0.191367 0.208654 0.200766 0.194291 0.212211
5481250 0.19611 0.19491 0.214069 0.0 0.0 0.0 0.200766 0.194291 0.212211 0.192637 0.195131 0.215448
5481250 0.196642 0.185669 0.214553 0.0 0.0 0.0 0.200852 0.184868 0.21263 0.19182 0.186323 0.216743
5481250 0.19975 0.188377 0.216563 0.0 0.0 0.0 0.200852 0.184868 0.21263 0.198914 0.190821 0.219534
5481250 0.201231 0.193848 0.219755 0.0 0.0 0.0 0.203899 0.19707 0.220008 0.198914 0.190821 0.219534
5481250 0.197833 0.200777 0.18145 0.0 0.0 0.0 0.197884 0.200186 0.178175 0.197766 0.20131 0.186301
5481250 0.20238 0.201541 0.193061 0.0 0.0 0.0 0.204027 0.198212 0.191565 0.200139 0.205795 0.195107
5481250 0.200617 0.199523 0.217602 0.0 0.0 0.0 0.203899 0.19707 0.220008 0.197586 0.201549 0.215381
5481250 0.205974 0.181966 0.199517 0.0 0.0 0.0 0.208257 0.181328 0.197547 0.203099 0.182511 0.202003
5481250 0.209445 0.184475 0.186852 0.0 0.0 0.0 0.207751 0.182912 0.190468 0.21162 0.1862 0.182228
5481250 0.205163 0.184779 0.187231 0.0 0.0 0.0 0.207751 0.182912 0.190468 0.203005 0.186113 0.184541
5481250 0.214666 0.179626 0.187151 0.0 0.0 0.0 0.211417 0.176403 0.185318 0.217181 0.181989 0.188575
5481250 0.210557 0.179366 0.19706 0.0 0.0 0.0 0.208257 0.181328 0.197547 0.215609 0.174691 0.196013
5481250 0.205507 0.179555 0.2076 0.0 0.0 0.0 0.201078 0.176226 0.208068 0.209035 0.181986 0.207228
5481250 0.205066 0.18592 0.201648 0.0 0.0 0.0 0.207149 0.189286 0.201274 0.203099 0.182511 0.202003
5481250 0.21434 0.188437 0.201222 0.0 0.0 0.0 0.213485 0.184407 0.201017 0.215518 0.193676 0.201516
5481250 0.208092 0.185765 0.204244 0.0 0.0 0.0 0.209035 0.181986 0.207228 0.207149 0.189286 0.201274
5481250 0.205207 0.183457 0.209758 0.0 0.0 0.0 0.200852 0.184868 0.21263 0.209035 0.181986 0.207228
5481250 0.214265 0.180948 0.199169 0.0 0.0 0.0 0.213485 0.184407 0.201017 0.215609 0.174691 0.196013
5481250 0.212796 0.180467 0.20625 0.0 0.0 0.0 0.209035 0.181986 0.207228 0.216068 0.178913 0.205399
5481250 0.215992 0.185416 0.204011 0.0 0.0 0.0 0.219071 0.186388 0.207698 0.213485 0.184407 0.201017
5481250 0.204363 0.181664 0.214276 0.0 0.0 0.0 0.200852 0.184868 0.21263 0.209399 0.176766 0.216626
5481250 0.202823 0.187838 0.18137 0.0 0.0 0.0 0.203005 0.186113 0.184541 0.202658 0.189157 0.178527
5481250 0.20528 0.19814 0.187408 0.0 0.0 0.0 0.204027 0.198212 0.191565 0.207463 0.197685 0.180189
5481250 0.212548 0.195661 0.184735 0.0 0.0 0.0 0.216191 0.194007 0.188004 0.207463 0.197685 0.180189
5481250 0.209852 0.189871 0.191547 0.0 0.0 0.0 0.212787 0.188415 0.194108 0.206856 0.191111 0.18894
5481250 0.201444 0.191892 0.19723 0.0 0.0 0.0 0.201006 0.187327 0.194906 0.201837 0.195802 0.199342
5481250 0.207436 0.196572 0.192959 0.0 0.0 0.0 0.210127 0.195064 0.194061 0.204027 0.198212 0.191565
5481250 0.209962 0.188972 0.197696 0.0 0.0 0.0 0.212787 0.188415 0.194108 0.207149 0.189286 0.201274
5481250 0.213964 0.190809 0.197303 0.0 0.0 0.0 0.212787 0.188415 0.194108 0.215518 0.193676 0.201516
5481250 0.204635 0.192491 0.200358 0.0 0.0 0.0 0.201837 0.195802 0.199342 0.207149 0.189286 0.201274
5481250 0.20495 0.196029 0.203236 0.0 0.0 0.0 0.201837 0.195802 0.199342 0.207875 0.196011 0.206895
5481250 0.212083 0.194682 0.196768 0.0 0.0 0.0 0.210127 0.195064 0.194061 0.215518 0.193676 0.201516
5481250 0.206208 0.199906 0.194461 0.0 0.0 0.0 0.204027 0.198212 0.191565 0.208857 0.201694 0.19798
5481250 0.211171 0.19257 0.188501 0.0 0.0 0.0 0.216191 0.194007 0.188004 0.206856 0.191111 0.18894
5481250 0.212475 0.194774 0.19171 0.0 0.0 0.0 0.210127 0.195064 0.194061 0.216191 0.194007 0.188004
5481250 0.215573 0.196904 0.19203 0.0 0.0 0.0 0.216191 0.194007 0.188004 0.215182 0.198553 0.194601
5481250 0.207504 0.192694 0.204024 0.0 0.0 0.0 0.207149 0.189286 0.201274 0.207875 0.196011 0.206895
5481250 0.204139 0.191152 0.210074 0.0 0.0 0.0 0.206473 0.188784 0.208598 0.200766 0.194291 0.212211
5481250 0.206178 0.185562 0.212966 0.0 0.0 0.0 0.209618 0.185806 0.213183 0.200852 0.184868 0.21263
5481250 0.211065 0.188352 0.211325 0.0 0.0 0.0 0.209618 0.185806 0.213183 0.212598 0.190806 0.209357
5481250 0.213681 0.191993 0.206439 0.0 0.0 0.0 0.212598 0.190806 0.209357 0.215518 0.193676 0.201516
5481250 0.207954 0.186058 0.215767 0.0 0.0 0.0 0.209618 0.185806 0.213183 0.206037 0.186078 0.218733
5481250 0.201283 0.198703 0.209109 0.0 0.0 0.0 0.200766 0.194291 0.212211 0.201858 0.203345 0.205667
5481250 0.203924 0.197976 0.212873 0.0 0.0 0.0 0.200766 0.194291 0.212211 0.206524 0.200783 0.21342
5481250 0.213957 0.194043 0.210004 0.0 0.0 0.0 0.212598 0.190806 0.209357 0.216731 0.200272 0.211318
5481250 0.216617 0.179443 0.191239 0.0 0.0 0.0 0.215609 0.174691 0.196013 0.217181 0.181989 0.188575
5481250 0.188995 0.202658 0.198037 -16.0382 10.8249 -9.82719 0.192888 0.20049 0.199574 0.184854 0.204962 0.196402
5481250 0.18314 0.212138 0.193927 -11.5926 -2.62402 -0.888799 0.186379 0.212658 0.193695 0.179379 0.211535 0.194197
5481250 0.18954 0.208477 0.182977 -3.34182 7.73923 0.70947 0.191434 0.205425 0.182456 0.187758 0.211348 0.183466
5481250 0.196681 0.197991 0.189655 -1.99736 -15.7675 18.2878 0.197766 0.20131 0.186301 0.195669 0.194897 0.192783
5481250 0.194309 0.197633 0.196106 12.7414 -15.5501 -24.6517 0.192888 0.20049 0.199574 0.195669 0.194897 0.192783
5481250 0.192687 0.201403 0.204195 -0.688565 6.42229 17.3966 0.192888 0.20049 0.199574 0.192491 0.202291 0.208692
5481250 0.19061 0.204288 0.189848 -8.04896 -20.8631 2.55202 0.19182 0.2086 0.189911 0.189474 0.200244 0.189789
5481250 0.199179 0.20461 0.183052 4.04025 18.9986 -15.6595 0.197766 0.20131 0.186301 0.200573 0.207864 0.17985
5481250 0.192924 0.205522 0.211921 -1.8574 -11.5702 -15.9895 0.193361 0.208784 0.215181 0.192491 0.202291 0.208692
5481250 0.188655 0.213905 0.185543 -1.35369 -9.8217 -7.72679 0.189876 0.217386 0.188368 0.187758 0.211348 0.183466
5481250 0.188683 0.21094 0.192093 1.96828 -1.61435 -1.98587 0.186379 0.212658 0.193695 0.19182 0.2086 0.189911
5481250 0.194585 0.211685 0.191614 11.3712 17.7407 10.193 0.19182 0.2086 0.189911 0.197121 0.214515 0.193175
5481250 0.187781 0.215166 0.195296 8.12074 13.0187 5.7027 0.186379 0.212658 0.193695 0.189748 0.218685 0.197543
5481250 0.197128 0.214756 0.197276 1.86842 -0.754225 15.6001 0.197121 0.214515 0.193175 0.197136 0.215036 0.202036
5481250 0.193382 0.21689 0.199753 -8.97076 5.23171 -7.84491 0.197136 0.215036 0.202036 0.189748 0.218685 0.197543
5481250 0.197592 0.218453 0.19211 6.65774 23.0133 -7.14122 0.197121 0.214515 0.193175 0.19814 0.223026 0.190874
5481250 0.19606 0.212123 0.213438 6.60972 8.00553 -6.27866 0.193361 0.208784 0.215181 0.198948 0.215696 0.211574
5481250 0.191529 0.213029 0.215434 -23.1163 54.4963 -6.17252 0.193361 0.208784 0.215181 0.189264 0.218279 0.215746
5481250 0.203044 0.218107 0.212986 17.3017 6.89461 4.37715 0.198948 0.215696 0.211574 0.206727 0.220275 0.214256
5481250 0.20135 0.212843 0.20161 12.5692 -6.71786 -3.60523 0.197136 0.215036 0.202036 0.204914 0.210989 0.20125
5481250 0.20125 0.217012 0.203415 23.8413 13.2802 4.01522 0.197136 0.215036 0.202036 0.205283 0.218949 0.204767
5481250 0.201126 0.209363 0.219276 -14.3461 17.977 11.4522 0.202951 0.206744 0.217042 0.19953 0.211653 0.221229
5481250 0.205268 0.198682 0.198676 -0.796355 -0.805281 0.020973 0.208857 0.201694 0.19798 0.201837 0.195802 0.199342
5481250 0.214688 0.200511 0.192264 1.04631 -43.6528 45.4904 0.213852 0.203829 0.188306 0.215182 0.198553 0.194601
5481250 0.209695 0.203114 0.202416 -8.01398 -9.43835 -22.7532 0.210246 0.204046 0.20533 0.208857 0.201694 0.19798
5481250 0.210327 0.206012 0.185107 11.5845 -4.27776 9.86174 0.208055 0.207418 0.183046 0.213852 0.203829 0.188306
5481250 0.208566 0.205513 0.195196 -1.13513 -10.1232 6.81683 0.208361 0.208205 0.193233 0.208857 0.201694 0.19798
5481250 0.214148 0.206434 0.192836 2.99805 -14.4249 -28.1741 0.214319 0.207939 0.195452 0.213852 0.203829 0.188306
5481250 0.205199 0.199273 0.206349 23.078 -33.5849 -0.213167 0.201858 0.203345 0.205667 0.207875 0.196011 0.206895
5481250 0.203595 0.20769 0.203156 6.66333 25.6354 -18.4883 0.201858 0.203345 0.205667 0.204914 0.210989 0.20125
5481250 0.209521 0.206483 0.207118 -7.29075 13.9793 11.9306 0.210246 0.204046 0.20533 0.208222 0.210853 0.210325
5481250 0.204728 0.20378 0.215241 12.4504 -17.009 -14.9992 0.202951 0.206744 0.217042 0.206524 0.200783 0.21342
5481250 0.212346 0.202823 0.207269 11.1453 -9.62405 13.6569 0.210246 0.204046 0.20533 0.216731 0.200272 0.211318
5481250 0.204956 0.207603 0.181722 -9.87578 1.67624 -2.89916 0.208055 0.207418 0.183046 0.200573 0.207864 0.17985
5481250 0.20331 0.216472 0.182286 11.3519 -4.35186 39.3268 0.201416 0.216928 0.178269 0.205965 0.215833 0.187919
5481250 0.211978 0.214808 0.189325 -35.4097 5.94147 -2.44359 0.215521 0.214204 0.190154 0.205965 0.215833 0.187919
5481250 0.213054 0.210607 0.196088 -10.7058 37.124 8.82339 0.214319 0.207939 0.195452 0.21124 0.214432 0.197
5481250 0.207528 0.210857 0.191385 -5.17033 10.4215 -6.36936 0.208361 0.208205 0.193233 0.205965 0.215833 0.187919
5481250 0.207964 0.212649 0.199201 -26.4144 -11.7946 11.9158 0.21124 0.214432 0.197 0.204914 0.210989 0.20125
5481250 0.212861 0.217678 0.199365 -7.84024 -27.7984 -18.3637 0.214424 0.220808 0.201645 0.21124 0.214432 0.197
5481250 0.212158 0.218201 0.195072 1.41726 20.151 -11.4606 0.21124 0.214432 0.197 0.212995 0.221639 0.193314
5481250 0.216002 0.21513 0.207907 3.75141 -6.18672 -9.43758 0.214598 0.216653 0.210142 0.218498 0.212423 0.203932
5481250 0.207174 0.198489 0.210283 0.343925 -11.8952 -18.2019 0.206524 0.200783 0.21342 0.207875 0.196011 0.206895
5481250 0.200147 0.214322 0.186164 15.487 2.48074 6.91493 0.196592 0.213399 0.185091 0.205965 0.215833 0.187919
5481250 0.194808 0.213573 0.181709 1.82212 0.0554367 2.49487 0.192931 0.213756 0.17815 0.196592 0.213399 0.185091
5481250 0.207149 0.203787 0.205454 -3.41602 -0.544556 0.630315 0.210246 0.204046 0.20533 0.201858 0.203345 0.205667
5481250 0.212345 0.214603 0.210207 -11.8191 -7.8225 -0.268775 0.214598 0.216653 0.210142 0.208222 0.210853 0.210325
5481250 0.181795 0.202033 0.193719 4.54964 4.18211 2.66423 0.17994 0.200258 0.192092 0.184854 0.204962 0.196402
5481250 0.207859 0.204184 0.182097 0.157533 -3.34348 -0.560963 0.208055 0.207418 0.183046 0.207463 0.197685 0.180189
5481250 0.216921 0.198811 0.200723 -5.70407 -36.3906 9.92172 0.218121 0.203197 0.200046 0.215518 0.193676 0.201516
5481250 0.215827 0.206058 0.197274 -19.9209 17.1037 -17.8658 0.218121 0.203197 0.200046 0.214319 0.207939 0.195452
5481250 0.21038 0.20059 0.212626 11.3606 -1.16224 -4.21388 0.206524 0.200783 0.21342 0.216731 0.200272 0.211318
5481250 0.204469 0.216543 0.19396 -0.362546 0.682181 3.69968 0.205965 0.215833 0.187919 0.203684 0.216916 0.19713
5481250 0.201234 0.199594 0.189216 1.53233 -0.435106 1.06839 0.197766 0.20131 0.186301 0.204027 0.198212 0.191565
5481250 0.206689 0.205947 0.18576 -1.75073 -1.5824 4.47644 0.208055 0.207418 0.183046 0.205361 0.204518 0.188396
5481250 0.200624 0.215037 0.191093 7.72915 0.254607 -3.36287 0.197121 0.214515 0.193175 0.205965 0.215833 0.187919
5481250 0.195796 0.208222 0.204915 -0.572552 -0.947931 -7.8291 0.196082 0.209079 0.207912 0.195518 0.207385 0.201989
5481250 0.197191 0.211641 0.20933 -9.28651 -22.3125 -7.78798 0.198948 0.215696 0.211574 0.196082 0.209079 0.207912
5481250 0.187828 0.214617 0.191487 7.81983 10.8575 -16.6699 0.186379 0.212658 0.193695 0.189876 0.217386 0.188368
5481250 0.185775 0.209609 0.194767 -4.91344 -26.218 4.68681 0.186379 0.212658 0.193695 0.184854 0.204962 0.196402
5481250 0.194483 0.204673 0.201039 14.8167 39.9436 6.77964 0.192888 0.20049 0.199574 0.195518 0.207385 0.201989
5481250 0.196832 0.202779 0.20729 -23.3406 -1.37128 3.78908 0.201858 0.203345 0.205667 0.192491 0.202291 0.208692
5481250 0.196295 0.202983 0.197475 6.11368 5.1819 -5.57466 0.192888 0.20049 0.199574 0.200139 0.205795 0.195107
5481250 0.203369 0.205005 0.190956 -2.56466 1.20654 2.95673 0.205361 0.204518 0.188396 0.200139 0.205795 0.195107
5481250 0.202854 0.208749 0.1986 0.387154 0.648136 0.621704 0.200139 0.205795 0.195107 0.204914 0.210989 0.20125
5481250 0.218883 0.215297 0.199354 -1.0688 -2.60518 3.85009 0.219161 0.217378 0.196039 0.218498 0.212423 0.203932
5481250 0.194147 0.203662 0.184103 -4.47289 2.94441 -1.72932 0.197766 0.20131 0.186301 0.191434 0.205425 0.182456
5481250 0.186712 0.203158 0.188556 -14.4731 14.3953 -9.97125 0.189474 0.200244 0.189789 0.183976 0.206044 0.187334
5481250 0.198224 0.206953 0.20708 9.72181 -8.0225 -5.36064 0.196082 0.209079 0.207912 0.201858 0.203345 0.205667
5481250 0.204236 0.214255 0.19898 0.166491 -3.24941 1.80823 0.203684 0.216916 0.19713 0.204914 0.210989 0.20125
5481250 0.198708 0.19907 0.20551 -7.50327 -11.2625 -2.47578 0.201858 0.203345 0.205667 0.196692 0.196334 0.20541
5481250 0.207817 0.212208 0.215718 1.40235 3.49288 17.9747 0.208222 0.210853 0.210325 0.207471 0.213366 0.220327
5481250 0.217195 0.208451 0.194669 2.94796 0.785619 -0.387058 0.214319 0.207939 0.195452 0.221987 0.209306 0.193365
5481250 0.198778 0.196588 0.185912 0.275228 -2.83109 -0.551806 0.197766 0.20131 0.186301 0.199607 0.192722 0.185594
5481250 0.20512 0.208435 0.214278 2.55725 2.99183 -4.66457 0.202951 0.206744 0.217042 0.208222 0.210853 0.210325
5481250 0.184374 0.205553 0.191447 -3.52771 0.272761 -15.8552 0.184854 0.204962 0.196402 0.183976 0.206044 0.187334
5481250 0.206624 0.215257 0.207302 -1.42717 8.6479 -6.19643 0.208222 0.210853 0.210325 0.205283 0.218949 0.204767
5481250 0.193134 0.209867 0.207206 -9.60803 3.26406 -3.97109 0.196082 0.209079 0.207912 0.186946 0.211521 0.205723
5481250 0.190226 0.205948 0.217076 -11.5929 -10.8277 4.27996 0.193361 0.208784 0.215181 0.186271 0.20237 0.219467
5481250 0.200217 0.204097 0.216196 -8.70039 -7.77026 -4.56119 0.202951 0.206744 0.217042 0.197586 0.201549 0.215381
5481250 0.194394 0.211188 0.187311 3.10757 3.94706 -2.70624 0.19182 0.2086 0.189911 0.196592 0.213399 0.185091
5481250 0.211487 0.208065 0.194397 2.6586 -0.471004 1.33801 0.208361 0.208205 0.193233 0.214319 0.207939 0.195452
5481250 0.193559 0.215199 0.186571 -22.4374 9.37265 7.74336 0.196592 0.213399 0.185091 0.189876 0.217386 0.188368
5481250 0.19615 0.210373 0.202007 -9.23679 -39.4093 -6.66771 0.197136 0.215036 0.202036 0.195518 0.207385 0.201989
5481250 0.18457 0.215388 0.193381 -3.00025 4.44347 -1.39097 0.186379 0.212658 0.193695 0.182315 0.21879 0.192991
5481250 0.195098 0.198075 0.202965 14.3387 -13.3803 15.0811 0.192888 0.20049 0.199574 0.196692 0.196334 0.20541
5481250 0.185759 0.2078 0.200434 -3.24103 -8.61332 -17.6865 0.186946 0.211521 0.205723 0.184854 0.204962 0.196402
5481250 0.194466 0.218401 0.204104 20.701 -25.6429 -9.83532 0.191794 0.221769 0.206172 0.197136 0.215036 0.202036
5481250 0.195695 0.204787 0.215291 21.7038 -35.3903 -5.56662 0.193361 0.208784 0.215181 0.197586 0.201549 0.215381
5481250 0.198363 0.210936 0.182759 6.72611 -14.8878 -12.3167 0.196592 0.213399 0.185091 0.200573 0.207864 0.17985
5481250 0.198436 0.210714 0.194017 4.90089 -9.65148 1.33463 0.197121 0.214515 0.193175 0.200139 0.205795 0.195107
5481250 0.197833 0.20591 0.203332 4.16455 -2.7907 3.52129 0.195518 0.207385 0.201989 0.201858 0.203345 0.205667
5481250 0.204963 0.207008 0.20794 -5.14746 -8.03477 -3.39716 0.208222 0.210853 0.210325 0.201858 0.203345 0.205667
5481250 0.190866 0.212913 0.189154 -1.55278 3.9562 -0.90792 0.19182 0.2086 0.189911 0.189876 0.217386 0.188368
5481250 0.188184 0.215132 0.211079 0.342073 0.732421 0.845829 0.186946 0.211521 0.205723 0.189264 0.218279 0.215746
5481250 0.181623 0.217206 0.19671 0.178352 0.434745 -0.696743 0.181105 0.216022 0.199489 0.182315 0.21879 0.192991
5481250 0.181262 0.210912 0.202473 3.59035 0.00719005 1.47243 0.178625 0.21063 0.200965 0.186946 0.211521 0.205723
5481250 0.216068 0.196666 0.205959 0.604294 -7.23756 -9.76511 0.216731 0.200272 0.211318 0.215518 0.193676 0.201516
5481250 0.218294 0.207433 0.20183 1.96455 13.5476 7.83609 0.218121 0.203197 0.200046 0.218498 0.212423 0.203932
5481250 0.194905 0.198962 0.206807 0.0 0.0 0.0 0.192491 0.202291 0.208692 0.196692 0.196334 0.20541
5481250 0.194625 0.206326 0.208229 -7.21076 -12.2594 -0.724644 0.196082 0.209079 0.207912 0.192491 0.202291 0.208692
5481250 0.205085 0.214676 0.202879 -0.839747 -3.76955 -1.80025 0.205283 0.218949 0.204767 0.204914 0.210989 0.20125
5481250 0.204985 0.209723 0.21852 5.73307 8.08795 2.3336 0.202951 0.206744 0.217042 0.207471 0.213366 0.220327
5481250 0.207087 0.216935 0.217191 0.35088 -1.45364 1.69414 0.206727 0.220275 0.214256 0.207471 0.213366 0.220327
5481250 0.183044 0.216063 0.208443 -0.390244 0.642044 0.29703 0.186946 0.211521 0.205723 0.180805 0.218669 0.210004
5481250 0.189755 0.217459 0.205983 -7.54925 -24.6122 0.68167 0.191794 0.221769 0.206172 0.186946 0.211521 0.205723
5481250 0.209083 0.215005 0.193286 11.4769 -2.32897 14.0134 0.205965 0.215833 0.187919 0.21124 0.214432 0.197
5481250 0.210499 0.206501 0.191315 0.876335 -0.504332 -0.574873 0.208361 0.208205 0.193233 0.213852 0.203829 0.188306
5481250 0.203314 0.213416 0.210986 2.05223 -1.46558 -0.104047 0.198948 0.215696 0.211574 0.208222 0.210853 0.210325
5481250 0.204751 0.203626 0.196627 -8.71087 5.94366 -3.70198 0.208857 0.201694 0.19798 0.200139 0.205795 0.195107
5481250 0.212683 0.199794 0.195936 2.87577 -2.01689 -2.07245 0.208857 0.201694 0.19798 0.215182 0.198553 0.194601
5481250 0.182372 0.206848 0.205015 -1.38563 -1.59044 -0.551879 0.186946 0.211521 0.205723 0.178752 0.203149 0.204455
5481250 0.190092 0.197574 0.202006 -3.61912 -3.8539 2.13251 0.192888 0.20049 0.199574 0.188138 0.195537 0.203704
5481250 0.207402 0.213927 0.182128 1.65962 -1.11655 -3.93914 0.205965 0.215833 0.187919 0.208197 0.212872 0.178925
5481250 0.217285 0.215743 0.193007 -1.64815 -1.33315 -3.61828 0.219161 0.217378 0.196039 0.215521 0.214204 0.190154
5481250 0.182235 0.218292 0.201212 0.313702 0.619807 0.654119 0.181105 0.216022 0.199489 0.183656 0.221146 0.203378
5481250 0.198897 0.203448 0.190498 0.726888 2.07636 2.84593 0.197766 0.20131 0.186301 0.200139 0.205795 0.195107
5481250 0.201847 0.199272 0.202252 -0.137682 -0.920938 -0.990492 0.201858 0.203345 0.205667 0.201837 0.195802 0.199342
5481250 0.216198 0.217157 0.202641 2.5201 -3.66106 0.815601 0.214424 0.220808 0.201645 0.218498 0.212423 0.203932
5481250 0.187753 0.207275 0.188575 -6.10956 -1.85272 -3.16502 0.19182 0.2086 0.189911 0.183976 0.206044 0.187334
5481250 0.181747 0.208693 0.19515 3.7588 -3.24751 1.25237 0.179379 0.211535 0.194197 0.184854 0.204962 0.196402
5481250 0.191607 0.206846 0.185792 -1.09341 -2.11253 -4.79284 0.19182 0.2086 0.189911 0.191434 0.205425 0.182456
5481250 0.194985 0.20896 0.210844 1.49939 -0.370325 -3.25948 0.193361 0.208784 0.215181 0.196082 0.209079 0.207912
5481250 0.198024 0.215359 0.206712 -1.1134 -1.002 -4.43482 0.198948 0.215696 0.211574 0.197136 0.215036 0.202036
5481250 0.189812 0.218038 0.19297 0.304464 0.373883 2.1105 0.189876 0.217386 0.188368 0.189748 0.218685 0.197543
5481250 0.208631 0.204253 0.188361 1.12073 0.0836963 0.0230791 0.205361 0.204518 0.188396 0.213852 0.203829 0.188306
5481250 0.180336 0.214143 0.197135 0.0 0.0 0.0 0.181105 0.216022 0.199489 0.179379 0.211535 0.194197
5481250 0.187956 0.205831 0.184727 0.0 0.0 0.0 0.191434 0.205425 0.182456 0.183976 0.206044 0.187334
5481250 0.18186 0.204193 0.200355 0.0 0.0 0.0 0.178752 0.203149 0.204455 0.184854 0.204962 0.196402
5481250 0.182962 0.214711 0.201474 0.0 0.0 0.0 0.181105 0.216022 0.199489 0.186946 0.211521 0.205723
5481250 0.185858 0.218249 0.190825 0.0 0.0 0.0 0.189876 0.217386 0.188368 0.182315 0.21879 0.192991
5481250 0.184871 0.217709 0.204247 0.0 0.0 0.0 0.183656 0.221146 0.203378 0.186946 0.211521 0.205723
5481250 0.193495 0.19573 0.200054 0.0 0.0 0.0 0.192888 0.20049 0.199574 0.193935 0.192066 0.20039
5481250 0.189512 0.210276 0.186254 0.0 0.0 0.0 0.19182 0.2086 0.189911 0.187758 0.211348 0.183466
5481250 0.190525 0.203141 0.185848 0.0 0.0 0.0 0.189474 0.200244 0.189789 0.191434 0.205425 0.182456
5481250 0.195381 0.206597 0.181325 0.0 0.0 0.0 0.191434 0.205425 0.182456 0.200573 0.207864 0.17985
5481250 0.192 0.209629 0.19429 0.0 0.0 0.0 0.19182 0.2086 0.189911 0.192138 0.210255 0.197468
5481250 0.195623 0.207435 0.192284 0.0 0.0 0.0 0.19182 0.2086 0.189911 0.200139 0.205795 0.195107
5481250 0.188531 0.207001 0.192974 0.0 0.0 0.0 0.19182 0.2086 0.189911 0.184854 0.204962 0.196402
5481250 0.194676 0.205216 0.188172 0.0 0.0 0.0 0.197766 0.20131 0.186301 0.19182 0.2086 0.189911
5481250 0.196846 0.214052 0.188985 0.0 0.0 0.0 0.197121 0.214515 0.193175 0.196592 0.213399 0.185091
5481250 0.189269 0.211577 0.195587 0.0 0.0 0.0 0.186379 0.212658 0.193695 0.192138 0.210255 0.197468
5481250 0.194336 0.212265 0.195565 0.0 0.0 0.0 0.192138 0.210255 0.197468 0.197121 0.214515 0.193175
5481250 0.195172 0.20869 0.196567 0.0 0.0 0.0 0.192138 0.210255 0.197468 0.200139 0.205795 0.195107
5481250 0.189267 0.2083 0.197046 0.0 0.0 0.0 0.192138 0.210255 0.197468 0.184854 0.204962 0.196402
5481250 0.187368 0.202513 0.1928 0.0 0.0 0.0 0.189474 0.200244 0.189789 0.184854 0.204962 0.196402
5481250 0.193326 0.200858 0.188162 0.0 0.0 0.0 0.197766 0.20131 0.186301 0.189474 0.200244 0.189789
5481250 0.191084 0.200478 0.194395 0.0 0.0 0.0 0.192888 0.20049 0.199574 0.189474 0.200244 0.189789
5481250 0.193878 0.20885 0.1998 0.0 0.0 0.0 0.192138 0.210255 0.197468 0.195518 0.207385 0.201989
5481250 0.190417 0.210707 0.200202 0.0 0.0 0.0 0.192138 0.210255 0.197468 0.186946 0.211521 0.205723
5481250 0.194163 0.212323 0.199316 0.0 0.0 0.0 0.192138 0.210255 0.197468 0.197136 0.215036 0.202036
5481250 0.197206 0.206925 0.199474 0.0 0.0 0.0 0.195518 0.207385 0.201989 0.200139 0.205795 0.195107
5481250 0.195686 0.217399 0.183572 0.0 0.0 0.0 0.194541 0.222199 0.181658 0.196592 0.213399 0.185091
5481250 0.191145 0.213868 0.197496 0.0 0.0 0.0 0.192138 0.210255 0.197468 0.189748 0.218685 0.197543
5481250 0.193722 0.215979 0.190917 0.0 0.0 0.0 0.197121 0.214515 0.193175 0.189876 0.217386 0.188368
5481250 0.193648 0.216595 0.195229 0.0 0.0 0.0 0.197121 0.214515 0.193175 0.189748 0.218685 0.197543
5481250 0.201805 0.199921 0.18375 0.0 0.0 0.0 0.197766 0.20131 0.186301 0.207463 0.197685 0.180189
5481250 0.201057 0.200516 0.197392 0.0 0.0 0.0 0.200139 0.205795 0.195107 0.201837 0.195802 0.199342
5481250 0.197455 0.198218 0.199455 0.0 0.0 0.0 0.192888 0.20049 0.199574 0.201837 0.195802 0.199342
5481250 0.205192 0.207393 0.193951 0.0 0.0 0.0 0.208361 0.208205 0.193233 0.200139 0.205795 0.195107
5481250 0.202296 0.203343 0.187546 0.0 0.0 0.0 0.197766 0.20131 0.186301 0.205361 0.204518 0.188396
5481250 0.201 0.204688 0.200386 0.0 0.0 0.0 0.200139 0.205795 0.195107 0.201858 0.203345 0.205667
5481250 0.197107 0.201952 0.202437 0.0 0.0 0.0 0.192888 0.20049 0.199574 0.201858 0.203345 0.205667
5481250 0.198818 0.215143 0.181938 0.0 0.0 0.0 0.201416 0.216928 0.178269 0.196592 0.213399 0.185091
5481250 0.200761 0.215963 0.195365 0.0 0.0 0.0 0.197121 0.214515 0.193175 0.203684 0.216916 0.19713
5481250 0.190709 0.210036 0.211271 0.0 0.0 0.0 0.193361 0.208784 0.215181 0.186946 0.211521 0.205723
5481250 0.196501 0.21156 0.20558 0.0 0.0 0.0 0.196082 0.209079 0.207912 0.197136 0.215036 0.202036
5481250 0.192798 0.208818 0.203173 0.0 0.0 0.0 0.186946 0.211521 0.205723 0.195518 0.207385 0.201989
5481250 0.19431 0.205469 0.204667 0.0 0.0 0.0 0.195518 0.207385 0.201989 0.192491 0.202291 0.208692
5481250 0.192853 0.213678 0.203584 0.0 0.0 0.0 0.186946 0.211521 0.205723 0.197136 0.215036 0.202036
5481250 0.190212 0.206205 0.207472 0.0 0.0 0.0 0.186946 0.211521 0.205723 0.192491 0.202291 0.208692
5481250 0.195294 0.202003 0.212372 0.0 0.0 0.0 0.192491 0.202291 0.208692 0.197586 0.201549 0.215381
5481250 0.196915 0.210559 0.218666 0.0 0.0 0.0 0.193361 0.208784 0.215181 0.19953 0.211653 0.221229
5481250 0.196713 0.203205 0.218926 0.0 0.0 0.0 0.195645 0.204962 0.223269 0.197586 0.201549 0.215381
5481250 0.18859 0.215847 0.200918 0.0 0.0 0.0 0.186946 0.211521 0.205723 0.189748 0.218685 0.197543
5481250 0.201946 0.201299 0.214424 0.0 0.0 0.0 0.206524 0.200783 0.21342 0.197586 0.201549 0.215381
5481250 0.198567 0.207798 0.21619 0.0 0.0 0.0 0.193361 0.208784 0.215181 0.202951 0.206744 0.217042
5481250 0.201008 0.216264 0.199124 0.0 0.0 0.0 0.197136 0.215036 0.202036 0.203684 0.216916 0.19713
5481250 0.199597 0.20605 0.219899 0.0 0.0 0.0 0.202951 0.206744 0.217042 0.195645 0.204962 0.223269
5481250 0.199421 0.217831 0.216086 0.0 0.0 0.0 0.198948 0.215696 0.211574 0.19986 0.219572 0.220257
5481250 0.194457 0.217014 0.213507 0.0 0.0 0.0 0.198948 0.215696 0.211574 0.189264 0.218279 0.215746
5481250 0.202211 0.217489 0.208066 0.0 0.0 0.0 0.198948 0.215696 0.211574 0.205283 0.218949 0.204767
5481250 0.206047 0.202411 0.185718 0.0 0.0 0.0 0.205361 0.204518 0.188396 0.207463 0.197685 0.180189
5481250 0.216362 0.200541 0.196786 0.0 0.0 0.0 0.218121 0.203197 0.200046 0.215182 0.198553 0.194601
5481250 0.211973 0.198065 0.199633 0.0 0.0 0.0 0.208857 0.201694 0.19798 0.215518 0.193676 0.201516
5481250 0.209245 0.200774 0.205991 0.0 0.0 0.0 0.210246 0.204046 0.20533 0.207875 0.196011 0.206895
5481250 0.211382 0.197819 0.208648 0.0 0.0 0.0 0.216731 0.200272 0.211318 0.207875 0.196011 0.206895
5481250 0.208457 0.197168 0.214999 0.0 0.0 0.0 0.206524 0.200783 0.21342 0.210791 0.192522 0.21691
5481250 0.207323 0.210484 0.184748 0.0 0.0 0.0 0.208055 0.207418 0.183046 0.205965 0.215833 0.187919
5481250 0.211398 0.213445 0.184682 0.0 0.0 0.0 0.205965 0.215833 0.187919 0.215399 0.211483 0.18231
5481250 0.213551 0.214427 0.193298 0.0 0.0 0.0 0.215521 0.214204 0.190154 0.21124 0.214432 0.197
5481250 0.212192 0.205625 0.196432 0.0 0.0 0.0 0.208857 0.201694 0.19798 0.214319 0.207939 0.195452
5481250 0.209615 0.211032 0.194866 0.0 0.0 0.0 0.208361 0.208205 0.193233 0.21124 0.214432 0.197
5481250 0.20685 0.206464 0.190789 0.0 0.0 0.0 0.208361 0.208205 0.193233 0.205361 0.204518 0.188396
5481250 0.21123 0.202827 0.193382 0.0 0.0 0.0 0.208857 0.201694 0.19798 0.213852 0.203829 0.188306
5481250 0.213027 0.208214 0.19825 0.0 0.0 0.0 0.214319 0.207939 0.195452 0.211744 0.208233 0.201065
5481250 0.211529 0.210911 0.199386 0.0 0.0 0.0 0.21124 0.214432 0.197 0.211744 0.208233 0.201065
5481250 0.210633 0.205758 0.199864 0.0 0.0 0.0 0.208857 0.201694 0.19798 0.211744 0.208233 0.201065
5481250 0.20556 0.202592 0.2016 0.0 0.0 0.0 0.208857 0.201694 0.19798 0.201858 0.203345 0.205667
5481250 0.214303 0.217913 0.191679 0.0 0.0 0.0 0.215521 0.214204 0.190154 0.212995 0.221639 0.193314
5481250 0.206937 0.215959 0.197066 0.0 0.0 0.0 0.203684 0.216916 0.19713 0.21124 0.214432 0.197
5481250 0.213557 0.202579 0.199026 0.0 0.0 0.0 0.218121 0.203197 0.200046 0.208857 0.201694 0.19798
5481250 0.214466 0.213659 0.200076 0.0 0.0 0.0 0.218498 0.212423 0.203932 0.21124 0.214432 0.197
5481250 0.215398 0.216097 0.196491 0.0 0.0 0.0 0.219161 0.217378 0.196039 0.21124 0.214432 0.197
5481250 0.208809 0.209543 0.201138 0.0 0.0 0.0 0.211744 0.208233 0.201065 0.204914 0.210989 0.20125
5481250 0.211018 0.206244 0.20317 0.0 0.0 0.0 0.210246 0.204046 0.20533 0.211744 0.208233 0.201065
5481250 0.206304 0.211051 0.205056 0.0 0.0 0.0 0.208222 0.210853 0.210325 0.204914 0.210989 0.20125
5481250 0.207229 0.205077 0.212136 0.0 0.0 0.0 0.208222 0.210853 0.210325 0.206524 0.200783 0.21342
5481250 0.204538 0.201998 0.210115 0.0 0.0 0.0 0.206524 0.200783 0.21342 0.201858 0.203345 0.205667
5481250 0.208277 0.202103 0.216764 0.0 0.0 0.0 0.210739 0.203655 0.22147 0.206524 0.200783 0.21342
5481250 0.207389 0.216211 0.21251 0.0 0.0 0.0 0.208222 0.210853 0.210325 0.206727 0.220275 0.214256
5481250 0.214267 0.206366 0.200655 0.0 0.0 0.0 0.218121 0.203197 0.200046 0.211744 0.208233 0.201065
5481250 0.21417 0.209771 0.202094 0.0 0.0 0.0 0.218498 0.212423 0.203932 0.211744 0.208233 0.201065
5481250 0.213434 0.21177 0.207082 0.0 0.0 0.0 0.208222 0.210853 0.210325 0.218498 0.212423 0.203932
5481250 0.212875 0.211267 0.213441 0.0 0.0 0.0 0.208222 0.210853 0.210325 0.217901 0.211462 0.216813
5481250 0.206166 0.205593 0.21887 0.0 0.0 0.0 0.202951 0.206744 0.217042 0.210739 0.203655 0.22147
5481250 0.204339 0.217869 0.200276 0.0 0.0 0.0 0.205283 0.218949 0.204767 0.203684 0.216916 0.19713
5481250 0.217545 0.202107 0.204719 0.0 0.0 0.0 0.218121 0.203197 0.200046 0.216731 0.200272 0.211318
