# ts x y z Fx Fy Fz x1 y1 z1 x2 y2 z2
1931250 0.185807 0.195245 0.18787 6.21142 1.90005 4.85168 0.182497 0.194159 0.18604 0.189341 0.196404 0.189825
1931250 0.183406 0.192587 0.197131 -8.61611 4.66297 1.27933 0.187187 0.1905 0.195851 0.180635 0.194116 0.19807
1931250 0.188947 0.198891 0.198091 -6.51756 2.61322 -1.43016 0.192887 0.196739 0.199533 0.184756 0.201178 0.196558
1931250 0.183622 0.191341 0.208159 5.45339 3.58093 3.94487 0.180524 0.189438 0.205092 0.186246 0.192954 0.210756
1931250 0.194403 0.181251 0.181428 9.00128 6.76449 1.31732 0.191347 0.178502 0.181492 0.196886 0.183483 0.181376
1931250 0.198043 0.186001 0.183237 -6.21605 -8.66944 -7.4688 0.199418 0.188992 0.185449 0.196886 0.183483 0.181376
1931250 0.1998 0.182851 0.18288 -2.24417 0.569329 -0.746394 0.202866 0.182185 0.184463 0.196886 0.183483 0.181376
1931250 0.185934 0.178593 0.191122 3.03101 22.1208 11.5437 0.185818 0.175842 0.189181 0.186081 0.182087 0.193586
1931250 0.192878 0.183648 0.187239 -6.81656 5.09784 -2.00943 0.195596 0.180824 0.188111 0.189172 0.187497 0.186051
1931250 0.197909 0.182 0.191176 2.13606 1.14867 4.00599 0.195596 0.180824 0.188111 0.200785 0.183462 0.194988
1931250 0.188266 0.179282 0.214172 9.0566 5.8981 7.2286 0.185381 0.176734 0.212108 0.191784 0.18239 0.216689
1931250 0.196569 0.18165 0.214468 -4.67264 -0.0724014 1.95047 0.200746 0.181003 0.212528 0.191784 0.18239 0.216689
1931250 0.197654 0.189995 0.188857 -6.09872 2.18083 8.30434 0.199418 0.188992 0.185449 0.195645 0.191136 0.192737
1931250 0.192379 0.193865 0.191228 -11.2773 10.9046 -3.15062 0.195645 0.191136 0.192737 0.189341 0.196404 0.189825
1931250 0.196567 0.194241 0.189588 -1.78366 -4.98166 3.76551 0.197555 0.19757 0.186212 0.195645 0.191136 0.192737
1931250 0.194296 0.193878 0.196062 2.63773 -9.64292 -13.4081 0.192887 0.196739 0.199533 0.195645 0.191136 0.192737
1931250 0.19506 0.194313 0.202942 2.40572 -3.035 5.55945 0.192887 0.196739 0.199533 0.196627 0.192563 0.205401
1931250 0.192632 0.19769 0.204144 -1.22964 0.661384 7.29164 0.192887 0.196739 0.199533 0.192384 0.198615 0.208633
1931250 0.196211 0.199306 0.197386 0.652307 0.413876 -0.271795 0.192887 0.196739 0.199533 0.19996 0.202201 0.194965
1931250 0.198086 0.187492 0.193806 -16.0375 17.4205 -7.19826 0.200785 0.183462 0.194988 0.195645 0.191136 0.192737
1931250 0.202358 0.190815 0.183508 6.51436 3.94105 -6.02997 0.199418 0.188992 0.185449 0.207385 0.193934 0.180187
1931250 0.202903 0.188138 0.187142 2.79073 -0.295683 1.70618 0.199418 0.188992 0.185449 0.206574 0.187238 0.188925
1931250 0.199035 0.200927 0.183049 2.5275 4.75941 -6.27849 0.197555 0.19757 0.186212 0.200494 0.204236 0.179932
1931250 0.189115 0.1956 0.209763 14.1564 9.56298 -3.2865 0.186246 0.192954 0.210756 0.192384 0.198615 0.208633
1931250 0.196711 0.199086 0.207177 -7.23908 -2.03847 2.71611 0.201721 0.199631 0.205492 0.192384 0.198615 0.208633
1931250 0.199534 0.188494 0.216502 -1.11796 -1.13016 2.77927 0.200551 0.190566 0.212307 0.198786 0.18697 0.21959
1931250 0.20456 0.184494 0.186501 0.869621 1.77853 1.63731 0.202866 0.182185 0.184463 0.206574 0.187238 0.188925
1931250 0.200676 0.179012 0.192726 -0.192545 -3.83543 -2.78411 0.200785 0.183462 0.194988 0.2006 0.17595 0.19117
1931250 0.210082 0.181908 0.192384 4.79632 4.30822 4.1411 0.207558 0.179068 0.190567 0.212533 0.184666 0.19415
1931250 0.212823 0.18238 0.197528 -1.60107 4.89063 -10.0692 0.213101 0.180184 0.200774 0.212533 0.184666 0.19415
1931250 0.201967 0.180714 0.198986 3.10972 -4.45082 6.0103 0.200785 0.183462 0.194988 0.202876 0.178602 0.202059
1931250 0.204203 0.184486 0.198482 7.83126 1.23587 6.06443 0.200785 0.183462 0.194988 0.20699 0.185321 0.201332
1931250 0.211105 0.188493 0.193938 0.902266 -4.04041 0.549216 0.210032 0.191369 0.19378 0.212533 0.184666 0.19415
1931250 0.213721 0.186906 0.19736 0.461932 0.9725 0.995922 0.212533 0.184666 0.19415 0.215285 0.189855 0.201586
1931250 0.214123 0.187192 0.191354 -5.42427 -5.48917 7.54769 0.216013 0.190195 0.188032 0.212533 0.184666 0.19415
1931250 0.20669 0.185143 0.20539 0.958742 0.211405 -4.04723 0.206446 0.184999 0.208681 0.20699 0.185321 0.201332
1931250 0.208027 0.183358 0.211071 3.92627 -2.64199 5.77231 0.206446 0.184999 0.208681 0.209467 0.181864 0.213248
1931250 0.204078 0.183339 0.210279 -3.26364 -1.71807 2.64417 0.206446 0.184999 0.208681 0.200746 0.181003 0.212528
1931250 0.210562 0.187274 0.201441 -9.51373 -7.35589 -0.136557 0.215285 0.189855 0.201586 0.20699 0.185321 0.201332
1931250 0.20697 0.188171 0.207928 2.36797 7.43231 -1.25034 0.206446 0.184999 0.208681 0.207647 0.192261 0.206956
1931250 0.212243 0.181761 0.214399 3.86826 -0.715622 2.05064 0.209467 0.181864 0.213248 0.215959 0.181623 0.215939
1931250 0.205134 0.19481 0.198651 -6.10544 -3.85543 0.727131 0.208675 0.197863 0.197898 0.201749 0.19189 0.199371
1931250 0.208566 0.189618 0.191722 -3.73606 -3.21342 -3.64993 0.210032 0.191369 0.19378 0.206574 0.187238 0.188925
1931250 0.212559 0.193061 0.194227 2.3951 2.15856 0.715857 0.210032 0.191369 0.19378 0.215101 0.194763 0.194677
1931250 0.209497 0.193925 0.195401 -2.08715 5.22704 4.02514 0.210032 0.191369 0.19378 0.208675 0.197863 0.197898
1931250 0.21461 0.196722 0.192335 1.11376 -3.48789 5.87358 0.213777 0.200039 0.188368 0.215101 0.194763 0.194677
1931250 0.217999 0.193704 0.19489 -5.86576 2.99051 0.220454 0.221856 0.192295 0.195173 0.215101 0.194763 0.194677
1931250 0.204307 0.191463 0.209475 1.51108 0.634489 -1.00438 0.200551 0.190566 0.212307 0.207647 0.192261 0.206956
1931250 0.205011 0.195539 0.206305 7.43703 -6.74857 1.21906 0.201721 0.199631 0.205492 0.207647 0.192261 0.206956
1931250 0.211019 0.191198 0.204585 -6.22208 1.08234 5.41868 0.215285 0.189855 0.201586 0.207647 0.192261 0.206956
1931250 0.203462 0.203998 0.203018 2.58739 12.7638 -6.98012 0.201721 0.199631 0.205492 0.204784 0.207313 0.201139
1931250 0.217186 0.185958 0.204777 -5.15458 11.3632 -12.6353 0.218888 0.182469 0.207634 0.215285 0.189855 0.201586
1931250 0.207084 0.191152 0.218571 9.74438 -6.35871 -6.66968 0.203947 0.193295 0.220014 0.210759 0.188642 0.21688
1931250 0.18261 0.181471 0.196016 -5.1738 -1.35394 2.65391 0.186081 0.182087 0.193586 0.177662 0.180592 0.19948
1931250 0.206285 0.182226 0.183647 -1.50529 -0.257658 0.435226 0.211543 0.182288 0.182393 0.202866 0.182185 0.184463
1931250 0.210159 0.196931 0.212623 0.319525 0.0295051 -0.0868311 0.2063 0.197149 0.213401 0.216515 0.196573 0.211342
1931250 0.206947 0.194799 0.210302 0.97934 -1.68737 -2.65259 0.2063 0.197149 0.213401 0.207647 0.192261 0.206956
1931250 0.205141 0.195251 0.216657 0.181068 0.168658 -0.414897 0.203947 0.193295 0.220014 0.2063 0.197149 0.213401
1931250 0.203724 0.181634 0.216043 3.79482 0.40977 3.31563 0.200746 0.181003 0.212528 0.205935 0.182102 0.218653
1931250 0.202388 0.192042 0.216475 0.734517 1.14759 2.66382 0.200551 0.190566 0.212307 0.203947 0.193295 0.220014
1931250 0.194557 0.190281 0.206838 6.44083 6.13114 -2.68509 0.191995 0.187457 0.208616 0.196627 0.192563 0.205401
1931250 0.189058 0.190265 0.209709 -2.09732 2.46325 0.455717 0.191995 0.187457 0.208616 0.186246 0.192954 0.210756
1931250 0.20874 0.18508 0.186077 -1.7772 1.20922 2.40203 0.211543 0.182288 0.182393 0.206574 0.187238 0.188925
1931250 0.191902 0.185221 0.212179 -0.201129 -3.5586 8.37617 0.191995 0.187457 0.208616 0.191784 0.18239 0.216689
1931250 0.199127 0.179008 0.196517 -2.4889 -8.40952 1.48079 0.200785 0.183462 0.194988 0.198054 0.176125 0.197507
1931250 0.19561 0.179409 0.218891 -5.64707 3.12629 -2.43091 0.199116 0.176677 0.220909 0.191784 0.18239 0.216689
1931250 0.198256 0.191734 0.208269 -0.586219 0.311767 -0.747973 0.200551 0.190566 0.212307 0.196627 0.192563 0.205401
1931250 0.215168 0.192972 0.197197 -0.575601 2.8923 -3.22026 0.215285 0.189855 0.201586 0.215101 0.194763 0.194677
1931250 0.211018 0.179169 0.203947 -1.6344 -0.35883 2.01282 0.213101 0.180184 0.200774 0.20885 0.178111 0.20725
1931250 0.1963 0.182276 0.184434 0.0549199 1.13776 -2.90915 0.195596 0.180824 0.188111 0.196886 0.183483 0.181376
1931250 0.181804 0.198183 0.193828 2.92077 2.02844 2.51865 0.180014 0.196368 0.192172 0.184756 0.201178 0.196558
1931250 0.198693 0.191513 0.19605 1.34532 0.472188 1.38516 0.195645 0.191136 0.192737 0.201749 0.19189 0.199371
1931250 0.219009 0.191238 0.197952 -5.56013 -1.74992 7.28329 0.221856 0.192295 0.195173 0.215285 0.189855 0.201586
1931250 0.216639 0.180829 0.199189 -2.64144 -0.312041 1.68146 0.222411 0.181881 0.196604 0.213101 0.180184 0.200774
1931250 0.202791 0.193197 0.195162 -0.801221 -0.693394 1.86857 0.203689 0.194322 0.191535 0.201749 0.19189 0.199371
1931250 0.205082 0.190901 0.190274 0.361527 -1.53198 -0.43796 0.203689 0.194322 0.191535 0.206574 0.187238 0.188925
1931250 0.204546 0.197726 0.189827 0.291633 1.39577 -0.43925 0.203689 0.194322 0.191535 0.205266 0.200586 0.188391
1931250 0.183252 0.182537 0.200973 3.79001 1.62222 1.70142 0.177662 0.180592 0.19948 0.187387 0.183976 0.202078
1931250 0.190384 0.181453 0.204323 -4.39465 2.61801 -3.49283 0.19359 0.178752 0.206725 0.187387 0.183976 0.202078
1931250 0.187287 0.187242 0.198961 -0.277295 -2.48813 3.08089 0.187187 0.1905 0.195851 0.187387 0.183976 0.202078
1931250 0.189773 0.185778 0.205462 -3.30806 -1.46543 -3.82294 0.191995 0.187457 0.208616 0.187387 0.183976 0.202078
1931250 0.198614 0.195321 0.205437 -7.11746 -8.03012 1.21011 0.201721 0.199631 0.205492 0.196627 0.192563 0.205401
1931250 0.207822 0.181975 0.215764 -0.500154 -0.110065 0.887967 0.209467 0.181864 0.213248 0.205935 0.182102 0.218653
1931250 0.186717 0.183007 0.197719 -0.019678 0.711816 3.8931 0.186081 0.182087 0.193586 0.187387 0.183976 0.202078
1931250 0.197236 0.179899 0.209682 -0.00294469 -0.00161832 -0.00249674 0.200746 0.181003 0.212528 0.19359 0.178752 0.206725
1931250 0.213195 0.191998 0.214537 2.50785 2.53301 -1.64462 0.210759 0.188642 0.21688 0.216515 0.196573 0.211342
1931250 0.186468 0.199237 0.188653 -6.31161 7.08595 -4.34328 0.189341 0.196404 0.189825 0.183622 0.202044 0.187492
1931250 0.194364 0.200967 0.201002 5.0448 22.4246 10.6597 0.192887 0.196739 0.199533 0.195322 0.203707 0.201954
1931250 0.181817 0.200223 0.200507 1.56587 0.144667 -1.74409 0.178766 0.199232 0.204607 0.184756 0.201178 0.196558
1931250 0.188302 0.193555 0.192733 2.99627 5.51566 -4.79265 0.187187 0.1905 0.195851 0.189341 0.196404 0.189825
1931250 0.201461 0.179028 0.183823 0.986767 1.53811 0.445869 0.19945 0.174507 0.182906 0.202866 0.182185 0.184463
1931250 0.196708 0.182313 0.205762 -11.8338 -10.3132 4.69574 0.199461 0.185458 0.204911 0.19359 0.178752 0.206725
1931250 0.199974 0.187864 0.208396 -1.0588 -2.78224 -5.75549 0.200551 0.190566 0.212307 0.199461 0.185458 0.204911
1931250 0.20057 0.188578 0.202224 1.02869 6.94412 -5.24323 0.199461 0.185458 0.204911 0.201749 0.19189 0.199371
1931250 0.189959 0.183485 0.194743 -0.0108006 -0.0023609 -0.00199896 0.192773 0.184499 0.195582 0.186081 0.182087 0.193586
1931250 0.19326 0.186366 0.198017 0.000387923 0.00130853 0.00242496 0.192773 0.184499 0.195582 0.193793 0.188408 0.200679
1931250 0.197734 0.196866 0.181421 -3.27807e-06 0.000714062 0.00230336 0.197855 0.196393 0.178205 0.197555 0.19757 0.186212
1931250 0.209557 0.186069 0.208988 0.0021317 0.000544847 0.000515483 0.206446 0.184999 0.208681 0.212562 0.187104 0.209285
1931250 0.216196 0.196501 0.196889 0.0 0.0 0.0 0.217834 0.199403 0.200173 0.215101 0.194763 0.194677
1931250 0.211839 0.187721 0.212333 -0.000507056 0.000631144 0.00169281 0.212562 0.187104 0.209285 0.210759 0.188642 0.21688
1931250 0.216659 0.195004 0.200824 -5.29153 -12.2014 2.74964 0.217834 0.199403 0.200173 0.215285 0.189855 0.201586
1931250 0.215608 0.202282 0.19736 -6.82358 5.9457 -6.62233 0.217834 0.199403 0.200173 0.214145 0.204174 0.195511
1931250 0.18662 0.186186 0.19469 -0.407897 -20.6505 -8.23554 0.187187 0.1905 0.195851 0.186081 0.182087 0.193586
1931250 0.195845 0.184101 0.195355 0.00938458 -0.000303343 0.000495218 0.192773 0.184499 0.195582 0.200785 0.183462 0.194988
1931250 0.185048 0.181044 0.211472 0.000166237 0.00486721 -0.00130389 0.185381 0.176734 0.212108 0.184761 0.184773 0.210922
1931250 0.191043 0.186505 0.20128 0.0013588 0.000670317 -0.000379293 0.187387 0.183976 0.202078 0.193793 0.188408 0.200679
1931250 0.18783 0.188376 0.202997 0.00092461 0.00382653 0.00118387 0.187387 0.183976 0.202078 0.188154 0.191586 0.203667
1931250 0.196305 0.1871 0.202555 -0.00495434 0.00148724 -0.00367976 0.199461 0.185458 0.204911 0.193793 0.188408 0.200679
1931250 0.189841 0.189773 0.20584 -0.000459524 0.000587324 -0.000485197 0.191995 0.187457 0.208616 0.188154 0.191586 0.203667
1931250 0.196805 0.195506 0.218413 0.650325 1.51261 -2.01679 0.196477 0.193408 0.221198 0.197157 0.197755 0.215428
1931250 0.198648 0.194596 0.214057 -1.94072 4.45913 2.85215 0.200551 0.190566 0.212307 0.197157 0.197755 0.215428
1931250 0.202646 0.183873 0.181387 -1.41932e-05 0.000406991 -0.000529728 0.202866 0.182185 0.184463 0.202449 0.185383 0.178634
1931250 0.207064 0.183169 0.189743 -0.623621 2.54651 -0.241431 0.207558 0.179068 0.190567 0.206574 0.187238 0.188925
1931250 0.215081 0.185258 0.208628 -0.00332634 0.00172397 0.000605982 0.218888 0.182469 0.207634 0.212562 0.187104 0.209285
1931250 0.192389 0.187629 0.21593 0.00177647 0.00714277 -0.00179338 0.191784 0.18239 0.216689 0.192795 0.19114 0.215421
1931250 0.192719 0.189491 0.189714 0.621536 0.227505 0.744317 0.189172 0.187497 0.186051 0.195645 0.191136 0.192737
1931250 0.200952 0.195771 0.189159 1.13964 -0.411978 0.735163 0.197555 0.19757 0.186212 0.203689 0.194322 0.191535
1931250 0.210293 0.201911 0.199749 1.01779 1.64957 0.842451 0.208675 0.197863 0.197898 0.211328 0.204499 0.200931
1931250 0.192566 0.181806 0.197117 -0.000224856 -0.00214099 0.00171902 0.192773 0.184499 0.195582 0.192349 0.178979 0.198729
1931250 0.217921 0.203671 0.201889 -0.228049 2.75541 1.54913 0.217834 0.199403 0.200173 0.218025 0.208699 0.20391
1931250 0.185032 0.190707 0.20425 -0.0 0.0 0.0 0.180524 0.189438 0.205092 0.188154 0.191586 0.203667
1931250 0.200075 0.183326 0.208556 -0.15231 0.944692 -2.27769 0.200746 0.181003 0.212528 0.199461 0.185458 0.204911
1931250 0.189267 0.192536 0.188186 0.376701 9.89779 6.18887 0.189172 0.187497 0.186051 0.189341 0.196404 0.189825
1931250 0.193827 0.19987 0.184143 -1.9554 1.50588 -1.58763 0.197555 0.19757 0.186212 0.191033 0.201595 0.182593
1931250 0.209425 0.179041 0.214285 0.71828 -5.17683 2.36275 0.209467 0.181864 0.213248 0.209333 0.172781 0.216585
1931250 0.214937 0.194934 0.188194 -1.24031 3.5766 -0.305763 0.216013 0.190195 0.188032 0.213777 0.200039 0.188368
1931250 0.189972 0.193549 0.19765 13.2825 10.5854 6.19345 0.187187 0.1905 0.195851 0.192887 0.196739 0.199533
1931250 0.182271 0.196921 0.19747 5.73233 7.90242 -0.571809 0.180635 0.194116 0.19807 0.184756 0.201178 0.196558
1931250 0.192849 0.178887 0.201952 -0.0 0.0 0.0 0.192349 0.178979 0.198729 0.19359 0.178752 0.206725
1931250 0.197884 0.189411 0.205184 -2.44757 5.20392 1.23161 0.199461 0.185458 0.204911 0.196627 0.192563 0.205401
1931250 0.198579 0.192854 0.185792 1.06704 -2.73158 -0.304859 0.197555 0.19757 0.186212 0.199418 0.188992 0.185449
1931250 0.204459 0.181078 0.19259 -6.24816 4.46667 5.90131 0.207558 0.179068 0.190567 0.200785 0.183462 0.194988
1931250 0.210101 0.182706 0.201048 -3.61263 2.36152 -0.147164 0.213101 0.180184 0.200774 0.20699 0.185321 0.201332
1931250 0.18334 0.189398 0.19378 -0.662547 -0.06907 -0.37788 0.187187 0.1905 0.195851 0.179234 0.188222 0.19157
1931250 0.203312 0.185388 0.20308 6.42768 0.46669 -2.05904 0.199461 0.185458 0.204911 0.20699 0.185321 0.201332
1931250 0.212562 0.195988 0.195949 2.75664 -0.780032 -1.35333 0.208675 0.197863 0.197898 0.215101 0.194763 0.194677
1931250 0.192428 0.18945 0.212298 0.0 0.0 -0.0 0.191995 0.187457 0.208616 0.192795 0.19114 0.215421
1931250 0.204872 0.181862 0.201706 -1.82877 -2.17237 0.4178 0.20699 0.185321 0.201332 0.202876 0.178602 0.202059
1931250 0.208079 0.198383 0.216695 -0.895674 -0.291278 -1.49727 0.210583 0.200118 0.22133 0.2063 0.197149 0.213401
1931250 0.218538 0.186215 0.199312 -1.04233 1.60002 0.721583 0.222411 0.181881 0.196604 0.215285 0.189855 0.201586
1931250 0.182473 0.180568 0.191321 0.0 0.0 0.0 0.186081 0.182087 0.193586 0.178579 0.179211 0.188877
1931250 0.182887 0.186702 0.208341 0.0 0.0 0.0 0.180524 0.189438 0.205092 0.184761 0.184773 0.210922
1931250 0.18596 0.184273 0.206893 0.0 0.0 0.0 0.187387 0.183976 0.202078 0.184761 0.184773 0.210922
1931250 0.187678 0.183646 0.213315 0.0 0.0 0.0 0.191784 0.18239 0.216689 0.184761 0.184773 0.210922
1931250 0.188187 0.185907 0.209831 0.0 0.0 0.0 0.191995 0.187457 0.208616 0.184761 0.184773 0.210922
1931250 0.185482 0.188596 0.210842 0.0 0.0 0.0 0.186246 0.192954 0.210756 0.184761 0.184773 0.210922
1931250 0.180592 0.192067 0.200948 0.0 0.0 0.0 0.180524 0.189438 0.205092 0.180635 0.194116 0.19807
1931250 0.182858 0.184841 0.192636 0.0 0.0 0.0 0.186081 0.182087 0.193586 0.179234 0.188222 0.19157
1931250 0.183883 0.187747 0.18899 0.0 0.0 0.0 0.189172 0.187497 0.186051 0.179234 0.188222 0.19157
1931250 0.184045 0.186636 0.203546 0.334982 -0.186046 -0.145729 0.180524 0.189438 0.205092 0.187387 0.183976 0.202078
1931250 0.186037 0.195423 0.196186 0.0 0.0 0.0 0.187187 0.1905 0.195851 0.184756 0.201178 0.196558
1931250 0.187251 0.19845 0.192895 0.0 0.0 0.0 0.189341 0.196404 0.189825 0.184756 0.201178 0.196558
1931250 0.197908 0.179768 0.181989 0.0 0.0 0.0 0.19945 0.174507 0.182906 0.196886 0.183483 0.181376
1931250 0.193496 0.17954 0.184843 0.0 0.0 0.0 0.195596 0.180824 0.188111 0.191347 0.178502 0.181492
1931250 0.193962 0.184871 0.183149 0.0 0.0 0.0 0.189172 0.187497 0.186051 0.196886 0.183483 0.181376
1931250 0.190415 0.182225 0.18345 0.0 0.0 0.0 0.189172 0.187497 0.186051 0.191347 0.178502 0.181492
1931250 0.189639 0.180189 0.196504 0.0 0.0 0.0 0.186081 0.182087 0.193586 0.192349 0.178979 0.198729
1931250 0.190579 0.184154 0.198233 0.0 0.0 0.0 0.192773 0.184499 0.195582 0.187387 0.183976 0.202078
1931250 0.190269 0.18094 0.200132 0.0 0.0 0.0 0.192349 0.178979 0.198729 0.187387 0.183976 0.202078
1931250 0.197518 0.184798 0.186773 0.0 0.0 0.0 0.195596 0.180824 0.188111 0.199418 0.188992 0.185449
1931250 0.190493 0.186816 0.195696 0.0 0.0 0.0 0.192773 0.184499 0.195582 0.187187 0.1905 0.195851
1931250 0.193943 0.187072 0.194427 0.0 0.0 0.0 0.192773 0.184499 0.195582 0.195645 0.191136 0.192737
1931250 0.187438 0.184328 0.19028 0.0 0.0 0.0 0.186081 0.182087 0.193586 0.189172 0.187497 0.186051
1931250 0.199471 0.181415 0.186167 0.0 0.0 0.0 0.195596 0.180824 0.188111 0.202866 0.182185 0.184463
1931250 0.192733 0.180345 0.211462 0.0 0.0 0.0 0.191784 0.18239 0.216689 0.19359 0.178752 0.206725
1931250 0.19274 0.18327 0.207734 0.0 0.0 0.0 0.191995 0.187457 0.208616 0.19359 0.178752 0.206725
1931250 0.196001 0.185012 0.218434 0.0 0.0 0.0 0.191784 0.18239 0.216689 0.198786 0.18697 0.21959
1931250 0.199952 0.178754 0.216615 0.0 0.0 0.0 0.199116 0.176677 0.220909 0.200746 0.181003 0.212528
1931250 0.20311 0.179716 0.219586 0.0 0.0 0.0 0.199116 0.176677 0.220909 0.205935 0.182102 0.218653
1931250 0.198191 0.189078 0.181431 0.0 0.0 0.0 0.199418 0.188992 0.185449 0.197081 0.189407 0.177798
1931250 0.195113 0.188231 0.185703 0.0 0.0 0.0 0.199418 0.188992 0.185449 0.189172 0.187497 0.186051
1931250 0.188084 0.189012 0.191428 0.0 0.0 0.0 0.187187 0.1905 0.195851 0.189172 0.187497 0.186051
1931250 0.191412 0.190686 0.194296 0.0 0.0 0.0 0.187187 0.1905 0.195851 0.195645 0.191136 0.192737
1931250 0.191012 0.196431 0.194399 0.0 0.0 0.0 0.192887 0.196739 0.199533 0.189341 0.196404 0.189825
1931250 0.193157 0.196813 0.188147 0.0 0.0 0.0 0.197555 0.19757 0.186212 0.189341 0.196404 0.189825
1931250 0.190954 0.189178 0.198606 0.0 0.0 0.0 0.187187 0.1905 0.195851 0.193793 0.188408 0.200679
1931250 0.187748 0.190994 0.200365 0.0 0.0 0.0 0.187187 0.1905 0.195851 0.188154 0.191586 0.203667
1931250 0.194588 0.18945 0.197272 0.0 0.0 0.0 0.195645 0.191136 0.192737 0.193793 0.188408 0.200679
1931250 0.193413 0.191768 0.200201 0.0 0.0 0.0 0.192887 0.196739 0.199533 0.193793 0.188408 0.200679
1931250 0.190102 0.193573 0.201965 0.0 0.0 0.0 0.192887 0.196739 0.199533 0.188154 0.191586 0.203667
1931250 0.190248 0.199056 0.185947 0.0 0.0 0.0 0.189341 0.196404 0.189825 0.191033 0.201595 0.182593
1931250 0.194457 0.201186 0.188197 0.0 0.0 0.0 0.197555 0.19757 0.186212 0.19159 0.204785 0.190032
1931250 0.1987 0.199647 0.190383 0.0 0.0 0.0 0.197555 0.19757 0.186212 0.19996 0.202201 0.194965
1931250 0.201246 0.18525 0.184927 0.0 0.0 0.0 0.199418 0.188992 0.185449 0.202866 0.182185 0.184463
1931250 0.201107 0.186845 0.181648 0.0 0.0 0.0 0.199418 0.188992 0.185449 0.202449 0.185383 0.178634
1931250 0.20165 0.195924 0.183703 0.0 0.0 0.0 0.197555 0.19757 0.186212 0.207385 0.193934 0.180187
1931250 0.201571 0.191546 0.188518 0.0 0.0 0.0 0.203689 0.194322 0.191535 0.199418 0.188992 0.185449
1931250 0.199961 0.192713 0.192093 0.0 0.0 0.0 0.203689 0.194322 0.191535 0.195645 0.191136 0.192737
1931250 0.197408 0.194134 0.199451 0.0 0.0 0.0 0.192887 0.196739 0.199533 0.201749 0.19189 0.199371
1931250 0.197039 0.197969 0.202333 0.0 0.0 0.0 0.192887 0.196739 0.199533 0.201721 0.199631 0.205492
1931250 0.202152 0.199235 0.187512 0.0 0.0 0.0 0.197555 0.19757 0.186212 0.205266 0.200586 0.188391
1931250 0.195702 0.186331 0.206777 0.0 0.0 0.0 0.191995 0.187457 0.208616 0.199461 0.185458 0.204911
1931250 0.190931 0.189891 0.202196 0.0 0.0 0.0 0.188154 0.191586 0.203667 0.193793 0.188408 0.200679
1931250 0.192991 0.187853 0.204225 0.0 0.0 0.0 0.191995 0.187457 0.208616 0.193793 0.188408 0.200679
1931250 0.195208 0.190355 0.203039 0.0 0.0 0.0 0.196627 0.192563 0.205401 0.193793 0.188408 0.200679
1931250 0.187298 0.192068 0.206855 0.0 0.0 0.0 0.186246 0.192954 0.210756 0.188154 0.191586 0.203667
1931250 0.189719 0.191858 0.21323 0.0 0.0 0.0 0.186246 0.192954 0.210756 0.192795 0.19114 0.215421
1931250 0.19482 0.195009 0.206775 0.0 0.0 0.0 0.192384 0.198615 0.208633 0.196627 0.192563 0.205401
1931250 0.194918 0.194232 0.215425 0.0 0.0 0.0 0.192795 0.19114 0.215421 0.197157 0.197755 0.215428
1931250 0.195007 0.198013 0.21237 0.0 0.0 0.0 0.192384 0.198615 0.208633 0.197157 0.197755 0.215428
1931250 0.186309 0.195037 0.214267 0.0 0.0 0.0 0.186246 0.192954 0.210756 0.186392 0.198389 0.219363
1931250 0.194653 0.192151 0.218336 0.0 0.0 0.0 0.196477 0.193408 0.221198 0.192795 0.19114 0.215421
1931250 0.195811 0.188907 0.21752 0.0 0.0 0.0 0.192795 0.19114 0.215421 0.198786 0.18697 0.21959
1931250 0.190368 0.193753 0.216916 0.0 0.0 0.0 0.192795 0.19114 0.215421 0.186392 0.198389 0.219363
1931250 0.200068 0.184405 0.200342 0.0 0.0 0.0 0.200785 0.183462 0.194988 0.199461 0.185458 0.204911
1931250 0.201256 0.181715 0.203411 0.0 0.0 0.0 0.199461 0.185458 0.204911 0.202876 0.178602 0.202059
1931250 0.197202 0.189771 0.200121 0.0 0.0 0.0 0.201749 0.19189 0.199371 0.193793 0.188408 0.200679
1931250 0.198823 0.192143 0.202814 0.0 0.0 0.0 0.201749 0.19189 0.199371 0.196627 0.192563 0.205401
1931250 0.203397 0.185067 0.207038 0.0 0.0 0.0 0.206446 0.184999 0.208681 0.199461 0.185458 0.204911
1931250 0.195997 0.188779 0.210342 0.0 0.0 0.0 0.191995 0.187457 0.208616 0.200551 0.190566 0.212307
1931250 0.196105 0.190762 0.214092 0.0 0.0 0.0 0.200551 0.190566 0.212307 0.192795 0.19114 0.215421
1931250 0.199633 0.184263 0.216545 0.0 0.0 0.0 0.200746 0.181003 0.212528 0.198786 0.18697 0.21959
1931250 0.201184 0.189774 0.219787 0.0 0.0 0.0 0.203947 0.193295 0.220014 0.198786 0.18697 0.21959
1931250 0.202109 0.197525 0.192986 0.0 0.0 0.0 0.203689 0.194322 0.191535 0.19996 0.202201 0.194965
1931250 0.204568 0.199777 0.196516 0.0 0.0 0.0 0.208675 0.197863 0.197898 0.19996 0.202201 0.194965
1931250 0.209302 0.180344 0.186988 0.0 0.0 0.0 0.207558 0.179068 0.190567 0.211543 0.182288 0.182393
1931250 0.204998 0.180634 0.18724 0.0 0.0 0.0 0.207558 0.179068 0.190567 0.202866 0.182185 0.184463
1931250 0.209583 0.185805 0.191566 0.0 0.0 0.0 0.212533 0.184666 0.19415 0.206574 0.187238 0.188925
1931250 0.20129 0.187748 0.197288 0.0 0.0 0.0 0.200785 0.183462 0.194988 0.201749 0.19189 0.199371
1931250 0.203935 0.185384 0.191688 0.0 0.0 0.0 0.200785 0.183462 0.194988 0.206574 0.187238 0.188925
1931250 0.209752 0.18486 0.19775 0.0 0.0 0.0 0.212533 0.184666 0.19415 0.20699 0.185321 0.201332
1931250 0.216378 0.183448 0.195107 0.0 0.0 0.0 0.222411 0.181881 0.196604 0.212533 0.184666 0.19415
1931250 0.209204 0.180134 0.210705 0.0 0.0 0.0 0.209467 0.181864 0.213248 0.20885 0.178111 0.20725
1931250 0.205058 0.179325 0.209718 0.0 0.0 0.0 0.200746 0.181003 0.212528 0.20885 0.178111 0.20725
1931250 0.206042 0.181386 0.212963 0.0 0.0 0.0 0.209467 0.181864 0.213248 0.200746 0.181003 0.212528
1931250 0.21402 0.18413 0.201117 0.0 0.0 0.0 0.213101 0.180184 0.200774 0.215285 0.189855 0.201586
1931250 0.207916 0.181586 0.204285 0.0 0.0 0.0 0.20885 0.178111 0.20725 0.20699 0.185321 0.201332
1931250 0.20752 0.181786 0.208042 0.0 0.0 0.0 0.206446 0.184999 0.208681 0.20885 0.178111 0.20725
1931250 0.210969 0.18427 0.211325 0.0 0.0 0.0 0.209467 0.181864 0.213248 0.212562 0.187104 0.209285
1931250 0.200649 0.18558 0.212418 0.0 0.0 0.0 0.200551 0.190566 0.212307 0.200746 0.181003 0.212528
1931250 0.209967 0.18435 0.214653 0.0 0.0 0.0 0.209467 0.181864 0.213248 0.210759 0.188642 0.21688
1931250 0.215697 0.181075 0.203854 0.0 0.0 0.0 0.218888 0.182469 0.207634 0.213101 0.180184 0.200774
1931250 0.207093 0.178784 0.217947 0.0 0.0 0.0 0.205935 0.182102 0.218653 0.209333 0.172781 0.216585
1931250 0.207963 0.184714 0.217908 0.0 0.0 0.0 0.205935 0.182102 0.218653 0.210759 0.188642 0.21688
1931250 0.206882 0.189658 0.185597 0.0 0.0 0.0 0.207385 0.193934 0.180187 0.206574 0.187238 0.188925
1931250 0.205038 0.194048 0.187393 0.0 0.0 0.0 0.203689 0.194322 0.191535 0.207385 0.193934 0.180187
1931250 0.210992 0.197249 0.184808 0.0 0.0 0.0 0.207385 0.193934 0.180187 0.213777 0.200039 0.188368
1931250 0.212409 0.191625 0.184759 0.0 0.0 0.0 0.216013 0.190195 0.188032 0.207385 0.193934 0.180187
1931250 0.207235 0.192537 0.192792 0.0 0.0 0.0 0.210032 0.191369 0.19378 0.203689 0.194322 0.191535
1931250 0.20594 0.195789 0.19441 0.0 0.0 0.0 0.203689 0.194322 0.191535 0.208675 0.197863 0.197898
1931250 0.211096 0.198766 0.193376 0.0 0.0 0.0 0.208675 0.197863 0.197898 0.213777 0.200039 0.188368
1931250 0.204507 0.188298 0.200405 0.0 0.0 0.0 0.201749 0.19189 0.199371 0.20699 0.185321 0.201332
1931250 0.204787 0.191949 0.203281 0.0 0.0 0.0 0.201749 0.19189 0.199371 0.207647 0.192261 0.206956
1931250 0.201735 0.19532 0.202187 0.0 0.0 0.0 0.201721 0.199631 0.205492 0.201749 0.19189 0.199371
1931250 0.211938 0.190685 0.196618 0.0 0.0 0.0 0.210032 0.191369 0.19378 0.215285 0.189855 0.201586
1931250 0.211766 0.193983 0.199625 0.0 0.0 0.0 0.208675 0.197863 0.197898 0.215285 0.189855 0.201586
1931250 0.205396 0.198566 0.201476 0.0 0.0 0.0 0.208675 0.197863 0.197898 0.201721 0.199631 0.205492
1931250 0.212011 0.201585 0.196444 0.0 0.0 0.0 0.208675 0.197863 0.197898 0.214145 0.204174 0.195511
1931250 0.210934 0.188472 0.188514 0.0 0.0 0.0 0.216013 0.190195 0.188032 0.206574 0.187238 0.188925
1931250 0.212345 0.190782 0.191555 0.0 0.0 0.0 0.210032 0.191369 0.19378 0.216013 0.190195 0.188032
1931250 0.215453 0.192854 0.192095 0.0 0.0 0.0 0.216013 0.190195 0.188032 0.215101 0.194763 0.194677
1931250 0.213316 0.198512 0.199054 0.0 0.0 0.0 0.217834 0.199403 0.200173 0.208675 0.197863 0.197898
1931250 0.207308 0.18858 0.204082 0.0 0.0 0.0 0.20699 0.185321 0.201332 0.207647 0.192261 0.206956
1931250 0.204039 0.18714 0.210163 0.0 0.0 0.0 0.206446 0.184999 0.208681 0.200551 0.190566 0.212307
1931250 0.203701 0.194046 0.212906 0.0 0.0 0.0 0.200551 0.190566 0.212307 0.2063 0.197149 0.213401
1931250 0.201103 0.194733 0.209076 0.0 0.0 0.0 0.200551 0.190566 0.212307 0.201721 0.199631 0.205492
1931250 0.210455 0.189181 0.208288 0.0 0.0 0.0 0.212562 0.187104 0.209285 0.207647 0.192261 0.206956
1931250 0.213575 0.187995 0.206422 0.0 0.0 0.0 0.212562 0.187104 0.209285 0.215285 0.189855 0.201586
1931250 0.204347 0.198076 0.210031 0.0 0.0 0.0 0.2063 0.197149 0.213401 0.201721 0.199631 0.205492
1931250 0.213865 0.190092 0.209963 0.0 0.0 0.0 0.212562 0.187104 0.209285 0.216515 0.196573 0.211342
1931250 0.211156 0.193836 0.208693 0.0 0.0 0.0 0.216515 0.196573 0.211342 0.207647 0.192261 0.206956
1931250 0.21584 0.192767 0.20601 0.0 0.0 0.0 0.216515 0.196573 0.211342 0.215285 0.189855 0.201586
1931250 0.213903 0.202346 0.200632 0.0 0.0 0.0 0.217834 0.199403 0.200173 0.211328 0.204499 0.200931
1931250 0.217282 0.198097 0.204807 0.0 0.0 0.0 0.217834 0.199403 0.200173 0.216515 0.196573 0.211342
1931250 0.219714 0.202246 0.196937 0.0 0.0 0.0 0.217834 0.199403 0.200173 0.221785 0.205635 0.193384
1931250 0.183072 0.208371 0.194104 -3.14447 -0.324617 0.597851 0.186314 0.208912 0.19397 0.179307 0.207743 0.194261
1931250 0.19043 0.20046 0.189925 -6.4772 -21.5645 2.99085 0.19159 0.204785 0.190032 0.189341 0.196404 0.189825
1931250 0.192784 0.20186 0.211853 -2.31902 -6.86332 -6.3801 0.193188 0.205136 0.215105 0.192384 0.198615 0.208633
1931250 0.194541 0.20264 0.208179 -4.45532 -5.92482 1.08873 0.196013 0.205387 0.207869 0.192384 0.198615 0.208633
1931250 0.194459 0.203185 0.219112 0.720367 -1.73593 4.57421 0.193188 0.205136 0.215105 0.195722 0.201249 0.223088
1931250 0.18824 0.21003 0.185649 -3.82284 -6.86791 -7.23509 0.189572 0.213537 0.188392 0.187262 0.207454 0.183634
1931250 0.188548 0.207165 0.192303 5.00497 -3.42042 -4.91418 0.186314 0.208912 0.19397 0.19159 0.204785 0.190032
1931250 0.194295 0.207968 0.191652 8.46128 7.83207 6.08346 0.19159 0.204785 0.190032 0.196776 0.210887 0.193137
1931250 0.187712 0.211497 0.195447 3.70422 8.38446 6.39288 0.186314 0.208912 0.19397 0.189673 0.215126 0.19752
1931250 0.196882 0.211099 0.197239 -0.16868 1.37841 6.72506 0.196776 0.210887 0.193137 0.197006 0.211346 0.202001
1931250 0.19328 0.213267 0.199724 -2.62586 0.996456 -1.11019 0.197006 0.211346 0.202001 0.189673 0.215126 0.19752
1931250 0.191879 0.215947 0.185156 -0.852569 -0.711304 1.42874 0.194281 0.218457 0.181787 0.189572 0.213537 0.188392
1931250 0.197282 0.214847 0.192166 1.38303 10.2329 -4.33224 0.196776 0.210887 0.193137 0.19787 0.219443 0.191038
1931250 0.190739 0.216655 0.201745 -1.18774 -1.02811 -5.46085 0.19184 0.218235 0.206113 0.189673 0.215126 0.19752
1931250 0.195915 0.208463 0.213381 0.887465 1.55855 -0.780678 0.193188 0.205136 0.215105 0.198834 0.212023 0.211535
1931250 0.195663 0.204537 0.204875 -1.88623 -1.85593 -6.54079 0.196013 0.205387 0.207869 0.195322 0.203707 0.201954
1931250 0.197105 0.207956 0.209288 -2.34566 -10.2924 -5.31053 0.198834 0.212023 0.211535 0.196013 0.205387 0.207869
1931250 0.191464 0.209428 0.215368 -9.30592 15.5582 1.48001 0.193188 0.205136 0.215105 0.189332 0.214736 0.215694
1931250 0.198534 0.215625 0.200549 3.51619 6.46352 -1.91873 0.197006 0.211346 0.202001 0.199752 0.219036 0.199391
1931250 0.194424 0.214789 0.204056 9.12394 -9.19454 -7.90256 0.19184 0.218235 0.206113 0.197006 0.211346 0.202001
1931250 0.202883 0.214538 0.212904 5.45546 2.24842 1.64742 0.198834 0.212023 0.211535 0.206525 0.216799 0.214136
1931250 0.201221 0.209161 0.201534 6.72836 -3.32846 0.44649 0.197006 0.211346 0.202001 0.204784 0.207313 0.201139
1931250 0.201077 0.213366 0.203451 7.65402 2.89768 3.83502 0.197006 0.211346 0.202001 0.205068 0.215345 0.204871
1931250 0.1907 0.216645 0.210467 -3.32465 -2.2527 7.91634 0.19184 0.218235 0.206113 0.189332 0.214736 0.215694
1931250 0.200846 0.205772 0.219072 -0.843885 1.34723 1.69934 0.202449 0.203141 0.21668 0.199445 0.208071 0.221164
1931250 0.209544 0.199323 0.202318 -0.640133 -1.27994 -6.72789 0.210115 0.200282 0.20522 0.208675 0.197863 0.197898
1931250 0.210244 0.202231 0.185184 6.63684 -4.3498 4.29738 0.207966 0.203643 0.183131 0.213777 0.200039 0.188368
1931250 0.208404 0.201713 0.195155 -0.563513 -7.18969 6.405 0.208213 0.204428 0.193221 0.208675 0.197863 0.197898
1931250 0.21401 0.202661 0.192897 0.622183 -3.30219 -7.33864 0.214145 0.204174 0.195511 0.213777 0.200039 0.188368
1931250 0.20939 0.202728 0.206998 -0.57511 5.12799 3.16181 0.210115 0.200282 0.20522 0.208091 0.207115 0.210185
1931250 0.204364 0.200161 0.215049 1.21619 -1.38974 -1.05915 0.202449 0.203141 0.21668 0.2063 0.197149 0.213401
1931250 0.212188 0.19908 0.207203 8.18733 -3.11604 5.97733 0.210115 0.200282 0.20522 0.216515 0.196573 0.211342
1931250 0.204872 0.203889 0.181806 -4.43506 -0.308039 -2.36211 0.207966 0.203643 0.183131 0.200494 0.204236 0.179932
1931250 0.203126 0.212831 0.182429 2.05396 -0.81983 7.3013 0.20126 0.213318 0.1784 0.205743 0.21215 0.188079
1931250 0.211786 0.211155 0.189391 -8.87708 2.50455 -0.899537 0.215346 0.210569 0.190164 0.205743 0.21215 0.188079
1931250 0.212943 0.206876 0.196141 -3.23573 12.2545 3.04449 0.214145 0.204174 0.195511 0.21122 0.210747 0.197044
1931250 0.207354 0.207113 0.191433 -4.24144 7.97726 -5.21691 0.208213 0.204428 0.193221 0.205743 0.21215 0.188079
1931250 0.207887 0.208969 0.199165 -11.5989 -4.43461 9.06279 0.21122 0.210747 0.197044 0.204784 0.207313 0.201139
1931250 0.212744 0.214082 0.199353 -5.82815 -8.24928 -6.19723 0.214214 0.217297 0.20158 0.21122 0.210747 0.197044
1931250 0.212114 0.21457 0.19521 1.30982 13.3732 -8.14026 0.21122 0.210747 0.197044 0.21293 0.218056 0.193538
1931250 0.218068 0.208483 0.191526 9.75698 -5.41862 5.56955 0.215346 0.210569 0.190164 0.221785 0.205635 0.193384
1931250 0.206447 0.211592 0.207295 -2.18989 3.9091 -3.28979 0.208091 0.207115 0.210185 0.205068 0.215345 0.204871
1931250 0.21001 0.216625 0.216915 -2.91224 -0.0635887 -3.13571 0.213213 0.216465 0.219468 0.206525 0.216799 0.214136
1931250 0.208838 0.217195 0.206925 7.32983 4.01057 2.59949 0.205068 0.215345 0.204871 0.211438 0.218471 0.208341
1931250 0.212647 0.21796 0.205396 -2.02418 1.59814 4.48104 0.214214 0.217297 0.20158 0.211438 0.218471 0.208341
1931250 0.215616 0.211543 0.207846 1.27313 -0.963511 -1.91139 0.214262 0.213142 0.21006 0.218025 0.208699 0.20391
1931250 0.199941 0.210568 0.186331 8.593 1.14158 3.44547 0.196395 0.209602 0.185263 0.205743 0.21215 0.188079
1931250 0.204771 0.204777 0.214007 0.592014 0.264608 -0.535439 0.202449 0.203141 0.21668 0.208091 0.207115 0.210185
1931250 0.194681 0.209815 0.181848 2.70619 -0.81699 4.11535 0.192876 0.21004 0.178254 0.196395 0.209602 0.185263
1931250 0.207016 0.200041 0.205321 -4.65908 -0.053783 -0.524881 0.210115 0.200282 0.20522 0.201721 0.199631 0.205492
1931250 0.21701 0.204722 0.194713 2.03673 0.615095 -0.311606 0.214145 0.204174 0.195511 0.221785 0.205635 0.193384
1931250 0.212081 0.211012 0.210104 -0.403559 -0.45775 -0.0770214 0.214262 0.213142 0.21006 0.208091 0.207115 0.210185
1931250 0.193314 0.211379 0.186676 -3.51725 1.77817 2.30355 0.196395 0.209602 0.185263 0.189572 0.213537 0.188392
1931250 0.184253 0.218286 0.191604 -2.8543 -4.06558 2.63514 0.186411 0.221807 0.190145 0.182233 0.21499 0.19297
1931250 0.189623 0.214334 0.192971 -0.344898 0.191469 3.77032 0.189572 0.213537 0.188392 0.189673 0.215126 0.19752
1931250 0.198218 0.207215 0.182891 1.19356 -2.47273 -2.23472 0.196395 0.209602 0.185263 0.200494 0.204236 0.179932
1931250 0.213448 0.210651 0.193328 -2.44986 0.274121 6.0862 0.215346 0.210569 0.190164 0.21122 0.210747 0.197044
1931250 0.21273 0.207482 0.213259 0.279372 0.0737694 0.217468 0.208091 0.207115 0.210185 0.217745 0.207879 0.216583
1931250 0.199337 0.214085 0.216017 1.06121 2.4556 5.99948 0.198834 0.212023 0.211535 0.199803 0.21599 0.220159
1931250 0.204275 0.212971 0.194113 -0.0982662 0.10951 1.17052 0.205743 0.21215 0.188079 0.203505 0.213402 0.19728
1931250 0.204079 0.210668 0.199012 0.107739 -1.13367 0.930234 0.203505 0.213402 0.19728 0.204784 0.207313 0.201139
1931250 0.203242 0.201202 0.190899 -0.44143 0.0297472 0.611232 0.205266 0.200586 0.188391 0.19996 0.202201 0.194965
1931250 0.206597 0.202092 0.185799 -0.543195 -0.733852 1.63914 0.207966 0.203643 0.183131 0.205266 0.200586 0.188391
1931250 0.197902 0.211678 0.206676 -0.0704102 -0.058461 -1.97412 0.198834 0.212023 0.211535 0.197006 0.211346 0.202001
1931250 0.207773 0.200417 0.182153 0.028086 -1.00762 -0.462128 0.207966 0.203643 0.183131 0.207385 0.193934 0.180187
1931250 0.19187 0.205938 0.194354 0.0 -0.0 0.0 0.19159 0.204785 0.190032 0.192073 0.206776 0.197494
1931250 0.190351 0.207146 0.200232 -0.00116339 0.000640782 0.00202743 0.192073 0.206776 0.197494 0.186872 0.207894 0.205764
1931250 0.192746 0.209895 0.203583 0.643529 0.231458 -0.369945 0.186872 0.207894 0.205764 0.197006 0.211346 0.202001
1931250 0.215431 0.211374 0.21225 2.23036 -2.16822 3.67914 0.214262 0.213142 0.21006 0.217745 0.207879 0.216583
1931250 0.218582 0.211606 0.199369 -0.134995 -0.923583 2.08809 0.218986 0.21371 0.196082 0.218025 0.208699 0.20391
1931250 0.204296 0.217336 0.184879 -1.02905 3.13937 -2.73035 0.205743 0.21215 0.188079 0.203492 0.220216 0.183101
1931250 0.204829 0.203283 0.207782 -1.88387 -1.55591 -1.14205 0.208091 0.207115 0.210185 0.201721 0.199631 0.205492
1931250 0.200328 0.211387 0.191133 3.79589 0.881786 -2.96173 0.196776 0.210887 0.193137 0.205743 0.21215 0.188079
1931250 0.210729 0.202419 0.203047 1.36205 2.48294 -2.75213 0.210115 0.200282 0.20522 0.211328 0.204499 0.200931
1931250 0.213728 0.206004 0.201999 -0.0683304 -0.0610333 -0.0334105 0.218025 0.208699 0.20391 0.211328 0.204499 0.200931
1931250 0.181664 0.204904 0.195254 1.24585 -1.20069 0.6946 0.179307 0.207743 0.194261 0.184756 0.201178 0.196558
1931250 0.218299 0.217925 0.202196 3.0469 0.437814 0.97349 0.214214 0.217297 0.20158 0.224724 0.218913 0.203164
1931250 0.201765 0.216014 0.198259 -0.841392 1.37019 0.791244 0.203505 0.213402 0.19728 0.199752 0.219036 0.199391
1931250 0.182288 0.216348 0.206831 -0.474421 -0.829744 1.96461 0.183668 0.217541 0.203437 0.180937 0.21518 0.210155
1931250 0.211283 0.207068 0.199333 0.717619 -4.18417 3.25194 0.21122 0.210747 0.197044 0.211328 0.204499 0.200931
1931250 0.187318 0.217851 0.204632 3.12845 -0.182896 1.3269 0.183668 0.217541 0.203437 0.19184 0.218235 0.206113
1931250 0.212889 0.215731 0.209225 -2.12957 4.6764 -2.33139 0.214262 0.213142 0.21006 0.211438 0.218471 0.208341
1931250 0.190183 0.202152 0.216988 -3.51186 -2.44472 1.91812 0.193188 0.205136 0.215105 0.186392 0.198389 0.219363
1931250 0.180806 0.217913 0.200884 -1.59047 0.0785109 -1.89822 0.183668 0.217541 0.203437 0.178316 0.218236 0.198664
1931250 0.184852 0.213977 0.204297 2.87772 -5.67729 1.04181 0.183668 0.217541 0.203437 0.186872 0.207894 0.205764
1931250 0.211326 0.204295 0.194423 2.20933 -0.375821 1.16066 0.208213 0.204428 0.193221 0.214145 0.204174 0.195511
1931250 0.185672 0.204084 0.200541 -2.33347 -3.66669 -5.67836 0.186872 0.207894 0.205764 0.184756 0.201178 0.196558
1931250 0.182839 0.210733 0.201412 0.00183151 -0.00157651 0.00159795 0.18096 0.212057 0.199384 0.186872 0.207894 0.205764
1931250 0.183141 0.218242 0.210241 0.88146 0.932153 -0.0805089 0.180937 0.21518 0.210155 0.185234 0.221151 0.210322
1931250 0.198935 0.216884 0.212517 0.517022 3.86773 0.33541 0.198834 0.212023 0.211535 0.199011 0.220525 0.213253
1931250 0.199364 0.218373 0.216345 0.0 0.0 0.0 0.199803 0.21599 0.220159 0.199011 0.220525 0.213253
1931250 0.202137 0.217381 0.201849 -1.01931 0.946513 -1.50372 0.205068 0.215345 0.204871 0.199752 0.219036 0.199391
1931250 0.184137 0.201651 0.191604 -0.693484 1.44683 -5.5508 0.184756 0.201178 0.196558 0.183622 0.202044 0.187492
1931250 0.194182 0.207383 0.18746 4.65537 3.76861 -3.12622 0.19159 0.204785 0.190032 0.196395 0.209602 0.185263
1931250 0.202704 0.205108 0.198476 0.100746 0.166309 0.173097 0.19996 0.202201 0.194965 0.204784 0.207313 0.201139
1931250 0.216035 0.218054 0.191092 -0.119142 0.00235356 0.0665596 0.220651 0.218051 0.187456 0.21293 0.218056 0.193538
1931250 0.187945 0.217795 0.189294 6.70004 -11.9025 -1.82091 0.186411 0.221807 0.190145 0.189572 0.213537 0.188392
1931250 0.19598 0.206691 0.201972 -7.01094 -21.5195 2.70373 0.197006 0.211346 0.202001 0.195322 0.203707 0.201954
1931250 0.20898 0.211321 0.193377 0.888679 -0.295272 1.07692 0.205743 0.21215 0.188079 0.21122 0.210747 0.197044
1931250 0.198164 0.207101 0.193934 0.185622 -0.509954 0.20037 0.196776 0.210887 0.193137 0.19996 0.202201 0.194965
1931250 0.209323 0.217175 0.187002 6.26207 6.43981 -2.06724 0.205743 0.21215 0.188079 0.211411 0.220105 0.186375
1931250 0.206929 0.213435 0.217037 -0.211567 -3.27545 3.32757 0.206525 0.216799 0.214136 0.207361 0.209839 0.220136
1931250 0.193748 0.205193 0.199794 0.000733178 -0.000751531 0.00143989 0.192073 0.206776 0.197494 0.195322 0.203707 0.201954
1931250 0.197659 0.202219 0.203246 1.84818 -1.02029 0.627636 0.195322 0.203707 0.201954 0.201721 0.199631 0.205492
1931250 0.184498 0.211618 0.193525 -4.167 5.43363 0.0681776 0.186314 0.208912 0.19397 0.182233 0.21499 0.19297
1931250 0.199752 0.200397 0.216042 -0.455457 -0.633812 -0.0929088 0.202449 0.203141 0.21668 0.197157 0.197755 0.215428
1931250 0.19813 0.203252 0.206987 1.0731 -1.4141 -0.715955 0.196013 0.205387 0.207869 0.201721 0.199631 0.205492
1931250 0.190118 0.202429 0.207454 0.858312 -1.61181 0.798508 0.186872 0.207894 0.205764 0.192384 0.198615 0.208633
1931250 0.207697 0.208584 0.21555 -1.39802 1.40095 5.93188 0.208091 0.207115 0.210185 0.207361 0.209839 0.220136
1931250 0.215969 0.215875 0.194815 -4.67837 2.28711 -1.79152 0.218986 0.21371 0.196082 0.21293 0.218056 0.193538
1931250 0.193064 0.206196 0.20719 -1.06761 0.308035 -0.0671784 0.196013 0.205387 0.207869 0.186872 0.207894 0.205764
1931250 0.185697 0.205848 0.194995 -2.61206 -9.01267 4.59795 0.186314 0.208912 0.19397 0.184756 0.201178 0.196558
1931250 0.195381 0.201058 0.215284 4.04248 -5.45815 0.721391 0.193188 0.205136 0.215105 0.197157 0.197755 0.215428
1931250 0.191282 0.203023 0.185922 0.206197 -0.905768 -2.56497 0.19159 0.204785 0.190032 0.191033 0.201595 0.182593
1931250 0.188186 0.21155 0.21107 0.412909 2.23202 4.16592 0.186872 0.207894 0.205764 0.189332 0.214736 0.215694
1931250 0.181504 0.213311 0.19664 0.00122203 0.00255921 -0.00902775 0.18096 0.212057 0.199384 0.182233 0.21499 0.19297
1931250 0.182348 0.202928 0.205119 0.0 0.0 0.0 0.186872 0.207894 0.205764 0.178766 0.199232 0.204607
1931250 0.180224 0.210005 0.197101 0.0 0.0 0.0 0.18096 0.212057 0.199384 0.179307 0.207743 0.194261
1931250 0.180914 0.204456 0.199325 0.0 0.0 0.0 0.178576 0.206662 0.201008 0.184756 0.201178 0.196558
1931250 0.18322 0.21845 0.195447 0.0 0.0 0.0 0.184018 0.22148 0.197455 0.182233 0.21499 0.19297
1931250 0.18216 0.214355 0.201176 0.0 0.0 0.0 0.18096 0.212057 0.199384 0.183668 0.217541 0.203437
1931250 0.187579 0.20167 0.184877 0.0 0.0 0.0 0.191033 0.201595 0.182593 0.183622 0.202044 0.187492
1931250 0.185673 0.21418 0.190822 0.0 0.0 0.0 0.189572 0.213537 0.188392 0.182233 0.21499 0.19297
1931250 0.185734 0.214926 0.195108 0.0 0.0 0.0 0.189673 0.215126 0.19752 0.182233 0.21499 0.19297
1931250 0.187459 0.203231 0.188716 0.0 0.0 0.0 0.19159 0.204785 0.190032 0.183622 0.202044 0.187492
1931250 0.188365 0.202952 0.193113 0.0 0.0 0.0 0.19159 0.204785 0.190032 0.184756 0.201178 0.196558
1931250 0.189193 0.204447 0.197126 0.0 0.0 0.0 0.192073 0.206776 0.197494 0.184756 0.201178 0.196558
1931250 0.181205 0.206921 0.202516 0.0 0.0 0.0 0.178576 0.206662 0.201008 0.186872 0.207894 0.205764
1931250 0.183101 0.212396 0.208553 0.0 0.0 0.0 0.186872 0.207894 0.205764 0.180937 0.21518 0.210155
1931250 0.184271 0.214877 0.212352 0.0 0.0 0.0 0.180937 0.21518 0.210155 0.189332 0.214736 0.215694
1931250 0.1864 0.216316 0.200744 0.0 0.0 0.0 0.183668 0.217541 0.203437 0.189673 0.215126 0.19752
1931250 0.194146 0.201543 0.204621 0.0 0.0 0.0 0.195322 0.203707 0.201954 0.192384 0.198615 0.208633
1931250 0.196511 0.199195 0.218868 0.0 0.0 0.0 0.195722 0.201249 0.223088 0.197157 0.197755 0.215428
1931250 0.189134 0.206168 0.186404 0.0 0.0 0.0 0.19159 0.204785 0.190032 0.187262 0.207454 0.183634
1931250 0.1906 0.209081 0.189227 -0.875705 4.17962 -0.0989121 0.19159 0.204785 0.190032 0.189572 0.213537 0.188392
1931250 0.195417 0.203474 0.192288 0.0 0.0 0.0 0.19159 0.204785 0.190032 0.19996 0.202201 0.194965
1931250 0.196577 0.210092 0.189062 0.0 0.0 0.0 0.196776 0.210887 0.193137 0.196395 0.209602 0.185263
1931250 0.18921 0.207713 0.195743 0.0 0.0 0.0 0.186314 0.208912 0.19397 0.192073 0.206776 0.197494
1931250 0.187665 0.2107 0.191659 0.0 0.0 0.0 0.186314 0.208912 0.19397 0.189572 0.213537 0.188392
1931250 0.194151 0.208468 0.195569 0.0 0.0 0.0 0.192073 0.206776 0.197494 0.196776 0.210887 0.193137
1931250 0.191081 0.210105 0.197505 0.0 0.0 0.0 0.192073 0.206776 0.197494 0.189673 0.215126 0.19752
1931250 0.195067 0.204915 0.196534 0.0 0.0 0.0 0.192073 0.206776 0.197494 0.19996 0.202201 0.194965
1931250 0.193393 0.212002 0.19091 0.0 0.0 0.0 0.196776 0.210887 0.193137 0.189572 0.213537 0.188392
1931250 0.19343 0.212756 0.1952 0.0 0.0 0.0 0.196776 0.210887 0.193137 0.189673 0.215126 0.19752
1931250 0.194074 0.208505 0.199323 0.0 0.0 0.0 0.192073 0.206776 0.197494 0.197006 0.211346 0.202001
1931250 0.188517 0.212016 0.20092 0.0 0.0 0.0 0.186872 0.207894 0.205764 0.189673 0.215126 0.19752
1931250 0.197013 0.203029 0.199401 0.0 0.0 0.0 0.195322 0.203707 0.201954 0.19996 0.202201 0.194965
1931250 0.19546 0.213384 0.18373 0.0 0.0 0.0 0.194281 0.218457 0.181787 0.196395 0.209602 0.185263
1931250 0.193665 0.216324 0.189698 0.0 0.0 0.0 0.19787 0.219443 0.191038 0.189572 0.213537 0.188392
1931250 0.187999 0.218428 0.193734 0.0 0.0 0.0 0.186411 0.221807 0.190145 0.189673 0.215126 0.19752
1931250 0.200839 0.200787 0.200229 0.0 0.0 0.0 0.19996 0.202201 0.194965 0.201721 0.199631 0.205492
1931250 0.198638 0.211186 0.182099 0.0 0.0 0.0 0.20126 0.213318 0.1784 0.196395 0.209602 0.185263
1931250 0.20051 0.212157 0.19544 0.0 0.0 0.0 0.196776 0.210887 0.193137 0.203505 0.213402 0.19728
1931250 0.205028 0.20344 0.193895 0.0 0.0 0.0 0.208213 0.204428 0.193221 0.19996 0.202201 0.194965
1931250 0.194871 0.205157 0.210785 0.0 0.0 0.0 0.193188 0.205136 0.215105 0.196013 0.205387 0.207869
1931250 0.190574 0.206148 0.211243 0.0 0.0 0.0 0.193188 0.205136 0.215105 0.186872 0.207894 0.205764
1931250 0.196406 0.20762 0.205542 0.0 0.0 0.0 0.196013 0.205387 0.207869 0.197006 0.211346 0.202001
1931250 0.192639 0.204907 0.203161 0.0 0.0 0.0 0.186872 0.207894 0.205764 0.195322 0.203707 0.201954
1931250 0.19679 0.206699 0.218593 0.0 0.0 0.0 0.193188 0.205136 0.215105 0.199445 0.208071 0.221164
1931250 0.194425 0.213154 0.213464 0.0 0.0 0.0 0.198834 0.212023 0.211535 0.189332 0.214736 0.215694
1931250 0.189751 0.213758 0.205965 0.0 0.0 0.0 0.19184 0.218235 0.206113 0.186872 0.207894 0.205764
1931250 0.19527 0.215061 0.208771 0.0 0.0 0.0 0.198834 0.212023 0.211535 0.19184 0.218235 0.206113
1931250 0.20085 0.212435 0.199207 0.0 0.0 0.0 0.197006 0.211346 0.202001 0.203505 0.213402 0.19728
1931250 0.203189 0.209584 0.210899 0.0 0.0 0.0 0.198834 0.212023 0.211535 0.208091 0.207115 0.210185
1931250 0.20204 0.213605 0.208106 0.0 0.0 0.0 0.198834 0.212023 0.211535 0.205068 0.215345 0.204871
1931250 0.198214 0.203923 0.215959 0.0 0.0 0.0 0.193188 0.205136 0.215105 0.202449 0.203141 0.21668
1931250 0.19515 0.215306 0.218174 0.0 0.0 0.0 0.199803 0.21599 0.220159 0.189332 0.214736 0.215694
1931250 0.199362 0.202142 0.219617 0.0 0.0 0.0 0.202449 0.203141 0.21668 0.195722 0.201249 0.223088
1931250 0.201271 0.216162 0.189761 0.0 0.0 0.0 0.19787 0.219443 0.191038 0.205743 0.21215 0.188079
1931250 0.203207 0.216272 0.217106 0.0 0.0 0.0 0.199803 0.21599 0.220159 0.206525 0.216799 0.214136
1931250 0.205956 0.198285 0.185719 0.0 0.0 0.0 0.205266 0.200586 0.188391 0.207385 0.193934 0.180187
1931250 0.210378 0.20259 0.191336 0.0 0.0 0.0 0.208213 0.204428 0.193221 0.213777 0.200039 0.188368
1931250 0.208542 0.200243 0.188385 0.0 0.0 0.0 0.205266 0.200586 0.188391 0.213777 0.200039 0.188368
1931250 0.20907 0.196765 0.205953 0.0 0.0 0.0 0.210115 0.200282 0.20522 0.207647 0.192261 0.206956
1931250 0.207039 0.201147 0.212068 0.0 0.0 0.0 0.208091 0.207115 0.210185 0.2063 0.197149 0.213401
1931250 0.205805 0.201764 0.218599 0.0 0.0 0.0 0.202449 0.203141 0.21668 0.210583 0.200118 0.22133
1931250 0.202764 0.207531 0.183459 0.0 0.0 0.0 0.205743 0.21215 0.188079 0.200494 0.204236 0.179932
1931250 0.207187 0.206492 0.184867 0.0 0.0 0.0 0.207966 0.203643 0.183131 0.205743 0.21215 0.188079
1931250 0.211161 0.209508 0.184779 0.0 0.0 0.0 0.205743 0.21215 0.188079 0.215154 0.207785 0.182345
1931250 0.207149 0.210033 0.182212 0.0 0.0 0.0 0.205743 0.21215 0.188079 0.20793 0.209063 0.178961
1931250 0.202514 0.217068 0.181047 0.0 0.0 0.0 0.20126 0.213318 0.1784 0.203492 0.220216 0.183101
1931250 0.20952 0.207049 0.194887 0.0 0.0 0.0 0.208213 0.204428 0.193221 0.21122 0.210747 0.197044
1931250 0.206725 0.202358 0.190787 0.0 0.0 0.0 0.208213 0.204428 0.193221 0.205266 0.200586 0.188391
1931250 0.20683 0.212129 0.19718 0.0 0.0 0.0 0.203505 0.213402 0.19728 0.21122 0.210747 0.197044
1931250 0.212732 0.204207 0.198222 0.0 0.0 0.0 0.214145 0.204174 0.195511 0.211328 0.204499 0.200931
1931250 0.204146 0.214076 0.200415 0.0 0.0 0.0 0.205068 0.215345 0.204871 0.203505 0.213402 0.19728
1931250 0.214178 0.214057 0.191797 0.0 0.0 0.0 0.215346 0.210569 0.190164 0.21293 0.218056 0.193538
1931250 0.210147 0.215644 0.19143 0.0 0.0 0.0 0.205743 0.21215 0.188079 0.21293 0.218056 0.193538
1931250 0.206038 0.217965 0.190277 0.0 0.0 0.0 0.205743 0.21215 0.188079 0.20623 0.221829 0.191659
1931250 0.217108 0.211963 0.193035 0.0 0.0 0.0 0.218986 0.21371 0.196082 0.215346 0.210569 0.190164
1931250 0.215294 0.212174 0.196541 0.0 0.0 0.0 0.218986 0.21371 0.196082 0.21122 0.210747 0.197044
1931250 0.214241 0.209708 0.200096 0.0 0.0 0.0 0.218025 0.208699 0.20391 0.21122 0.210747 0.197044
1931250 0.208519 0.205576 0.20102 0.0 0.0 0.0 0.211328 0.204499 0.200931 0.204784 0.207313 0.201139
1931250 0.20617 0.207101 0.204935 0.0 0.0 0.0 0.208091 0.207115 0.210185 0.204784 0.207313 0.201139
1931250 0.204914 0.210905 0.202868 0.0 0.0 0.0 0.205068 0.215345 0.204871 0.204784 0.207313 0.201139
1931250 0.207218 0.212367 0.212379 0.0 0.0 0.0 0.208091 0.207115 0.210185 0.206525 0.216799 0.214136
1931250 0.205811 0.215962 0.209613 0.0 0.0 0.0 0.206525 0.216799 0.214136 0.205068 0.215345 0.204871
1931250 0.209894 0.216249 0.203135 0.0 0.0 0.0 0.214214 0.217297 0.20158 0.205068 0.215345 0.204871
1931250 0.21198 0.202114 0.210719 0.0 0.0 0.0 0.208091 0.207115 0.210185 0.216515 0.196573 0.211342
1931250 0.213125 0.207788 0.207002 0.0 0.0 0.0 0.208091 0.207115 0.210185 0.218025 0.208699 0.20391
1931250 0.215817 0.215563 0.210805 0.0 0.0 0.0 0.214262 0.213142 0.21006 0.217996 0.21925 0.211847
1931250 0.204657 0.206026 0.218234 0.0 0.0 0.0 0.202449 0.203141 0.21668 0.207361 0.209839 0.220136
1931250 0.213551 0.217561 0.197451 0.0 0.0 0.0 0.214214 0.217297 0.20158 0.21293 0.218056 0.193538
1931250 0.209373 0.217642 0.210774 0.0 0.0 0.0 0.206525 0.216799 0.214136 0.211438 0.218471 0.208341
1931250 0.216671 0.21532 0.198747 0.0 0.0 0.0 0.214214 0.217297 0.20158 0.218986 0.21371 0.196082
1931250 0.215869 0.213425 0.202596 0.0 0.0 0.0 0.214214 0.217297 0.20158 0.218025 0.208699 0.20391
