# ts x y z Fx Fy Fz x1 y1 z1 x2 y2 z2
3062500 0.185895 0.192919 0.187919 0.888163 0.138309 0.433907 0.182606 0.191805 0.186065 0.189407 0.194108 0.189898
3062500 0.18344 0.190221 0.197099 -1.77768 0.874489 0.277655 0.187201 0.188093 0.195821 0.180683 0.19178 0.198036
3062500 0.188958 0.196621 0.198045 -2.47638 1.1738 -0.479575 0.192865 0.194428 0.199515 0.184803 0.198953 0.196481
3062500 0.194438 0.178865 0.181478 0.72897 0.907434 -0.0341851 0.19139 0.176103 0.181531 0.196913 0.181107 0.181435
3062500 0.198088 0.183614 0.183303 -1.27882 -1.75615 -1.53848 0.199484 0.186592 0.185522 0.196913 0.181107 0.181435
3062500 0.192881 0.181209 0.187268 -2.22611 1.73803 -0.45326 0.195575 0.178357 0.188125 0.189208 0.185098 0.186098
3062500 0.197901 0.17956 0.19117 2.47078 2.17553 3.99929 0.195575 0.178357 0.188125 0.200792 0.181056 0.194957
3062500 0.189227 0.202308 0.183158 -0.687369 0.785081 0.129741 0.191137 0.199267 0.182623 0.18743 0.205168 0.183662
3062500 0.1977 0.18761 0.188916 -1.74551 1.16829 2.50735 0.199484 0.186592 0.185522 0.195669 0.188768 0.192781
3062500 0.192425 0.191535 0.191287 -1.31285 0.887766 -0.354182 0.195669 0.188768 0.192781 0.189407 0.194108 0.189898
3062500 0.196611 0.191864 0.189629 -0.525227 -0.95284 0.969945 0.197621 0.195184 0.186248 0.195669 0.188768 0.192781
3062500 0.194297 0.191537 0.196076 0.534719 -1.19391 -1.92641 0.192865 0.194428 0.199515 0.195669 0.188768 0.192781
3062500 0.195053 0.192009 0.202922 0.782217 -0.912497 1.73468 0.192865 0.194428 0.199515 0.196631 0.190265 0.205378
3062500 0.192626 0.195381 0.204128 -0.213478 0.114337 1.35145 0.192865 0.194428 0.199515 0.192393 0.196308 0.208618
3062500 0.196209 0.196976 0.197377 0.266382 0.279094 -0.236477 0.192865 0.194428 0.199515 0.199981 0.19985 0.194965
3062500 0.198102 0.185105 0.193814 -2.00367 2.37946 -1.12265 0.200792 0.181056 0.194957 0.195669 0.188768 0.192781
3062500 0.202418 0.188442 0.183595 2.16248 1.43375 -0.946132 0.199484 0.186592 0.185522 0.207436 0.191606 0.180301
3062500 0.20297 0.185765 0.187226 0.521221 -0.064302 0.175639 0.199484 0.186592 0.185522 0.206642 0.184893 0.189022
3062500 0.199068 0.198563 0.183093 0.549102 0.956128 -0.723661 0.197621 0.195184 0.186248 0.200495 0.201894 0.179982
3062500 0.189147 0.193272 0.209765 1.38693 0.992578 -0.623491 0.186297 0.190607 0.210772 0.192393 0.196308 0.208618
3062500 0.196718 0.196785 0.207154 -0.830479 -0.198318 0.394654 0.201725 0.197336 0.20546 0.192393 0.196308 0.208618
3062500 0.199558 0.1861 0.216458 -0.0877428 -0.704513 1.52298 0.20055 0.188183 0.212262 0.198829 0.184567 0.219546
3062500 0.210117 0.17947 0.192397 0.823316 0.650938 0.531913 0.207588 0.176628 0.190587 0.212573 0.18223 0.194155
3062500 0.204188 0.182113 0.198463 3.37244 0.264449 3.46777 0.200792 0.181056 0.194957 0.206958 0.182975 0.201323
3062500 0.211091 0.186042 0.194101 0.386546 -0.760245 0.117619 0.209976 0.188907 0.19406 0.212573 0.18223 0.194155
3062500 0.214118 0.184815 0.191386 -0.205134 -0.60415 0.560217 0.215954 0.187888 0.188095 0.212573 0.18223 0.194155
3062500 0.206666 0.182812 0.205382 0.299752 -0.297812 -2.61022 0.206428 0.18268 0.208675 0.206958 0.182975 0.201323
3062500 0.208011 0.180993 0.211033 0.81 -1.04196 1.00858 0.206428 0.18268 0.208675 0.209452 0.179457 0.213181
3062500 0.204089 0.180967 0.210258 -2.24052 -2.05188 1.70625 0.206428 0.18268 0.208675 0.200796 0.178557 0.212488
3062500 0.210541 0.18491 0.201431 -2.88233 -2.14281 0.143252 0.215277 0.187468 0.201575 0.206958 0.182975 0.201323
3062500 0.206949 0.185848 0.207896 0.575579 2.09163 -0.817148 0.206428 0.18268 0.208675 0.207619 0.189931 0.206892
3062500 0.212227 0.179348 0.214337 1.93781 0.256064 0.783508 0.209452 0.179457 0.213181 0.21594 0.179201 0.215884
3062500 0.205154 0.192514 0.198659 -1.54882 -1.08643 0.550694 0.208674 0.195589 0.197891 0.201788 0.189575 0.199394
3062500 0.208563 0.187206 0.191925 -0.77794 -0.626636 -0.857073 0.209976 0.188907 0.19406 0.206642 0.184893 0.189022
3062500 0.212502 0.190635 0.194361 0.34604 0.255517 0.111044 0.209976 0.188907 0.19406 0.215042 0.192373 0.194664
3062500 0.209464 0.191537 0.195568 -0.450326 1.27897 0.952261 0.209976 0.188907 0.19406 0.208674 0.195589 0.197891
3062500 0.214561 0.194382 0.192362 0.419686 -0.934779 1.42334 0.213746 0.197785 0.188463 0.215042 0.192373 0.194664
3062500 0.209549 0.197025 0.202318 -0.700906 -1.07597 -2.23664 0.210123 0.197969 0.205226 0.208674 0.195589 0.197891
3062500 0.217953 0.191351 0.194881 -1.0394 0.555048 -0.0311246 0.221828 0.189989 0.195171 0.215042 0.192373 0.194664
3062500 0.204292 0.189108 0.20942 1.01145 0.350869 -0.580301 0.20055 0.188183 0.212262 0.207619 0.189931 0.206892
3062500 0.204997 0.193225 0.206255 1.41722 -1.35205 0.468908 0.201725 0.197336 0.20546 0.207619 0.189931 0.206892
3062500 0.211 0.188843 0.204545 -2.69917 1.47009 1.94622 0.215277 0.187468 0.201575 0.207619 0.189931 0.206892
3062500 0.203473 0.2017 0.202981 0.82085 1.55458 -0.658665 0.201725 0.197336 0.20546 0.2048 0.205013 0.2011
3062500 0.209394 0.20043 0.206982 -0.632448 1.44173 1.39318 0.210123 0.197969 0.205226 0.208086 0.204843 0.210132
3062500 0.21719 0.18356 0.204749 -0.42223 0.562677 -0.474471 0.218902 0.180061 0.207591 0.215277 0.187468 0.201575
3062500 0.212201 0.196744 0.20719 1.352 -1.04477 1.80587 0.210123 0.197969 0.205226 0.216538 0.194188 0.211291
3062500 0.207102 0.188769 0.218513 1.95746 -0.998351 -1.10998 0.20397 0.190921 0.219956 0.210772 0.186248 0.216822
3062500 0.206948 0.19246 0.210251 0.587582 -1.0284 -1.56848 0.206327 0.194803 0.213361 0.207619 0.189931 0.206892
3062500 0.205167 0.192891 0.216608 0.0670307 0.242343 -0.408351 0.20397 0.190921 0.219956 0.206327 0.194803 0.213361
3062500 0.203766 0.179206 0.216007 3.02828 0.548125 2.60052 0.200796 0.178557 0.212488 0.205972 0.179688 0.218619
3062500 0.2024 0.189664 0.216424 0.258729 0.127437 0.701856 0.20055 0.188183 0.212262 0.20397 0.190921 0.219956
3062500 0.19458 0.187965 0.206817 1.63881 2.65068 -1.53699 0.192043 0.185119 0.208597 0.196631 0.190265 0.205378
3062500 0.207022 0.197735 0.205312 -0.580404 -0.115882 0.0773158 0.210123 0.197969 0.205226 0.201725 0.197336 0.20546
3062500 0.189108 0.187923 0.209708 -1.17745 0.921595 0.212359 0.192043 0.185119 0.208597 0.186297 0.190607 0.210772
3062500 0.20876 0.182719 0.18615 -0.908215 0.612339 0.945929 0.211501 0.179907 0.182434 0.206642 0.184893 0.189022
3062500 0.191946 0.182847 0.212137 -0.45117 -1.4693 2.98349 0.192043 0.185119 0.208597 0.191824 0.179971 0.21662
3062500 0.181858 0.195917 0.193787 0.814882 1.04767 1.11588 0.180072 0.194076 0.192155 0.184803 0.198953 0.196481
3062500 0.198725 0.189171 0.196083 0.960844 -0.0837086 1.18858 0.195669 0.188768 0.192781 0.201788 0.189575 0.199394
3062500 0.21899 0.188897 0.197946 -3.80251 -0.91005 2.78409 0.221828 0.189989 0.195171 0.215277 0.187468 0.201575
3062500 0.205169 0.188575 0.190342 0.116442 -0.227407 -0.12497 0.203793 0.192013 0.191575 0.206642 0.184893 0.189022
3062500 0.198619 0.193024 0.20541 -1.57484 -1.66356 0.174771 0.201725 0.197336 0.20546 0.196631 0.190265 0.205378
3062500 0.211853 0.185321 0.212277 -0.444696 0.378808 1.17254 0.212577 0.184699 0.209231 0.210772 0.186248 0.216822
3062500 0.21665 0.192618 0.200801 -0.139985 -0.432596 0.137851 0.217823 0.197018 0.20014 0.215277 0.187468 0.201575
3062500 0.215618 0.199984 0.1974 -0.236503 0.440962 -0.297935 0.217823 0.197018 0.20014 0.214168 0.201933 0.195598
3062500 0.215096 0.182852 0.208578 -0.518738 0.269885 0.156256 0.218902 0.180061 0.207591 0.212577 0.184699 0.209231
3062500 0.184213 0.19937 0.191518 -0.0439661 -0.0400078 -0.56715 0.184803 0.198953 0.196481 0.183723 0.199715 0.187398
3062500 0.193915 0.197518 0.184176 -0.231223 0.203616 -0.173342 0.197621 0.195184 0.186248 0.191137 0.199267 0.182623
3062500 0.210093 0.180383 0.201094 -1.46722 1.06892 0.373103 0.213117 0.177884 0.200874 0.206958 0.182975 0.201323
3062500 0.183357 0.187005 0.193738 -0.907605 -0.426252 -0.448164 0.187201 0.188093 0.195821 0.179253 0.185843 0.191515
3062500 0.212527 0.193644 0.195939 0.645837 -0.209703 -0.251071 0.208674 0.195589 0.197891 0.215042 0.192373 0.194664
3062500 0.210997 0.195093 0.184907 0.386139 0.2489 0.386367 0.207436 0.191606 0.180301 0.213746 0.197785 0.188463
3062500 0.198258 0.189401 0.208237 -0.871561 0.548376 -1.16216 0.20055 0.188183 0.212262 0.196631 0.190265 0.205378
3062500 0.210185 0.19457 0.212579 0.878391 0.0877515 -0.156945 0.206327 0.194803 0.213361 0.216538 0.194188 0.211291
3062500 0.198745 0.197408 0.190403 0.0179919 0.098503 0.201786 0.197621 0.195184 0.186248 0.199981 0.19985 0.194965
3062500 0.196305 0.179858 0.184473 0.132395 1.16517 -2.23097 0.195575 0.178357 0.188125 0.196913 0.181107 0.181435
3062500 0.198843 0.189969 0.202812 -1.02198 0.370688 1.10247 0.201788 0.189575 0.199394 0.196631 0.190265 0.205378
3062500 0.209556 0.183707 0.208958 0.908868 0.151608 0.0365825 0.206428 0.18268 0.208675 0.212577 0.184699 0.209231
3062500 0.202865 0.190885 0.195195 -0.0305866 -0.0835237 0.178148 0.203793 0.192013 0.191575 0.201788 0.189575 0.199394
3062500 0.182676 0.179056 0.196023 -0.68212 -0.232443 0.606205 0.186148 0.179644 0.193587 0.177725 0.178219 0.199496
3062500 0.19143 0.18843 0.194303 2.60342 -0.15822 -1.21256 0.187201 0.188093 0.195821 0.195669 0.188768 0.192781
3062500 0.203977 0.183145 0.191726 0.459568 0.202479 -0.524259 0.200792 0.181056 0.194957 0.206642 0.184893 0.189022
3062500 0.190445 0.179036 0.204301 -2.439 2.17494 -2.6192 0.193635 0.176307 0.206693 0.187464 0.181587 0.202065
3062500 0.183323 0.180155 0.200973 3.1156 1.18542 0.296227 0.177725 0.178219 0.199496 0.187464 0.181587 0.202065
3062500 0.187491 0.182037 0.190301 0.805208 0.9275 -1.81762 0.186148 0.179644 0.193587 0.189208 0.185098 0.186098
3062500 0.187332 0.184844 0.19894 0.314166 -1.2335 1.38142 0.187201 0.188093 0.195821 0.187464 0.181587 0.202065
3062500 0.196614 0.179216 0.214414 -2.74769 0.0742371 0.92096 0.200796 0.178557 0.212488 0.191824 0.179971 0.21662
3062500 0.189834 0.183415 0.205446 -1.42501 -0.765406 -2.35374 0.192043 0.185119 0.208597 0.187464 0.181587 0.202065
3062500 0.213741 0.184491 0.197358 0.0369652 0.160684 0.230575 0.212573 0.18223 0.194155 0.215277 0.187468 0.201575
3062500 0.201039 0.193428 0.189198 0.0277571 -0.0200184 0.0328775 0.197621 0.195184 0.186248 0.203793 0.192013 0.191575
3062500 0.204579 0.195411 0.189821 0.0925879 0.229957 -0.151369 0.203793 0.192013 0.191575 0.20524 0.198266 0.188347
3062500 0.210268 0.199637 0.199763 0.219409 0.596369 0.161604 0.208674 0.195589 0.197891 0.211287 0.202225 0.200959
3062500 0.203234 0.19887 0.190872 -0.217782 0.113159 0.243381 0.20524 0.198266 0.188347 0.199981 0.19985 0.194965
3062500 0.181882 0.197969 0.200437 0.493585 0.25547 -0.95326 0.17885 0.196947 0.204544 0.184803 0.198953 0.196481
3062500 0.20451 0.1861 0.20041 1.01742 -0.94371 0.377004 0.201788 0.189575 0.199394 0.206958 0.182975 0.201323
3062500 0.202721 0.202786 0.198454 0.26907 0.205073 0.360807 0.199981 0.19985 0.194965 0.2048 0.205013 0.2011
3062500 0.207832 0.179565 0.215713 -0.947692 0.341151 1.4531 0.209452 0.179457 0.213181 0.205972 0.179688 0.218619
3062500 0.186788 0.180589 0.197713 0.722156 0.470204 2.22091 0.186148 0.179644 0.193587 0.187464 0.181587 0.202065
3062500 0.190271 0.178649 0.200094 -0.172335 0.258807 0.160779 0.192299 0.176527 0.19867 0.187464 0.181587 0.202065
3062500 0.192749 0.187109 0.18976 0.015951 0.0106492 0.0126832 0.189208 0.185098 0.186098 0.195669 0.188768 0.192781
3062500 0.184133 0.18427 0.203516 1.07934 -0.604581 -0.429018 0.180625 0.187097 0.205043 0.187464 0.181587 0.202065
3062500 0.210713 0.200126 0.203063 0.0137864 0.152809 -0.182589 0.210123 0.197969 0.205226 0.211287 0.202225 0.200959
3062500 0.21285 0.180013 0.197582 0.0902572 0.528906 -0.867439 0.213117 0.177884 0.200874 0.212573 0.18223 0.194155
3062500 0.215128 0.190584 0.197185 0.162713 0.797925 -1.02471 0.215277 0.187468 0.201575 0.215042 0.192373 0.194664
3062500 0.215849 0.190515 0.20598 0.0124788 -0.247859 -0.304451 0.216538 0.194188 0.211291 0.215277 0.187468 0.201575
3062500 0.194352 0.198658 0.200977 0.0874146 0.487238 0.18806 0.192865 0.194428 0.199515 0.195316 0.201401 0.201925
3062500 0.213582 0.18573 0.206382 0.232709 0.528075 -1.20498 0.212577 0.184699 0.209231 0.215277 0.187468 0.201575
3062500 0.186552 0.196925 0.188642 -0.376856 0.465841 -0.113878 0.189407 0.194108 0.189898 0.183723 0.199715 0.187398
3062500 0.185129 0.18837 0.204187 0.00236008 0.000272481 -0.00039987 0.180625 0.187097 0.205043 0.188248 0.189251 0.203593
3062500 0.196698 0.179916 0.205715 -0.0218811 -0.018967 0.00766629 0.199401 0.183102 0.204852 0.193635 0.176307 0.206693
3062500 0.203267 0.183037 0.203047 0.0131031 -0.00254353 -0.00617177 0.199401 0.183102 0.204852 0.206958 0.182975 0.201323
3062500 0.180659 0.18988 0.200908 0.0 0.0 0.0 0.180625 0.187097 0.205043 0.180683 0.19178 0.198036
3062500 0.1829 0.182583 0.192612 0.0 0.0 0.0 0.186148 0.179644 0.193587 0.179253 0.185843 0.191515
3062500 0.187682 0.199495 0.184848 0.0 0.0 0.0 0.191137 0.199267 0.182623 0.183723 0.199715 0.187398
3062500 0.183908 0.185514 0.188983 0.0 0.0 0.0 0.189208 0.185098 0.186098 0.179253 0.185843 0.191515
3062500 0.182319 0.194648 0.197419 0.0 0.0 0.0 0.180683 0.19178 0.198036 0.184803 0.198953 0.196481
3062500 0.182987 0.184523 0.208343 0.0 0.0 0.0 0.180625 0.187097 0.205043 0.184865 0.182422 0.210965
3062500 0.183695 0.189017 0.208145 0.0 0.0 0.0 0.180625 0.187097 0.205043 0.186297 0.190607 0.210772
3062500 0.193993 0.182638 0.183203 0.0 0.0 0.0 0.189208 0.185098 0.186098 0.196913 0.181107 0.181435
3062500 0.190454 0.179981 0.183491 0.0 0.0 0.0 0.189208 0.185098 0.186098 0.19139 0.176103 0.181531
3062500 0.199829 0.182063 0.180075 0.0 0.0 0.0 0.196913 0.181107 0.181435 0.202575 0.182907 0.17879
3062500 0.199796 0.180485 0.18301 0.0 0.0 0.0 0.202835 0.179788 0.18467 0.196913 0.181107 0.181435
3062500 0.189992 0.181137 0.194739 -0.00130064 -0.000276878 -0.000427284 0.192781 0.18222 0.195575 0.186148 0.179644 0.193587
3062500 0.192543 0.17948 0.19708 0.0 0.0 0.0 0.192781 0.18222 0.195575 0.192299 0.176527 0.19867
3062500 0.190612 0.182001 0.198214 0.0 0.0 0.0 0.192781 0.18222 0.195575 0.187464 0.181587 0.202065
3062500 0.197541 0.182519 0.186816 0.0 0.0 0.0 0.195575 0.178357 0.188125 0.199484 0.186592 0.185522
3062500 0.190502 0.184656 0.19567 0.0 0.0 0.0 0.192781 0.18222 0.195575 0.187201 0.188093 0.195821
3062500 0.193955 0.184927 0.194431 0.0 0.0 0.0 0.192781 0.18222 0.195575 0.195669 0.188768 0.192781
3062500 0.18666 0.18378 0.194676 0.0 0.0 0.0 0.187201 0.188093 0.195821 0.186148 0.179644 0.193587
3062500 0.193249 0.184177 0.197986 0.0 0.0 0.0 0.192781 0.18222 0.195575 0.193763 0.18622 0.200633
3062500 0.199444 0.17914 0.186281 0.0 0.0 0.0 0.195575 0.178357 0.188125 0.202835 0.179788 0.18467
3062500 0.19585 0.181814 0.195332 0.0 0.0 0.0 0.192781 0.18222 0.195575 0.200792 0.181056 0.194957
3062500 0.186049 0.182072 0.20691 0.0 0.0 0.0 0.187464 0.181587 0.202065 0.184865 0.182422 0.210965
3062500 0.185125 0.178683 0.211469 0.0 0.0 0.0 0.185426 0.174294 0.212052 0.184865 0.182422 0.210965
3062500 0.187753 0.181437 0.213312 0.0 0.0 0.0 0.191824 0.179971 0.21662 0.184865 0.182422 0.210965
3062500 0.188261 0.183729 0.209844 0.0 0.0 0.0 0.192043 0.185119 0.208597 0.184865 0.182422 0.210965
3062500 0.185558 0.186414 0.210872 0.0 0.0 0.0 0.186297 0.190607 0.210772 0.184865 0.182422 0.210965
3062500 0.19106 0.184261 0.201248 0.0 0.0 0.0 0.187464 0.181587 0.202065 0.193763 0.18622 0.200633
3062500 0.187912 0.186052 0.202947 0.0 0.0 0.0 0.187464 0.181587 0.202065 0.188248 0.189251 0.203593
3062500 0.192784 0.181037 0.207711 0.0 0.0 0.0 0.192043 0.185119 0.208597 0.193635 0.176307 0.206693
3062500 0.196263 0.184867 0.202503 0.0 0.0 0.0 0.199401 0.183102 0.204852 0.193763 0.18622 0.200633
3062500 0.195696 0.184136 0.206737 0.0 0.0 0.0 0.192043 0.185119 0.208597 0.199401 0.183102 0.204852
3062500 0.197859 0.187107 0.205145 0.0 0.0 0.0 0.199401 0.183102 0.204852 0.196631 0.190265 0.205378
3062500 0.200042 0.182178 0.200294 0.0 0.0 0.0 0.200792 0.181056 0.194957 0.199401 0.183102 0.204852
3062500 0.201211 0.179468 0.203361 0.0 0.0 0.0 0.199401 0.183102 0.204852 0.202841 0.176163 0.202019
3062500 0.203361 0.182883 0.207007 0.0 0.0 0.0 0.206428 0.18268 0.208675 0.199401 0.183102 0.204852
3062500 0.200068 0.180946 0.208506 0.0 0.0 0.0 0.200796 0.178557 0.212488 0.199401 0.183102 0.204852
3062500 0.200559 0.186261 0.202205 0.0 0.0 0.0 0.199401 0.183102 0.204852 0.201788 0.189575 0.199394
3062500 0.199942 0.185515 0.208343 0.0 0.0 0.0 0.20055 0.188183 0.212262 0.199401 0.183102 0.204852
3062500 0.19604 0.182756 0.218381 0.0 0.0 0.0 0.191824 0.179971 0.21662 0.198829 0.184567 0.219546
3062500 0.192392 0.185345 0.215867 0.0 0.0 0.0 0.191824 0.179971 0.21662 0.192768 0.188894 0.21536
3062500 0.19582 0.186746 0.217468 0.0 0.0 0.0 0.192768 0.188894 0.21536 0.198829 0.184567 0.219546
3062500 0.199676 0.181995 0.216504 0.0 0.0 0.0 0.200796 0.178557 0.212488 0.198829 0.184567 0.219546
3062500 0.201215 0.187537 0.219737 0.0 0.0 0.0 0.20397 0.190921 0.219956 0.198829 0.184567 0.219546
3062500 0.198252 0.186884 0.181488 0.0 0.0 0.0 0.199484 0.186592 0.185522 0.19714 0.187091 0.177845
3062500 0.197792 0.194561 0.181448 0.0 0.0 0.0 0.197908 0.194088 0.17822 0.197621 0.195184 0.186248
3062500 0.190335 0.196895 0.185996 0.0 0.0 0.0 0.189407 0.194108 0.189898 0.191137 0.199267 0.182623
3062500 0.195166 0.185983 0.185764 0.0 0.0 0.0 0.199484 0.186592 0.185522 0.189208 0.185098 0.186098
3062500 0.188107 0.18676 0.191432 0.0 0.0 0.0 0.187201 0.188093 0.195821 0.189208 0.185098 0.186098
3062500 0.18932 0.190215 0.188248 0.0 0.0 0.0 0.189208 0.185098 0.186098 0.189407 0.194108 0.189898
3062500 0.198645 0.19048 0.185849 0.0 0.0 0.0 0.197621 0.195184 0.186248 0.199484 0.186592 0.185522
3062500 0.189968 0.191208 0.197627 0.0 0.0 0.0 0.187201 0.188093 0.195821 0.192865 0.194428 0.199515
3062500 0.188342 0.191225 0.192757 0.0 0.0 0.0 0.187201 0.188093 0.195821 0.189407 0.194108 0.189898
3062500 0.191036 0.194278 0.19443 0.0 0.0 0.0 0.192865 0.194428 0.199515 0.189407 0.194108 0.189898
3062500 0.193222 0.194627 0.188203 0.0 0.0 0.0 0.197621 0.195184 0.186248 0.189407 0.194108 0.189898
3062500 0.187307 0.196337 0.1929 0.0 0.0 0.0 0.189407 0.194108 0.189898 0.184803 0.198953 0.196481
3062500 0.190943 0.187055 0.198565 0.0 0.0 0.0 0.187201 0.188093 0.195821 0.193763 0.18622 0.200633
3062500 0.187801 0.188796 0.200309 0.0 0.0 0.0 0.187201 0.188093 0.195821 0.188248 0.189251 0.203593
3062500 0.194582 0.187344 0.197263 0.0 0.0 0.0 0.195669 0.188768 0.192781 0.193763 0.18622 0.200633
3062500 0.193388 0.189687 0.200166 0.0 0.0 0.0 0.192865 0.194428 0.199515 0.193763 0.18622 0.200633
3062500 0.190141 0.191414 0.201915 0.0 0.0 0.0 0.192865 0.194428 0.199515 0.188248 0.189251 0.203593
3062500 0.194532 0.198999 0.188222 0.0 0.0 0.0 0.197621 0.195184 0.186248 0.191675 0.202491 0.190048
3062500 0.201208 0.184566 0.181769 0.0 0.0 0.0 0.199484 0.186592 0.185522 0.202575 0.182907 0.17879
3062500 0.201258 0.183004 0.185068 0.0 0.0 0.0 0.199484 0.186592 0.185522 0.202835 0.179788 0.18467
3062500 0.201709 0.193713 0.183772 0.0 0.0 0.0 0.197621 0.195184 0.186248 0.207436 0.191606 0.180301
3062500 0.201656 0.189344 0.188574 0.0 0.0 0.0 0.203793 0.192013 0.191575 0.199484 0.186592 0.185522
3062500 0.200027 0.190529 0.192134 0.0 0.0 0.0 0.203793 0.192013 0.191575 0.195669 0.188768 0.192781
3062500 0.197416 0.191972 0.199454 0.0 0.0 0.0 0.192865 0.194428 0.199515 0.201788 0.189575 0.199394
3062500 0.202163 0.197041 0.1875 0.0 0.0 0.0 0.197621 0.195184 0.186248 0.20524 0.198266 0.188347
3062500 0.200956 0.194319 0.197358 0.0 0.0 0.0 0.199981 0.19985 0.194965 0.201788 0.189575 0.199394
3062500 0.202179 0.195349 0.19301 0.0 0.0 0.0 0.203793 0.192013 0.191575 0.199981 0.19985 0.194965
3062500 0.204579 0.197615 0.196514 0.0 0.0 0.0 0.208674 0.195589 0.197891 0.199981 0.19985 0.194965
3062500 0.19703 0.195815 0.202311 0.0 0.0 0.0 0.192865 0.194428 0.199515 0.201725 0.197336 0.20546
3062500 0.200852 0.198612 0.200216 0.0 0.0 0.0 0.199981 0.19985 0.194965 0.201725 0.197336 0.20546
3062500 0.19096 0.1878 0.202134 0.0 0.0 0.0 0.188248 0.189251 0.203593 0.193763 0.18622 0.200633
3062500 0.192995 0.185758 0.20419 0.0 0.0 0.0 0.192043 0.185119 0.208597 0.193763 0.18622 0.200633
3062500 0.195197 0.18827 0.203005 0.0 0.0 0.0 0.196631 0.190265 0.205378 0.193763 0.18622 0.200633
3062500 0.189909 0.18747 0.205789 0.0 0.0 0.0 0.192043 0.185119 0.208597 0.188248 0.189251 0.203593
3062500 0.187365 0.189894 0.206821 0.0 0.0 0.0 0.186297 0.190607 0.210772 0.188248 0.189251 0.203593
3062500 0.192435 0.187162 0.212256 8.38895e-05 0.000405778 0.00110668 0.192043 0.185119 0.208597 0.192768 0.188894 0.21536
3062500 0.18973 0.189729 0.213206 0.0 0.0 0.0 0.186297 0.190607 0.210772 0.192768 0.188894 0.21536
3062500 0.194827 0.192856 0.206758 0.0 0.0 0.0 0.192393 0.196308 0.208618 0.196631 0.190265 0.205378
3062500 0.194993 0.192183 0.215338 0.0 0.0 0.0 0.192768 0.188894 0.21536 0.197328 0.195559 0.215314
3062500 0.195107 0.195927 0.212301 0.0 0.0 0.0 0.192393 0.196308 0.208618 0.197328 0.195559 0.215314
3062500 0.186371 0.19283 0.21423 0.0 0.0 0.0 0.186297 0.190607 0.210772 0.18648 0.196007 0.219245
3062500 0.194642 0.190026 0.218209 0.0 0.0 0.0 0.196477 0.191078 0.221001 0.192768 0.188894 0.21536
3062500 0.190387 0.191623 0.216835 0.0 0.0 0.0 0.192768 0.188894 0.21536 0.18648 0.196007 0.219245
3062500 0.196887 0.19327 0.218256 0.0 0.0 0.0 0.196477 0.191078 0.221001 0.197328 0.195559 0.215314
3062500 0.196642 0.197096 0.218748 0.0 0.0 0.0 0.195803 0.198912 0.222957 0.197328 0.195559 0.215314
3062500 0.197203 0.187688 0.200103 0.0 0.0 0.0 0.201788 0.189575 0.199394 0.193763 0.18622 0.200633
3062500 0.196021 0.186572 0.210311 0.0 0.0 0.0 0.192043 0.185119 0.208597 0.20055 0.188183 0.212262
3062500 0.196094 0.188622 0.214038 0.0 0.0 0.0 0.20055 0.188183 0.212262 0.192768 0.188894 0.21536
3062500 0.198743 0.192349 0.213972 0.0 0.0 0.0 0.20055 0.188183 0.212262 0.197328 0.195559 0.215314
3062500 0.202698 0.181434 0.181567 -0.000143641 0.00053775 -0.00153707 0.202835 0.179788 0.18467 0.202575 0.182907 0.17879
3062500 0.206246 0.179855 0.183787 0.0 0.0 0.0 0.211501 0.179907 0.182434 0.202835 0.179788 0.18467
3062500 0.204571 0.182141 0.186656 0.0 0.0 0.0 0.202835 0.179788 0.18467 0.206642 0.184893 0.189022
3062500 0.204478 0.178673 0.192587 0.0 0.0 0.0 0.207588 0.176628 0.190587 0.200792 0.181056 0.194957
3062500 0.209759 0.182622 0.197747 0.0 0.0 0.0 0.212573 0.18223 0.194155 0.206958 0.182975 0.201323
3062500 0.207113 0.180796 0.189802 0.0 0.0 0.0 0.207588 0.176628 0.190587 0.206642 0.184893 0.189022
3062500 0.209638 0.183567 0.191616 0.0 0.0 0.0 0.212573 0.18223 0.194155 0.206642 0.184893 0.189022
3062500 0.201314 0.185543 0.197285 0.0 0.0 0.0 0.200792 0.181056 0.194957 0.201788 0.189575 0.199394
3062500 0.216402 0.181158 0.195106 0.0 0.0 0.0 0.222404 0.179429 0.196596 0.212573 0.18223 0.194155
3062500 0.204838 0.179487 0.201682 0.0 0.0 0.0 0.206958 0.182975 0.201323 0.202841 0.176163 0.202019
3062500 0.20787 0.179331 0.204275 0.0 0.0 0.0 0.208787 0.175633 0.207238 0.206958 0.182975 0.201323
3062500 0.207481 0.17955 0.208033 0.0 0.0 0.0 0.206428 0.18268 0.208675 0.208787 0.175633 0.207238
3062500 0.206052 0.179123 0.212909 0.0 0.0 0.0 0.209452 0.179457 0.213181 0.200796 0.178557 0.212488
3062500 0.210967 0.18202 0.211265 0.0 0.0 0.0 0.209452 0.179457 0.213181 0.212577 0.184699 0.209231
3062500 0.214027 0.181946 0.20117 0.0 0.0 0.0 0.213117 0.177884 0.200874 0.215277 0.187468 0.201575
3062500 0.20728 0.186395 0.204046 0.0 0.0 0.0 0.206958 0.182975 0.201323 0.207619 0.189931 0.206892
3062500 0.204028 0.184946 0.210139 0.0 0.0 0.0 0.206428 0.18268 0.208675 0.20055 0.188183 0.212262
3062500 0.200674 0.183319 0.212377 0.0 0.0 0.0 0.20055 0.188183 0.212262 0.200796 0.178557 0.212488
3062500 0.210452 0.18696 0.20823 0.0 0.0 0.0 0.212577 0.184699 0.209231 0.207619 0.189931 0.206892
3062500 0.209962 0.182105 0.214591 0.0 0.0 0.0 0.209452 0.179457 0.213181 0.210772 0.186248 0.216822
3062500 0.215714 0.17888 0.203891 0.0 0.0 0.0 0.218902 0.180061 0.207591 0.213117 0.177884 0.200874
3062500 0.213881 0.187846 0.20991 0.0 0.0 0.0 0.212577 0.184699 0.209231 0.216538 0.194188 0.211291
3062500 0.207988 0.182464 0.217864 0.0 0.0 0.0 0.205972 0.179688 0.218619 0.210772 0.186248 0.216822
3062500 0.206944 0.187471 0.185699 0.0 0.0 0.0 0.207436 0.191606 0.180301 0.206642 0.184893 0.189022
3062500 0.205123 0.191884 0.187459 0.0 0.0 0.0 0.203793 0.192013 0.191575 0.207436 0.191606 0.180301
3062500 0.205955 0.196115 0.185726 0.0 0.0 0.0 0.20524 0.198266 0.188347 0.207436 0.191606 0.180301
3062500 0.212398 0.189459 0.184842 0.0 0.0 0.0 0.215954 0.187888 0.188095 0.207436 0.191606 0.180301
3062500 0.207251 0.190295 0.192966 0.0 0.0 0.0 0.209976 0.188907 0.19406 0.203793 0.192013 0.191575
3062500 0.205998 0.193648 0.194429 0.0 0.0 0.0 0.203793 0.192013 0.191575 0.208674 0.195589 0.197891
3062500 0.211082 0.196651 0.193415 0.0 0.0 0.0 0.208674 0.195589 0.197891 0.213746 0.197785 0.188463
3062500 0.208515 0.1981 0.188392 0.0 0.0 0.0 0.20524 0.198266 0.188347 0.213746 0.197785 0.188463
3062500 0.204793 0.189778 0.203259 0.0 0.0 0.0 0.201788 0.189575 0.199394 0.207619 0.189931 0.206892
3062500 0.201758 0.193165 0.202186 0.0 0.0 0.0 0.201725 0.197336 0.20546 0.201788 0.189575 0.199394
3062500 0.211902 0.188404 0.196792 0.0 0.0 0.0 0.209976 0.188907 0.19406 0.215277 0.187468 0.201575
3062500 0.211763 0.191808 0.199615 0.0 0.0 0.0 0.208674 0.195589 0.197891 0.215277 0.187468 0.201575
3062500 0.205399 0.196432 0.201458 0.0 0.0 0.0 0.208674 0.195589 0.197891 0.201725 0.197336 0.20546
3062500 0.212026 0.19948 0.196492 0.0 0.0 0.0 0.208674 0.195589 0.197891 0.214168 0.201933 0.195598
3062500 0.210946 0.186297 0.188594 0.0 0.0 0.0 0.215954 0.187888 0.188095 0.206642 0.184893 0.189022
3062500 0.212291 0.188532 0.19175 0.0 0.0 0.0 0.209976 0.188907 0.19406 0.215954 0.187888 0.188095
3062500 0.215396 0.190649 0.19211 0.0 0.0 0.0 0.215954 0.187888 0.188095 0.215042 0.192373 0.194664
3062500 0.216159 0.19426 0.196866 0.0 0.0 0.0 0.217823 0.197018 0.20014 0.215042 0.192373 0.194664
3062500 0.213314 0.196333 0.199033 0.0 0.0 0.0 0.217823 0.197018 0.20014 0.208674 0.195589 0.197891
3062500 0.214891 0.192671 0.188273 0.0 0.0 0.0 0.215954 0.187888 0.188095 0.213746 0.197785 0.188463
3062500 0.21785 0.200646 0.190987 0.0 0.0 0.0 0.213746 0.197785 0.188463 0.2218 0.20336 0.193414
3062500 0.203718 0.191833 0.212865 0.0 0.0 0.0 0.20055 0.188183 0.212262 0.206327 0.194803 0.213361
3062500 0.201106 0.192541 0.209038 0.0 0.0 0.0 0.20055 0.188183 0.212262 0.201725 0.197336 0.20546
3062500 0.209065 0.194595 0.20593 0.0 0.0 0.0 0.210123 0.197969 0.205226 0.207619 0.189931 0.206892
3062500 0.204367 0.195901 0.209997 0.0 0.0 0.0 0.206327 0.194803 0.213361 0.201725 0.197336 0.20546
3062500 0.20809 0.196053 0.216679 0.0 0.0 0.0 0.210572 0.197766 0.221344 0.206327 0.194803 0.213361
3062500 0.21853 0.183817 0.199303 0.0 0.0 0.0 0.222404 0.179429 0.196596 0.215277 0.187468 0.201575
3062500 0.211151 0.191636 0.208635 0.0 0.0 0.0 0.216538 0.194188 0.211291 0.207619 0.189931 0.206892
3062500 0.213211 0.189627 0.214482 0.0 0.0 0.0 0.210772 0.186248 0.216822 0.216538 0.194188 0.211291
3062500 0.21388 0.200178 0.200635 0.0 0.0 0.0 0.217823 0.197018 0.20014 0.211287 0.202225 0.200959
3062500 0.217289 0.195864 0.204765 0.0 0.0 0.0 0.217823 0.197018 0.20014 0.216538 0.194188 0.211291
3062500 0.21972 0.200064 0.196931 0.0 0.0 0.0 0.217823 0.197018 0.20014 0.2218 0.20336 0.193414
3062500 0.217903 0.201348 0.20188 0.0 0.0 0.0 0.217823 0.197018 0.20014 0.218 0.206407 0.203929
3062500 0.183165 0.206167 0.194052 -1.95382 -0.630228 0.174064 0.186411 0.206691 0.193928 0.179396 0.205558 0.194196
3062500 0.182797 0.203053 0.210133 -1.30266 -0.498208 1.44724 0.186906 0.205665 0.205712 0.179989 0.201268 0.213154
3062500 0.181231 0.217681 0.198006 1.04444 0.798074 -0.370155 0.178373 0.216033 0.1986 0.18406 0.219313 0.197419
3062500 0.18391 0.217466 0.200172 -0.0122241 0.111657 -0.223679 0.183736 0.215322 0.20337 0.18406 0.219313 0.197419
3062500 0.190504 0.198165 0.18997 -0.123426 -1.04501 0.04574 0.191675 0.202491 0.190048 0.189407 0.194108 0.189898
3062500 0.192789 0.199579 0.211814 -0.0966728 -1.35715 -1.80683 0.193189 0.202882 0.21504 0.192393 0.196308 0.208618
3062500 0.188366 0.207781 0.185652 -0.658119 -1.1144 -1.02687 0.189641 0.211337 0.18836 0.18743 0.205168 0.183662
3062500 0.188639 0.204913 0.192286 0.76228 -0.691615 -0.404764 0.186411 0.206691 0.193928 0.191675 0.202491 0.190048
3062500 0.194342 0.20572 0.191643 1.50851 1.30285 0.71542 0.191675 0.202491 0.190048 0.196788 0.20868 0.193106
3062500 0.187795 0.209282 0.19541 1.12029 1.4788 1.12645 0.186411 0.206691 0.193928 0.189737 0.212919 0.19749
3062500 0.196911 0.208877 0.19721 -0.114141 -0.0810673 1.77471 0.196788 0.20868 0.193106 0.197053 0.209106 0.201973
3062500 0.193335 0.211044 0.199695 -1.52558 1.13896 -0.874264 0.197053 0.209106 0.201973 0.189737 0.212919 0.19749
3062500 0.191966 0.213765 0.18515 -2.749 -2.17081 3.10739 0.194386 0.216293 0.181809 0.189641 0.211337 0.18836
3062500 0.197298 0.212643 0.192144 0.241804 1.09066 -0.295821 0.196788 0.20868 0.193106 0.197891 0.217244 0.191026
3062500 0.19081 0.214451 0.201712 -1.22198 -0.828629 -4.34934 0.191919 0.216035 0.206077 0.189737 0.212919 0.19749
3062500 0.195933 0.206205 0.213335 0.490621 0.447495 -0.337236 0.193189 0.202882 0.21504 0.19887 0.209761 0.211509
3062500 0.191498 0.207189 0.215313 -0.924148 2.50087 0.585738 0.193189 0.202882 0.21504 0.189406 0.212514 0.21565
3062500 0.198557 0.213399 0.200533 0.256968 0.470604 -0.192254 0.197053 0.209106 0.201973 0.199757 0.216821 0.199385
3062500 0.202926 0.212277 0.212862 1.50373 0.835028 0.785441 0.19887 0.209761 0.211509 0.206573 0.214539 0.214079
3062500 0.20125 0.206889 0.2015 1.83331 -0.622738 -0.16229 0.197053 0.209106 0.201973 0.2048 0.205013 0.2011
3062500 0.201136 0.211122 0.203396 1.31221 0.411307 0.348695 0.197053 0.209106 0.201973 0.205138 0.213098 0.20479
3062500 0.190777 0.214435 0.210427 -0.753502 -0.635308 3.28947 0.191919 0.216035 0.206077 0.189406 0.212514 0.21565
3062500 0.200992 0.203497 0.219107 -1.11 1.30841 1.57772 0.202733 0.200837 0.21685 0.19947 0.205824 0.221081
3062500 0.198929 0.217009 0.195677 0.159515 -0.0930593 0.492418 0.197891 0.217244 0.191026 0.199757 0.216821 0.199385
3062500 0.210249 0.199953 0.18522 0.986919 -0.890507 0.91167 0.207995 0.20135 0.183131 0.213746 0.197785 0.188463
3062500 0.208402 0.199473 0.195195 -0.129767 -2.25014 1.20277 0.208209 0.202211 0.193294 0.208674 0.195589 0.197891
3062500 0.214014 0.200415 0.192986 0.0573656 -0.273352 -0.457776 0.214168 0.201933 0.195598 0.213746 0.197785 0.188463
3062500 0.204521 0.197836 0.215115 0.808802 -1.98581 -0.859685 0.202733 0.200837 0.21685 0.206327 0.194803 0.213361
3062500 0.204889 0.201576 0.181827 -0.627596 0.0767802 -0.386835 0.207995 0.20135 0.183131 0.200495 0.201894 0.179982
3062500 0.203151 0.210561 0.182451 0.364636 -0.125499 1.27818 0.20127 0.211023 0.178424 0.205788 0.209914 0.188096
3062500 0.211828 0.208927 0.18943 -3.82029 0.871341 -1.48276 0.215386 0.208344 0.190216 0.205788 0.209914 0.188096
3062500 0.212971 0.204642 0.196213 -0.303862 0.549443 0.0459122 0.214168 0.201933 0.195598 0.211256 0.208524 0.197095
3062500 0.207367 0.20489 0.191486 -1.04048 1.99443 -1.29334 0.208209 0.202211 0.193294 0.205788 0.209914 0.188096
3062500 0.207912 0.206706 0.199169 -1.59961 -1.2044 1.02218 0.211256 0.208524 0.197095 0.2048 0.205013 0.2011
3062500 0.212773 0.211878 0.199384 -0.299597 -0.696213 -0.657357 0.214236 0.215111 0.201592 0.211256 0.208524 0.197095
3062500 0.212123 0.212358 0.195268 0.198641 0.509845 -0.203302 0.211256 0.208524 0.197095 0.212915 0.215855 0.193602
3062500 0.218098 0.206237 0.191568 3.75037 -2.18217 1.24445 0.215386 0.208344 0.190216 0.2218 0.20336 0.193414
3062500 0.210034 0.214352 0.216887 -1.6036 -0.0103091 -0.939665 0.213215 0.214181 0.219467 0.206573 0.214539 0.214079
3062500 0.20888 0.214939 0.206907 1.06477 0.64627 0.4315 0.205138 0.213098 0.20479 0.211459 0.216208 0.208367
3062500 0.206861 0.218336 0.211757 0.0572957 -1.31454 1.04803 0.20711 0.221617 0.209751 0.206573 0.214539 0.214079
3062500 0.212669 0.21573 0.205417 -0.398419 0.392898 1.41344 0.214236 0.215111 0.201592 0.211459 0.216208 0.208367
3062500 0.215607 0.20926 0.207868 0.416912 -0.415938 -0.465493 0.214261 0.210865 0.210083 0.218 0.206407 0.203929
3062500 0.212138 0.216955 0.189885 0.31347 -0.169195 1.29451 0.21142 0.217972 0.18645 0.212915 0.215855 0.193602
3062500 0.214959 0.217165 0.186868 -0.0630483 0.0249023 -0.0112428 0.22065 0.215868 0.187539 0.21142 0.217972 0.18645
3062500 0.214287 0.216541 0.209882 -1.3921 -0.0117999 -0.989924 0.218017 0.21698 0.211882 0.211459 0.216208 0.208367
3062500 0.19999 0.208321 0.186338 1.11528 0.219162 0.517162 0.196448 0.207347 0.185265 0.205788 0.209914 0.188096
3062500 0.204936 0.202485 0.214085 0.12427 0.0554647 -0.132967 0.202733 0.200837 0.21685 0.208086 0.204843 0.210132
3062500 0.194722 0.207557 0.181854 0.0116497 0.00269687 0.0230893 0.192906 0.207777 0.178264 0.196448 0.207347 0.185265
3062500 0.212078 0.208736 0.2101 -0.22684 -0.184708 0.0402739 0.214261 0.210865 0.210083 0.208086 0.204843 0.210132
3062500 0.193374 0.209149 0.186663 -2.07289 0.974772 1.28079 0.196448 0.207347 0.185265 0.189641 0.211337 0.18836
3062500 0.184339 0.216108 0.191553 -1.2305 -1.42065 0.592559 0.1865 0.21963 0.190099 0.182317 0.21281 0.192914
3062500 0.198248 0.204921 0.182914 1.3175 -1.18182 -1.37546 0.196448 0.207347 0.185265 0.200495 0.201894 0.179982
3062500 0.207809 0.198113 0.182191 -0.156206 -0.719352 -0.257462 0.207995 0.20135 0.183131 0.207436 0.191606 0.180301
3062500 0.215414 0.209083 0.212272 0.866373 -0.853015 1.41139 0.214261 0.210865 0.210083 0.217694 0.20556 0.2166
3062500 0.184907 0.211754 0.204235 0.310388 -0.934465 0.399129 0.183736 0.215322 0.20337 0.186906 0.205665 0.205712
3062500 0.183202 0.216018 0.210182 0.331527 0.338082 0.0330932 0.181 0.212955 0.210086 0.185293 0.218928 0.210273
3062500 0.188134 0.217688 0.208473 -0.168778 0.0942568 0.150784 0.191919 0.216035 0.206077 0.185293 0.218928 0.210273
3062500 0.197656 0.199916 0.203216 0.511074 -0.338332 0.175104 0.195316 0.201401 0.201925 0.201725 0.197336 0.20546
3062500 0.185807 0.212861 0.195066 -1.94886 -0.395586 -1.29769 0.189737 0.212919 0.19749 0.182317 0.21281 0.192914
3062500 0.181269 0.204778 0.202441 0.0695616 0.00709001 0.0556997 0.178654 0.204366 0.200923 0.186906 0.205665 0.205712
3062500 0.216026 0.215861 0.191163 -0.180532 0.0361988 0.154951 0.22065 0.215868 0.187539 0.212915 0.215855 0.193602
3062500 0.210365 0.200488 0.191413 0.212021 -0.111176 -0.160726 0.208209 0.202211 0.193294 0.213746 0.197785 0.188463
3062500 0.183153 0.210297 0.208491 -0.0850304 0.0916277 0.0373724 0.186906 0.205665 0.205712 0.181 0.212955 0.210086
3062500 0.203208 0.207446 0.210861 3.23213 -1.12286 -0.332693 0.19887 0.209761 0.211509 0.208086 0.204843 0.210132
3062500 0.199378 0.211836 0.215986 0.153578 0.458398 1.62486 0.19887 0.209761 0.211509 0.199848 0.213753 0.220123
3062500 0.204829 0.200999 0.20774 -0.855605 -0.780306 -0.718022 0.208086 0.204843 0.210132 0.201725 0.197336 0.20546
3062500 0.181734 0.202702 0.195184 0.534097 -0.588361 0.347932 0.179396 0.205558 0.194196 0.184803 0.198953 0.196481
3062500 0.212703 0.205187 0.21324 2.75729 -0.32122 1.96243 0.208086 0.204843 0.210132 0.217694 0.20556 0.2166
3062500 0.191378 0.20071 0.185946 0.365219 -1.51256 -3.73783 0.191675 0.202491 0.190048 0.191137 0.199267 0.182623
3062500 0.194501 0.20089 0.219013 0.820927 -0.680081 2.0852 0.193189 0.202882 0.21504 0.195803 0.198912 0.222957
3062500 0.189689 0.212131 0.19294 0.0851528 0.828129 2.42844 0.189641 0.211337 0.18836 0.189737 0.212919 0.19749
3062500 0.204154 0.210664 0.194097 -0.00155227 0.000254893 0.00351575 0.205788 0.209914 0.188096 0.203297 0.211057 0.197247
3062500 0.206179 0.204942 0.204891 -0.187011 0.096554 -0.50846 0.208086 0.204843 0.210132 0.2048 0.205013 0.2011
3062500 0.197944 0.209427 0.206649 -0.974419 0.074235 -2.95827 0.19887 0.209761 0.211509 0.197053 0.209106 0.201973
3062500 0.204371 0.215122 0.184917 -0.393346 3.33246 -1.58975 0.205788 0.209914 0.188096 0.203584 0.218014 0.183152
3062500 0.192787 0.207659 0.203545 0.548917 0.209562 -0.313859 0.186906 0.205665 0.205712 0.197053 0.209106 0.201973
3062500 0.191962 0.203707 0.194352 0.556182 0.78111 2.39002 0.191675 0.202491 0.190048 0.192171 0.204591 0.197478
3062500 0.193792 0.202946 0.199771 0.377464 -0.409877 0.761175 0.192171 0.204591 0.197478 0.195316 0.201401 0.201925
3062500 0.190427 0.204947 0.200204 -0.694838 -0.0394171 1.31225 0.192171 0.204591 0.197478 0.186906 0.205665 0.205712
3062500 0.206598 0.199786 0.185777 -0.26717 -0.260472 0.346796 0.207995 0.20135 0.183131 0.20524 0.198266 0.188347
3062500 0.213487 0.208427 0.19338 -0.91349 0.31372 1.46135 0.215386 0.208344 0.190216 0.211256 0.208524 0.197095
3062500 0.217143 0.209859 0.193087 -0.963825 -0.776483 -1.11727 0.21901 0.211469 0.19614 0.215386 0.208344 0.190216
3062500 0.213693 0.203723 0.202023 -0.722283 -0.330132 -0.399169 0.218 0.206407 0.203929 0.211287 0.202225 0.200959
3062500 0.218321 0.215746 0.202206 1.27081 0.0334952 0.0669765 0.214236 0.215111 0.201592 0.224745 0.216745 0.203172
3062500 0.200354 0.209169 0.191121 1.27572 0.226959 -0.776362 0.196788 0.20868 0.193106 0.205788 0.209914 0.188096
3062500 0.194151 0.206422 0.199301 0.804128 0.560727 0.842105 0.192171 0.204591 0.197478 0.197053 0.209106 0.201973
3062500 0.194897 0.203031 0.210734 0.10792 0.0560101 -0.421424 0.193189 0.202882 0.21504 0.196051 0.203132 0.207823
3062500 0.195679 0.202256 0.204838 -0.0647855 -0.0765309 -0.602664 0.196051 0.203132 0.207823 0.195316 0.201401 0.201925
3062500 0.197142 0.205698 0.20925 -0.276094 -0.444678 -0.219295 0.19887 0.209761 0.211509 0.196051 0.203132 0.207823
3062500 0.208507 0.20342 0.201019 -0.348204 0.184018 0.0623757 0.211287 0.202225 0.200959 0.2048 0.205013 0.2011
3062500 0.218586 0.209343 0.199411 -0.158372 -0.716091 0.797638 0.21901 0.211469 0.19614 0.218 0.206407 0.203929
3062500 0.213557 0.215493 0.197486 -0.0316281 0.198667 -1.11592 0.214236 0.215111 0.201592 0.212915 0.215855 0.193602
3062500 0.18575 0.21212 0.190779 -2.66425 0.291785 1.16459 0.189641 0.211337 0.18836 0.182317 0.21281 0.192914
3062500 0.2129 0.213462 0.209249 -0.615899 1.86527 -0.529302 0.214261 0.210865 0.210083 0.211459 0.216208 0.208367
3062500 0.187749 0.208617 0.191621 0.996733 0.925539 -1.25554 0.186411 0.206691 0.193928 0.189641 0.211337 0.18836
3062500 0.185774 0.203626 0.19494 -0.234192 -1.8509 0.908409 0.186411 0.206691 0.193928 0.184803 0.198953 0.196481
3062500 0.217031 0.202468 0.194778 0.015764 0.00321643 -0.00741993 0.214168 0.201933 0.195598 0.2218 0.20336 0.193414
3062500 0.198155 0.200982 0.206947 0.257985 -0.200571 -0.129609 0.196051 0.203132 0.207823 0.201725 0.197336 0.20546
3062500 0.19448 0.211038 0.21343 -3.6176 0.712008 2.18626 0.19887 0.209761 0.211509 0.189406 0.212514 0.21565
3062500 0.203972 0.208343 0.198977 0.00299551 -0.00655064 0.00475811 0.203297 0.211057 0.197247 0.2048 0.205013 0.2011
3062500 0.206112 0.21701 0.202419 -0.0561333 -0.138468 0.110847 0.20706 0.220818 0.200111 0.205138 0.213098 0.20479
3062500 0.187552 0.201071 0.188674 0.0 0.0 0.0 0.191675 0.202491 0.190048 0.183723 0.199715 0.187398
3062500 0.182409 0.200818 0.20506 0.0 0.0 0.0 0.186906 0.205665 0.205712 0.17885 0.196947 0.204544
3062500 0.180279 0.208004 0.197054 0.0 0.0 0.0 0.180991 0.209911 0.199346 0.179396 0.205558 0.194196
3062500 0.181557 0.211183 0.196595 0.0 0.0 0.0 0.180991 0.209911 0.199346 0.182317 0.21281 0.192914
3062500 0.182205 0.21234 0.20113 0.0 0.0 0.0 0.180991 0.209911 0.199346 0.183736 0.215322 0.20337
3062500 0.18328 0.216424 0.195404 0.0 0.0 0.0 0.18406 0.219313 0.197419 0.182317 0.21281 0.192914
3062500 0.184588 0.209435 0.193477 0.0 0.0 0.0 0.186411 0.206691 0.193928 0.182317 0.21281 0.192914
3062500 0.18287 0.208595 0.201371 0.0 0.0 0.0 0.180991 0.209911 0.199346 0.186906 0.205665 0.205712
3062500 0.182353 0.214146 0.206763 0.0 0.0 0.0 0.183736 0.215322 0.20337 0.181 0.212955 0.210086
3062500 0.180867 0.215722 0.200819 0.0 0.0 0.0 0.183736 0.215322 0.20337 0.178373 0.216033 0.1986
3062500 0.180979 0.202338 0.199243 0.0 0.0 0.0 0.178654 0.204366 0.200923 0.184803 0.198953 0.196481
3062500 0.186465 0.214249 0.200696 0.0 0.0 0.0 0.183736 0.215322 0.20337 0.189737 0.212919 0.19749
3062500 0.184337 0.212799 0.212295 0.0 0.0 0.0 0.181 0.212955 0.210086 0.189406 0.212514 0.21565
3062500 0.18739 0.21566 0.204579 0.0 0.0 0.0 0.183736 0.215322 0.20337 0.191919 0.216035 0.206077
3062500 0.184542 0.21721 0.206946 0.0 0.0 0.0 0.183736 0.215322 0.20337 0.185293 0.218928 0.210273
3062500 0.186433 0.216659 0.197449 0.0 0.0 0.0 0.189737 0.212919 0.19749 0.18406 0.219313 0.197419
3062500 0.188431 0.200841 0.193084 0.0 0.0 0.0 0.191675 0.202491 0.190048 0.184803 0.198953 0.196481
3062500 0.18927 0.202391 0.197086 0.0 0.0 0.0 0.192171 0.204591 0.197478 0.184803 0.198953 0.196481
3062500 0.195472 0.201303 0.192297 0.0 0.0 0.0 0.191675 0.202491 0.190048 0.199981 0.19985 0.194965
3062500 0.195135 0.202811 0.196524 0.0 0.0 0.0 0.192171 0.204591 0.197478 0.199981 0.19985 0.194965
3062500 0.198179 0.204851 0.193917 0.0 0.0 0.0 0.196788 0.20868 0.193106 0.199981 0.19985 0.194965
3062500 0.185712 0.201877 0.200475 0.0 0.0 0.0 0.186906 0.205665 0.205712 0.184803 0.198953 0.196481
3062500 0.197017 0.200854 0.199386 0.0 0.0 0.0 0.195316 0.201401 0.201925 0.199981 0.19985 0.194965
3062500 0.205035 0.20132 0.193939 0.0 0.0 0.0 0.208209 0.202211 0.193294 0.199981 0.19985 0.194965
3062500 0.195475 0.198867 0.215191 0.0 0.0 0.0 0.193189 0.202882 0.21504 0.197328 0.195559 0.215314
3062500 0.194566 0.200383 0.208146 0.0 0.0 0.0 0.196051 0.203132 0.207823 0.192393 0.196308 0.208618
3062500 0.194146 0.199384 0.204601 0.0 0.0 0.0 0.195316 0.201401 0.201925 0.192393 0.196308 0.208618
3062500 0.190137 0.200174 0.207424 0.0 0.0 0.0 0.186906 0.205665 0.205712 0.192393 0.196308 0.208618
3062500 0.199978 0.198177 0.216067 0.0 0.0 0.0 0.202733 0.200837 0.21685 0.197328 0.195559 0.215314
3062500 0.190222 0.199862 0.2169 0.0 0.0 0.0 0.193189 0.202882 0.21504 0.18648 0.196007 0.219245
3062500 0.199553 0.199973 0.219652 0.0 0.0 0.0 0.202733 0.200837 0.21685 0.195803 0.198912 0.222957
3062500 0.189265 0.20403 0.186424 0.0 0.0 0.0 0.191675 0.202491 0.190048 0.18743 0.205168 0.183662
3062500 0.194249 0.20513 0.187468 0.0 0.0 0.0 0.191675 0.202491 0.190048 0.196448 0.207347 0.185265
3062500 0.190676 0.206853 0.18922 0.0 0.0 0.0 0.191675 0.202491 0.190048 0.189641 0.211337 0.18836
3062500 0.196611 0.20801 0.189047 0.0 0.0 0.0 0.196788 0.20868 0.193106 0.196448 0.207347 0.185265
3062500 0.189306 0.205655 0.195713 0.0 0.0 0.0 0.186411 0.206691 0.193928 0.192171 0.204591 0.197478
3062500 0.194211 0.206418 0.195546 0.0 0.0 0.0 0.192171 0.204591 0.197478 0.196788 0.20868 0.193106
3062500 0.191164 0.208054 0.197483 0.0 0.0 0.0 0.192171 0.204591 0.197478 0.189737 0.212919 0.19749
3062500 0.193434 0.209947 0.19088 0.0 0.0 0.0 0.196788 0.20868 0.193106 0.189641 0.211337 0.18836
3062500 0.193468 0.210696 0.195171 0.0 0.0 0.0 0.196788 0.20868 0.193106 0.189737 0.212919 0.19749
3062500 0.188568 0.209946 0.200882 0.0 0.0 0.0 0.186906 0.205665 0.205712 0.189737 0.212919 0.19749
3062500 0.195537 0.211318 0.183739 0.0 0.0 0.0 0.194386 0.216293 0.181809 0.196448 0.207347 0.185265
3062500 0.193711 0.214272 0.189677 0.0 0.0 0.0 0.197891 0.217244 0.191026 0.189641 0.211337 0.18836
3062500 0.188023 0.215627 0.189256 0.0 0.0 0.0 0.1865 0.21963 0.190099 0.189641 0.211337 0.18836
3062500 0.188075 0.216383 0.193698 0.0 0.0 0.0 0.1865 0.21963 0.190099 0.189737 0.212919 0.19749
3062500 0.190742 0.217456 0.197428 0.0 0.0 0.0 0.189737 0.212919 0.19749 0.191838 0.222359 0.19736
3062500 0.198672 0.209063 0.182109 0.0 0.0 0.0 0.20127 0.211023 0.178424 0.196448 0.207347 0.185265
3062500 0.200406 0.210021 0.195408 0.0 0.0 0.0 0.196788 0.20868 0.193106 0.203297 0.211057 0.197247
3062500 0.190591 0.204052 0.211184 0.0 0.0 0.0 0.193189 0.202882 0.21504 0.186906 0.205665 0.205712
3062500 0.193099 0.203968 0.207142 0.0 0.0 0.0 0.196051 0.203132 0.207823 0.186906 0.205665 0.205712
3062500 0.196447 0.205519 0.205505 0.0 0.0 0.0 0.196051 0.203132 0.207823 0.197053 0.209106 0.201973
3062500 0.192646 0.202773 0.203127 0.0 0.0 0.0 0.186906 0.205665 0.205712 0.195316 0.201401 0.201925
3062500 0.195993 0.204429 0.201944 0.0 0.0 0.0 0.197053 0.209106 0.201973 0.195316 0.201401 0.201925
3062500 0.196807 0.204596 0.218521 0.0 0.0 0.0 0.193189 0.202882 0.21504 0.19947 0.205824 0.221081
3062500 0.188241 0.209344 0.211023 0.0 0.0 0.0 0.186906 0.205665 0.205712 0.189406 0.212514 0.21565
3062500 0.18981 0.211693 0.205924 0.0 0.0 0.0 0.191919 0.216035 0.206077 0.186906 0.205665 0.205712
3062500 0.199019 0.2147 0.212475 0.0 0.0 0.0 0.19887 0.209761 0.211509 0.19913 0.218344 0.213199
3062500 0.195328 0.212978 0.208742 0.0 0.0 0.0 0.19887 0.209761 0.211509 0.191919 0.216035 0.206077
3062500 0.194486 0.212589 0.204025 0.0 0.0 0.0 0.191919 0.216035 0.206077 0.197053 0.209106 0.201973
3062500 0.200751 0.210281 0.199176 0.0 0.0 0.0 0.197053 0.209106 0.201973 0.203297 0.211057 0.197247
3062500 0.202096 0.211499 0.208052 0.0 0.0 0.0 0.19887 0.209761 0.211509 0.205138 0.213098 0.20479
3062500 0.198371 0.201791 0.216023 0.0 0.0 0.0 0.193189 0.202882 0.21504 0.202733 0.200837 0.21685
3062500 0.195208 0.213222 0.218136 0.0 0.0 0.0 0.199848 0.213753 0.220123 0.189406 0.212514 0.21565
3062500 0.199451 0.216319 0.216299 0.0 0.0 0.0 0.199848 0.213753 0.220123 0.19913 0.218344 0.213199
3062500 0.186875 0.21648 0.212342 0.0 0.0 0.0 0.189406 0.212514 0.21565 0.185293 0.218928 0.210273
3062500 0.190991 0.217885 0.214022 0.0 0.0 0.0 0.189406 0.212514 0.21565 0.192107 0.221632 0.212876
3062500 0.193054 0.217494 0.218151 0.0 0.0 0.0 0.195354 0.220604 0.219731 0.189406 0.212514 0.21565
3062500 0.203255 0.214171 0.217061 0.0 0.0 0.0 0.199848 0.213753 0.220123 0.206573 0.214539 0.214079
3062500 0.19615 0.216791 0.186451 0.0 0.0 0.0 0.194386 0.216293 0.181809 0.197891 0.217244 0.191026
3062500 0.199737 0.217314 0.182591 0.0 0.0 0.0 0.194386 0.216293 0.181809 0.203584 0.218014 0.183152
3062500 0.201657 0.213749 0.198239 0.0 0.0 0.0 0.203297 0.211057 0.197247 0.199757 0.216821 0.199385
3062500 0.201304 0.214094 0.18976 0.0 0.0 0.0 0.197891 0.217244 0.191026 0.205788 0.209914 0.188096
3062500 0.20217 0.215171 0.20181 0.0 0.0 0.0 0.205138 0.213098 0.20479 0.199757 0.216821 0.199385
3062500 0.201183 0.217709 0.186473 0.0 0.0 0.0 0.197891 0.217244 0.191026 0.203584 0.218014 0.183152
3062500 0.202512 0.216646 0.213599 0.0 0.0 0.0 0.206573 0.214539 0.214079 0.19913 0.218344 0.213199
3062500 0.206711 0.200241 0.190799 0.0 0.0 0.0 0.208209 0.202211 0.193294 0.20524 0.198266 0.188347
3062500 0.207055 0.19898 0.212024 0.0 0.0 0.0 0.208086 0.204843 0.210132 0.206327 0.194803 0.213361
3062500 0.205969 0.199588 0.218706 0.0 0.0 0.0 0.202733 0.200837 0.21685 0.210572 0.197766 0.221344
3062500 0.207221 0.204369 0.18487 0.0 0.0 0.0 0.207995 0.20135 0.183131 0.205788 0.209914 0.188096
3062500 0.211197 0.207416 0.184818 0.0 0.0 0.0 0.205788 0.209914 0.188096 0.215181 0.205542 0.182403
3062500 0.207188 0.207932 0.182242 0.0 0.0 0.0 0.205788 0.209914 0.188096 0.207963 0.206805 0.179003
3062500 0.20257 0.214973 0.181083 0.0 0.0 0.0 0.20127 0.211023 0.178424 0.203584 0.218014 0.183152
3062500 0.211335 0.202085 0.194503 0.0 0.0 0.0 0.208209 0.202211 0.193294 0.214168 0.201933 0.195598
3062500 0.209534 0.204978 0.194948 0.0 0.0 0.0 0.208209 0.202211 0.193294 0.211256 0.208524 0.197095
3062500 0.209019 0.209112 0.193415 0.0 0.0 0.0 0.205788 0.209914 0.188096 0.211256 0.208524 0.197095
3062500 0.206731 0.209985 0.197182 0.0 0.0 0.0 0.203297 0.211057 0.197247 0.211256 0.208524 0.197095
3062500 0.212727 0.202098 0.198278 0.0 0.0 0.0 0.214168 0.201933 0.195598 0.211287 0.202225 0.200959
3062500 0.211274 0.204835 0.199371 0.0 0.0 0.0 0.211256 0.208524 0.197095 0.211287 0.202225 0.200959
3062500 0.204059 0.21192 0.200362 0.0 0.0 0.0 0.205138 0.213098 0.20479 0.203297 0.211057 0.197247
3062500 0.214192 0.21199 0.191852 0.0 0.0 0.0 0.215386 0.208344 0.190216 0.212915 0.215855 0.193602
3062500 0.210157 0.213576 0.191472 0.0 0.0 0.0 0.205788 0.209914 0.188096 0.212915 0.215855 0.193602
3062500 0.209345 0.215023 0.187057 0.0 0.0 0.0 0.205788 0.209914 0.188096 0.21142 0.217972 0.18645
3062500 0.206059 0.215925 0.190327 0.0 0.0 0.0 0.205788 0.209914 0.188096 0.20623 0.219677 0.191731
3062500 0.215325 0.21009 0.196594 0.0 0.0 0.0 0.21901 0.211469 0.19614 0.211256 0.208524 0.197095
3062500 0.214252 0.207603 0.200132 0.0 0.0 0.0 0.218 0.206407 0.203929 0.211256 0.208524 0.197095
3062500 0.21016 0.203165 0.204187 0.0 0.0 0.0 0.208086 0.204843 0.210132 0.211287 0.202225 0.200959
3062500 0.206482 0.209352 0.207227 0.0 0.0 0.0 0.208086 0.204843 0.210132 0.205138 0.213098 0.20479
3062500 0.207244 0.210249 0.212325 0.0 0.0 0.0 0.208086 0.204843 0.210132 0.206573 0.214539 0.214079
3062500 0.204956 0.208777 0.20281 0.0 0.0 0.0 0.205138 0.213098 0.20479 0.2048 0.205013 0.2011
3062500 0.205872 0.213855 0.209545 0.0 0.0 0.0 0.206573 0.214539 0.214079 0.205138 0.213098 0.20479
3062500 0.209942 0.214181 0.203102 0.0 0.0 0.0 0.214236 0.215111 0.201592 0.205138 0.213098 0.20479
3062500 0.207722 0.206298 0.21551 0.0 0.0 0.0 0.208086 0.204843 0.210132 0.207413 0.207506 0.220106
3062500 0.206978 0.211159 0.216993 0.0 0.0 0.0 0.206573 0.214539 0.214079 0.207413 0.207506 0.220106
3062500 0.210801 0.217862 0.200884 0.0 0.0 0.0 0.214236 0.215111 0.201592 0.20706 0.220818 0.200111
3062500 0.209409 0.215527 0.210764 0.0 0.0 0.0 0.206573 0.214539 0.214079 0.211459 0.216208 0.208367
3062500 0.205027 0.218281 0.217249 0.0 0.0 0.0 0.206573 0.214539 0.214079 0.203522 0.221889 0.220337
3062500 0.216698 0.213252 0.19878 0.0 0.0 0.0 0.214236 0.215111 0.201592 0.21901 0.211469 0.19614
3062500 0.213112 0.205655 0.206987 0.0 0.0 0.0 0.208086 0.204843 0.210132 0.218 0.206407 0.203929
3062500 0.215874 0.211341 0.20261 0.0 0.0 0.0 0.214236 0.215111 0.201592 0.218 0.206407 0.203929
3062500 0.215828 0.213437 0.210834 0.0 0.0 0.0 0.214261 0.210865 0.210083 0.218017 0.21698 0.211882
3062500 0.204838 0.203857 0.218315 0.0 0.0 0.0 0.202733 0.200837 0.21685 0.207413 0.207506 0.220106
3062500 0.207406 0.218013 0.184761 0.0 0.0 0.0 0.21142 0.217972 0.18645 0.203584 0.218014 0.183152
3062500 0.209568 0.217788 0.192666 0.0 0.0 0.0 0.20623 0.219677 0.191731 0.212915 0.215855 0.193602
3062500 0.215973 0.213674 0.194876 0.0 0.0 0.0 0.21901 0.211469 0.19614 0.212915 0.215855 0.193602
3062500 0.21679 0.218427 0.194601 0.0 0.0 0.0 0.220003 0.220491 0.195408 0.212915 0.215855 0.193602
