# ts x y z Fx Fy Fz x1 y1 z1 x2 y2 z2
4175000 0.182158 0.179085 0.19835 -9.2655 10.9574 3.57209 0.186039 0.175685 0.1974 0.177643 0.18304 0.199455
4175000 0.185872 0.197682 0.18784 2.76386 0.799384 2.18878 0.182549 0.196688 0.185981 0.189421 0.198744 0.189824
4175000 0.183401 0.194934 0.19706 -15.3179 8.10414 2.16556 0.187181 0.192829 0.195809 0.180631 0.196476 0.197978
4175000 0.188987 0.201174 0.198073 -11.8477 7.98213 -7.19775 0.192886 0.199004 0.199594 0.184841 0.203482 0.196454
4175000 0.194499 0.183722 0.181385 7.35115 8.14384 -1.06232 0.191355 0.181074 0.181447 0.197052 0.185873 0.181335
4175000 0.1982 0.188336 0.183274 -5.54741 -8.53976 -9.20961 0.199563 0.191262 0.185578 0.197052 0.185873 0.181335
4175000 0.194072 0.180253 0.190184 -3.32993 -6.14206 6.03562 0.195729 0.183238 0.188072 0.192632 0.177658 0.19202
4175000 0.185884 0.180926 0.191084 2.18052 9.69617 8.56989 0.185725 0.178184 0.189131 0.186086 0.184407 0.193565
4175000 0.192965 0.186026 0.187227 -4.05889 4.61603 -0.398961 0.195729 0.183238 0.188072 0.189197 0.189827 0.186074
4175000 0.198063 0.184396 0.191127 5.18984 3.71205 9.74586 0.195729 0.183238 0.188072 0.200966 0.185837 0.194925
4175000 0.188226 0.181806 0.214181 13.9952 15.502 8.6874 0.18529 0.179327 0.212104 0.191805 0.184828 0.216713
4175000 0.197737 0.192274 0.188949 -8.30268 8.24432 16.9414 0.199563 0.191262 0.185578 0.195659 0.193426 0.192788
4175000 0.192427 0.196181 0.191253 -11.2978 7.59787 -3.21378 0.195659 0.193426 0.192788 0.189421 0.198744 0.189824
4175000 0.196651 0.196526 0.189659 -1.471 -15.3306 13.9903 0.197714 0.199851 0.186303 0.195659 0.193426 0.192788
4175000 0.194302 0.196155 0.196118 13.3914 -16.3376 -26.084 0.192886 0.199004 0.199594 0.195659 0.193426 0.192788
4175000 0.195103 0.196589 0.202981 8.63451 -8.82701 9.28247 0.192886 0.199004 0.199594 0.196703 0.194847 0.205423
4175000 0.192688 0.199921 0.204215 0.288199 3.71565 10.5222 0.192886 0.199004 0.199594 0.192497 0.200813 0.208712
4175000 0.196275 0.201513 0.197484 0.831679 0.780626 -0.758123 0.192886 0.199004 0.199594 0.200099 0.204344 0.195103
4175000 0.198179 0.189822 0.193803 -18.6771 37.4488 -12.7868 0.200966 0.185837 0.194925 0.195659 0.193426 0.192788
4175000 0.202475 0.193079 0.183589 11.1603 9.56155 -6.90055 0.199563 0.191262 0.185578 0.207454 0.196186 0.180189
4175000 0.203086 0.19046 0.187215 3.76644 -0.216888 1.95843 0.199563 0.191262 0.185578 0.206798 0.189616 0.18894
4175000 0.199137 0.203161 0.183068 6.33756 14.5174 -10.2258 0.197714 0.199851 0.186303 0.20054 0.206423 0.179878
4175000 0.189127 0.197914 0.209845 14.4997 17.3228 -5.53792 0.186169 0.195368 0.210838 0.192497 0.200813 0.208712
4175000 0.199672 0.190816 0.216456 -5.36166 -9.3871 13.9969 0.200745 0.192844 0.212256 0.198882 0.189323 0.219547
4175000 0.200807 0.181449 0.192547 1.21648 -8.35779 -4.68 0.200966 0.185837 0.194925 0.200698 0.178431 0.190911
4175000 0.21027 0.184225 0.192344 6.93353 6.61902 6.5566 0.207723 0.181424 0.190499 0.212743 0.186945 0.194136
4175000 0.202132 0.183101 0.198936 6.27835 -8.12733 12.9038 0.200966 0.185837 0.194925 0.203028 0.180999 0.202018
4175000 0.204352 0.186911 0.198431 23.8494 4.41749 18.4605 0.200966 0.185837 0.194925 0.207114 0.187787 0.201291
4175000 0.211256 0.190755 0.194046 1.10114 -3.98535 -0.411915 0.210139 0.193618 0.193979 0.212743 0.186945 0.194136
4175000 0.214301 0.189489 0.191337 -3.42522 -7.06666 5.53875 0.216153 0.192512 0.188011 0.212743 0.186945 0.194136
4175000 0.205904 0.180755 0.204546 -10.9268 3.12489 -8.90703 0.208968 0.180494 0.20724 0.203028 0.180999 0.202018
4175000 0.206757 0.187525 0.205338 0.924499 -1.31024 -14.0616 0.206467 0.187313 0.208621 0.207114 0.187787 0.201291
4175000 0.200927 0.179288 0.210482 0.162299 -2.11937 -0.718997 0.200812 0.183415 0.212623 0.201053 0.174737 0.208121
4175000 0.208093 0.185737 0.211024 4.22631 -5.99974 6.57389 0.206467 0.187313 0.208621 0.209574 0.184303 0.213212
4175000 0.204118 0.185694 0.210283 -17.9803 -13.5387 8.82317 0.206467 0.187313 0.208621 0.200812 0.183415 0.212623
4175000 0.209123 0.1785 0.210806 -4.65307 16.1803 -23.2371 0.209376 0.175247 0.216621 0.208968 0.180494 0.20724
4175000 0.210716 0.18968 0.201399 -22.8378 -15.678 -3.71953 0.215479 0.192184 0.201542 0.207114 0.187787 0.201291
4175000 0.207071 0.190473 0.207881 2.36591 18.6729 -7.35904 0.206467 0.187313 0.208621 0.20785 0.194547 0.206928
4175000 0.205218 0.197165 0.198693 -2.59918 -2.94186 0.880414 0.208793 0.200188 0.197979 0.201799 0.194274 0.199376
4175000 0.208722 0.191922 0.191843 -5.32613 -4.32361 -7.89488 0.210139 0.193618 0.193979 0.206798 0.189616 0.18894
4175000 0.21265 0.195356 0.194316 7.85587 4.78758 -0.345465 0.210139 0.193618 0.193979 0.215177 0.197106 0.194656
4175000 0.209609 0.196204 0.195553 -1.90166 7.78771 3.22708 0.210139 0.193618 0.193979 0.208793 0.200188 0.197979
4175000 0.21808 0.196057 0.194823 -12.2108 2.7883 -1.96941 0.221945 0.194661 0.195044 0.215177 0.197106 0.194656
4175000 0.211218 0.193503 0.20455 -52.6121 10.5891 26.6699 0.215479 0.192184 0.201542 0.20785 0.194547 0.206928
4175000 0.217348 0.188329 0.204797 -22.3065 52.563 -30.9533 0.219021 0.184878 0.207711 0.215479 0.192184 0.201542
4175000 0.207071 0.193486 0.218621 29.7404 -21.4963 -7.66387 0.20391 0.195595 0.220053 0.210776 0.191014 0.216942
4175000 0.207144 0.197024 0.210316 0.163456 -12.134 -16.2759 0.206492 0.199318 0.213453 0.20785 0.194547 0.206928
4175000 0.205221 0.197485 0.216702 3.43241 4.34387 -5.87973 0.20391 0.195595 0.220053 0.206492 0.199318 0.213453
4175000 0.203789 0.18408 0.216132 5.09196 2.22945 7.95463 0.200812 0.183415 0.212623 0.206 0.184573 0.218737
4175000 0.202457 0.194332 0.216473 1.48378 1.28443 2.57021 0.200745 0.192844 0.212256 0.20391 0.195595 0.220053
4175000 0.194561 0.192631 0.20686 6.63016 6.26034 -6.10424 0.191911 0.18989 0.208637 0.196703 0.194847 0.205423
4175000 0.188978 0.192689 0.209762 -5.0173 5.60265 0.997362 0.191911 0.18989 0.208637 0.186169 0.195368 0.210838
4175000 0.208884 0.187463 0.186029 -2.98442 1.95958 3.40951 0.211583 0.184677 0.182265 0.206798 0.189616 0.18894
4175000 0.191864 0.187656 0.212201 -2.13656 -10.1174 12.8833 0.191911 0.18989 0.208637 0.191805 0.184828 0.216713
4175000 0.199207 0.181451 0.196537 -4.03371 -15.2995 3.59969 0.200966 0.185837 0.194925 0.198069 0.178613 0.197581
4175000 0.19563 0.181867 0.218942 -15.8444 10.47 -5.65324 0.199134 0.179153 0.220984 0.191805 0.184828 0.216713
4175000 0.211234 0.1817 0.204058 -12.9201 -10.0065 16.2021 0.21341 0.182858 0.201002 0.208968 0.180494 0.20724
4175000 0.181799 0.200556 0.193748 2.04768 2.88921 2.25669 0.179954 0.198782 0.192107 0.184841 0.203482 0.196454
4175000 0.198725 0.19385 0.196078 2.20506 -0.00135557 3.07237 0.195659 0.193426 0.192788 0.201799 0.194274 0.199376
4175000 0.219143 0.193587 0.19786 -26.6869 -4.36387 29.0554 0.221945 0.194661 0.195044 0.215479 0.192184 0.201542
4175000 0.205317 0.193277 0.190308 0.00870742 -0.0391063 -0.0128063 0.203933 0.196696 0.191585 0.206798 0.189616 0.18894
4175000 0.215149 0.187568 0.208715 -7.70941 7.11253 3.19264 0.219021 0.184878 0.207711 0.212587 0.189348 0.209379
4175000 0.194056 0.202179 0.184144 -2.15943 0.971914 -0.926988 0.197714 0.199851 0.186303 0.191314 0.203925 0.182526
4175000 0.210319 0.185278 0.201144 -8.45334 5.21219 -0.763183 0.21341 0.182858 0.201002 0.207114 0.187787 0.201291
4175000 0.217284 0.180578 0.206399 -5.53522 -16.2089 -2.17526 0.219021 0.184878 0.207711 0.216 0.177402 0.205431
4175000 0.211045 0.199656 0.184781 7.56697 9.74705 8.98299 0.207454 0.196186 0.180189 0.213817 0.202334 0.188327
4175000 0.210347 0.199114 0.212657 5.62239 -0.702002 -2.0451 0.206492 0.199318 0.213453 0.216697 0.198778 0.211345
4175000 0.202946 0.195575 0.195191 -0.00302852 -0.00819099 0.0182173 0.203933 0.196696 0.191585 0.201799 0.194274 0.199376
4175000 0.204141 0.187894 0.191666 4.29617 3.97065 -4.23049 0.200966 0.185837 0.194925 0.206798 0.189616 0.18894
4175000 0.201158 0.198104 0.189229 0.00404168 -0.00177694 0.00239175 0.197714 0.199851 0.186303 0.203933 0.196696 0.191585
4175000 0.204688 0.200114 0.189857 0.000684472 0.010383 -0.00631859 0.203933 0.196696 0.191585 0.205322 0.202986 0.188404
4175000 0.203853 0.179776 0.190726 -5.05307 -3.02985 0.79717 0.207723 0.181424 0.190499 0.200698 0.178431 0.190911
4175000 0.197385 0.180481 0.185668 2.38151 -2.9658 -2.2298 0.195729 0.183238 0.188072 0.199461 0.177025 0.182656
4175000 0.211469 0.179525 0.183897 -0.694376 4.7781 -1.56249 0.211366 0.174886 0.185366 0.211583 0.184677 0.182265
4175000 0.219177 0.178848 0.196287 -6.43539 -13.7592 -1.95612 0.222614 0.184255 0.196509 0.215563 0.173163 0.196053
4175000 0.214769 0.179996 0.203325 1.91301 -4.4026 2.47826 0.21341 0.182858 0.201002 0.216 0.177402 0.205431
4175000 0.213083 0.184861 0.197638 -0.750218 3.30705 -8.33524 0.21341 0.182858 0.201002 0.212743 0.186945 0.194136
4175000 0.215287 0.19531 0.197168 -4.86606 21.8444 -42.3756 0.215479 0.192184 0.201542 0.215177 0.197106 0.194656
4175000 0.194455 0.203199 0.201056 12.6781 32.3531 5.5162 0.192886 0.199004 0.199594 0.195473 0.205918 0.202003
4175000 0.207975 0.18047 0.194594 -0.0802922 -1.4611 3.81021 0.207723 0.181424 0.190499 0.208159 0.179777 0.19757
4175000 0.210458 0.181126 0.199073 3.45752 2.97406 2.45155 0.208159 0.179777 0.19757 0.21341 0.182858 0.201002
4175000 0.195 0.179253 0.18199 -19.1861 7.17907 -0.277719 0.199461 0.177025 0.182656 0.191355 0.181074 0.181447
4175000 0.186653 0.201658 0.1886 -7.17686 9.2455 -5.28409 0.189421 0.198744 0.189824 0.183912 0.204545 0.187388
4175000 0.201523 0.181477 0.183776 0.294096 0.883928 0.330258 0.199461 0.177025 0.182656 0.202963 0.184587 0.184558
4175000 0.19677 0.184685 0.205771 -5.993 -9.05348 2.98363 0.199576 0.187763 0.204854 0.193591 0.181199 0.20681
4175000 0.203432 0.187775 0.203031 9.07528 -1.47103 -5.07039 0.199576 0.187763 0.204854 0.207114 0.187787 0.201291
4175000 0.200127 0.190157 0.208341 -1.16393 -2.93643 -3.45133 0.200745 0.192844 0.212256 0.199576 0.187763 0.204854
4175000 0.200655 0.190921 0.202196 0.420358 0.716044 -0.649205 0.199576 0.187763 0.204854 0.201799 0.194274 0.199376
4175000 0.189788 0.192178 0.205816 -3.43242 2.95546 -5.40774 0.191911 0.18989 0.208637 0.188125 0.193968 0.203608
4175000 0.196961 0.19783 0.218365 0.748257 4.39073 -7.79635 0.196426 0.195719 0.221106 0.197535 0.200093 0.215427
4175000 0.198945 0.196908 0.214034 -8.17747 17.7503 4.42262 0.200745 0.192844 0.212256 0.197535 0.200093 0.215427
4175000 0.204715 0.186884 0.18656 0.490896 0.864908 0.538855 0.202963 0.184587 0.184558 0.206798 0.189616 0.18894
4175000 0.216588 0.185898 0.19506 -2.4764 0.557861 -0.192058 0.222614 0.184255 0.196509 0.212743 0.186945 0.194136
4175000 0.183572 0.193756 0.208214 6.90363 5.43338 5.72989 0.180507 0.191852 0.205116 0.186169 0.195368 0.210838
4175000 0.18834 0.19589 0.192712 0.518724 3.60864 -3.52648 0.187181 0.192829 0.195809 0.189421 0.198744 0.189824
4175000 0.204631 0.183443 0.192524 -10.7064 5.11265 8.35189 0.207723 0.181424 0.190499 0.200966 0.185837 0.194925
4175000 0.186619 0.188511 0.194658 0.115792 -12.2763 -2.17934 0.187181 0.192829 0.195809 0.186086 0.184407 0.193565
4175000 0.213282 0.194299 0.214574 4.20729 8.11916 -5.96579 0.210776 0.191014 0.216942 0.216697 0.198778 0.211345
4175000 0.215029 0.19724 0.188163 -0.0429532 0.517641 0.0425296 0.216153 0.192512 0.188011 0.213817 0.202334 0.188327
4175000 0.197977 0.191704 0.205171 -1.68526 5.02384 -0.381458 0.199576 0.187763 0.204854 0.196703 0.194847 0.205423
4175000 0.199932 0.185246 0.182906 -0.827137 0.329088 -0.558203 0.202963 0.184587 0.184558 0.197052 0.185873 0.181335
4175000 0.189968 0.195846 0.197659 5.99294 9.27495 5.36813 0.187181 0.192829 0.195809 0.192886 0.199004 0.199594
4175000 0.209513 0.181489 0.214272 0.780286 -5.85641 1.81419 0.209574 0.184303 0.213212 0.209376 0.175247 0.216621
4175000 0.182303 0.199258 0.197373 7.68871 12.685 -0.380501 0.180631 0.196476 0.197978 0.184841 0.203482 0.196454
4175000 0.206359 0.184622 0.183655 -1.01505 -0.125756 0.405152 0.211583 0.184677 0.182265 0.202963 0.184587 0.184558
4175000 0.204505 0.193746 0.209436 16.3776 2.66336 -16.3619 0.200745 0.192844 0.212256 0.20785 0.194547 0.206928
4175000 0.183298 0.191814 0.193762 -4.74273 -1.8045 -3.47614 0.187181 0.192829 0.195809 0.179154 0.190731 0.191577
4175000 0.218736 0.188565 0.199245 -9.05891 13.792 9.56914 0.222614 0.184255 0.196509 0.215479 0.192184 0.201542
4175000 0.189324 0.194872 0.188196 -1.27443 9.28304 3.39299 0.189197 0.189827 0.186074 0.189421 0.198744 0.189824
4175000 0.21004 0.186901 0.214656 0.378418 1.0627 0.531958 0.209574 0.184303 0.213212 0.210776 0.191014 0.216942
4175000 0.192693 0.185845 0.207787 0.877332 -7.09268 -0.427998 0.191911 0.18989 0.208637 0.193591 0.181199 0.20681
4175000 0.207584 0.184266 0.208004 0.599076 -2.62964 -0.795444 0.206467 0.187313 0.208621 0.208968 0.180494 0.20724
4175000 0.200779 0.188061 0.212442 -0.259843 -12.8325 -1.51247 0.200745 0.192844 0.212256 0.200812 0.183415 0.212623
4175000 0.216031 0.195173 0.205986 -1.11813 -6.41268 -6.8698 0.216697 0.198778 0.211345 0.215479 0.192184 0.201542
4175000 0.199994 0.181336 0.216702 0.0530082 1.03646 -1.81628 0.199134 0.179153 0.220984 0.200812 0.183415 0.212623
4175000 0.198381 0.194015 0.20826 -3.88795 1.52707 -9.10185 0.200745 0.192844 0.212256 0.196703 0.194847 0.205423
4175000 0.196065 0.187534 0.218419 4.06554 3.34304 2.45829 0.191805 0.184828 0.216713 0.198882 0.189323 0.219547
4175000 0.186065 0.180488 0.195288 -0.397647 -3.45378 1.04917 0.186086 0.184407 0.193565 0.186039 0.175685 0.1974
4175000 0.197736 0.180003 0.213321 21.3226 23.0718 -10.0268 0.195565 0.177597 0.213813 0.200812 0.183415 0.212623
4175000 0.201393 0.184203 0.203361 0.492719 -0.66133 -0.296262 0.199576 0.187763 0.204854 0.203028 0.180999 0.202018
4175000 0.210557 0.191575 0.208329 -4.49957 3.60917 -2.43103 0.212587 0.189348 0.209379 0.20785 0.194547 0.206928
4175000 0.21186 0.190017 0.212413 -1.56959 0.335869 6.10867 0.212587 0.189348 0.209379 0.210776 0.191014 0.216942
4175000 0.212655 0.198323 0.195969 1.51484 -1.05955 -1.02736 0.208793 0.200188 0.197979 0.215177 0.197106 0.194656
4175000 0.204698 0.202145 0.196624 -2.26089 1.47298 -0.534746 0.208793 0.200188 0.197979 0.200099 0.204344 0.195103
4175000 0.207258 0.185537 0.189716 -1.16724 7.40245 -0.258059 0.207723 0.181424 0.190499 0.206798 0.189616 0.18894
4175000 0.216907 0.183389 0.199295 -22.9341 0.5065 12.1652 0.222614 0.184255 0.196509 0.21341 0.182858 0.201002
4175000 0.207048 0.19212 0.185604 -1.68438 -6.91166 7.2406 0.207454 0.196186 0.180189 0.206798 0.189616 0.18894
4175000 0.205882 0.180319 0.199544 -0.90222 0.416445 0.940892 0.208159 0.179777 0.19757 0.203028 0.180999 0.202018
4175000 0.185008 0.193103 0.204225 9.69193 2.97306 -3.64343 0.180507 0.191852 0.205116 0.188125 0.193968 0.203608
4175000 0.190083 0.196039 0.201957 -6.49882 -8.59364 4.55959 0.192886 0.199004 0.199594 0.188125 0.193968 0.203608
4175000 0.212335 0.18419 0.214401 6.11949 0.546443 1.9296 0.209574 0.184303 0.213212 0.216029 0.18404 0.215991
4175000 0.190226 0.183432 0.20011 -0.922306 1.14915 0.976386 0.192276 0.181329 0.198691 0.187389 0.186344 0.202075
4175000 0.187451 0.186786 0.190278 1.13176 3.79443 -4.32743 0.186086 0.184407 0.193565 0.189197 0.189827 0.186074
4175000 0.208007 0.18728 0.217983 0.104673 0.115246 -0.0148971 0.206 0.184573 0.218737 0.210776 0.191014 0.216942
4175000 0.182605 0.183843 0.195993 -8.13893 -1.08062 3.92931 0.186086 0.184407 0.193565 0.177643 0.18304 0.199455
4175000 0.191415 0.193127 0.1943 12.8836 2.36045 -6.53894 0.187181 0.192829 0.195809 0.195659 0.193426 0.192788
4175000 0.183245 0.184939 0.200961 8.27169 4.40117 2.18944 0.177643 0.18304 0.199455 0.187389 0.186344 0.202075
4175000 0.190385 0.183859 0.204363 -4.29694 3.94715 -4.76099 0.193591 0.181199 0.20681 0.187389 0.186344 0.202075
4175000 0.192738 0.191799 0.189753 13.6712 8.27707 10.494 0.189197 0.189827 0.186074 0.195659 0.193426 0.192788
4175000 0.198851 0.201993 0.190498 0.367757 1.07042 1.46791 0.197714 0.199851 0.186303 0.200099 0.204344 0.195103
4175000 0.209579 0.188348 0.209006 4.12523 0.966772 -0.0555665 0.206467 0.187313 0.208621 0.212587 0.189348 0.209379
4175000 0.187814 0.190752 0.202961 0.0261879 0.210347 0.00873815 0.187389 0.186344 0.202075 0.188125 0.193968 0.203608
4175000 0.189885 0.179165 0.198196 0.380119 0.465207 0.0588819 0.186039 0.175685 0.1974 0.192276 0.181329 0.198691
4175000 0.195185 0.179965 0.198133 1.36126 -0.816698 -0.483431 0.192276 0.181329 0.198691 0.198069 0.178613 0.197581
4175000 0.200336 0.179704 0.199609 -3.03825 -2.21638 -3.57004 0.203028 0.180999 0.202018 0.198069 0.178613 0.197581
4175000 0.196451 0.184677 0.184394 0.915795 4.18394 -7.39467 0.195729 0.183238 0.188072 0.197052 0.185873 0.181335
4175000 0.187285 0.18959 0.198939 -0.533597 -5.59951 4.20585 0.187181 0.192829 0.195809 0.187389 0.186344 0.202075
4175000 0.198889 0.194601 0.202829 -2.37565 0.138113 2.0592 0.201799 0.194274 0.199376 0.196703 0.194847 0.205423
4175000 0.213924 0.189207 0.197333 1.38531 3.58803 3.64146 0.212743 0.186945 0.194136 0.215479 0.192184 0.201542
4175000 0.182465 0.183359 0.191293 0.0 0.0 0.0 0.186086 0.184407 0.193565 0.178568 0.181723 0.188856
4175000 0.180578 0.19482 0.200902 0.0 0.0 0.0 0.180507 0.191852 0.205116 0.180631 0.196476 0.197978
4175000 0.182816 0.187628 0.192624 0.0 0.0 0.0 0.186086 0.184407 0.193565 0.179154 0.190731 0.191577
4175000 0.183847 0.190549 0.188999 0.0 0.0 0.0 0.189197 0.189827 0.186074 0.179154 0.190731 0.191577
4175000 0.182849 0.189613 0.208452 0.0 0.0 0.0 0.180507 0.191852 0.205116 0.184719 0.187396 0.211103
4175000 0.184984 0.183653 0.211567 0.0 -0.0 -0.0 0.18529 0.179327 0.212104 0.184719 0.187396 0.211103
4175000 0.185932 0.18716 0.206988 0.0 0.0 0.0 0.187389 0.186344 0.202075 0.184719 0.187396 0.211103
4175000 0.188118 0.188819 0.209939 0.0 0.0 0.0 0.191911 0.18989 0.208637 0.184719 0.187396 0.211103
4175000 0.185416 0.191497 0.210975 0.0 0.0 0.0 0.186169 0.195368 0.210838 0.184719 0.187396 0.211103
4175000 0.184035 0.189267 0.203551 0.0 0.0 0.0 0.180507 0.191852 0.205116 0.187389 0.186344 0.202075
4175000 0.187657 0.186573 0.213434 0.0 0.0 0.0 0.191805 0.184828 0.216713 0.184719 0.187396 0.211103
4175000 0.193567 0.182411 0.184795 0.0 0.0 0.0 0.195729 0.183238 0.188072 0.191355 0.181074 0.181447
4175000 0.198012 0.182585 0.181857 0.0 0.0 0.0 0.199461 0.177025 0.182656 0.197052 0.185873 0.181335
4175000 0.190428 0.185069 0.183426 0.0 0.0 0.0 0.189197 0.189827 0.186074 0.191355 0.181074 0.181447
4175000 0.192448 0.179797 0.195466 0.0 0.0 0.0 0.192632 0.177658 0.19202 0.192276 0.181329 0.198691
4175000 0.189599 0.182901 0.19647 0.0 0.0 0.0 0.186086 0.184407 0.193565 0.192276 0.181329 0.198691
4175000 0.192807 0.181518 0.201959 0.0 0.0 0.0 0.192276 0.181329 0.198691 0.193591 0.181199 0.20681
4175000 0.194143 0.185403 0.192116 0.0 0.0 0.0 0.192914 0.186661 0.195264 0.195729 0.183238 0.188072
4175000 0.19766 0.187515 0.186814 0.0 0.0 0.0 0.195729 0.183238 0.188072 0.199563 0.191262 0.185578
4175000 0.190043 0.185713 0.19455 -0.07307 -0.0365597 -0.0258882 0.192914 0.186661 0.195264 0.186086 0.184407 0.193565
4175000 0.192605 0.184294 0.196925 0.0 0.0 0.0 0.192914 0.186661 0.195264 0.192276 0.181329 0.198691
4175000 0.186717 0.185591 0.1977 0.0 0.0 0.0 0.186086 0.184407 0.193565 0.187389 0.186344 0.202075
4175000 0.199346 0.178768 0.194344 0.0 0.0 0.0 0.200698 0.178431 0.190911 0.198069 0.178613 0.197581
4175000 0.198409 0.18089 0.189598 0.0 0.0 0.0 0.195729 0.183238 0.188072 0.200698 0.178431 0.190911
4175000 0.199589 0.1842 0.186192 0.0 0.0 0.0 0.195729 0.183238 0.188072 0.202963 0.184587 0.184558
4175000 0.189232 0.18046 0.209587 0.0 0.0 0.0 0.18529 0.179327 0.212104 0.193591 0.181199 0.20681
4175000 0.19477 0.179292 0.210981 0.0 0.0 0.0 0.195565 0.177597 0.213813 0.193591 0.181199 0.20681
4175000 0.194137 0.18059 0.214923 0.0 0.0 0.0 0.195565 0.177597 0.213813 0.191805 0.184828 0.216713
4175000 0.192743 0.183166 0.211519 0.0 0.0 0.0 0.191805 0.184828 0.216713 0.193591 0.181199 0.20681
4175000 0.197273 0.182568 0.209772 0.0 0.0 0.0 0.200812 0.183415 0.212623 0.193591 0.181199 0.20681
4175000 0.203158 0.182567 0.219673 0.0 0.0 0.0 0.199134 0.179153 0.220984 0.206 0.184573 0.218737
4175000 0.194075 0.187611 0.183125 0.0 0.0 0.0 0.189197 0.189827 0.186074 0.197052 0.185873 0.181335
4175000 0.198323 0.191788 0.181472 0.0 0.0 0.0 0.199563 0.191262 0.185578 0.197205 0.19181 0.177777
4175000 0.197826 0.199335 0.181489 0.0 0.0 0.0 0.197898 0.198594 0.178267 0.197714 0.199851 0.186303
4175000 0.190575 0.189411 0.195472 0.0 0.0 0.0 0.192914 0.186661 0.195264 0.187181 0.192829 0.195809
4175000 0.194033 0.189648 0.194242 0.0 0.0 0.0 0.192914 0.186661 0.195264 0.195659 0.193426 0.192788
4175000 0.195209 0.190897 0.185781 0.0 0.0 0.0 0.199563 0.191262 0.185578 0.189197 0.189827 0.186074
4175000 0.18809 0.191714 0.191407 0.0 0.0 0.0 0.187181 0.192829 0.195809 0.189197 0.189827 0.186074
4175000 0.198732 0.195366 0.1859 0.0 0.0 0.0 0.197714 0.199851 0.186303 0.199563 0.191262 0.185578
4175000 0.191055 0.199103 0.194423 0.0 0.0 0.0 0.192886 0.199004 0.199594 0.189421 0.198744 0.189824
4175000 0.193274 0.199495 0.188183 0.0 0.0 0.0 0.197714 0.199851 0.186303 0.189421 0.198744 0.189824
4175000 0.190663 0.186765 0.198026 0.0 0.0 0.0 0.192914 0.186661 0.195264 0.187389 0.186344 0.202075
4175000 0.193402 0.188482 0.197731 0.000358233 0.00720242 0.00797208 0.192914 0.186661 0.195264 0.193936 0.190475 0.200431
4175000 0.191035 0.191718 0.198432 0.0 0.0 0.0 0.187181 0.192829 0.195809 0.193936 0.190475 0.200431
4175000 0.187725 0.193727 0.200312 0.0 0.0 0.0 0.187181 0.192829 0.195809 0.188125 0.193968 0.203608
4175000 0.194679 0.19197 0.197139 0.0 0.0 0.0 0.195659 0.193426 0.192788 0.193936 0.190475 0.200431
4175000 0.193501 0.194274 0.20007 0.0 0.0 0.0 0.192886 0.199004 0.199594 0.193936 0.190475 0.200431
4175000 0.190439 0.201762 0.185901 0.0 0.0 0.0 0.189421 0.198744 0.189824 0.191314 0.203925 0.182526
4175000 0.186073 0.198108 0.19611 0.0 0.0 0.0 0.187181 0.192829 0.195809 0.184841 0.203482 0.196454
4175000 0.187334 0.201141 0.192842 0.0 0.0 0.0 0.189421 0.198744 0.189824 0.184841 0.203482 0.196454
4175000 0.194632 0.203852 0.188204 0.0 0.0 0.0 0.197714 0.199851 0.186303 0.191777 0.207099 0.189973
4175000 0.201254 0.189508 0.181625 0.0 0.0 0.0 0.199563 0.191262 0.185578 0.202591 0.187694 0.178496
4175000 0.201369 0.187963 0.18503 0.0 0.0 0.0 0.199563 0.191262 0.185578 0.202963 0.184587 0.184558
4175000 0.201772 0.19856 0.183751 0.0 0.0 0.0 0.197714 0.199851 0.186303 0.207454 0.196186 0.180189
4175000 0.196001 0.186345 0.195134 0.140274 -0.0347732 -0.0167514 0.192914 0.186661 0.195264 0.200966 0.185837 0.194925
4175000 0.201767 0.194238 0.188602 0.0 0.0 0.0 0.203933 0.196696 0.191585 0.199563 0.191262 0.185578
4175000 0.200097 0.195416 0.192139 0.0 0.0 0.0 0.203933 0.196696 0.191585 0.195659 0.193426 0.192788
4175000 0.197431 0.196828 0.19948 0.0 0.0 0.0 0.192886 0.199004 0.199594 0.201799 0.194274 0.199376
4175000 0.202252 0.201956 0.187553 0.0 0.0 0.0 0.197714 0.199851 0.186303 0.205322 0.202986 0.188404
4175000 0.1971 0.200589 0.202432 0.0 0.0 0.0 0.192886 0.199004 0.199594 0.201845 0.201878 0.205628
4175000 0.191125 0.188702 0.201137 0.0021929 0.00182929 -0.00034202 0.187389 0.186344 0.202075 0.193936 0.190475 0.200431
4175000 0.18973 0.18818 0.205472 -2.94199 -2.80788 -3.48531 0.191911 0.18989 0.208637 0.187389 0.186344 0.202075
4175000 0.196436 0.189272 0.202391 -0.00729907 0.00456892 -0.00456822 0.199576 0.187763 0.204854 0.193936 0.190475 0.200431
4175000 0.195719 0.189073 0.206758 0.0 0.0 0.0 0.191911 0.18989 0.208637 0.199576 0.187763 0.204854
4175000 0.190989 0.192479 0.202036 0.0 0.0 0.0 0.188125 0.193968 0.203608 0.193936 0.190475 0.200431
4175000 0.193035 0.190444 0.204089 0.0 0.0 0.0 0.191911 0.18989 0.208637 0.193936 0.190475 0.200431
4175000 0.195322 0.192889 0.202918 0.0 0.0 0.0 0.196703 0.194847 0.205423 0.193936 0.190475 0.200431
4175000 0.187243 0.194837 0.206861 0.0 0.0 0.0 0.186169 0.195368 0.210838 0.188125 0.193968 0.203608
4175000 0.192345 0.191891 0.212315 0.000627512 0.00186248 0.00528529 0.191911 0.18989 0.208637 0.192713 0.193588 0.215435
4175000 0.189637 0.194664 0.213276 0.0 0.0 0.0 0.186169 0.195368 0.210838 0.192713 0.193588 0.215435
4175000 0.192349 0.190073 0.215948 0.00152998 0.00602086 -0.000490925 0.191805 0.184828 0.216713 0.192713 0.193588 0.215435
4175000 0.194587 0.194901 0.2183 0.0 0.0 0.0 0.196426 0.195719 0.221106 0.192713 0.193588 0.215435
4175000 0.19582 0.191681 0.217505 0.0 0.0 0.0 0.192713 0.193588 0.215435 0.198882 0.189323 0.219547
4175000 0.195064 0.196995 0.215433 0.0 0.0 0.0 0.192713 0.193588 0.215435 0.197535 0.200093 0.215427
4175000 0.186212 0.197853 0.214362 0.0 0.0 0.0 0.186169 0.195368 0.210838 0.186283 0.200874 0.219474
4175000 0.190273 0.19659 0.216968 0.0 0.0 0.0 0.192713 0.193588 0.215435 0.186283 0.200874 0.219474
4175000 0.200172 0.18592 0.208572 0.0 0.0 0.0 0.200812 0.183415 0.212623 0.199576 0.187763 0.204854
4175000 0.200221 0.187115 0.200277 0.0 0.0 0.0 0.200966 0.185837 0.194925 0.199576 0.187763 0.204854
4175000 0.197308 0.192334 0.199968 0.0 0.0 0.0 0.201799 0.194274 0.199376 0.193936 0.190475 0.200431
4175000 0.203461 0.187746 0.206973 0.0 0.0 0.0 0.206467 0.187313 0.208621 0.199576 0.187763 0.204854
4175000 0.196044 0.19151 0.21033 0.0 0.0 0.0 0.191911 0.18989 0.208637 0.200745 0.192844 0.212256
4175000 0.196145 0.193509 0.214077 0.0 0.0 0.0 0.200745 0.192844 0.212256 0.192713 0.193588 0.215435
4175000 0.196618 0.184312 0.214534 0.0 0.0 0.0 0.200812 0.183415 0.212623 0.191805 0.184828 0.216713
4175000 0.19972 0.187014 0.216564 0.0 0.0 0.0 0.200812 0.183415 0.212623 0.198882 0.189323 0.219547
4175000 0.20122 0.192473 0.219781 0.0 0.0 0.0 0.20391 0.195595 0.220053 0.198882 0.189323 0.219547
4175000 0.202311 0.200166 0.193071 0.0 0.0 0.0 0.203933 0.196696 0.191585 0.200099 0.204344 0.195103
4175000 0.200597 0.198168 0.217649 0.0 0.0 0.0 0.20391 0.195595 0.220053 0.197535 0.200093 0.215427
4175000 0.214208 0.179532 0.199179 0.0 0.0 0.0 0.21341 0.182858 0.201002 0.215563 0.173163 0.196053
4175000 0.209418 0.183087 0.18689 0.0 0.0 0.0 0.207723 0.181424 0.190499 0.211583 0.184677 0.182265
4175000 0.205131 0.183389 0.187254 0.0 0.0 0.0 0.207723 0.181424 0.190499 0.202963 0.184587 0.184558
4175000 0.209325 0.182929 0.210676 0.0 0.0 0.0 0.209574 0.184303 0.213212 0.208968 0.180494 0.20724
4175000 0.205157 0.182098 0.20976 0.0 0.0 0.0 0.200812 0.183415 0.212623 0.208968 0.180494 0.20724
4175000 0.206141 0.184194 0.212979 0.0 0.0 0.0 0.209574 0.184303 0.213212 0.200812 0.183415 0.212623
4175000 0.204334 0.1803 0.214269 0.0 0.0 0.0 0.200812 0.183415 0.212623 0.209376 0.175247 0.216621
4175000 0.205016 0.184534 0.201662 0.0 0.0 0.0 0.207114 0.187787 0.201291 0.203028 0.180999 0.202018
4175000 0.214289 0.187035 0.201228 0.0 0.0 0.0 0.21341 0.182858 0.201002 0.215479 0.192184 0.201542
4175000 0.208044 0.184388 0.204256 0.0 0.0 0.0 0.208968 0.180494 0.20724 0.207114 0.187787 0.201291
4175000 0.211041 0.186989 0.21135 0.0 0.0 0.0 0.209574 0.184303 0.213212 0.212587 0.189348 0.209379
4175000 0.207917 0.184669 0.215784 0.0 0.0 0.0 0.209574 0.184303 0.213212 0.206 0.184573 0.218737
4175000 0.212731 0.179081 0.206271 0.0 0.0 0.0 0.208968 0.180494 0.20724 0.216 0.177402 0.205431
4175000 0.215935 0.184008 0.204014 0.0 0.0 0.0 0.219021 0.184878 0.207711 0.21341 0.182858 0.201002
4175000 0.207154 0.181633 0.218019 0.0 0.0 0.0 0.206 0.184573 0.218737 0.209376 0.175247 0.216621
4175000 0.202769 0.186465 0.181353 0.0 0.0 0.0 0.202963 0.184587 0.184558 0.202591 0.187694 0.178496
4175000 0.205219 0.196745 0.187419 0.0 0.0 0.0 0.203933 0.196696 0.191585 0.207454 0.196186 0.180189
4175000 0.212526 0.19428 0.184738 0.0 0.0 0.0 0.216153 0.192512 0.188011 0.207454 0.196186 0.180189
4175000 0.209806 0.188505 0.191561 0.0 0.0 0.0 0.212743 0.186945 0.194136 0.206798 0.189616 0.18894
4175000 0.201403 0.190503 0.197256 0.0 0.0 0.0 0.200966 0.185837 0.194925 0.201799 0.194274 0.199376
4175000 0.207408 0.195212 0.192918 0.0 0.0 0.0 0.210139 0.193618 0.193979 0.203933 0.196696 0.191585
4175000 0.209927 0.187607 0.197718 0.0 0.0 0.0 0.212743 0.186945 0.194136 0.207114 0.187787 0.201291
4175000 0.204597 0.190859 0.200384 0.617017 -0.938952 0.117578 0.201799 0.194274 0.199376 0.207114 0.187787 0.201291
4175000 0.204918 0.194653 0.203266 0.0 0.0 0.0 0.201799 0.194274 0.199376 0.20785 0.194547 0.206928
4175000 0.212086 0.193336 0.196721 0.0 0.0 0.0 0.210139 0.193618 0.193979 0.215479 0.192184 0.201542
4175000 0.206129 0.198508 0.194472 0.0 0.0 0.0 0.203933 0.196696 0.191585 0.208793 0.200188 0.197979
4175000 0.211127 0.191191 0.188504 0.0 0.0 0.0 0.216153 0.192512 0.188011 0.206798 0.189616 0.18894
4175000 0.212475 0.193427 0.191659 0.0 0.0 0.0 0.210139 0.193618 0.193979 0.216153 0.192512 0.188011
4175000 0.215562 0.195558 0.192069 0.0 0.0 0.0 0.216153 0.192512 0.188011 0.215177 0.197106 0.194656
4175000 0.207478 0.191331 0.204045 0.0 0.0 0.0 0.207114 0.187787 0.201291 0.20785 0.194547 0.206928
4175000 0.204132 0.189807 0.210102 0.0 0.0 0.0 0.206467 0.187313 0.208621 0.200745 0.192844 0.212256
4175000 0.203901 0.196629 0.212911 0.0 0.0 0.0 0.200745 0.192844 0.212256 0.206492 0.199318 0.213453
4175000 0.213665 0.190639 0.206463 0.0 0.0 0.0 0.212587 0.189348 0.209379 0.215479 0.192184 0.201542
4175000 0.208434 0.195793 0.215033 0.0 0.0 0.0 0.206492 0.199318 0.213453 0.210776 0.191014 0.216942
4175000 0.211925 0.196678 0.199645 0.0 0.0 0.0 0.208793 0.200188 0.197979 0.215479 0.192184 0.201542
4175000 0.20127 0.197362 0.209115 0.0 0.0 0.0 0.200745 0.192844 0.212256 0.201845 0.201878 0.205628
4175000 0.204515 0.200642 0.210121 0.0 0.0 0.0 0.206492 0.199318 0.213453 0.201845 0.201878 0.205628
4175000 0.213942 0.19269 0.210028 0.0 0.0 0.0 0.212587 0.189348 0.209379 0.216697 0.198778 0.211345
4175000 0.211357 0.196458 0.208676 0.0 0.0 0.0 0.216697 0.198778 0.211345 0.20785 0.194547 0.206928
4175000 0.212141 0.204236 0.196448 0.0 0.0 0.0 0.208793 0.200188 0.197979 0.21427 0.20644 0.195477
4175000 0.211181 0.20144 0.193393 0.0 0.0 0.0 0.208793 0.200188 0.197979 0.213817 0.202334 0.188327
4175000 0.210543 0.204171 0.199853 0.0025458 0.0103549 0.00465264 0.208793 0.200188 0.197979 0.211661 0.206716 0.201051
4175000 0.205521 0.201218 0.201585 0.0 0.0 0.0 0.208793 0.200188 0.197979 0.201845 0.201878 0.205628
4175000 0.18315 0.210668 0.193988 -16.1311 -3.72522 -1.41478 0.186391 0.211192 0.193795 0.179387 0.210061 0.194211
4175000 0.189432 0.206987 0.183035 -2.4174 5.85614 0.998882 0.191314 0.203925 0.182526 0.187661 0.209867 0.183513
4175000 0.190561 0.202787 0.189896 -4.62831 -11.5769 1.26925 0.191777 0.207099 0.189973 0.189421 0.198744 0.189824
4175000 0.192908 0.20406 0.211929 -0.91846 -6.66338 -9.11995 0.193324 0.207338 0.215177 0.192497 0.200813 0.208712
4175000 0.188576 0.212421 0.185585 -2.01615 -8.27632 -4.87268 0.189821 0.215899 0.188405 0.187661 0.209867 0.183513
4175000 0.188671 0.209459 0.192177 5.83095 -5.52105 -6.03554 0.186391 0.211192 0.193795 0.191777 0.207099 0.189973
4175000 0.194529 0.210209 0.191653 11.1536 16.6963 5.99781 0.191777 0.207099 0.189973 0.197052 0.213061 0.193193
4175000 0.187791 0.213719 0.195365 7.1899 12.4643 5.08671 0.186391 0.211192 0.193795 0.189757 0.217267 0.197568
4175000 0.197085 0.213293 0.197294 2.2602 -1.81848 23.7549 0.197052 0.213061 0.193193 0.197122 0.213564 0.202054
4175000 0.19338 0.215446 0.199775 -11.3163 8.32662 -8.85177 0.197122 0.213564 0.202054 0.189757 0.217267 0.197568
4175000 0.192103 0.218276 0.185127 -3.10511 -3.16282 3.19341 0.194478 0.220751 0.181715 0.189821 0.215899 0.188405
4175000 0.197538 0.217004 0.192149 3.23984 14.0808 -1.96401 0.197052 0.213061 0.193193 0.198102 0.221582 0.190936
4175000 0.196044 0.210664 0.213442 5.44305 7.05177 -5.34654 0.193324 0.207338 0.215177 0.198955 0.214222 0.211585
4175000 0.191511 0.211593 0.215437 -8.53545 31.2189 -0.843391 0.193324 0.207338 0.215177 0.18927 0.216855 0.215758
4175000 0.198688 0.217801 0.200522 0.701014 3.51024 -1.45842 0.197122 0.213564 0.202054 0.199937 0.22118 0.1993
4175000 0.203039 0.216669 0.212966 15.7376 9.9422 8.75044 0.198955 0.214222 0.211585 0.206713 0.21887 0.214208
4175000 0.201344 0.211388 0.201623 13.1053 -6.21657 -3.63701 0.197122 0.213564 0.202054 0.204915 0.209547 0.201259
4175000 0.201224 0.21556 0.203443 22.0487 12.9462 4.02947 0.197122 0.213564 0.202054 0.205244 0.217517 0.204805
4175000 0.201084 0.207935 0.219237 -6.75704 13.0714 13.3414 0.202901 0.20532 0.21699 0.199495 0.210221 0.221201
4175000 0.214672 0.199047 0.192307 4.80689 -40.4898 36.9937 0.213817 0.202334 0.188327 0.215177 0.197106 0.194656
4175000 0.209665 0.201609 0.20241 -3.65755 -4.61668 -10.5167 0.210238 0.202542 0.20532 0.208793 0.200188 0.197979
4175000 0.210291 0.204512 0.185129 21.8384 -8.95555 22.2225 0.208018 0.205916 0.183069 0.213817 0.202334 0.188327
4175000 0.208514 0.204014 0.195202 0.159262 -5.71674 2.92334 0.208317 0.206711 0.193245 0.208793 0.200188 0.197979
4175000 0.214104 0.204937 0.19286 2.47016 -11.7984 -23.502 0.21427 0.20644 0.195477 0.213817 0.202334 0.188327
4175000 0.205178 0.197808 0.20635 19.2206 -32.4642 3.28597 0.201845 0.201878 0.205628 0.20785 0.194547 0.206928
4175000 0.20359 0.206238 0.203145 3.86235 17.4734 -11.1823 0.201845 0.201878 0.205628 0.204915 0.209547 0.201259
4175000 0.209516 0.20499 0.207097 -3.31791 6.4217 5.45535 0.210238 0.202542 0.20532 0.208222 0.209379 0.210282
4175000 0.204687 0.202335 0.215231 10.4625 -13.886 -6.21519 0.202901 0.20532 0.21699 0.206492 0.199318 0.213453
4175000 0.21233 0.201323 0.207271 4.84926 -4.33692 5.61011 0.210238 0.202542 0.20532 0.216697 0.198778 0.211345
4175000 0.204921 0.206126 0.181747 -24.3761 5.14013 -8.06777 0.208018 0.205916 0.183069 0.20054 0.206423 0.179878
4175000 0.203267 0.215031 0.182353 9.56775 0.0706377 28.573 0.201372 0.215497 0.178336 0.205923 0.214379 0.187985
4175000 0.211945 0.213373 0.189367 -28.2573 0.0824192 -6.32432 0.215494 0.21278 0.190181 0.205923 0.214379 0.187985
4175000 0.213035 0.209124 0.196114 -8.00159 29.0208 6.42291 0.21427 0.20644 0.195477 0.211265 0.212969 0.197027
4175000 0.207484 0.209377 0.191416 -2.30447 5.9737 -2.95027 0.208317 0.206711 0.193245 0.205923 0.214379 0.187985
4175000 0.207976 0.211197 0.199219 -21.2874 -10.2922 9.35917 0.211265 0.212969 0.197027 0.204915 0.209547 0.201259
4175000 0.212861 0.216253 0.19936 -5.12104 -17.6004 -10.1323 0.214399 0.219418 0.20161 0.211265 0.212969 0.197027
4175000 0.212176 0.216757 0.195133 1.19273 19.7483 -10.1719 0.211265 0.212969 0.197027 0.213007 0.220212 0.193406
4175000 0.215898 0.213728 0.207888 1.31758 -2.42929 -3.05354 0.214509 0.21528 0.210113 0.218369 0.210968 0.203932
4175000 0.200109 0.212851 0.18623 9.78949 4.31653 2.63343 0.196556 0.211917 0.185158 0.205923 0.214379 0.187985
4175000 0.194775 0.212104 0.181775 0.958038 -0.437609 1.84336 0.192901 0.212302 0.178215 0.196556 0.211917 0.185158
4175000 0.207139 0.202297 0.205434 -1.80233 -0.368079 0.255376 0.210238 0.202542 0.20532 0.201845 0.201878 0.205628
4175000 0.212287 0.213195 0.210173 -3.5919 -4.39085 -0.395262 0.214509 0.21528 0.210113 0.208222 0.209379 0.210282
4175000 0.193515 0.213715 0.186625 -19.741 14.9455 7.03474 0.196556 0.211917 0.185158 0.189821 0.215899 0.188405
4175000 0.198329 0.209473 0.182809 12.1527 -11.168 -12.5933 0.196556 0.211917 0.185158 0.20054 0.206423 0.179878
4175000 0.207831 0.202683 0.182112 -0.0509416 -0.624031 -0.082086 0.208018 0.205916 0.183069 0.207454 0.196186 0.180189
4175000 0.215633 0.213517 0.212331 0.849104 -1.21907 1.15105 0.214509 0.21528 0.210113 0.217855 0.21003 0.216718
4175000 0.198709 0.197591 0.205503 -3.87352 -6.54459 -1.14455 0.201845 0.201878 0.205628 0.196703 0.194847 0.205423
4175000 0.184905 0.216166 0.204262 2.78215 -9.40515 2.47996 0.183698 0.219722 0.2034 0.186963 0.210097 0.205732
4175000 0.216874 0.197324 0.200762 -5.53051 -20.3654 6.62135 0.218065 0.201716 0.200096 0.215479 0.192184 0.201542
4175000 0.215775 0.204566 0.197309 -15.8192 14.2625 -13.427 0.218065 0.201716 0.200096 0.21427 0.20644 0.195477
4175000 0.184333 0.204063 0.1915 0.205591 0.158682 -9.27399 0.184841 0.203482 0.196454 0.183912 0.204545 0.187388
4175000 0.185824 0.217293 0.195151 -9.23005 -1.40164 -6.98277 0.189757 0.217267 0.197568 0.182332 0.217316 0.193004
4175000 0.204389 0.215101 0.194015 -0.248613 0.410914 1.66554 0.205923 0.214379 0.187985 0.203584 0.21548 0.19718
4175000 0.206651 0.20443 0.185775 -0.00216097 -0.00157916 0.00463141 0.208018 0.205916 0.183069 0.205322 0.202986 0.188404
4175000 0.200567 0.213583 0.19113 14.1061 1.37756 -5.56329 0.197052 0.213061 0.193193 0.205923 0.214379 0.187985
4175000 0.203331 0.203628 0.190959 0.0 0.0 0.0 0.205322 0.202986 0.188404 0.200099 0.204344 0.195103
4175000 0.195775 0.206752 0.204928 -0.149973 -0.976427 -6.98093 0.196084 0.207606 0.207924 0.195473 0.205918 0.202003
4175000 0.197195 0.210167 0.209341 -7.29718 -16.3642 -5.76385 0.198955 0.214222 0.211585 0.196084 0.207606 0.207924
4175000 0.213095 0.217845 0.209265 -1.06239 1.67774 -0.269364 0.214509 0.21528 0.210113 0.2116 0.220557 0.208367
4175000 0.187812 0.213143 0.191561 4.53967 5.52915 -9.0228 0.186391 0.211192 0.193795 0.189821 0.215899 0.188405
4175000 0.185777 0.208137 0.194849 -2.45842 -15.688 2.7749 0.186391 0.211192 0.193795 0.184841 0.203482 0.196454
4175000 0.19822 0.205482 0.207073 14.6135 -11.281 -7.39871 0.196084 0.207606 0.207924 0.201845 0.201878 0.205628
4175000 0.19021 0.20448 0.217077 -3.81856 -4.811 2.30263 0.193324 0.207338 0.215177 0.186283 0.200874 0.219474
4175000 0.207796 0.210759 0.215667 0.469606 2.48962 7.26715 0.208222 0.209379 0.210282 0.207432 0.211939 0.220271
4175000 0.194481 0.216952 0.204123 14.727 -23.8793 -9.50553 0.191838 0.220342 0.206193 0.197122 0.213564 0.202054
4175000 0.206602 0.213805 0.207303 -1.21341 7.36989 -4.71029 0.208222 0.209379 0.210282 0.205244 0.217517 0.204805
4175000 0.205091 0.20699 0.214229 3.77835 2.05391 -3.4519 0.202901 0.20532 0.21699 0.208222 0.209379 0.210282
4175000 0.185759 0.206344 0.200468 -1.32994 -4.71171 -4.75837 0.186963 0.210097 0.205732 0.184841 0.203482 0.196454
4175000 0.193141 0.20841 0.207217 -15.0174 6.16462 -5.62935 0.196084 0.207606 0.207924 0.186963 0.210097 0.205732
4175000 0.19838 0.209262 0.194026 0.892378 -1.72981 0.57253 0.197052 0.213061 0.193193 0.200099 0.204344 0.195103
4175000 0.196117 0.208904 0.202023 -6.22183 -32.455 -5.45088 0.197122 0.213564 0.202054 0.195473 0.205918 0.202003
4175000 0.21144 0.206569 0.194416 2.24851 -0.380548 1.16163 0.208317 0.206711 0.193245 0.21427 0.20644 0.195477
4175000 0.217143 0.206962 0.19469 2.2278 0.649056 -0.330929 0.21427 0.20644 0.195477 0.22193 0.20783 0.193378
4175000 0.19565 0.203335 0.215315 9.06697 -18.2229 -2.35192 0.193324 0.207338 0.215177 0.197535 0.200093 0.215427
4175000 0.184584 0.213918 0.193443 -3.09268 4.77513 -1.54718 0.186391 0.211192 0.193795 0.182332 0.217316 0.193004
4175000 0.1978 0.204443 0.203327 3.54686 -2.53366 2.97686 0.195473 0.205918 0.202003 0.201845 0.201878 0.205628
4175000 0.188196 0.213708 0.211089 0.290703 0.501479 0.659644 0.186963 0.210097 0.205732 0.18927 0.216855 0.215758
4175000 0.204957 0.205538 0.207899 -2.97514 -4.97976 -3.15941 0.208222 0.209379 0.210282 0.201845 0.201878 0.205628
4175000 0.216855 0.217621 0.198746 0.390731 -0.339723 -0.362029 0.214399 0.219418 0.20161 0.219162 0.215933 0.196057
4175000 0.20908 0.213546 0.193329 5.96734 -1.12626 7.18627 0.205923 0.214379 0.187985 0.211265 0.212969 0.197027
4175000 0.218205 0.205963 0.201857 -0.448564 3.22677 1.4324 0.218065 0.201716 0.200096 0.218369 0.210968 0.203932
4175000 0.183067 0.214641 0.208458 -0.0544217 0.0847748 0.0587774 0.186963 0.210097 0.205732 0.180831 0.217249 0.210022
4175000 0.194629 0.204851 0.208244 -2.16767 -4.30076 -0.266547 0.196084 0.207606 0.207924 0.192497 0.200813 0.208712
4175000 0.200167 0.202657 0.216194 -3.26645 -3.77065 -1.77478 0.202901 0.20532 0.21699 0.197535 0.200093 0.215427
4175000 0.201483 0.218468 0.18966 2.25945 -2.22485 -0.368023 0.198102 0.221582 0.190936 0.205923 0.214379 0.187985
4175000 0.210458 0.205007 0.19133 0.355778 -0.216923 -0.223544 0.208317 0.206711 0.193245 0.213817 0.202334 0.188327
4175000 0.216024 0.217818 0.210857 2.957 4.22929 0.542282 0.214509 0.21528 0.210113 0.218139 0.22136 0.211896
4175000 0.189787 0.216216 0.206 0.0 0.0 0.0 0.191838 0.220342 0.206193 0.186963 0.210097 0.205732
4175000 0.20494 0.208298 0.218466 1.90932 1.98827 1.00334 0.202901 0.20532 0.21699 0.207432 0.211939 0.220271
4175000 0.196829 0.201307 0.207283 -15.3307 0.775532 5.47257 0.201845 0.201878 0.205628 0.192497 0.200813 0.208712
4175000 0.201893 0.218122 0.198163 -0.961903 1.1099 0.341427 0.203584 0.21548 0.19718 0.199937 0.22118 0.1993
4175000 0.204181 0.212816 0.199011 0.226658 -1.62458 0.790575 0.203584 0.21548 0.19718 0.204915 0.209547 0.201259
4175000 0.218829 0.213848 0.199364 -1.16372 -2.75089 3.95287 0.219162 0.215933 0.196057 0.218369 0.210968 0.203932
4175000 0.191521 0.205345 0.185859 -3.47702 -6.78873 -14.6096 0.191777 0.207099 0.189973 0.191314 0.203925 0.182526
4175000 0.181745 0.207216 0.195181 1.28604 -1.602 0.904222 0.179387 0.210061 0.194211 0.184841 0.203482 0.196454
4175000 0.181284 0.209432 0.202484 4.83017 1.14335 2.08027 0.17865 0.209124 0.200977 0.186963 0.210097 0.205732
4175000 0.194498 0.205409 0.219223 5.34903 -8.43856 12.6767 0.193324 0.207338 0.215177 0.195664 0.203495 0.223238
4175000 0.217272 0.214308 0.193029 -10.2756 -5.3862 -16.6514 0.219162 0.215933 0.196057 0.215494 0.21278 0.190181
4175000 0.206303 0.209477 0.205047 -1.12496 0.597751 -3.17111 0.208222 0.209379 0.210282 0.204915 0.209547 0.201259
4175000 0.199412 0.21626 0.216081 -0.945783 6.61829 13.4528 0.198955 0.214222 0.211585 0.199835 0.218143 0.220236
4175000 0.208593 0.202735 0.188374 0.0 0.0 0.0 0.205322 0.202986 0.188404 0.213817 0.202334 0.188327
4175000 0.212851 0.209692 0.213375 9.26394 0.327865 4.27171 0.208222 0.209379 0.210282 0.217855 0.21003 0.216718
4175000 0.194971 0.207498 0.21085 2.82887 -1.06946 -8.77463 0.193324 0.207338 0.215177 0.196084 0.207606 0.207924
4175000 0.214065 0.20824 0.202083 -0.0135722 -0.00571765 -0.00495109 0.218369 0.210968 0.203932 0.211661 0.206716 0.201051
4175000 0.20182 0.197773 0.202252 0.00190263 -0.0372934 -0.0222054 0.201845 0.201878 0.205628 0.201799 0.194274 0.199376
4175000 0.216338 0.198959 0.196843 -0.617333 -0.891733 -0.791666 0.218065 0.201716 0.200096 0.215177 0.197106 0.194656
4175000 0.198021 0.213887 0.206727 -4.46436 -3.28385 -15.5929 0.198955 0.214222 0.211585 0.197122 0.213564 0.202054
4175000 0.189789 0.216585 0.193002 0.258504 2.17175 6.99054 0.189821 0.215899 0.188405 0.189757 0.217267 0.197568
4175000 0.208247 0.200529 0.216768 -1.43041 -1.72282 -4.1566 0.210716 0.202234 0.221432 0.206492 0.199318 0.213453
4175000 0.181866 0.202581 0.200389 1.72765 1.06274 -2.62862 0.178776 0.201646 0.204474 0.184841 0.203482 0.196454
4175000 0.18225 0.218472 0.206746 -0.0639686 -0.0604458 0.232454 0.183698 0.219722 0.2034 0.180831 0.217249 0.210022
4175000 0.180336 0.212778 0.197144 0.0 0.0 0.0 0.181099 0.21453 0.199491 0.179387 0.210061 0.194211
4175000 0.181626 0.215721 0.196716 -0.0 0.0 0.0 0.181099 0.21453 0.199491 0.182332 0.217316 0.193004
4175000 0.18225 0.217067 0.201228 0.0 0.0 0.0 0.181099 0.21453 0.199491 0.183698 0.219722 0.2034
4175000 0.187867 0.204452 0.184786 0.0 0.0 0.0 0.191314 0.203925 0.182526 0.183912 0.204545 0.187388
4175000 0.1877 0.206012 0.188629 0.0 0.0 0.0 0.191777 0.207099 0.189973 0.183912 0.204545 0.187388
4175000 0.182963 0.21312 0.201476 0.00242757 -0.00131992 0.0029637 0.181099 0.21453 0.199491 0.186963 0.210097 0.205732
4175000 0.180992 0.207227 0.199263 0.0 0.0 0.0 0.17865 0.209124 0.200977 0.184841 0.203482 0.196454
4175000 0.182393 0.205616 0.205029 0.0 0.0 0.0 0.186963 0.210097 0.205732 0.178776 0.201646 0.204474
4175000 0.185843 0.216885 0.19085 0.0 0.0 0.0 0.189821 0.215899 0.188405 0.182332 0.217316 0.193004
4175000 0.194913 0.197621 0.206823 0.0 0.0 0.0 0.192497 0.200813 0.208712 0.196703 0.194847 0.205423
4175000 0.189443 0.208906 0.186303 0.0 0.0 0.0 0.191777 0.207099 0.189973 0.187661 0.209867 0.183513
4175000 0.194358 0.209934 0.18737 0.0 0.0 0.0 0.191777 0.207099 0.189973 0.196556 0.211917 0.185158
4175000 0.192016 0.208128 0.19433 0.00343659 0.0132384 0.0326699 0.191777 0.207099 0.189973 0.19219 0.208876 0.197494
4175000 0.195586 0.206073 0.192314 0.0 0.0 0.0 0.191777 0.207099 0.189973 0.200099 0.204344 0.195103
4175000 0.188506 0.205628 0.193027 0.0 0.0 0.0 0.191777 0.207099 0.189973 0.184841 0.203482 0.196454
4175000 0.196799 0.212702 0.18903 0.0 0.0 0.0 0.197052 0.213061 0.193193 0.196556 0.211917 0.185158
4175000 0.189302 0.210252 0.195649 0.0 0.0 0.0 0.186391 0.211192 0.193795 0.19219 0.208876 0.197494
4175000 0.194338 0.21095 0.195592 0.0 0.0 0.0 0.19219 0.208876 0.197494 0.197052 0.213061 0.193193
4175000 0.195189 0.207378 0.196584 0.0 0.0 0.0 0.19219 0.208876 0.197494 0.200099 0.204344 0.195103
4175000 0.189293 0.206977 0.197083 0.0 0.0 0.0 0.19219 0.208876 0.197494 0.184841 0.203482 0.196454
4175000 0.193883 0.207351 0.199819 0.0374286 -0.0369539 0.0392159 0.19219 0.208876 0.197494 0.195473 0.205918 0.202003
4175000 0.190459 0.20928 0.200222 -0.0231846 -0.00075831 0.0316264 0.19219 0.208876 0.197494 0.186963 0.210097 0.205732
4175000 0.194188 0.211 0.199343 0.0 0.0 0.0 0.19219 0.208876 0.197494 0.197122 0.213564 0.202054
4175000 0.197164 0.205575 0.199484 0.0 0.0 0.0 0.195473 0.205918 0.202003 0.200099 0.204344 0.195103
4175000 0.19564 0.216052 0.183632 0.0 0.0 0.0 0.194478 0.220751 0.181715 0.196556 0.211917 0.185158
4175000 0.190821 0.211655 0.189199 0.0 0.0 0.0 0.191777 0.207099 0.189973 0.189821 0.215899 0.188405
4175000 0.191181 0.212566 0.197524 0.0 0.0 0.0 0.19219 0.208876 0.197494 0.189757 0.217267 0.197568
4175000 0.193664 0.214625 0.190946 0.0 0.0 0.0 0.197052 0.213061 0.193193 0.189821 0.215899 0.188405
4175000 0.193621 0.21527 0.195254 0.0 0.0 0.0 0.197052 0.213061 0.193193 0.189757 0.217267 0.197568
4175000 0.201016 0.199141 0.197408 0.0 0.0 0.0 0.200099 0.204344 0.195103 0.201799 0.194274 0.199376
4175000 0.205152 0.206029 0.19396 0.0 0.0 0.0 0.208317 0.206711 0.193245 0.200099 0.204344 0.195103
4175000 0.202841 0.207535 0.198604 0.0 0.0 0.0 0.200099 0.204344 0.195103 0.204915 0.209547 0.201259
4175000 0.200975 0.203343 0.200369 0.0 0.0 0.0 0.200099 0.204344 0.195103 0.201845 0.201878 0.205628
4175000 0.198782 0.213803 0.182005 0.0 0.0 0.0 0.201372 0.215497 0.178336 0.196556 0.211917 0.185158
4175000 0.200685 0.214634 0.195406 0.0 0.0 0.0 0.197052 0.213061 0.193193 0.203584 0.21548 0.19718
4175000 0.190694 0.208709 0.211273 0.0 0.0 0.0 0.193324 0.207338 0.215177 0.186963 0.210097 0.205732
4175000 0.196497 0.2102 0.205598 0.0 0.0 0.0 0.196084 0.207606 0.207924 0.197122 0.213564 0.202054
4175000 0.192774 0.207476 0.203187 0.0 0.0 0.0 0.186963 0.210097 0.205732 0.195473 0.205918 0.202003
4175000 0.194285 0.20411 0.204685 0.0 0.0 0.0 0.195473 0.205918 0.202003 0.192497 0.200813 0.208712
4175000 0.192851 0.212106 0.2036 2.82494 0.667848 -0.59372 0.186963 0.210097 0.205732 0.197122 0.213564 0.202054
4175000 0.190222 0.204862 0.207487 0.0 0.0 0.0 0.186963 0.210097 0.205732 0.192497 0.200813 0.208712
4175000 0.19527 0.20065 0.212407 0.0 0.0 0.0 0.192497 0.200813 0.208712 0.197535 0.200093 0.215427
4175000 0.196881 0.20923 0.218648 0.0 0.0 0.0 0.193324 0.207338 0.215177 0.199495 0.210221 0.221201
4175000 0.196694 0.201855 0.218939 0.0 0.0 0.0 0.195664 0.203495 0.223238 0.197535 0.200093 0.215427
4175000 0.188605 0.214537 0.200937 0.0 0.0 0.0 0.186963 0.210097 0.205732 0.189757 0.217267 0.197568
4175000 0.19533 0.217569 0.208839 0.0 0.0 0.0 0.198955 0.214222 0.211585 0.191838 0.220342 0.206193
4175000 0.194463 0.215673 0.213523 0.0 0.0 0.0 0.198955 0.214222 0.211585 0.18927 0.216855 0.215758
4175000 0.203317 0.211943 0.210971 0.126756 -0.0858821 -0.0020182 0.198955 0.214222 0.211585 0.208222 0.209379 0.210282
4175000 0.198526 0.206474 0.216161 0.0 0.0 0.0 0.193324 0.207338 0.215177 0.202901 0.20532 0.21699
4175000 0.200951 0.214927 0.199166 0.0 0.0 0.0 0.197122 0.213564 0.202054 0.203584 0.21548 0.19718
4175000 0.202196 0.216148 0.208096 0.0 0.0 0.0 0.198955 0.214222 0.211585 0.205244 0.217517 0.204805
4175000 0.199581 0.204716 0.219857 0.0 0.0 0.0 0.202901 0.20532 0.21699 0.195664 0.203495 0.223238
4175000 0.19514 0.2178 0.218249 0.0 0.0 0.0 0.199835 0.218143 0.220236 0.18927 0.216855 0.215758
4175000 0.206019 0.201006 0.185723 0.0 0.0 0.0 0.205322 0.202986 0.188404 0.207454 0.196186 0.180189
4175000 0.209233 0.199401 0.205998 0.0 0.0 0.0 0.210238 0.202542 0.20532 0.20785 0.194547 0.206928
4175000 0.207213 0.203718 0.212139 0.0 0.0 0.0 0.208222 0.209379 0.210282 0.206492 0.199318 0.213453
4175000 0.207286 0.209112 0.184786 0.0 0.0 0.0 0.208018 0.205916 0.183069 0.205923 0.214379 0.187985
4175000 0.211346 0.212098 0.184738 0.0 0.0 0.0 0.205923 0.214379 0.187985 0.215334 0.210018 0.182355
4175000 0.207346 0.21269 0.182184 0.0 0.0 0.0 0.205923 0.214379 0.187985 0.208126 0.211396 0.178982
4175000 0.213552 0.213096 0.193326 0.0 0.0 0.0 0.215494 0.21278 0.190181 0.211265 0.212969 0.197027
4175000 0.209604 0.209665 0.194888 0.0 0.0 0.0 0.208317 0.206711 0.193245 0.211265 0.212969 0.197027
4175000 0.20681 0.205066 0.190801 0.0 0.0 0.0 0.208317 0.206711 0.193245 0.205322 0.202986 0.188404
4175000 0.212985 0.206805 0.198259 0.0 0.0 0.0 0.21427 0.20644 0.195477 0.211661 0.206716 0.201051
4175000 0.211517 0.209512 0.199393 0.0 0.0 0.0 0.211265 0.212969 0.197027 0.211661 0.206716 0.201051
4175000 0.214297 0.216597 0.191734 0.0 0.0 0.0 0.215494 0.21278 0.190181 0.213007 0.220212 0.193406
4175000 0.21027 0.218183 0.191304 0.0 0.0 0.0 0.205923 0.214379 0.187985 0.213007 0.220212 0.193406
4175000 0.2069 0.214625 0.19711 0.0 0.0 0.0 0.203584 0.21548 0.19718 0.211265 0.212969 0.197027
4175000 0.213501 0.201199 0.199052 0.0 0.0 0.0 0.218065 0.201716 0.200096 0.208793 0.200188 0.197979
4175000 0.214431 0.212313 0.200093 0.0 0.0 0.0 0.218369 0.210968 0.203932 0.211265 0.212969 0.197027
4175000 0.215413 0.214754 0.196513 0.0 0.0 0.0 0.219162 0.215933 0.196057 0.211265 0.212969 0.197027
4175000 0.208789 0.208156 0.20114 0.0 0.0 0.0 0.211661 0.206716 0.201051 0.204915 0.209547 0.201259
4175000 0.210959 0.204657 0.203156 0.000386299 0.0035025 -0.00331982 0.210238 0.202542 0.20532 0.211661 0.206716 0.201051
4175000 0.207388 0.214884 0.212466 0.0 0.0 0.0 0.208222 0.209379 0.210282 0.206713 0.21887 0.214208
4175000 0.205071 0.21347 0.202903 0.0 0.0 0.0 0.205244 0.217517 0.204805 0.204915 0.209547 0.201259
4175000 0.214224 0.20496 0.20067 0.0 0.0 0.0 0.218065 0.201716 0.200096 0.211661 0.206716 0.201051
4175000 0.213381 0.21042 0.207063 0.0 0.0 0.0 0.208222 0.209379 0.210282 0.218369 0.210968 0.203932
4175000 0.206131 0.204279 0.218823 0.0 0.0 0.0 0.202901 0.20532 0.21699 0.210716 0.202234 0.221432
4175000 0.207062 0.215752 0.217141 0.0 0.0 0.0 0.206713 0.21887 0.214208 0.207432 0.211939 0.220271
4175000 0.204273 0.216549 0.200325 0.0 0.0 0.0 0.205244 0.217517 0.204805 0.203584 0.21548 0.19718
4175000 0.216101 0.218294 0.194731 0.0 0.0 0.0 0.219162 0.215933 0.196057 0.213007 0.220212 0.193406
4175000 0.205999 0.218441 0.209619 0.0 0.0 0.0 0.206713 0.21887 0.214208 0.205244 0.217517 0.204805
4175000 0.216139 0.21597 0.20262 0.0 0.0 0.0 0.214399 0.219418 0.20161 0.218369 0.210968 0.203932
4175000 0.217504 0.200735 0.20476 0.0 0.0 0.0 0.218065 0.201716 0.200096 0.216697 0.198778 0.211345
