# ts x y z Fx Fy Fz x1 y1 z1 x2 y2 z2
5100000 0.182216 0.178824 0.198372 -18.0589 12.9325 6.88122 0.186092 0.175411 0.197456 0.177708 0.182796 0.199437
5100000 0.18342 0.19473 0.197066 -13.7372 7.20694 7.15814 0.187199 0.192609 0.195839 0.18065 0.196284 0.197965
5100000 0.188974 0.201016 0.198045 -10.7225 6.96111 -6.43275 0.192887 0.198849 0.199534 0.184813 0.203322 0.196462
5100000 0.198177 0.188046 0.18326 -4.21412 -9.82427 -10.4459 0.199527 0.190986 0.185553 0.19704 0.18557 0.181331
5100000 0.194095 0.179949 0.190223 -1.49392 -1.90259 1.38663 0.195684 0.182943 0.18807 0.192714 0.177347 0.192095
5100000 0.185939 0.180709 0.191126 5.52037 30.3416 16.5295 0.185731 0.177984 0.189158 0.186204 0.18417 0.193626
5100000 0.192946 0.185757 0.187228 -4.5279 3.41864 -1.5605 0.195684 0.182943 0.18807 0.189212 0.189593 0.186081
5100000 0.198008 0.184114 0.191129 1.10496 0.830631 2.07653 0.195684 0.182943 0.18807 0.200898 0.18557 0.194933
5100000 0.188239 0.181462 0.21418 12.5757 8.01952 10.1921 0.185324 0.178961 0.2121 0.191793 0.184511 0.216716
5100000 0.197731 0.19203 0.188932 -2.77603 2.97389 7.68878 0.199527 0.190986 0.185553 0.195685 0.193218 0.192779
5100000 0.192439 0.195959 0.191253 -23.575 17.0471 -6.00353 0.195685 0.193218 0.192779 0.189419 0.198509 0.189834
5100000 0.196671 0.19629 0.18962 -2.33902 -13.9031 10.9185 0.197729 0.199584 0.186231 0.195685 0.193218 0.192779
5100000 0.194316 0.195973 0.196084 9.5646 -12.1502 -19.789 0.192887 0.198849 0.199534 0.195685 0.193218 0.192779
5100000 0.192671 0.19976 0.204155 1.3441 3.03859 12.3106 0.192887 0.198849 0.199534 0.192461 0.200646 0.208652
5100000 0.198161 0.189586 0.193802 -32.6926 35.9087 -15.6477 0.200898 0.18557 0.194933 0.195685 0.193218 0.192779
5100000 0.202445 0.192826 0.183594 5.2745 3.18343 -4.92287 0.199527 0.190986 0.185553 0.207436 0.195973 0.180245
5100000 0.20304 0.190205 0.187221 4.09389 -0.476319 1.30944 0.199527 0.190986 0.185553 0.206741 0.189381 0.188977
5100000 0.199153 0.202926 0.18303 5.28128 12.0711 -15.9642 0.197729 0.199584 0.186231 0.200558 0.206221 0.179874
5100000 0.189168 0.197666 0.209804 13.961 8.98047 -4.38934 0.186277 0.19505 0.210815 0.192461 0.200646 0.208652
5100000 0.199605 0.190579 0.216476 -1.99502 -2.42573 4.55485 0.200634 0.192582 0.212251 0.198847 0.189105 0.219585
5100000 0.20074 0.181174 0.192571 -0.223902 -6.79215 -5.18207 0.200898 0.18557 0.194933 0.200631 0.17815 0.190946
5100000 0.210177 0.183972 0.192332 6.2064 9.30234 4.40666 0.20764 0.181174 0.19047 0.212641 0.186689 0.19414
5100000 0.202031 0.182845 0.198961 3.12524 -4.11091 6.54296 0.200898 0.18557 0.194933 0.202902 0.180751 0.202057
5100000 0.204287 0.186617 0.198446 10.8594 5.99572 14.2759 0.200898 0.18557 0.194933 0.207052 0.187471 0.201311
5100000 0.211154 0.190498 0.194096 2.53708 -10.7593 0.940621 0.210037 0.193361 0.194063 0.212641 0.186689 0.19414
5100000 0.214205 0.189256 0.191367 -6.6518 -6.94264 9.04545 0.216065 0.192306 0.188071 0.212641 0.186689 0.19414
5100000 0.205796 0.18049 0.204565 -3.02978 0.0749489 -3.54798 0.20888 0.180212 0.207237 0.202902 0.180751 0.202057
5100000 0.206735 0.187244 0.205364 1.29738 2.24254 -10.5412 0.206479 0.18706 0.208652 0.207052 0.187471 0.201311
5100000 0.208077 0.185446 0.211047 6.94152 -6.42361 13.7459 0.206479 0.18706 0.208652 0.209532 0.183976 0.213228
5100000 0.204107 0.185438 0.210279 -7.40004 -4.15282 6.52867 0.206479 0.18706 0.208652 0.200767 0.183154 0.21257
5100000 0.210636 0.189401 0.20141 -14.6027 -5.79063 1.31793 0.215375 0.191952 0.20154 0.207052 0.187471 0.201311
5100000 0.207031 0.190227 0.2079 4.15839 17.0979 -1.49887 0.206479 0.18706 0.208652 0.207742 0.19431 0.206931
5100000 0.205231 0.196968 0.198665 -5.64347 -3.91615 0.226768 0.208779 0.200019 0.19794 0.201838 0.194051 0.199358
5100000 0.20864 0.191674 0.191907 -6.15997 -5.98221 -6.41365 0.210037 0.193361 0.194063 0.206741 0.189381 0.188977
5100000 0.212571 0.19508 0.194331 4.13013 3.62433 1.04282 0.210037 0.193361 0.194063 0.215121 0.196809 0.194601
5100000 0.209542 0.195982 0.195589 -4.03812 11.927 9.11632 0.210037 0.193361 0.194063 0.208779 0.200019 0.19794
5100000 0.21803 0.195785 0.194813 -7.0522 1.33119 -0.162829 0.221904 0.194421 0.195097 0.215121 0.196809 0.194601
5100000 0.211112 0.193269 0.204551 -20.0511 5.34984 19.309 0.215375 0.191952 0.20154 0.207742 0.19431 0.206931
5100000 0.217297 0.188071 0.204736 -9.73691 25.0171 -26.527 0.219018 0.184597 0.207597 0.215375 0.191952 0.20154
5100000 0.207079 0.193218 0.218541 24.6917 -12.9844 -6.94312 0.203929 0.195331 0.219994 0.210771 0.190743 0.216838
5100000 0.207068 0.196822 0.210301 0.919523 -4.70347 -8.70572 0.206444 0.199148 0.213421 0.207742 0.19431 0.206931
5100000 0.205205 0.197268 0.216657 1.80511 1.6641 -3.08533 0.203929 0.195331 0.219994 0.206444 0.199148 0.213421
5100000 0.203772 0.1838 0.21606 0.700484 0.318037 0.772626 0.200767 0.183154 0.21257 0.206003 0.184279 0.218652
5100000 0.194603 0.192398 0.206838 13.907 12.1967 -6.27387 0.192052 0.189591 0.208653 0.196665 0.194667 0.205371
5100000 0.189102 0.192379 0.209757 -4.86402 6.18234 2.78409 0.192052 0.189591 0.208653 0.186277 0.19505 0.210815
5100000 0.208833 0.187246 0.186058 -1.22308 1.38647 2.47143 0.211539 0.184483 0.182281 0.206741 0.189381 0.188977
5100000 0.191938 0.187349 0.212211 1.3988 -5.92107 11.3753 0.192052 0.189591 0.208653 0.191793 0.184511 0.216716
5100000 0.199146 0.181161 0.196483 -6.27281 -24.5583 11.3213 0.200898 0.18557 0.194933 0.198012 0.178308 0.197486
5100000 0.195645 0.181558 0.218912 -4.06993 2.88247 -3.26766 0.199175 0.178852 0.220924 0.191793 0.184511 0.216716
5100000 0.211125 0.181361 0.204017 -2.26478 -0.969136 4.40021 0.213281 0.182465 0.200924 0.20888 0.180212 0.207237
5100000 0.181831 0.200357 0.193732 6.75838 5.08424 4.3045 0.180023 0.19856 0.192077 0.184813 0.203322 0.196462
5100000 0.198758 0.193634 0.196064 1.2361 0.380107 1.74662 0.195685 0.193218 0.192779 0.201838 0.194051 0.199358
5100000 0.219075 0.193351 0.197889 -9.80938 -6.05805 12.5749 0.221904 0.194421 0.195097 0.215375 0.191952 0.20154
5100000 0.205291 0.193064 0.190318 0.245732 -1.01718 -0.466829 0.203937 0.196504 0.191569 0.206741 0.189381 0.188977
5100000 0.215163 0.187313 0.208605 -0.00308317 0.00151227 0.000877295 0.219018 0.184597 0.207597 0.212611 0.189111 0.209272
5100000 0.210223 0.184923 0.201114 -8.20843 6.22737 2.13808 0.213281 0.182465 0.200924 0.207052 0.187471 0.201311
5100000 0.217245 0.180291 0.206352 -4.54976 -16.3377 -2.62012 0.219018 0.184597 0.207597 0.215935 0.177111 0.205433
5100000 0.211038 0.199459 0.184816 8.30614 5.24672 8.31665 0.207436 0.195973 0.180245 0.21382 0.20215 0.188346
5100000 0.210299 0.198937 0.212624 2.29771 -0.00522753 -0.849494 0.206444 0.199148 0.213421 0.216649 0.198589 0.21131
5100000 0.202965 0.195369 0.195174 -0.728486 -0.351486 1.91905 0.203937 0.196504 0.191569 0.201838 0.194051 0.199358
5100000 0.201167 0.197879 0.189187 0.86054 -0.31195 0.533896 0.197729 0.199584 0.186231 0.203937 0.196504 0.191569
5100000 0.204675 0.199911 0.189813 0.161419 1.63007 -0.5941 0.203937 0.196504 0.191569 0.205296 0.202774 0.188337
5100000 0.203779 0.179508 0.190732 -2.36911 -0.781858 -0.173425 0.20764 0.181174 0.19047 0.200631 0.17815 0.190946
5100000 0.21143 0.179322 0.183882 -0.672587 4.71136 -1.66152 0.211332 0.174673 0.185324 0.211539 0.184483 0.182281
5100000 0.212968 0.184535 0.1976 -3.44819 7.64592 -11.9672 0.213281 0.182465 0.200924 0.212641 0.186689 0.19414
5100000 0.194458 0.203048 0.200981 17.3722 33.8173 7.72952 0.192887 0.198849 0.199534 0.195476 0.20577 0.201919
5100000 0.195008 0.178956 0.182002 -8.3379 5.9348 -1.3994 0.199479 0.176749 0.182676 0.191355 0.180759 0.181451
5100000 0.196732 0.184435 0.205722 -13.4709 -11.7829 5.78869 0.199482 0.187563 0.204805 0.193617 0.180893 0.20676
5100000 0.203354 0.187516 0.203018 8.45635 0.657952 -2.60244 0.199482 0.187563 0.204805 0.207052 0.187471 0.201311
5100000 0.200025 0.189927 0.208313 -1.9367 -4.11046 -8.47876 0.200634 0.192582 0.212251 0.199482 0.187563 0.204805
5100000 0.204555 0.183185 0.192512 -13.6267 11.1083 7.01844 0.20764 0.181174 0.19047 0.200898 0.18557 0.194933
5100000 0.211873 0.189766 0.212308 0.0 0.0 -0.0 0.212611 0.189111 0.209272 0.210771 0.190743 0.216838
5100000 0.216788 0.183052 0.199252 -6.29654 -2.19768 3.51076 0.222511 0.18401 0.196525 0.213281 0.182465 0.200924
5100000 0.212315 0.183892 0.214365 6.12337 0.0670908 1.45866 0.209532 0.183976 0.213228 0.21604 0.183779 0.215886
5100000 0.182701 0.183604 0.196022 -6.21108 0.0696221 3.63696 0.186204 0.18417 0.193626 0.177708 0.182796 0.199437
5100000 0.183295 0.184714 0.200975 3.82074 0.836674 1.51524 0.177708 0.182796 0.199437 0.187428 0.186133 0.202113
5100000 0.190418 0.183602 0.204358 -6.66125 3.81708 -4.31179 0.193617 0.180893 0.20676 0.187428 0.186133 0.202113
5100000 0.192758 0.191444 0.189752 0.0 0.0 0.0 0.189212 0.189593 0.186081 0.195685 0.193218 0.192779
5100000 0.209598 0.188103 0.208967 0.00684154 0.00271996 0.00183696 0.206479 0.18706 0.208652 0.212611 0.189111 0.209272
5100000 0.189908 0.178936 0.198199 0.00509448 0.00392944 0.00181398 0.186092 0.175411 0.197456 0.19228 0.181127 0.198661
5100000 0.196421 0.184201 0.184393 0.0 0.0 0.0 0.195684 0.182943 0.18807 0.19704 0.18557 0.181331
5100000 0.187314 0.189375 0.198972 -0.529041 -4.53778 5.65008 0.187199 0.192609 0.195839 0.187428 0.186133 0.202113
5100000 0.194754 0.178763 0.210945 -1.70296 1.66269 -3.88662 0.195526 0.177316 0.213787 0.193617 0.180893 0.20676
5100000 0.189822 0.187923 0.205498 -1.68913 -2.02769 -2.8477 0.192052 0.189591 0.208653 0.187428 0.186133 0.202113
5100000 0.210362 0.204063 0.19983 0.765484 1.28917 0.761682 0.208779 0.200019 0.19794 0.211374 0.206648 0.201038
5100000 0.196585 0.183786 0.214502 -3.36501 1.11625 1.79859 0.200767 0.183154 0.21257 0.191793 0.184511 0.216716
5100000 0.1868 0.185125 0.197756 -0.0544197 0.827491 3.17748 0.186204 0.18417 0.193626 0.187428 0.186133 0.202113
5100000 0.196252 0.201373 0.197401 0.539854 0.277946 -0.273506 0.192887 0.198849 0.199534 0.200047 0.204221 0.194994
5100000 0.202416 0.194069 0.216439 0.93837 1.54527 3.29955 0.200634 0.192582 0.212251 0.203929 0.195331 0.219994
5100000 0.21909 0.178593 0.196289 -9.33372 -12.9705 1.76293 0.222511 0.18401 0.196525 0.215493 0.172898 0.196041
5100000 0.184087 0.188801 0.203565 1.62176 -1.77738 -0.682289 0.180566 0.191612 0.205094 0.187428 0.186133 0.202113
5100000 0.216485 0.185646 0.195069 -8.27862 1.09703 -1.17353 0.222511 0.18401 0.196525 0.212641 0.186689 0.19414
5100000 0.194049 0.201916 0.184114 -4.45474 3.22434 -3.77725 0.197729 0.199584 0.186231 0.191291 0.203665 0.182527
5100000 0.200911 0.179009 0.210471 0.826695 -21.7717 -15.7928 0.200767 0.183154 0.21257 0.20107 0.174438 0.208155
5100000 0.215213 0.195037 0.197132 -3.07888 9.10131 -13.362 0.215375 0.191952 0.20154 0.215121 0.196809 0.194601
5100000 0.186602 0.201373 0.188604 -6.77029 9.32866 -4.46206 0.189419 0.198509 0.189834 0.183811 0.204209 0.187386
5100000 0.194492 0.183414 0.181384 12.1141 7.725 0.977509 0.191355 0.180759 0.181451 0.19704 0.18557 0.181331
5100000 0.214673 0.179657 0.203289 6.50094 -11.3637 13.4451 0.213281 0.182465 0.200924 0.215935 0.177111 0.205433
5100000 0.200625 0.19071 0.202163 1.35934 7.06864 -4.66603 0.199482 0.187563 0.204805 0.201838 0.194051 0.199358
5100000 0.201511 0.18121 0.183814 1.98907 3.11362 1.18303 0.199479 0.176749 0.182676 0.202929 0.184325 0.184608
5100000 0.193327 0.188531 0.197982 0.000262879 0.0013003 0.00235596 0.192892 0.186649 0.195549 0.193802 0.190588 0.200643
5100000 0.185037 0.183286 0.211544 -6.61998e-05 0.00251796 -0.000727356 0.185324 0.178961 0.2121 0.184788 0.187028 0.211064
5100000 0.191066 0.188676 0.201274 0.000280741 0.000140522 -8.24367e-05 0.187428 0.186133 0.202113 0.193802 0.190588 0.200643
5100000 0.187894 0.190531 0.203031 -6.28652e-05 0.00201317 0.000245207 0.187428 0.186133 0.202113 0.188234 0.193739 0.203701
5100000 0.189911 0.191917 0.205875 -0.00150672 0.00145916 -0.00250791 0.192052 0.189591 0.208653 0.188234 0.193739 0.203701
5100000 0.192327 0.191678 0.212297 0.0 -0.0 0.0 0.192052 0.189591 0.208653 0.192561 0.193448 0.215389
5100000 0.194513 0.194516 0.218182 0.0 0.0 -0.0 0.196428 0.195564 0.220922 0.192561 0.193448 0.215389
5100000 0.196965 0.197681 0.218185 2.19274 4.09317 -6.65365 0.196428 0.195564 0.220922 0.197541 0.19995 0.215252
5100000 0.1989 0.196712 0.213933 -12.3654 27.9937 17.4037 0.200634 0.192582 0.212251 0.197541 0.19995 0.215252
5100000 0.202798 0.185822 0.181493 0.0 0.0 0.0 0.202929 0.184325 0.184608 0.202681 0.187392 0.178699
5100000 0.204671 0.186635 0.186604 2.22481 2.11983 2.56111 0.202929 0.184325 0.184608 0.206741 0.189381 0.188977
5100000 0.207912 0.180072 0.194526 0.277742 -0.368328 3.42838 0.20764 0.181174 0.19047 0.208109 0.179271 0.197474
5100000 0.210374 0.18067 0.198985 3.30149 1.31384 1.83192 0.208109 0.179271 0.197474 0.213281 0.182465 0.200924
5100000 0.183658 0.193473 0.208192 5.39821 5.036 6.28474 0.180566 0.191612 0.205094 0.186277 0.19505 0.210815
5100000 0.198717 0.194858 0.185858 0.611341 -7.41322 -1.33448 0.197729 0.199584 0.186231 0.199527 0.190986 0.185553
5100000 0.188348 0.195662 0.192732 2.09873 8.3408 -6.24928 0.187199 0.192609 0.195839 0.189419 0.198509 0.189834
5100000 0.19991 0.184964 0.182928 -2.56782 1.01982 -1.33362 0.202929 0.184325 0.184608 0.19704 0.18557 0.181331
5100000 0.213258 0.194063 0.214499 6.7428 6.27062 -5.66987 0.210771 0.190743 0.216838 0.216649 0.198589 0.21131
5100000 0.186688 0.188282 0.194704 -3.28715 -32.294 -3.15537 0.187199 0.192609 0.195839 0.186204 0.18417 0.193626
5100000 0.183335 0.191566 0.193767 -0.00193224 -0.000284916 -0.000736431 0.187199 0.192609 0.195839 0.179211 0.190452 0.191557
5100000 0.182303 0.199079 0.197368 10.2342 16.1663 -6.71868 0.18065 0.196284 0.197965 0.184813 0.203322 0.196462
5100000 0.185893 0.197385 0.187848 15.7238 4.46398 12.3942 0.18259 0.196332 0.185989 0.189419 0.198509 0.189834
5100000 0.195082 0.196419 0.202926 7.24412 -5.02898 9.53631 0.192887 0.198849 0.199534 0.196665 0.194667 0.205371
5100000 0.189978 0.195658 0.197644 16.2705 17.6099 15.404 0.187199 0.192609 0.195839 0.192887 0.198849 0.199534
5100000 0.207006 0.191894 0.185649 0.161338 -3.57294 6.34373 0.207436 0.195973 0.180245 0.206741 0.189381 0.188977
5100000 0.209496 0.181155 0.214269 2.58354 -16.445 6.01705 0.209532 0.183976 0.213228 0.209415 0.1749 0.216579
5100000 0.204079 0.187645 0.191691 2.79142 1.35315 -3.44004 0.200898 0.18557 0.194933 0.206741 0.189381 0.188977
5100000 0.214984 0.197045 0.188203 -1.67309 4.37247 -0.211957 0.216065 0.192306 0.188071 0.21382 0.20215 0.188346
5100000 0.204397 0.193496 0.209435 8.50058 2.18423 -4.46306 0.200634 0.192582 0.212251 0.207742 0.19431 0.206931
5100000 0.19008 0.185607 0.19474 -0.00606778 -0.00151991 -0.000921909 0.192892 0.186649 0.195549 0.186204 0.18417 0.193626
5100000 0.195962 0.186236 0.195313 0.00859361 9.68989e-06 6.18195e-05 0.192892 0.186649 0.195549 0.200898 0.18557 0.194933
5100000 0.19632 0.189247 0.202488 -0.00487572 0.00151212 -0.00345455 0.199482 0.187563 0.204805 0.193802 0.190588 0.200643
5100000 0.206322 0.184387 0.183691 -2.06578 0.23853 0.781195 0.211539 0.184483 0.182281 0.202929 0.184325 0.184608
5100000 0.197915 0.191516 0.20512 -5.20609 13.0929 3.33842 0.199482 0.187563 0.204805 0.196665 0.194667 0.205371
5100000 0.210012 0.186595 0.214625 2.86035 7.59093 4.38093 0.209532 0.183976 0.213228 0.210771 0.190743 0.216838
5100000 0.19278 0.185542 0.207772 3.61604 -10.3138 -2.0157 0.192052 0.189591 0.208653 0.193617 0.180893 0.20676
5100000 0.19999 0.181055 0.216645 1.81021 3.60078 -11.0382 0.199175 0.178852 0.220924 0.200767 0.183154 0.21257
5100000 0.189329 0.194638 0.188204 -0.45017 7.79294 4.67565 0.189212 0.189593 0.186081 0.189419 0.198509 0.189834
5100000 0.201282 0.183977 0.203359 6.0892 -8.70526 -2.91799 0.199482 0.187563 0.204805 0.202902 0.180751 0.202057
5100000 0.207551 0.184 0.208019 1.511 -3.00648 -0.329203 0.206479 0.18706 0.208652 0.20888 0.180212 0.207237
5100000 0.200702 0.187799 0.212413 -3.62293 -27.4468 2.72522 0.200634 0.192582 0.212251 0.200767 0.183154 0.21257
5100000 0.195159 0.179711 0.198071 0.0 0.0 -0.0 0.19228 0.181127 0.198661 0.198012 0.178308 0.197486
5100000 0.207188 0.185294 0.189721 -1.39712 6.17128 -1.90731 0.20764 0.181174 0.19047 0.206741 0.189381 0.188977
5100000 0.218632 0.188327 0.199251 -6.27417 5.83262 5.57665 0.222511 0.18401 0.196525 0.215375 0.191952 0.20154
5100000 0.197369 0.180194 0.185675 1.42187 -3.22176 -3.34663 0.195684 0.182943 0.18807 0.199479 0.176749 0.182676
5100000 0.192593 0.183956 0.197067 -0.000373112 -0.00214281 0.00169025 0.192892 0.186649 0.195549 0.19228 0.181127 0.198661
5100000 0.190245 0.183226 0.200109 -0.00169734 0.00141701 0.000768246 0.19228 0.181127 0.198661 0.187428 0.186133 0.202113
5100000 0.215952 0.194961 0.205969 -0.160884 -0.403601 -0.835014 0.216649 0.198589 0.21131 0.215375 0.191952 0.20154
5100000 0.18252 0.182643 0.19132 0.0 0.0 0.0 0.186204 0.18417 0.193626 0.178543 0.18145 0.188832
5100000 0.180618 0.194155 0.200885 0.0 0.0 0.0 0.180566 0.191612 0.205094 0.18065 0.196284 0.197965
5100000 0.182913 0.186911 0.192648 0.0 0.0 0.0 0.186204 0.18417 0.193626 0.179211 0.190452 0.191557
5100000 0.18389 0.189832 0.188996 0.0 0.0 0.0 0.189212 0.189593 0.186081 0.179211 0.190452 0.191557
5100000 0.182921 0.188831 0.208422 0.0 0.0 0.0 0.180566 0.191612 0.205094 0.184788 0.187028 0.211064
5100000 0.187695 0.185755 0.213409 0.0 0.0 0.0 0.191793 0.184511 0.216716 0.184788 0.187028 0.211064
5100000 0.185993 0.186394 0.206986 0.0 0.0 0.0 0.187428 0.186133 0.202113 0.184788 0.187028 0.211064
5100000 0.188229 0.188014 0.209923 0.0 0.0 0.0 0.192052 0.189591 0.208653 0.184788 0.187028 0.211064
5100000 0.185512 0.190684 0.210944 0.0 0.0 0.0 0.186277 0.19505 0.210815 0.184788 0.187028 0.211064
5100000 0.185102 0.192651 0.204269 0.0 0.0 0.0 0.180566 0.191612 0.205094 0.188234 0.193739 0.203701
5100000 0.193543 0.181642 0.184802 0.0 0.0 0.0 0.195684 0.182943 0.18807 0.191355 0.180759 0.181451
5100000 0.198013 0.181832 0.181873 0.0 0.0 0.0 0.199479 0.176749 0.182676 0.19704 0.18557 0.181331
5100000 0.190436 0.184328 0.183441 0.0 0.0 0.0 0.189212 0.189593 0.186081 0.191355 0.180759 0.181451
5100000 0.186155 0.180016 0.195348 0.0 0.0 0.0 0.186204 0.18417 0.193626 0.186092 0.175411 0.197456
5100000 0.19249 0.179081 0.195486 0.0 0.0 0.0 0.192714 0.177347 0.192095 0.19228 0.181127 0.198661
5100000 0.189652 0.182227 0.196479 0.0 0.0 0.0 0.186204 0.18417 0.193626 0.19228 0.181127 0.198661
5100000 0.192818 0.180814 0.20192 0.0 0.0 0.0 0.19228 0.181127 0.198661 0.193617 0.180893 0.20676
5100000 0.197613 0.186772 0.186804 0.0 0.0 0.0 0.195684 0.182943 0.18807 0.199527 0.190986 0.185553
5100000 0.187523 0.186336 0.190315 0.0 0.0 0.0 0.186204 0.18417 0.193626 0.189212 0.189593 0.186081
5100000 0.199544 0.183461 0.186226 0.0 0.0 0.0 0.195684 0.182943 0.18807 0.202929 0.184325 0.184608
5100000 0.198346 0.180138 0.189625 0.0 0.0 0.0 0.195684 0.182943 0.18807 0.200631 0.17815 0.190946
5100000 0.200241 0.179204 0.199574 0.0 0.0 0.0 0.202902 0.180751 0.202057 0.198012 0.178308 0.197486
5100000 0.189262 0.179651 0.209565 0.0 0.0 0.0 0.185324 0.178961 0.2121 0.193617 0.180893 0.20676
5100000 0.194097 0.179834 0.2149 0.0 0.0 0.0 0.195526 0.177316 0.213787 0.191793 0.184511 0.216716
5100000 0.192748 0.182391 0.211492 0.0 0.0 0.0 0.191793 0.184511 0.216716 0.193617 0.180893 0.20676
5100000 0.197688 0.179509 0.213281 0.0 0.0 0.0 0.195526 0.177316 0.213787 0.200767 0.183154 0.21257
5100000 0.197259 0.181826 0.209718 0.0 0.0 0.0 0.200767 0.183154 0.21257 0.193617 0.180893 0.20676
5100000 0.192254 0.189643 0.215917 0.0 0.0 0.0 0.191793 0.184511 0.216716 0.192561 0.193448 0.215389
5100000 0.196036 0.187058 0.218441 0.0 0.0 0.0 0.191793 0.184511 0.216716 0.198847 0.189105 0.219585
5100000 0.203173 0.181808 0.219589 0.0 0.0 0.0 0.199175 0.178852 0.220924 0.206003 0.184279 0.218652
5100000 0.194072 0.186878 0.183135 0.0 0.0 0.0 0.189212 0.189593 0.186081 0.19704 0.18557 0.181331
5100000 0.198278 0.19106 0.181493 0.0 0.0 0.0 0.199527 0.190986 0.185553 0.197155 0.19154 0.177826
5100000 0.197823 0.198615 0.18142 0.0 0.0 0.0 0.197889 0.198327 0.178187 0.197729 0.199584 0.186231
5100000 0.190567 0.188871 0.195672 0.0 0.0 0.0 0.192892 0.186649 0.195549 0.187199 0.192609 0.195839
5100000 0.194027 0.189115 0.194425 0.0 0.0 0.0 0.192892 0.186649 0.195549 0.195685 0.193218 0.192779
5100000 0.19519 0.190187 0.185776 0.0 0.0 0.0 0.199527 0.190986 0.185553 0.189212 0.189593 0.186081
5100000 0.188107 0.191033 0.191435 0.0 0.0 0.0 0.187199 0.192609 0.195839 0.189212 0.189593 0.186081
5100000 0.191436 0.192699 0.194311 0.0 0.0 0.0 0.187199 0.192609 0.195839 0.195685 0.193218 0.192779
5100000 0.191053 0.198457 0.194404 0.0 0.0 0.0 0.192887 0.198849 0.199534 0.189419 0.198509 0.189834
5100000 0.193278 0.198795 0.188161 0.0 0.0 0.0 0.197729 0.199584 0.186231 0.189419 0.198509 0.189834
5100000 0.190664 0.186227 0.198227 0.0 0.0 0.0 0.192892 0.186649 0.195549 0.187428 0.186133 0.202113
5100000 0.190962 0.191248 0.198581 0.0 0.0 0.0 0.187199 0.192609 0.195839 0.193802 0.190588 0.200643
5100000 0.187801 0.193046 0.20038 0.0 0.0 0.0 0.187199 0.192609 0.195839 0.188234 0.193739 0.203701
5100000 0.194607 0.191508 0.19727 0.0 0.0 0.0 0.195685 0.193218 0.192779 0.193802 0.190588 0.200643
5100000 0.193416 0.19384 0.20018 0.0 0.0 0.0 0.192887 0.198849 0.199534 0.193802 0.190588 0.200643
5100000 0.190151 0.195626 0.201985 0.0 0.0 0.0 0.192887 0.198849 0.199534 0.188234 0.193739 0.203701
5100000 0.19042 0.201062 0.185917 0.0 0.0 0.0 0.189419 0.198509 0.189834 0.191291 0.203665 0.182527
5100000 0.186069 0.197467 0.196134 0.0 0.0 0.0 0.187199 0.192609 0.195839 0.184813 0.203322 0.196462
5100000 0.187318 0.200492 0.192857 0.0 0.0 0.0 0.189419 0.198509 0.189834 0.184813 0.203322 0.196462
5100000 0.194579 0.203166 0.188171 0.0 0.0 0.0 0.197729 0.199584 0.186231 0.191674 0.206889 0.189962
5100000 0.198828 0.201585 0.190405 0.0 0.0 0.0 0.197729 0.199584 0.186231 0.200047 0.204221 0.194994
5100000 0.201328 0.187238 0.185054 0.0 0.0 0.0 0.199527 0.190986 0.185553 0.202929 0.184325 0.184608
5100000 0.201284 0.188765 0.181733 0.0 0.0 0.0 0.199527 0.190986 0.185553 0.202681 0.187392 0.178699
5100000 0.201771 0.197866 0.18374 0.0 0.0 0.0 0.197729 0.199584 0.186231 0.207436 0.195973 0.180245
5100000 0.201746 0.193553 0.188586 0.0 0.0 0.0 0.203937 0.196504 0.191569 0.199527 0.190986 0.185553
5100000 0.200109 0.194766 0.19213 0.0 0.0 0.0 0.203937 0.196504 0.191569 0.195685 0.193218 0.192779
5100000 0.197451 0.196187 0.199443 0.0 0.0 0.0 0.192887 0.198849 0.199534 0.201838 0.194051 0.199358
5100000 0.202237 0.20127 0.187486 0.0 0.0 0.0 0.197729 0.199584 0.186231 0.205296 0.202774 0.188337
5100000 0.197081 0.199975 0.202364 0.0 0.0 0.0 0.192887 0.198849 0.199534 0.201812 0.201692 0.205564
5100000 0.195741 0.188365 0.20674 0.0 0.0 0.0 0.192052 0.189591 0.208653 0.199482 0.187563 0.204805
5100000 0.190977 0.191976 0.202197 0.0 0.0 0.0 0.188234 0.193739 0.203701 0.193802 0.190588 0.200643
5100000 0.193021 0.189931 0.204222 0.0 0.0 0.0 0.192052 0.189591 0.208653 0.193802 0.190588 0.200643
5100000 0.19523 0.192417 0.203005 0.0 0.0 0.0 0.196665 0.194667 0.205371 0.193802 0.190588 0.200643
5100000 0.18736 0.19411 0.2069 0.0 0.0 0.0 0.186277 0.19505 0.210815 0.188234 0.193739 0.203701
5100000 0.189613 0.193982 0.213237 0.0 0.0 0.0 0.186277 0.19505 0.210815 0.192561 0.193448 0.215389
5100000 0.194986 0.196403 0.215317 0.0 0.0 0.0 0.192561 0.193448 0.215389 0.197541 0.19995 0.215252
5100000 0.186333 0.197077 0.214285 0.0 0.0 0.0 0.186277 0.19505 0.210815 0.1864 0.200559 0.219329
5100000 0.19023 0.195926 0.216878 0.0 0.0 0.0 0.192561 0.193448 0.215389 0.1864 0.200559 0.219329
5100000 0.200093 0.185236 0.208518 0.0 0.0 0.0 0.200767 0.183154 0.21257 0.199482 0.187563 0.204805
5100000 0.200127 0.186427 0.200257 0.0 0.0 0.0 0.200898 0.18557 0.194933 0.199482 0.187563 0.204805
5100000 0.197242 0.191862 0.200096 0.0 0.0 0.0 0.201838 0.194051 0.199358 0.193802 0.190588 0.200643
5100000 0.198882 0.194187 0.20279 0.0 0.0 0.0 0.201838 0.194051 0.199358 0.196665 0.194667 0.205371
5100000 0.203423 0.187063 0.206974 0.0 0.0 0.0 0.206479 0.18706 0.208652 0.199482 0.187563 0.204805
5100000 0.196065 0.190772 0.210334 0.0 0.0 0.0 0.192052 0.189591 0.208653 0.200634 0.192582 0.212251
5100000 0.198309 0.193586 0.208225 0.0 0.0 0.0 0.200634 0.192582 0.212251 0.196665 0.194667 0.205371
5100000 0.196007 0.192862 0.214046 0.0 0.0 0.0 0.200634 0.192582 0.212251 0.192561 0.193448 0.215389
5100000 0.201874 0.199346 0.214354 0.0 0.0 0.0 0.206444 0.199148 0.213421 0.197541 0.19995 0.215252
5100000 0.200604 0.197517 0.217524 0.0 0.0 0.0 0.203929 0.195331 0.219994 0.197541 0.19995 0.215252
5100000 0.199672 0.186324 0.21656 0.0 0.0 0.0 0.200767 0.183154 0.21257 0.198847 0.189105 0.219585
5100000 0.201205 0.191779 0.219774 0.0 0.0 0.0 0.203929 0.195331 0.219994 0.198847 0.189105 0.219585
5100000 0.202284 0.199559 0.193016 0.0 0.0 0.0 0.203937 0.196504 0.191569 0.200047 0.204221 0.194994
5100000 0.204659 0.201788 0.196549 0.0 0.0 0.0 0.208779 0.200019 0.19794 0.200047 0.204221 0.194994
5100000 0.209343 0.182406 0.186886 0.0 0.0 0.0 0.20764 0.181174 0.19047 0.211539 0.184483 0.182281
5100000 0.205068 0.182674 0.187278 0.0 0.0 0.0 0.20764 0.181174 0.19047 0.202929 0.184325 0.184608
5100000 0.214088 0.17872 0.199126 0.0 0.0 0.0 0.213281 0.182465 0.200924 0.215493 0.172898 0.196041
5100000 0.205789 0.179704 0.199509 0.0 0.0 0.0 0.208109 0.179271 0.197474 0.202902 0.180751 0.202057
5100000 0.20925 0.182159 0.210689 0.0 0.0 0.0 0.209532 0.183976 0.213228 0.20888 0.180212 0.207237
5100000 0.205078 0.181371 0.20973 0.0 0.0 0.0 0.200767 0.183154 0.21257 0.20888 0.180212 0.207237
5100000 0.206087 0.183432 0.212968 0.0 0.0 0.0 0.209532 0.183976 0.213228 0.200767 0.183154 0.21257
5100000 0.207887 0.183893 0.215752 0.0 0.0 0.0 0.209532 0.183976 0.213228 0.206003 0.184279 0.218652
5100000 0.204318 0.179543 0.214213 0.0 0.0 0.0 0.200767 0.183154 0.21257 0.209415 0.1749 0.216579
5100000 0.204907 0.183791 0.201696 0.0 0.0 0.0 0.207052 0.187471 0.201311 0.202902 0.180751 0.202057
5100000 0.214157 0.186246 0.201184 0.0 0.0 0.0 0.213281 0.182465 0.200924 0.215375 0.191952 0.20154
5100000 0.207956 0.183629 0.204268 0.0 0.0 0.0 0.20888 0.180212 0.207237 0.207052 0.187471 0.201311
5100000 0.211025 0.186249 0.211307 0.0 0.0 0.0 0.209532 0.183976 0.213228 0.212611 0.189111 0.209272
5100000 0.215851 0.183201 0.203919 0.0 0.0 0.0 0.219018 0.184597 0.207597 0.213281 0.182465 0.200924
5100000 0.207165 0.180856 0.217941 0.0 0.0 0.0 0.206003 0.184279 0.218652 0.209415 0.1749 0.216579
5100000 0.208005 0.186772 0.217887 0.0 0.0 0.0 0.206003 0.184279 0.218652 0.210771 0.190743 0.216838
5100000 0.205211 0.196095 0.187437 0.0 0.0 0.0 0.203937 0.196504 0.191569 0.207436 0.195973 0.180245
5100000 0.212457 0.193624 0.184809 0.0 0.0 0.0 0.216065 0.192306 0.188071 0.207436 0.195973 0.180245
5100000 0.209717 0.187804 0.191589 0.0 0.0 0.0 0.212641 0.186689 0.19414 0.206741 0.189381 0.188977
5100000 0.201386 0.1898 0.197255 0.0 0.0 0.0 0.200898 0.18557 0.194933 0.201838 0.194051 0.199358
5100000 0.207345 0.19453 0.192966 0.0 0.0 0.0 0.210037 0.193361 0.194063 0.203937 0.196504 0.191569
5100000 0.206119 0.197876 0.194447 0.0 0.0 0.0 0.203937 0.196504 0.191569 0.208779 0.200019 0.19794
5100000 0.212612 0.19786 0.19592 0.0 0.0 0.0 0.208779 0.200019 0.19794 0.215121 0.196809 0.194601
5100000 0.209834 0.186862 0.197735 0.0 0.0 0.0 0.212641 0.186689 0.19414 0.207052 0.187471 0.201311
5100000 0.213815 0.188743 0.197337 0.0 0.0 0.0 0.212641 0.186689 0.19414 0.215375 0.191952 0.20154
5100000 0.204578 0.190368 0.200387 0.0 0.0 0.0 0.201838 0.194051 0.199358 0.207052 0.187471 0.201311
5100000 0.204874 0.193968 0.20326 0.0 0.0 0.0 0.201838 0.194051 0.199358 0.207742 0.19431 0.206931
5100000 0.211973 0.192631 0.196782 0.0 0.0 0.0 0.210037 0.193361 0.194063 0.215375 0.191952 0.20154
5100000 0.211859 0.196027 0.199625 0.0 0.0 0.0 0.208779 0.200019 0.19794 0.215375 0.191952 0.20154
5100000 0.212104 0.203626 0.196446 0.0 0.0 0.0 0.208779 0.200019 0.19794 0.214237 0.206277 0.195488
5100000 0.211168 0.200818 0.193387 0.0 0.0 0.0 0.208779 0.200019 0.19794 0.21382 0.20215 0.188346
5100000 0.20549 0.200594 0.201529 0.0 0.0 0.0 0.208779 0.200019 0.19794 0.201812 0.201692 0.205564
5100000 0.211043 0.190518 0.188562 0.0 0.0 0.0 0.216065 0.192306 0.188071 0.206741 0.189381 0.188977
5100000 0.212366 0.192737 0.191744 0.0 0.0 0.0 0.210037 0.193361 0.194063 0.216065 0.192306 0.188071
5100000 0.215482 0.194842 0.192064 0.0 0.0 0.0 0.216065 0.192306 0.188071 0.215121 0.196809 0.194601
5100000 0.207381 0.190597 0.204058 0.0 0.0 0.0 0.207052 0.187471 0.201311 0.207742 0.19431 0.206931
5100000 0.204091 0.189099 0.210122 0.0 0.0 0.0 0.206479 0.18706 0.208652 0.200634 0.192582 0.212251
5100000 0.203811 0.195969 0.212889 0.0 0.0 0.0 0.200634 0.192582 0.212251 0.206444 0.199148 0.213421
5100000 0.210522 0.191124 0.208266 0.0 0.0 0.0 0.212611 0.189111 0.209272 0.207742 0.19431 0.206931
5100000 0.213638 0.189953 0.206393 0.0 0.0 0.0 0.212611 0.189111 0.209272 0.215375 0.191952 0.20154
5100000 0.208396 0.195124 0.214965 0.0 0.0 0.0 0.206444 0.199148 0.213421 0.210771 0.190743 0.216838
5100000 0.201186 0.196686 0.209078 0.0 0.0 0.0 0.200634 0.192582 0.212251 0.201812 0.201692 0.205564
5100000 0.204462 0.200019 0.210069 0.0 0.0 0.0 0.206444 0.199148 0.213421 0.201812 0.201692 0.205564
5100000 0.21394 0.192021 0.209941 0.0 0.0 0.0 0.212611 0.189111 0.209272 0.216649 0.198589 0.21131
5100000 0.211259 0.19579 0.208663 0.0 0.0 0.0 0.216649 0.198589 0.21131 0.207742 0.19431 0.206931
5100000 0.183126 0.210515 0.194013 -3.95435 -0.815906 0.844295 0.186369 0.21104 0.193838 0.179361 0.209905 0.194216
5100000 0.182773 0.20743 0.21012 -5.72862 -2.05525 5.03257 0.186944 0.209966 0.205714 0.179923 0.205697 0.21313
5100000 0.189377 0.206702 0.183063 -4.80342 6.44763 0.0788812 0.191291 0.203665 0.182527 0.187577 0.209559 0.183567
5100000 0.19051 0.202564 0.189896 -12.2053 -31.4911 3.47679 0.191674 0.206889 0.189962 0.189419 0.198509 0.189834
5100000 0.192888 0.203901 0.211858 0.683979 -11.8212 -13.9575 0.193319 0.207187 0.215095 0.192461 0.200646 0.208652
5100000 0.188502 0.212146 0.185594 -4.30709 -8.57949 -9.19896 0.18976 0.215666 0.188352 0.187577 0.209559 0.183567
5100000 0.188615 0.209283 0.192197 3.4984 -1.91226 -1.95894 0.186369 0.21104 0.193838 0.191674 0.206889 0.189962
5100000 0.194417 0.210033 0.191592 11.391 10.9499 8.8335 0.191674 0.206889 0.189962 0.196933 0.212916 0.193086
5100000 0.187765 0.213598 0.195361 9.41824 12.5807 10.3373 0.186369 0.21104 0.193838 0.189725 0.217188 0.1975
5100000 0.197003 0.213151 0.197187 -1.14138 1.03927 8.70929 0.196933 0.212916 0.193086 0.197083 0.213424 0.201949
5100000 0.193344 0.215337 0.199688 -8.4981 2.70248 -5.63769 0.197083 0.213424 0.201949 0.189725 0.217188 0.1975
5100000 0.192081 0.218057 0.185112 -3.33651 -3.48179 6.46513 0.194498 0.220546 0.18174 0.18976 0.215666 0.188352
5100000 0.197452 0.216865 0.19208 1.6384 14.1848 -6.12629 0.196933 0.212916 0.193086 0.198053 0.22145 0.190913
5100000 0.19601 0.210531 0.213351 13.1704 12.1838 -9.15918 0.193319 0.207187 0.215095 0.198889 0.214109 0.211485
5100000 0.191552 0.211459 0.215364 -31.0423 50.5759 2.64381 0.193319 0.207187 0.215095 0.189367 0.216741 0.215698
5100000 0.202971 0.216539 0.212905 13.6432 8.29707 7.69286 0.198889 0.214109 0.211485 0.206642 0.218724 0.214183
5100000 0.201291 0.211219 0.201525 13.2819 -4.70681 -0.250637 0.197083 0.213424 0.201949 0.20485 0.209355 0.201167
5100000 0.201197 0.215391 0.203347 12.3853 4.72184 2.14197 0.197083 0.213424 0.201949 0.20523 0.217319 0.204717
5100000 0.201081 0.207791 0.219224 -7.20663 8.05174 5.85077 0.202882 0.205146 0.216998 0.199507 0.210104 0.221171
5100000 0.214638 0.198792 0.192279 0.221197 -12.2879 16.3497 0.21382 0.20215 0.188346 0.215121 0.196809 0.194601
5100000 0.209639 0.201441 0.202373 -4.2243 -3.88371 -11.2934 0.210204 0.202375 0.205285 0.208779 0.200019 0.19794
5100000 0.210311 0.204322 0.185121 10.5025 -4.15559 7.6504 0.20805 0.205722 0.183043 0.21382 0.20215 0.188346
5100000 0.208494 0.203856 0.195181 -0.587841 -10.2068 9.40616 0.208293 0.206561 0.193235 0.208779 0.200019 0.19794
5100000 0.214084 0.204766 0.192874 1.69614 -8.26377 -17.2047 0.214237 0.206277 0.195488 0.21382 0.20215 0.188346
5100000 0.205104 0.197593 0.206323 19.8593 -17.9417 4.39975 0.201812 0.201692 0.205564 0.207742 0.19431 0.206931
5100000 0.203539 0.206048 0.203064 13.2365 25.431 -13.5758 0.201812 0.201692 0.205564 0.20485 0.209355 0.201167
5100000 0.209471 0.204819 0.207062 -3.15367 6.75548 6.51899 0.210204 0.202375 0.205285 0.208157 0.2092 0.21025
5100000 0.204653 0.202163 0.215219 4.71756 -6.9928 -6.08097 0.202882 0.205146 0.216998 0.206444 0.199148 0.213421
5100000 0.212291 0.201149 0.207236 8.03013 -6.75513 7.10676 0.210204 0.202375 0.205285 0.216649 0.198589 0.21131
5100000 0.204947 0.205929 0.181731 -6.49125 0.924059 -1.7257 0.20805 0.205722 0.183043 0.200558 0.206221 0.179874
5100000 0.203238 0.214844 0.182331 4.80642 -0.635574 16.1406 0.201362 0.21529 0.178303 0.205867 0.214219 0.18798
5100000 0.211887 0.213192 0.189366 -18.7258 5.85195 -2.66016 0.215433 0.212587 0.190183 0.205867 0.214219 0.18798
5100000 0.213004 0.208963 0.196117 -7.07919 25.719 6.05105 0.214237 0.206277 0.195488 0.211236 0.212812 0.197019
5100000 0.20745 0.209224 0.191408 -6.06331 11.5499 -7.61166 0.208293 0.206561 0.193235 0.205867 0.214219 0.18798
5100000 0.207928 0.211022 0.199167 -20.2306 -9.1351 17.4396 0.211236 0.212812 0.197019 0.20485 0.209355 0.201167
5100000 0.212799 0.216113 0.199351 -5.21294 -11.1789 -10.9696 0.214305 0.219295 0.201599 0.211236 0.212812 0.197019
5100000 0.212138 0.216616 0.195153 3.68145 24.3277 -16.3618 0.211236 0.212812 0.197019 0.21296 0.220085 0.193452
5100000 0.215802 0.213512 0.207881 1.89992 -1.39933 -2.43563 0.214451 0.215093 0.21011 0.218204 0.210701 0.203918
5100000 0.200065 0.212627 0.186244 9.37159 1.1623 2.81392 0.196519 0.211654 0.185183 0.205867 0.214219 0.18798
5100000 0.194761 0.21186 0.18179 2.61003 -1.20333 4.93574 0.192911 0.212077 0.178219 0.196519 0.211654 0.185183
5100000 0.207105 0.202123 0.205388 -3.54387 -0.860175 0.211443 0.210204 0.202375 0.205285 0.201812 0.201692 0.205564
5100000 0.212227 0.213011 0.210159 -4.70307 -4.05116 1.06194 0.214451 0.215093 0.21011 0.208157 0.2092 0.21025
5100000 0.207846 0.202483 0.182114 -0.566995 -3.57081 -1.57325 0.20805 0.205722 0.183043 0.207436 0.195973 0.180245
5100000 0.215573 0.213326 0.212325 1.51045 -2.7225 4.52368 0.214451 0.215093 0.21011 0.217791 0.209829 0.216706
5100000 0.184908 0.216044 0.204246 4.92297 -9.69928 1.73 0.183715 0.219604 0.203387 0.186944 0.209966 0.205714
5100000 0.216792 0.197082 0.200731 -8.25423 -20.9385 0.728286 0.218003 0.201464 0.20004 0.215375 0.191952 0.20154
5100000 0.215731 0.204368 0.197293 -13.4567 11.5466 -13.8094 0.218003 0.201464 0.20004 0.214237 0.206277 0.195488
5100000 0.185796 0.217165 0.195074 -3.71575 0.601197 -1.994 0.189725 0.217188 0.1975 0.182307 0.217144 0.19292
5100000 0.20428 0.214937 0.193996 -1.5201 -0.119447 9.21811 0.205867 0.214219 0.18798 0.203447 0.215313 0.197153
5100000 0.206653 0.204227 0.185728 -0.860205 -0.686008 1.94819 0.20805 0.205722 0.183043 0.205296 0.202774 0.188337
5100000 0.200473 0.213432 0.191063 5.1039 1.50517 -3.79082 0.196933 0.212916 0.193086 0.205867 0.214219 0.18798
5100000 0.195773 0.206603 0.204844 0.286642 -1.50634 -7.76261 0.196077 0.207457 0.207841 0.195476 0.20577 0.201919
5100000 0.197166 0.210032 0.209252 -5.03293 -10.1586 -3.73884 0.198889 0.214109 0.211485 0.196077 0.207457 0.207841
5100000 0.187775 0.212958 0.191564 4.24844 4.38996 -4.57891 0.186369 0.21104 0.193838 0.18976 0.215666 0.188352
5100000 0.185753 0.207982 0.194878 -0.975937 -21.3016 8.74962 0.186369 0.21104 0.193838 0.184813 0.203322 0.196462
5100000 0.196795 0.201131 0.207221 -7.21112 0.400313 2.47388 0.201812 0.201692 0.205564 0.192461 0.200646 0.208652
5100000 0.191462 0.205108 0.185855 -0.567295 -0.98968 -2.68199 0.191674 0.206889 0.189962 0.191291 0.203665 0.182527
5100000 0.194527 0.205249 0.219126 1.05665 -3.54681 8.5105 0.193319 0.207187 0.215095 0.195727 0.203326 0.223127
5100000 0.194965 0.207348 0.210767 3.47656 -1.22639 -9.20798 0.193319 0.207187 0.215095 0.196077 0.207457 0.207841
5100000 0.213822 0.2081 0.20207 -0.451707 -0.288338 -0.104311 0.218204 0.210701 0.203918 0.211374 0.206648 0.201038
5100000 0.197969 0.21376 0.206624 -1.63169 0.0618617 -4.8786 0.198889 0.214109 0.211485 0.197083 0.213424 0.201949
5100000 0.18187 0.202378 0.200411 3.84392 0.412202 -4.13097 0.178814 0.201399 0.20451 0.184813 0.203322 0.196462
5100000 0.191948 0.207967 0.194305 -0.0 -0.0 0.0 0.191674 0.206889 0.189962 0.192146 0.20875 0.197459
5100000 0.190424 0.209153 0.200192 -0.00118224 0.000675171 0.00204964 0.192146 0.20875 0.197459 0.186944 0.209966 0.205714
5100000 0.203293 0.203326 0.190877 -0.550785 0.0296951 0.820944 0.205296 0.202774 0.188337 0.200047 0.204221 0.194994
5100000 0.202778 0.207141 0.198504 0.124112 0.194101 0.174878 0.200047 0.204221 0.194994 0.20485 0.209355 0.201167
5100000 0.208572 0.207675 0.20109 0.0 0.0 0.0 0.211374 0.206648 0.201038 0.20485 0.209355 0.201167
5100000 0.218702 0.213622 0.199378 0.0754734 -0.840876 1.58924 0.219063 0.215736 0.196092 0.218204 0.210701 0.203918
5100000 0.213032 0.217655 0.209268 -3.95122 6.13524 -0.990871 0.214451 0.215093 0.21011 0.21153 0.220365 0.208378
5100000 0.213503 0.212691 0.193327 -1.2614 0.231876 3.00268 0.215433 0.212587 0.190183 0.211236 0.212812 0.197019
5100000 0.198648 0.217677 0.200461 4.20016 8.34103 -4.34282 0.197083 0.213424 0.201949 0.199896 0.221067 0.199276
5100000 0.198204 0.205319 0.206997 8.10778 -6.3653 -4.13456 0.196077 0.207457 0.207841 0.201812 0.201692 0.205564
5100000 0.204077 0.212638 0.198955 1.41245 -6.88115 6.38167 0.203447 0.215313 0.197153 0.20485 0.209355 0.201167
5100000 0.198674 0.197408 0.205447 -15.8171 -19.0719 3.1086 0.201812 0.201692 0.205564 0.196665 0.194667 0.205371
5100000 0.201826 0.197566 0.202213 -0.0108049 -0.306571 -0.341094 0.201812 0.201692 0.205564 0.201838 0.194051 0.199358
5100000 0.207776 0.210596 0.215634 -2.16544 2.04255 9.36478 0.208157 0.2092 0.21025 0.207451 0.211789 0.220237
5100000 0.21711 0.206802 0.1947 2.62228 0.747959 -0.375074 0.214237 0.206277 0.195488 0.221895 0.207676 0.193386
5100000 0.216759 0.217459 0.198759 4.03381 -2.14554 -5.3668 0.214305 0.219295 0.201599 0.219063 0.215736 0.196092
5100000 0.205053 0.206815 0.214221 1.60746 1.50308 -3.00328 0.202882 0.205146 0.216998 0.208157 0.2092 0.21025
5100000 0.184265 0.203807 0.191503 -1.20445 3.82822 -14.7538 0.184813 0.203322 0.196462 0.183811 0.204209 0.187386
5100000 0.206565 0.213616 0.20724 -2.66603 5.79287 -5.51863 0.208157 0.2092 0.21025 0.20523 0.217319 0.204717
5100000 0.193131 0.208266 0.207155 -5.42724 2.00908 -2.15408 0.196077 0.207457 0.207841 0.186944 0.209966 0.205714
5100000 0.201801 0.217981 0.198137 -5.69505 10.7902 1.96509 0.203447 0.215313 0.197153 0.199896 0.221067 0.199276
5100000 0.190259 0.204256 0.216967 -20.5907 -13.9042 12.107 0.193319 0.207187 0.215095 0.1864 0.200559 0.219329
5100000 0.200161 0.202498 0.216108 -1.89256 -1.36921 -0.733594 0.202882 0.205146 0.216998 0.197541 0.19995 0.215252
5100000 0.194287 0.209459 0.187385 3.17021 4.16342 -2.92783 0.191674 0.206889 0.189962 0.196519 0.211654 0.185183
5100000 0.211412 0.206412 0.194417 3.68044 -0.707265 1.82051 0.208293 0.206561 0.193235 0.214237 0.206277 0.195488
5100000 0.193467 0.213466 0.186614 -4.0635 2.32927 2.81606 0.196519 0.211654 0.185183 0.18976 0.215666 0.188352
5100000 0.182296 0.218382 0.206754 -1.4621 -1.64738 2.90505 0.183715 0.219604 0.203387 0.180907 0.217184 0.210051
5100000 0.196104 0.208759 0.201931 -3.7537 -36.1633 -4.53973 0.197083 0.213424 0.201949 0.195476 0.20577 0.201919
5100000 0.184561 0.213757 0.193429 -3.40043 6.06656 0.102046 0.186369 0.21104 0.193838 0.182307 0.217144 0.19292
5100000 0.215973 0.217631 0.21084 2.0857 5.23925 1.2588 0.214451 0.215093 0.21011 0.218098 0.221173 0.21186
5100000 0.193864 0.207214 0.199759 0.00565041 -0.00359534 0.00543814 0.192146 0.20875 0.197459 0.195476 0.20577 0.201919
5100000 0.185735 0.206196 0.200465 -2.15893 -7.45398 -14.6088 0.186944 0.209966 0.205714 0.184813 0.203322 0.196462
5100000 0.194479 0.216832 0.204033 16.0994 -14.9148 -9.76537 0.191873 0.220242 0.206118 0.197083 0.213424 0.201949
5100000 0.195652 0.203189 0.215182 23.6748 -29.1264 2.10058 0.193319 0.207187 0.215095 0.197541 0.19995 0.215252
5100000 0.198316 0.209237 0.182821 1.41681 -2.99104 -2.45701 0.196519 0.211654 0.185183 0.200558 0.206221 0.179874
5100000 0.19829 0.209126 0.193918 0.187962 -0.655435 0.248745 0.196933 0.212916 0.193086 0.200047 0.204221 0.194994
5100000 0.19779 0.204281 0.20325 3.52659 -2.58954 2.99375 0.195476 0.20577 0.201919 0.201812 0.201692 0.205564
5100000 0.182946 0.212872 0.201374 0.00227123 -0.00209231 0.00207307 0.181082 0.214226 0.199351 0.186944 0.209966 0.205714
5100000 0.204908 0.205356 0.20785 -4.8598 -4.06023 -3.28407 0.208157 0.2092 0.21025 0.201812 0.201692 0.205564
5100000 0.190734 0.211198 0.189172 -3.33458 14.2746 -0.284266 0.191674 0.206889 0.189962 0.18976 0.215666 0.188352
5100000 0.211317 0.209183 0.199386 0.283601 -2.59244 2.29037 0.211236 0.212812 0.197019 0.211374 0.206648 0.201038
5100000 0.188239 0.213586 0.211049 0.809508 4.96211 9.24303 0.186944 0.209966 0.205714 0.189367 0.216741 0.215698
5100000 0.210797 0.20454 0.203133 0.937002 1.99409 -1.75303 0.210204 0.202375 0.205285 0.211374 0.206648 0.201038
5100000 0.181606 0.215474 0.1966 0.000709311 0.00115322 -0.00423961 0.181082 0.214226 0.199351 0.182307 0.217144 0.19292
5100000 0.181272 0.209207 0.202472 0.422913 -0.0175404 0.217844 0.178641 0.208855 0.200968 0.186944 0.209966 0.205714
5100000 0.180316 0.212086 0.197058 0.0 0.0 0.0 0.181082 0.214226 0.199351 0.179361 0.209905 0.194216
5100000 0.18225 0.216394 0.201132 0.0 0.0 0.0 0.181082 0.214226 0.199351 0.183715 0.219604 0.203387
5100000 0.1878 0.203702 0.184793 0.0 0.0 0.0 0.191291 0.203665 0.182527 0.183811 0.204209 0.187386
5100000 0.181718 0.206849 0.195187 0.0 0.0 0.0 0.179361 0.209905 0.194216 0.184813 0.203322 0.196462
5100000 0.187591 0.205284 0.188628 0.0 0.0 0.0 0.191674 0.206889 0.189962 0.183811 0.204209 0.187386
5100000 0.180976 0.206545 0.199262 0.0 0.0 0.0 0.178641 0.208855 0.200968 0.184813 0.203322 0.196462
5100000 0.182409 0.204971 0.205044 0.0 0.0 0.0 0.186944 0.209966 0.205714 0.178814 0.201399 0.20451
5100000 0.185798 0.216241 0.190777 0.0 0.0 0.0 0.18976 0.215666 0.188352 0.182307 0.217144 0.19292
5100000 0.18311 0.214349 0.20847 0.0 0.0 0.0 0.186944 0.209966 0.205714 0.180907 0.217184 0.210051
5100000 0.186451 0.218302 0.200707 0.0 0.0 0.0 0.183715 0.219604 0.203387 0.189725 0.217188 0.1975
5100000 0.18427 0.216806 0.212292 0.0 0.0 0.0 0.180907 0.217184 0.210051 0.189367 0.216741 0.215698
5100000 0.194874 0.196999 0.206763 0.0 0.0 0.0 0.192461 0.200646 0.208652 0.196665 0.194667 0.205371
5100000 0.19525 0.200051 0.212278 0.0 0.0 0.0 0.192461 0.200646 0.208652 0.197541 0.19995 0.215252
5100000 0.196724 0.201255 0.218784 0.0 0.0 0.0 0.195727 0.203326 0.223127 0.197541 0.19995 0.215252
5100000 0.189342 0.208191 0.186338 0.0 0.0 0.0 0.191674 0.206889 0.189962 0.187577 0.209559 0.183567
5100000 0.195496 0.205461 0.192263 0.0 0.0 0.0 0.191674 0.206889 0.189962 0.200047 0.204221 0.194994
5100000 0.188432 0.204994 0.193032 0.0 0.0 0.0 0.191674 0.206889 0.189962 0.184813 0.203322 0.196462
5100000 0.196711 0.212054 0.188995 0.0 0.0 0.0 0.196933 0.212916 0.193086 0.196519 0.211654 0.185183
5100000 0.189275 0.209688 0.195662 0.0 0.0 0.0 0.186369 0.21104 0.193838 0.192146 0.20875 0.197459
5100000 0.194259 0.210392 0.195525 0.0 0.0 0.0 0.192146 0.20875 0.197459 0.196933 0.212916 0.193086
5100000 0.195144 0.206832 0.19652 0.0 0.0 0.0 0.192146 0.20875 0.197459 0.200047 0.204221 0.194994
5100000 0.18926 0.206412 0.197067 0.0 0.0 0.0 0.192146 0.20875 0.197459 0.184813 0.203322 0.196462
5100000 0.193559 0.213999 0.190864 0.0 0.0 0.0 0.196933 0.212916 0.193086 0.18976 0.215666 0.188352
5100000 0.194148 0.210445 0.199279 0.0 0.0 0.0 0.192146 0.20875 0.197459 0.197083 0.213424 0.201949
5100000 0.197138 0.204998 0.199387 0.0 0.0 0.0 0.195476 0.20577 0.201919 0.200047 0.204221 0.194994
5100000 0.195622 0.215371 0.183668 0.0 0.0 0.0 0.194498 0.220546 0.18174 0.196519 0.211654 0.185183
5100000 0.191146 0.212042 0.197475 0.0 0.0 0.0 0.192146 0.20875 0.197459 0.189725 0.217188 0.1975
5100000 0.193534 0.214726 0.195162 0.0 0.0 0.0 0.196933 0.212916 0.193086 0.189725 0.217188 0.1975
5100000 0.18974 0.216224 0.192941 0.0 0.0 0.0 0.18976 0.215666 0.188352 0.189725 0.217188 0.1975
5100000 0.193845 0.218313 0.189619 0.0 0.0 0.0 0.198053 0.22145 0.190913 0.18976 0.215666 0.188352
5100000 0.201009 0.198516 0.197349 0.0 0.0 0.0 0.200047 0.204221 0.194994 0.201838 0.194051 0.199358
5100000 0.198749 0.213121 0.182013 0.0 0.0 0.0 0.201362 0.21529 0.178303 0.196519 0.211654 0.185183
5100000 0.200542 0.214042 0.195346 0.0 0.0 0.0 0.196933 0.212916 0.193086 0.203447 0.215313 0.197153
5100000 0.205106 0.20545 0.193914 0.0 0.0 0.0 0.208293 0.206561 0.193235 0.200047 0.204221 0.194994
5100000 0.200923 0.202748 0.200275 0.0 0.0 0.0 0.200047 0.204221 0.194994 0.201812 0.201692 0.205564
5100000 0.190681 0.208128 0.211213 0.0 0.0 0.0 0.193319 0.207187 0.215095 0.186944 0.209966 0.205714
5100000 0.196475 0.209615 0.205502 0.0 0.0 0.0 0.196077 0.207457 0.207841 0.197083 0.213424 0.201949
5100000 0.194609 0.204486 0.208166 0.0 0.0 0.0 0.196077 0.207457 0.207841 0.192461 0.200646 0.208652
5100000 0.192764 0.206894 0.203121 0.0 0.0 0.0 0.186944 0.209966 0.205714 0.195476 0.20577 0.201919
5100000 0.194266 0.203512 0.204607 0.0 0.0 0.0 0.195476 0.20577 0.201919 0.192461 0.200646 0.208652
5100000 0.192817 0.211762 0.20353 0.0 0.0 0.0 0.186944 0.209966 0.205714 0.197083 0.213424 0.201949
5100000 0.19019 0.204268 0.207443 0.0 0.0 0.0 0.186944 0.209966 0.205714 0.192461 0.200646 0.208652
5100000 0.196883 0.208661 0.21859 0.0 0.0 0.0 0.193319 0.207187 0.215095 0.199507 0.210104 0.221171
5100000 0.188577 0.214006 0.200887 0.0 0.0 0.0 0.186944 0.209966 0.205714 0.189725 0.217188 0.1975
5100000 0.189801 0.215716 0.205946 0.0 0.0 0.0 0.191873 0.220242 0.206118 0.186944 0.209966 0.205714
5100000 0.195315 0.217031 0.208748 0.0 0.0 0.0 0.198889 0.214109 0.211485 0.191873 0.220242 0.206118
5100000 0.199386 0.215936 0.215989 0.0 0.0 0.0 0.198889 0.214109 0.211485 0.199847 0.218019 0.22016
5100000 0.194472 0.215125 0.213437 0.0 0.0 0.0 0.198889 0.214109 0.211485 0.189367 0.216741 0.215698
5100000 0.200843 0.214335 0.19911 0.0 0.0 0.0 0.197083 0.213424 0.201949 0.203447 0.215313 0.197153
5100000 0.203246 0.211591 0.2109 0.0 0.0 0.0 0.198889 0.214109 0.211485 0.208157 0.2092 0.21025
5100000 0.198505 0.205869 0.216122 0.0 0.0 0.0 0.193319 0.207187 0.215095 0.202882 0.205146 0.216998
5100000 0.202149 0.215556 0.208 0.0 0.0 0.0 0.198889 0.214109 0.211485 0.20523 0.217319 0.204717
5100000 0.199596 0.2041 0.219802 0.0 0.0 0.0 0.202882 0.205146 0.216998 0.195727 0.203326 0.223127
5100000 0.201424 0.218117 0.189649 0.0 0.0 0.0 0.198053 0.22145 0.190913 0.205867 0.214219 0.18798
5100000 0.195193 0.217246 0.218172 0.0 0.0 0.0 0.199847 0.218019 0.22016 0.189367 0.216741 0.215698
5100000 0.20329 0.218171 0.217124 0.0 0.0 0.0 0.199847 0.218019 0.22016 0.206642 0.218724 0.214183
5100000 0.205991 0.200342 0.185701 0.0 0.0 0.0 0.205296 0.202774 0.188337 0.207436 0.195973 0.180245
5100000 0.216274 0.198462 0.196787 0.0 0.0 0.0 0.218003 0.201464 0.20004 0.215121 0.196809 0.194601
5100000 0.213451 0.200535 0.199004 0.0 0.0 0.0 0.218003 0.201464 0.20004 0.208779 0.200019 0.19794
5100000 0.209157 0.198758 0.205977 0.0 0.0 0.0 0.210204 0.202375 0.205285 0.207742 0.19431 0.206931
5100000 0.207143 0.203099 0.212103 0.0 0.0 0.0 0.208157 0.2092 0.21025 0.206444 0.199148 0.213421
5100000 0.208176 0.200144 0.216748 0.0 0.0 0.0 0.210635 0.202057 0.221439 0.206444 0.199148 0.213421
5100000 0.207283 0.208486 0.184776 0.0 0.0 0.0 0.20805 0.205722 0.183043 0.205867 0.214219 0.18798
5100000 0.211291 0.21148 0.184744 0.0 0.0 0.0 0.205867 0.214219 0.18798 0.215296 0.209826 0.182353
5100000 0.207305 0.212044 0.182146 0.0 0.0 0.0 0.205867 0.214219 0.18798 0.20811 0.211171 0.178913
5100000 0.20957 0.209072 0.194886 0.0 0.0 0.0 0.208293 0.206561 0.193235 0.211236 0.212812 0.197019
5100000 0.206777 0.204436 0.190767 0.0 0.0 0.0 0.208293 0.206561 0.193235 0.205296 0.202774 0.188337
5100000 0.21044 0.204633 0.191337 0.0 0.0 0.0 0.208293 0.206561 0.193235 0.21382 0.20215 0.188346
5100000 0.209038 0.21318 0.193327 0.0 0.0 0.0 0.205867 0.214219 0.18798 0.211236 0.212812 0.197019
5100000 0.2068 0.214028 0.197098 0.0 0.0 0.0 0.203447 0.215313 0.197153 0.211236 0.212812 0.197019
5100000 0.208575 0.202319 0.188342 0.0 0.0 0.0 0.205296 0.202774 0.188337 0.21382 0.20215 0.188346
5100000 0.212798 0.206251 0.198262 0.0 0.0 0.0 0.214237 0.206277 0.195488 0.211374 0.206648 0.201038
5100000 0.214234 0.216002 0.191766 0.0 0.0 0.0 0.215433 0.212587 0.190183 0.21296 0.220085 0.193452
5100000 0.21021 0.217609 0.191341 0.0 0.0 0.0 0.205867 0.214219 0.18798 0.21296 0.220085 0.193452
5100000 0.204174 0.215935 0.200276 0.0 0.0 0.0 0.20523 0.217319 0.204717 0.203447 0.215313 0.197153
5100000 0.217189 0.213905 0.193051 0.0 0.0 0.0 0.219063 0.215736 0.196092 0.215433 0.212587 0.190183
5100000 0.215342 0.214138 0.196537 0.0 0.0 0.0 0.219063 0.215736 0.196092 0.211236 0.212812 0.197019
5100000 0.214324 0.211667 0.200088 0.0 0.0 0.0 0.218204 0.210701 0.203918 0.211236 0.212812 0.197019
5100000 0.210233 0.207334 0.204273 0.0 0.0 0.0 0.208157 0.2092 0.21025 0.211374 0.206648 0.201038
5100000 0.206232 0.20908 0.204975 0.0 0.0 0.0 0.208157 0.2092 0.21025 0.20485 0.209355 0.201167
5100000 0.207311 0.214284 0.21243 0.0 0.0 0.0 0.208157 0.2092 0.21025 0.206642 0.218724 0.214183
5100000 0.20502 0.212836 0.202808 0.0 0.0 0.0 0.20523 0.217319 0.204717 0.20485 0.209355 0.201167
5100000 0.213995 0.204376 0.200638 0.0 0.0 0.0 0.218003 0.201464 0.20004 0.211374 0.206648 0.201038
5100000 0.213239 0.209752 0.207038 0.0 0.0 0.0 0.208157 0.2092 0.21025 0.218204 0.210701 0.203918
5100000 0.21278 0.209291 0.213348 0.0 0.0 0.0 0.208157 0.2092 0.21025 0.217791 0.209829 0.216706
5100000 0.204932 0.207925 0.21845 0.0 0.0 0.0 0.202882 0.205146 0.216998 0.207451 0.211789 0.220237
5100000 0.206075 0.20366 0.218825 0.0 0.0 0.0 0.202882 0.205146 0.216998 0.210635 0.202057 0.221439
5100000 0.207032 0.215165 0.217105 0.0 0.0 0.0 0.206642 0.218724 0.214183 0.207451 0.211789 0.220237
5100000 0.216018 0.217695 0.194783 0.0 0.0 0.0 0.219063 0.215736 0.196092 0.21296 0.220085 0.193452
5100000 0.205949 0.217833 0.209558 0.0 0.0 0.0 0.206642 0.218724 0.214183 0.20523 0.217319 0.204717
5100000 0.210017 0.21816 0.203069 0.0 0.0 0.0 0.214305 0.219295 0.201599 0.20523 0.217319 0.204717
5100000 0.215993 0.21535 0.202609 0.0 0.0 0.0 0.214305 0.219295 0.201599 0.218204 0.210701 0.203918
5100000 0.217432 0.200055 0.204713 0.0 0.0 0.0 0.218003 0.201464 0.20004 0.216649 0.198589 0.21131
5100000 0.218095 0.205705 0.20182 0.568737 2.98081 1.15192 0.218003 0.201464 0.20004 0.218204 0.210701 0.203918
