# ts x y z Fx Fy Fz x1 y1 z1 x2 y2 z2
4725000 0.185922 0.193641 0.187905 0.00432251 0.000926939 0.00176088 0.182648 0.192532 0.186022 0.189418 0.194825 0.189915
4725000 0.183438 0.190971 0.197061 -0.989387 0.808984 0.38715 0.187195 0.188817 0.195815 0.180684 0.19255 0.197974
4725000 0.188943 0.197368 0.19802 -3.50928 1.27637 -1.09519 0.192848 0.195176 0.199497 0.184789 0.199698 0.196449
4725000 0.19815 0.184277 0.183319 -0.97189 -4.03841 -2.72317 0.1995 0.187255 0.185565 0.197013 0.18177 0.181428
4725000 0.192906 0.181921 0.187264 -3.56324 2.72816 -1.06389 0.195596 0.179065 0.18812 0.189238 0.185814 0.186096
4725000 0.19792 0.180272 0.191166 1.9744 0.492365 2.67246 0.195596 0.179065 0.18812 0.200809 0.181772 0.194953
4725000 0.189323 0.203005 0.183145 -1.96216 2.26755 0.566078 0.191222 0.199957 0.182608 0.187538 0.205872 0.183649
4725000 0.197711 0.188296 0.188949 -1.31074 0.938524 3.85635 0.1995 0.187255 0.185565 0.195675 0.189482 0.192802
4725000 0.192434 0.19225 0.191307 -3.90751 2.36498 -1.83914 0.195675 0.189482 0.192802 0.189418 0.194825 0.189915
4725000 0.196645 0.192555 0.189637 -0.369422 -1.10754 0.830313 0.197686 0.195851 0.186243 0.195675 0.189482 0.192802
4725000 0.194292 0.192268 0.196077 1.76472 -3.64653 -5.90852 0.192848 0.195176 0.199497 0.195675 0.189482 0.192802
4725000 0.19263 0.196101 0.204116 -0.261009 0.235239 6.06288 0.192848 0.195176 0.199497 0.192417 0.197001 0.208611
4725000 0.198113 0.18582 0.193824 -5.89338 6.77054 -3.0486 0.200809 0.181772 0.194953 0.195675 0.189482 0.192802
4725000 0.202432 0.189112 0.183644 2.95079 1.33198 -2.2635 0.1995 0.187255 0.185565 0.207448 0.192289 0.180359
4725000 0.202997 0.186452 0.187257 0.924303 -0.183258 0.275475 0.1995 0.187255 0.185565 0.206682 0.185607 0.189039
4725000 0.199114 0.199237 0.183086 0.622379 0.976653 -1.22037 0.197686 0.195851 0.186243 0.200522 0.202576 0.179974
4725000 0.189182 0.193959 0.209774 5.55965 3.72928 -1.84764 0.186343 0.19129 0.210794 0.192417 0.197001 0.208611
4725000 0.19956 0.186799 0.216431 -0.0227691 -0.0623521 0.186284 0.200535 0.188863 0.21222 0.198842 0.185281 0.219529
4725000 0.210122 0.180176 0.192391 3.95169 3.45516 3.36877 0.207587 0.177358 0.190555 0.212584 0.182913 0.194173
4725000 0.201934 0.178992 0.198947 1.42564 -1.98416 3.89682 0.200809 0.181772 0.194953 0.202799 0.176855 0.202016
4725000 0.204205 0.182828 0.198459 2.5791 0.216517 2.80964 0.200809 0.181772 0.194953 0.206975 0.18369 0.201319
4725000 0.21108 0.186716 0.194164 1.3491 -5.5161 0.47242 0.209949 0.189574 0.194156 0.212584 0.182913 0.194173
4725000 0.214126 0.185503 0.191407 -0.98983 -1.16146 1.16145 0.215959 0.188582 0.18812 0.212584 0.182913 0.194173
4725000 0.20668 0.183515 0.205378 -0.147728 0.224478 -2.04201 0.206442 0.183373 0.20867 0.206975 0.18369 0.201319
4725000 0.208028 0.181682 0.211024 0.785142 -1.28347 1.79189 0.206442 0.183373 0.20867 0.209472 0.180143 0.213167
4725000 0.2041 0.181666 0.210257 -2.39885 -1.15506 1.47932 0.206442 0.183373 0.20867 0.200804 0.179264 0.212491
4725000 0.210559 0.185622 0.201428 -3.22178 -1.13487 -0.196321 0.215297 0.188177 0.201572 0.206975 0.18369 0.201319
4725000 0.206961 0.18654 0.20789 0.0521021 3.38276 -1.08422 0.206442 0.183373 0.20867 0.20763 0.190623 0.206884
4725000 0.205176 0.193238 0.198668 -2.99273 -2.13113 0.139289 0.208697 0.196311 0.197902 0.20181 0.190299 0.1994
4725000 0.208564 0.187893 0.191987 -1.53474 -1.45072 -1.62207 0.209949 0.189574 0.194156 0.206682 0.185607 0.189039
4725000 0.212479 0.191306 0.194396 0.385806 0.247807 0.109334 0.209949 0.189574 0.194156 0.215023 0.193048 0.194637
4725000 0.209457 0.192226 0.195631 -1.55108 5.32383 4.08445 0.209949 0.189574 0.194156 0.208697 0.196311 0.197902
4725000 0.214558 0.195077 0.19235 0.179848 -0.565959 0.890961 0.21377 0.198514 0.188475 0.215023 0.193048 0.194637
4725000 0.209574 0.197747 0.202329 -0.959913 -0.894333 -2.53485 0.210151 0.198689 0.205236 0.208697 0.196311 0.197902
4725000 0.217944 0.192053 0.194862 -0.347148 0.171429 0.00690374 0.221831 0.190729 0.195162 0.215023 0.193048 0.194637
4725000 0.205016 0.193925 0.206257 2.02112 -2.29396 -0.00574874 0.201753 0.198046 0.205474 0.20763 0.190623 0.206884
4725000 0.211016 0.189543 0.204539 -2.71193 0.646803 1.30815 0.215297 0.188177 0.201572 0.20763 0.190623 0.206884
4725000 0.203494 0.202405 0.202984 1.40365 5.21175 -3.7828 0.201753 0.198046 0.205474 0.204815 0.205715 0.201094
4725000 0.209418 0.201152 0.206989 -0.711614 1.58978 1.52224 0.210151 0.198689 0.205236 0.208106 0.205569 0.210131
4725000 0.217217 0.18427 0.204742 -1.39944 2.23655 -1.42892 0.218936 0.180772 0.20758 0.215297 0.188177 0.201572
4725000 0.212221 0.197455 0.207202 1.57402 -0.750582 1.89884 0.210151 0.198689 0.205236 0.216542 0.194878 0.211307
4725000 0.207074 0.189442 0.218492 2.4214 -1.20293 -1.34112 0.203931 0.191579 0.219933 0.210757 0.186937 0.216804
4725000 0.206954 0.193144 0.210248 0.313941 -1.08304 -2.05576 0.206327 0.195479 0.213362 0.20763 0.190623 0.206884
4725000 0.205147 0.193559 0.216597 0.397396 0.364708 -0.767885 0.203931 0.191579 0.219933 0.206327 0.195479 0.213362
4725000 0.203784 0.179917 0.216001 2.67147 0.128891 2.47863 0.200804 0.179264 0.212491 0.205996 0.180402 0.218606
4725000 0.194602 0.188689 0.206814 1.73067 2.05871 -1.84715 0.192108 0.185822 0.208621 0.196618 0.191005 0.205354
4725000 0.20705 0.198452 0.205324 -0.467785 -0.0686359 0.0817259 0.210151 0.198689 0.205236 0.201753 0.198046 0.205474
4725000 0.189163 0.188615 0.209731 -1.69671 1.18276 0.429867 0.192108 0.185822 0.208621 0.186343 0.19129 0.210794
4725000 0.208784 0.183445 0.186146 -0.833157 0.611737 1.241 0.211504 0.180649 0.182403 0.206682 0.185607 0.189039
4725000 0.191986 0.183542 0.212155 -0.450246 -1.55194 3.2472 0.192108 0.185822 0.208621 0.191832 0.180655 0.21663
4725000 0.181858 0.196669 0.193733 1.74536 1.34912 1.78497 0.180081 0.194833 0.192087 0.184789 0.199698 0.196449
4725000 0.198738 0.18989 0.196097 0.622633 -0.0012991 0.873277 0.195675 0.189482 0.192802 0.20181 0.190299 0.1994
4725000 0.219 0.189623 0.197939 -2.60002 -0.639142 3.17786 0.221831 0.190729 0.195162 0.215297 0.188177 0.201572
4725000 0.205226 0.189295 0.190361 0.259792 -0.598959 -0.337763 0.203866 0.192739 0.191595 0.206682 0.185607 0.189039
4725000 0.216671 0.193321 0.200762 -0.816132 -1.92085 0.485739 0.217844 0.197716 0.20007 0.215297 0.188177 0.201572
4725000 0.215615 0.200706 0.197377 -1.12045 1.0779 -1.35975 0.217844 0.197716 0.20007 0.21415 0.202672 0.195606
4725000 0.215119 0.183549 0.208567 -0.0262326 0.0151896 0.0103424 0.218936 0.180772 0.20758 0.212593 0.185387 0.20922
4725000 0.210134 0.181125 0.201127 -0.889209 0.589361 0.187031 0.213182 0.178651 0.200942 0.206975 0.18369 0.201319
4725000 0.211015 0.195802 0.184939 1.10537 0.704312 1.31582 0.207448 0.192289 0.180359 0.21377 0.198514 0.188475
4725000 0.210186 0.195252 0.212586 0.829099 0.0826081 -0.199249 0.206327 0.195479 0.213362 0.216542 0.194878 0.211307
4725000 0.202914 0.191609 0.195208 -0.272418 -0.3072 0.675306 0.203866 0.192739 0.191595 0.20181 0.190299 0.1994
4725000 0.201108 0.194128 0.189207 0.174325 -0.130524 0.199914 0.197686 0.195851 0.186243 0.203866 0.192739 0.191595
4725000 0.204622 0.196133 0.189823 0.126329 0.82935 -0.283064 0.203866 0.192739 0.191595 0.205257 0.198986 0.188334
4725000 0.212889 0.180739 0.197626 -0.167759 0.40489 -0.594419 0.213182 0.178651 0.200942 0.212584 0.182913 0.194173
4725000 0.19439 0.199393 0.20094 0.189782 0.348034 0.0979793 0.192848 0.195176 0.199497 0.19539 0.202127 0.201876
4725000 0.196699 0.180612 0.205692 -3.64002 -3.14694 1.28591 0.199398 0.183794 0.204804 0.193642 0.177008 0.206699
4725000 0.203274 0.18374 0.203021 0.696528 -0.112639 -0.405549 0.199398 0.183794 0.204804 0.206975 0.18369 0.201319
4725000 0.199934 0.186182 0.208298 0.0519339 -1.06505 -1.44748 0.200535 0.188863 0.21222 0.199398 0.183794 0.204804
4725000 0.204485 0.179378 0.192567 -2.9675 1.77424 2.6473 0.207587 0.177358 0.190555 0.200809 0.181772 0.194953
4725000 0.183344 0.187752 0.19373 -0.300985 -0.0273999 -0.157878 0.187195 0.188817 0.195815 0.179235 0.186616 0.191504
4725000 0.198245 0.190116 0.208205 -0.161987 0.0366794 -0.298903 0.200535 0.188863 0.21222 0.196618 0.191005 0.205354
4725000 0.211856 0.186009 0.212263 -0.0306086 0.0273489 0.0817971 0.212593 0.185387 0.20922 0.210757 0.186937 0.216804
4725000 0.216697 0.179225 0.199281 -1.37231 -0.480101 0.707073 0.222432 0.18016 0.19657 0.213182 0.178651 0.200942
4725000 0.212247 0.180047 0.214322 2.27883 0.196879 0.667614 0.209472 0.180143 0.213167 0.215961 0.179918 0.215869
4725000 0.190255 0.179411 0.200018 -0.270027 0.209794 0.213727 0.192243 0.177299 0.198527 0.187502 0.182336 0.202083
4725000 0.187547 0.182755 0.19031 1.48477 1.89264 -3.80036 0.186225 0.180364 0.193606 0.189238 0.185814 0.186096
4725000 0.196744 0.197485 0.207157 -2.89447 -0.71642 0.686056 0.201753 0.198046 0.205474 0.192417 0.197001 0.208611
4725000 0.182739 0.179791 0.196026 -2.66089 -0.536463 1.29477 0.186225 0.180364 0.193606 0.17777 0.178974 0.199476
4725000 0.191429 0.189149 0.19431 0.686483 0.171045 -0.232519 0.187195 0.188817 0.195815 0.195675 0.189482 0.192802
4725000 0.183364 0.180906 0.200975 1.04916 0.244706 0.420903 0.17777 0.178974 0.199476 0.187502 0.182336 0.202083
4725000 0.190468 0.179762 0.204313 -1.84302 1.11389 -1.08524 0.193642 0.177008 0.206699 0.187502 0.182336 0.202083
4725000 0.192765 0.187824 0.189771 0.666695 0.223869 0.565222 0.189238 0.185814 0.186096 0.195675 0.189482 0.192802
4725000 0.20957 0.184398 0.20895 0.0660341 0.0113382 0.0099933 0.206442 0.183373 0.20867 0.212593 0.185387 0.20922
4725000 0.19637 0.180542 0.184466 0.914855 0.766801 -2.82878 0.195596 0.179065 0.18812 0.197013 0.18177 0.181428
4725000 0.187348 0.18558 0.198945 -0.0508825 -1.04042 1.34946 0.187195 0.188817 0.195815 0.187502 0.182336 0.202083
4725000 0.198845 0.190702 0.2028 -0.177414 -0.013659 0.241695 0.20181 0.190299 0.1994 0.196618 0.191005 0.205354
4725000 0.213756 0.185185 0.197367 0.309174 0.357957 0.689491 0.212584 0.182913 0.194173 0.215297 0.188177 0.201572
4725000 0.18189 0.198698 0.200417 1.24347 0.0897251 -1.71949 0.178879 0.197659 0.204535 0.184789 0.199698 0.196449
4725000 0.189886 0.18414 0.205467 -2.03678 -0.948764 -2.23595 0.192108 0.185822 0.208621 0.187502 0.182336 0.202083
4725000 0.210292 0.20036 0.199772 0.997023 3.26833 0.930844 0.208697 0.196311 0.197902 0.211311 0.202947 0.200967
4725000 0.196622 0.179912 0.21442 -2.28312 -0.0304153 1.18523 0.200804 0.179264 0.212491 0.191832 0.180655 0.21663
4725000 0.186846 0.181323 0.197732 0.334209 0.241236 3.22698 0.186225 0.180364 0.193606 0.187502 0.182336 0.202083
4725000 0.196206 0.197707 0.197361 0.278823 0.289153 -0.245736 0.192848 0.195176 0.199497 0.199994 0.200562 0.194951
4725000 0.203249 0.199587 0.190858 -0.307366 0.114595 0.29119 0.205257 0.198986 0.188334 0.199994 0.200562 0.194951
4725000 0.207854 0.180264 0.215699 -0.807669 0.306291 1.53572 0.209472 0.180143 0.213167 0.205996 0.180402 0.218606
4725000 0.20917 0.17853 0.210646 -0.0206326 -0.518508 -1.11731 0.209472 0.180143 0.213167 0.208759 0.176335 0.207219
4725000 0.202372 0.190332 0.216392 0.741821 0.296321 1.76019 0.200535 0.188863 0.21222 0.203931 0.191579 0.219933
4725000 0.184166 0.185013 0.203533 0.887155 -0.852361 -0.241024 0.180652 0.187834 0.20506 0.187502 0.182336 0.202083
4725000 0.21642 0.181841 0.195107 -5.01445 0.654503 -0.794334 0.222432 0.18016 0.19657 0.212584 0.182913 0.194173
4725000 0.193992 0.198198 0.184165 -0.612832 0.29103 -0.425332 0.197686 0.195851 0.186243 0.191222 0.199957 0.182608
4725000 0.215387 0.191311 0.192104 -0.0146298 0.0829286 0.173001 0.215959 0.188582 0.18812 0.215023 0.193048 0.194637
4725000 0.215123 0.191271 0.197167 -0.0494638 0.565889 -0.585203 0.215297 0.188177 0.201572 0.215023 0.193048 0.194637
4725000 0.213599 0.186425 0.206374 0.0425201 0.0435195 -0.0836753 0.212593 0.185387 0.20922 0.215297 0.188177 0.201572
4725000 0.186581 0.197646 0.18863 -3.27038 3.11047 -0.698745 0.189418 0.194825 0.189915 0.183771 0.20044 0.187357
4725000 0.195728 0.184815 0.206725 0.1501 -0.0145578 -0.0830509 0.192108 0.185822 0.208621 0.199398 0.183794 0.204804
4725000 0.198622 0.193753 0.205401 -2.29329 -2.76322 -0.578466 0.201753 0.198046 0.205474 0.196618 0.191005 0.205354
4725000 0.194493 0.179578 0.181466 2.04405 1.27329 -0.0240503 0.19139 0.17688 0.181514 0.197013 0.18177 0.181428
4725000 0.200568 0.186949 0.202183 0.643348 2.69397 -2.80903 0.199398 0.183794 0.204804 0.20181 0.190299 0.1994
4725000 0.197804 0.195048 0.181466 0.000263127 0.00123112 0.00399235 0.197884 0.194509 0.178259 0.197686 0.195851 0.186243
4725000 0.190052 0.181878 0.194786 -0.898826 -0.235554 -0.16182 0.192828 0.182977 0.195641 0.186225 0.180364 0.193606
4725000 0.193274 0.184885 0.198051 0.0159025 0.396088 0.61998 0.192828 0.182977 0.195641 0.193762 0.186972 0.200686
4725000 0.195888 0.182515 0.195378 0.597914 -0.0989365 0.0442933 0.192828 0.182977 0.195641 0.200809 0.181772 0.194953
4725000 0.185109 0.179337 0.211537 -0.000626858 0.00787108 -0.00228745 0.185395 0.17501 0.212077 0.184861 0.18308 0.21107
4725000 0.191075 0.184982 0.201286 0.0254112 0.0170639 -0.0104751 0.187502 0.182336 0.202083 0.193762 0.186972 0.200686
4725000 0.18796 0.186737 0.202988 0.000736673 0.00437659 0.00161082 0.187502 0.182336 0.202083 0.188294 0.189949 0.203647
4725000 0.189969 0.188136 0.205831 -0.000219543 0.000231133 -0.000202668 0.192108 0.185822 0.208621 0.188294 0.189949 0.203647
4725000 0.192369 0.187947 0.212244 -0.00135079 0.00692638 0.0128773 0.192108 0.185822 0.208621 0.192591 0.18975 0.215318
4725000 0.195203 0.196595 0.212238 0.0010689 0.000110242 0.00158648 0.192417 0.197001 0.208611 0.197481 0.196263 0.215203
4725000 0.194528 0.190815 0.218123 -0.00641468 -0.00287281 -0.00660688 0.196428 0.191859 0.220874 0.192591 0.18975 0.215318
4725000 0.196936 0.193985 0.218137 0.00023191 0.00213386 -0.00205192 0.196428 0.191859 0.220874 0.197481 0.196263 0.215203
4725000 0.198823 0.193011 0.213893 -0.00267175 0.00500487 0.00300548 0.200535 0.188863 0.21222 0.197481 0.196263 0.215203
4725000 0.202776 0.182082 0.181613 -0.000296936 0.00093024 -0.00151291 0.202875 0.180485 0.184743 0.202688 0.183512 0.178812
4725000 0.204614 0.182825 0.186706 0.720966 0.943314 1.10787 0.202875 0.180485 0.184743 0.206682 0.185607 0.189039
4725000 0.201784 0.193863 0.202195 -0.028572 -0.399777 -0.423236 0.201753 0.198046 0.205474 0.20181 0.190299 0.1994
4725000 0.183733 0.189705 0.208165 1.50051 0.561728 1.62066 0.180652 0.187834 0.20506 0.186343 0.19129 0.210794
4725000 0.204006 0.18386 0.191733 0.115772 0.0744564 -0.159587 0.200809 0.181772 0.194953 0.206682 0.185607 0.189039
4725000 0.198683 0.191125 0.18587 0.062513 -0.882571 -0.141259 0.197686 0.195851 0.186243 0.1995 0.187255 0.185565
4725000 0.188345 0.191925 0.192762 0.183069 1.02725 -1.16962 0.187195 0.188817 0.195815 0.189418 0.194825 0.189915
4725000 0.195189 0.188987 0.203019 -0.406974 -0.369268 -0.513473 0.196618 0.191005 0.205354 0.193762 0.186972 0.200686
4725000 0.199936 0.182667 0.180081 0.000648552 0.000319314 -0.000378418 0.197013 0.18177 0.181428 0.202688 0.183512 0.178812
4725000 0.184233 0.200104 0.191481 -0.0203845 0.0186389 -0.0909629 0.184789 0.199698 0.196449 0.183771 0.20044 0.187357
4725000 0.199869 0.181143 0.183043 -0.610752 0.0248672 -0.310141 0.202875 0.180485 0.184743 0.197013 0.18177 0.181428
4725000 0.213205 0.190297 0.214478 0.648821 0.642318 -0.431091 0.210757 0.186937 0.216804 0.216542 0.194878 0.211307
4725000 0.182551 0.178965 0.191332 0.0 0.0 0.0 0.186225 0.180364 0.193606 0.178586 0.177544 0.188879
4725000 0.182315 0.195348 0.197369 0.0 0.0 0.0 0.180684 0.19255 0.197974 0.184789 0.199698 0.196449
4725000 0.180671 0.190576 0.200878 0.0 0.0 0.0 0.180652 0.187834 0.20506 0.180684 0.19255 0.197974
4725000 0.182933 0.183266 0.192616 0.0 0.0 0.0 0.186225 0.180364 0.193606 0.179235 0.186616 0.191504
4725000 0.183913 0.186199 0.188976 0.0 0.0 0.0 0.189238 0.185814 0.186096 0.179235 0.186616 0.191504
4725000 0.187309 0.197007 0.192895 0.0 0.0 0.0 0.189418 0.194825 0.189915 0.184789 0.199698 0.196449
4725000 0.182999 0.185142 0.208409 0.0 0.0 0.0 0.180652 0.187834 0.20506 0.184861 0.18308 0.21107
4725000 0.185168 0.189042 0.204225 0.0 0.0 0.0 0.180652 0.187834 0.20506 0.188294 0.189949 0.203647
4725000 0.187752 0.200142 0.184821 0.0 0.0 0.0 0.191222 0.199957 0.182608 0.183771 0.20044 0.187357
4725000 0.194068 0.183261 0.183197 0.0 0.0 0.0 0.189238 0.185814 0.186096 0.197013 0.18177 0.181428
4725000 0.190468 0.18067 0.183479 0.0 0.0 0.0 0.189238 0.185814 0.186096 0.19139 0.17688 0.181514
4725000 0.192543 0.180165 0.197049 0.0 0.0 0.0 0.192828 0.182977 0.195641 0.192243 0.177299 0.198527
4725000 0.189641 0.178582 0.196399 0.0 0.0 0.0 0.186225 0.180364 0.193606 0.192243 0.177299 0.198527
4725000 0.190658 0.182674 0.198266 0.0 0.0 0.0 0.192828 0.182977 0.195641 0.187502 0.182336 0.202083
4725000 0.19756 0.183144 0.186835 0.0 0.0 0.0 0.195596 0.179065 0.18812 0.1995 0.187255 0.185565
4725000 0.19053 0.185319 0.195712 0.0 0.0 0.0 0.192828 0.182977 0.195641 0.187195 0.188817 0.195815
4725000 0.193988 0.185586 0.194485 0.0 0.0 0.0 0.192828 0.182977 0.195641 0.195675 0.189482 0.192802
4725000 0.186698 0.184441 0.194682 0.0 0.0 0.0 0.187195 0.188817 0.195815 0.186225 0.180364 0.193606
4725000 0.199478 0.179781 0.186319 0.0 0.0 0.0 0.195596 0.179065 0.18812 0.202875 0.180485 0.184743
4725000 0.186066 0.182699 0.206975 0.0 0.0 0.0 0.187502 0.182336 0.202083 0.184861 0.18308 0.21107
4725000 0.187755 0.182032 0.213377 0.0 0.0 0.0 0.191832 0.180655 0.21663 0.184861 0.18308 0.21107
4725000 0.192782 0.178701 0.211421 0.0 0.0 0.0 0.191832 0.180655 0.21663 0.193642 0.177008 0.206699
4725000 0.188291 0.184336 0.209911 0.0 0.0 0.0 0.192108 0.185822 0.208621 0.184861 0.18308 0.21107
4725000 0.185579 0.187013 0.210936 0.0 0.0 0.0 0.186343 0.19129 0.210794 0.184861 0.18308 0.21107
4725000 0.192822 0.181678 0.207725 0.0 0.0 0.0 0.192108 0.185822 0.208621 0.193642 0.177008 0.206699
4725000 0.196261 0.185522 0.202511 0.0 0.0 0.0 0.199398 0.183794 0.204804 0.193762 0.186972 0.200686
4725000 0.197851 0.187766 0.205109 0.0 0.0 0.0 0.199398 0.183794 0.204804 0.196618 0.191005 0.205354
4725000 0.200048 0.182821 0.200266 0.0 0.0 0.0 0.200809 0.181772 0.194953 0.199398 0.183794 0.204804
4725000 0.201188 0.1801 0.203336 0.0 0.0 0.0 0.199398 0.183794 0.204804 0.202799 0.176855 0.202016
4725000 0.203367 0.183516 0.206983 0.0 0.0 0.0 0.206442 0.183373 0.20867 0.199398 0.183794 0.204804
4725000 0.200071 0.181585 0.208481 0.0 0.0 0.0 0.200804 0.179264 0.212491 0.199398 0.183794 0.204804
4725000 0.192287 0.18606 0.215844 0.0 0.0 0.0 0.191832 0.180655 0.21663 0.192591 0.18975 0.215318
4725000 0.196052 0.183398 0.218374 0.0 0.0 0.0 0.191832 0.180655 0.21663 0.198842 0.185281 0.219529
4725000 0.198262 0.187458 0.181533 0.0 0.0 0.0 0.1995 0.187255 0.185565 0.197144 0.187721 0.177893
4725000 0.190387 0.197538 0.185996 0.0 0.0 0.0 0.189418 0.194825 0.189915 0.191222 0.199957 0.182608
4725000 0.195188 0.186608 0.185788 0.0 0.0 0.0 0.1995 0.187255 0.185565 0.189238 0.185814 0.186096
4725000 0.188117 0.187421 0.191428 0.0 0.0 0.0 0.187195 0.188817 0.195815 0.189238 0.185814 0.186096
4725000 0.189341 0.190871 0.188257 0.0 0.0 0.0 0.189238 0.185814 0.186096 0.189418 0.194825 0.189915
4725000 0.189957 0.191884 0.197614 0.0 0.0 0.0 0.187195 0.188817 0.195815 0.192848 0.195176 0.199497
4725000 0.191035 0.19495 0.19443 0.0 0.0 0.0 0.192848 0.195176 0.199497 0.189418 0.194825 0.189915
4725000 0.19326 0.195261 0.18821 0.0 0.0 0.0 0.197686 0.195851 0.186243 0.189418 0.194825 0.189915
4725000 0.19094 0.187724 0.198592 0.0 0.0 0.0 0.187195 0.188817 0.195815 0.193762 0.186972 0.200686
4725000 0.18783 0.18943 0.200338 0.0 0.0 0.0 0.187195 0.188817 0.195815 0.188294 0.189949 0.203647
4725000 0.194584 0.188008 0.197303 0.0 0.0 0.0 0.195675 0.189482 0.192802 0.193762 0.186972 0.200686
4725000 0.19338 0.190366 0.200188 0.0 0.0 0.0 0.192848 0.195176 0.199497 0.193762 0.186972 0.200686
4725000 0.190168 0.192058 0.201939 0.0 0.0 0.0 0.192848 0.195176 0.199497 0.188294 0.189949 0.203647
4725000 0.195039 0.192712 0.2029 0.0 0.0 0.0 0.192848 0.195176 0.199497 0.196618 0.191005 0.205354
4725000 0.194545 0.199638 0.188207 0.0 0.0 0.0 0.197686 0.195851 0.186243 0.191638 0.20322 0.190024
4725000 0.198787 0.198055 0.190394 0.0 0.0 0.0 0.197686 0.195851 0.186243 0.199994 0.200562 0.194951
4725000 0.201279 0.185125 0.181799 0.0 0.0 0.0 0.1995 0.187255 0.185565 0.202688 0.183512 0.178812
4725000 0.201289 0.183623 0.185129 0.0 0.0 0.0 0.1995 0.187255 0.185565 0.202875 0.180485 0.184743
4725000 0.201752 0.194327 0.183792 0.0 0.0 0.0 0.197686 0.195851 0.186243 0.207448 0.192289 0.180359
4725000 0.201701 0.189978 0.188605 0.0 0.0 0.0 0.203866 0.192739 0.191595 0.1995 0.187255 0.185565
4725000 0.200069 0.191188 0.192155 0.0 0.0 0.0 0.203866 0.192739 0.191595 0.195675 0.189482 0.192802
4725000 0.19742 0.192647 0.199448 0.0 0.0 0.0 0.192848 0.195176 0.199497 0.20181 0.190299 0.1994
4725000 0.2022 0.197679 0.18749 0.0 0.0 0.0 0.197686 0.195851 0.186243 0.205257 0.198986 0.188334
4725000 0.197035 0.196485 0.202307 0.0 0.0 0.0 0.192848 0.195176 0.199497 0.201753 0.198046 0.205474
4725000 0.190987 0.188442 0.202189 0.0 0.0 0.0 0.188294 0.189949 0.203647 0.193762 0.186972 0.200686
4725000 0.193024 0.186417 0.20423 0.0 0.0 0.0 0.192108 0.185822 0.208621 0.193762 0.186972 0.200686
4725000 0.187417 0.190511 0.206861 0.0 0.0 0.0 0.186343 0.19129 0.210794 0.188294 0.189949 0.203647
4725000 0.189656 0.190433 0.213192 0.0 0.0 0.0 0.186343 0.19129 0.210794 0.192591 0.18975 0.215318
4725000 0.194831 0.193517 0.20674 0.0 0.0 0.0 0.192417 0.197001 0.208611 0.196618 0.191005 0.205354
4725000 0.194975 0.192884 0.215261 0.0 0.0 0.0 0.192591 0.18975 0.215318 0.197481 0.196263 0.215203
4725000 0.186413 0.193475 0.214235 0.0 0.0 0.0 0.186343 0.19129 0.210794 0.186513 0.196745 0.219228
4725000 0.190287 0.192362 0.2168 0.0 0.0 0.0 0.192591 0.18975 0.215318 0.186513 0.196745 0.219228
4725000 0.196737 0.197751 0.218687 0.0 0.0 0.0 0.195824 0.199666 0.222958 0.197481 0.196263 0.215203
4725000 0.197212 0.188357 0.200135 0.0 0.0 0.0 0.20181 0.190299 0.1994 0.193762 0.186972 0.200686
4725000 0.19605 0.187203 0.210304 0.0 0.0 0.0 0.192108 0.185822 0.208621 0.200535 0.188863 0.21222
4725000 0.195985 0.18933 0.213995 0.0 0.0 0.0 0.200535 0.188863 0.21222 0.192591 0.18975 0.215318
4725000 0.201796 0.19584 0.214305 0.0 0.0 0.0 0.206327 0.195479 0.213362 0.197481 0.196263 0.215203
4725000 0.200578 0.193974 0.217473 0.0 0.0 0.0 0.203931 0.191579 0.219933 0.197481 0.196263 0.215203
4725000 0.199688 0.182645 0.216495 0.0 0.0 0.0 0.200804 0.179264 0.212491 0.198842 0.185281 0.219529
4725000 0.201205 0.188165 0.219716 0.0 0.0 0.0 0.203931 0.191579 0.219933 0.198842 0.185281 0.219529
4725000 0.202228 0.196008 0.193016 0.0 0.0 0.0 0.203866 0.192739 0.191595 0.199994 0.200562 0.194951
4725000 0.204598 0.198273 0.196512 0.0 0.0 0.0 0.208697 0.196311 0.197902 0.199994 0.200562 0.194951
4725000 0.206275 0.180508 0.183822 0.0 0.0 0.0 0.211504 0.180649 0.182403 0.202875 0.180485 0.184743
4725000 0.209303 0.178758 0.186985 0.0 0.0 0.0 0.207587 0.177358 0.190555 0.211504 0.180649 0.182403
4725000 0.205018 0.179021 0.187387 0.0 0.0 0.0 0.207587 0.177358 0.190555 0.202875 0.180485 0.184743
4725000 0.209774 0.183261 0.197754 0.0 0.0 0.0 0.212584 0.182913 0.194173 0.206975 0.18369 0.201319
4725000 0.207133 0.181458 0.189794 0.0 0.0 0.0 0.207587 0.177358 0.190555 0.206682 0.185607 0.189039
4725000 0.209665 0.184204 0.191634 0.0 0.0 0.0 0.212584 0.182913 0.194173 0.206682 0.185607 0.189039
4725000 0.201334 0.186203 0.197286 0.0 0.0 0.0 0.200809 0.181772 0.194953 0.20181 0.190299 0.1994
4725000 0.204825 0.18013 0.201678 0.0 0.0 0.0 0.206975 0.18369 0.201319 0.202799 0.176855 0.202016
4725000 0.207865 0.179979 0.204263 0.0 0.0 0.0 0.208759 0.176335 0.207219 0.206975 0.18369 0.201319
4725000 0.207477 0.180188 0.208022 0.0 0.0 0.0 0.206442 0.183373 0.20867 0.208759 0.176335 0.207219
4725000 0.206068 0.179757 0.212901 0.0 0.0 0.0 0.209472 0.180143 0.213167 0.200804 0.179264 0.212491
4725000 0.204529 0.186779 0.20041 0.0 0.0 0.0 0.20181 0.190299 0.1994 0.206975 0.18369 0.201319
4725000 0.214074 0.182629 0.201208 0.0 0.0 0.0 0.213182 0.178651 0.200942 0.215297 0.188177 0.201572
4725000 0.207295 0.187039 0.20404 0.0 0.0 0.0 0.206975 0.18369 0.201319 0.20763 0.190623 0.206884
4725000 0.20403 0.185573 0.210119 0.0 0.0 0.0 0.206442 0.183373 0.20867 0.200535 0.188863 0.21222
4725000 0.210986 0.182647 0.211251 0.0 0.0 0.0 0.209472 0.180143 0.213167 0.212593 0.185387 0.20922
4725000 0.200672 0.183951 0.212357 0.0 0.0 0.0 0.200535 0.188863 0.21222 0.200804 0.179264 0.212491
4725000 0.20997 0.182732 0.214574 0.0 0.0 0.0 0.209472 0.180143 0.213167 0.210757 0.186937 0.216804
4725000 0.215765 0.179563 0.203923 0.0 0.0 0.0 0.218936 0.180772 0.20758 0.213182 0.178651 0.200942
4725000 0.207997 0.183108 0.217848 0.0 0.0 0.0 0.205996 0.180402 0.218606 0.210757 0.186937 0.216804
4725000 0.206974 0.188113 0.185732 0.0 0.0 0.0 0.207448 0.192289 0.180359 0.206682 0.185607 0.189039
4725000 0.205174 0.192534 0.187493 0.0 0.0 0.0 0.203866 0.192739 0.191595 0.207448 0.192289 0.180359
4725000 0.205971 0.196763 0.185735 0.0 0.0 0.0 0.205257 0.198986 0.188334 0.207448 0.192289 0.180359
4725000 0.212406 0.190088 0.184881 0.0 0.0 0.0 0.215959 0.188582 0.18812 0.207448 0.192289 0.180359
4725000 0.207269 0.190928 0.193028 0.0 0.0 0.0 0.209949 0.189574 0.194156 0.203866 0.192739 0.191595
4725000 0.206049 0.194312 0.194444 0.0 0.0 0.0 0.203866 0.192739 0.191595 0.208697 0.196311 0.197902
4725000 0.212524 0.194297 0.195926 0.0 0.0 0.0 0.208697 0.196311 0.197902 0.215023 0.193048 0.194637
4725000 0.211106 0.197317 0.193426 0.0 0.0 0.0 0.208697 0.196311 0.197902 0.21377 0.198514 0.188475
4725000 0.208535 0.198764 0.188389 0.0 0.0 0.0 0.205257 0.198986 0.188334 0.21377 0.198514 0.188475
4725000 0.20481 0.190425 0.203257 0.0 0.0 0.0 0.20181 0.190299 0.1994 0.20763 0.190623 0.206884
4725000 0.211893 0.189026 0.196852 0.0 0.0 0.0 0.209949 0.189574 0.194156 0.215297 0.188177 0.201572
4725000 0.211786 0.192464 0.199619 0.0 0.0 0.0 0.208697 0.196311 0.197902 0.215297 0.188177 0.201572
4725000 0.205425 0.197088 0.201469 0.0 0.0 0.0 0.208697 0.196311 0.197902 0.201753 0.198046 0.205474
4725000 0.212025 0.200154 0.196501 0.0 0.0 0.0 0.208697 0.196311 0.197902 0.21415 0.202672 0.195606
4725000 0.21097 0.186941 0.188615 0.0 0.0 0.0 0.215959 0.188582 0.18812 0.206682 0.185607 0.189039
4725000 0.212277 0.189149 0.191819 0.0 0.0 0.0 0.209949 0.189574 0.194156 0.215959 0.188582 0.18812
4725000 0.216157 0.194884 0.196821 0.0 0.0 0.0 0.217844 0.197716 0.20007 0.215023 0.193048 0.194637
4725000 0.213337 0.196983 0.199001 0.0 0.0 0.0 0.217844 0.197716 0.20007 0.208697 0.196311 0.197902
4725000 0.214905 0.193322 0.188292 0.0 0.0 0.0 0.215959 0.188582 0.18812 0.21377 0.198514 0.188475
4725000 0.217861 0.201302 0.191012 0.0 0.0 0.0 0.21377 0.198514 0.188475 0.221797 0.204062 0.193451
4725000 0.204291 0.189754 0.209396 0.0 0.0 0.0 0.200535 0.188863 0.21222 0.20763 0.190623 0.206884
4725000 0.203712 0.192451 0.212846 0.0 0.0 0.0 0.200535 0.188863 0.21222 0.206327 0.195479 0.213362
4725000 0.201113 0.193175 0.209022 0.0 0.0 0.0 0.200535 0.188863 0.21222 0.201753 0.198046 0.205474
4725000 0.210467 0.18759 0.208219 0.0 0.0 0.0 0.212593 0.185387 0.20922 0.20763 0.190623 0.206884
4725000 0.209087 0.195244 0.205932 0.0 0.0 0.0 0.210151 0.198689 0.205236 0.20763 0.190623 0.206884
4725000 0.204379 0.196532 0.210002 0.0 0.0 0.0 0.206327 0.195479 0.213362 0.201753 0.198046 0.205474
4725000 0.208087 0.196649 0.216679 0.0 0.0 0.0 0.210562 0.19839 0.221345 0.206327 0.195479 0.213362
4725000 0.210739 0.200807 0.203072 0.0 0.0 0.0 0.210151 0.198689 0.205236 0.211311 0.202947 0.200967
4725000 0.218554 0.184476 0.199289 0.0 0.0 0.0 0.222432 0.18016 0.19657 0.215297 0.188177 0.201572
4725000 0.213894 0.188474 0.209907 0.0 0.0 0.0 0.212593 0.185387 0.20922 0.216542 0.194878 0.211307
4725000 0.211159 0.192267 0.208635 0.0 0.0 0.0 0.216542 0.194878 0.211307 0.20763 0.190623 0.206884
4725000 0.215861 0.191174 0.205985 0.0 0.0 0.0 0.216542 0.194878 0.211307 0.215297 0.188177 0.201572
4725000 0.213903 0.20083 0.200611 0.0 0.0 0.0 0.217844 0.197716 0.20007 0.211311 0.202947 0.200967
4725000 0.217304 0.196498 0.20473 0.0 0.0 0.0 0.217844 0.197716 0.20007 0.216542 0.194878 0.211307
4725000 0.21973 0.200704 0.196912 0.0 0.0 0.0 0.217844 0.197716 0.20007 0.221797 0.204062 0.193451
4725000 0.217928 0.201984 0.201858 0.0 0.0 0.0 0.217844 0.197716 0.20007 0.218028 0.207099 0.203965
4725000 0.183161 0.206924 0.194053 -1.59352 -0.251312 0.32243 0.186407 0.207443 0.193926 0.179391 0.206321 0.1942
4725000 0.18282 0.203781 0.210121 -2.07147 -0.774185 2.21087 0.186932 0.206395 0.205705 0.18001 0.201995 0.213139
4725000 0.181272 0.218371 0.19795 1.91335 0.796811 -0.589618 0.17841 0.216729 0.198541 0.184105 0.219997 0.197366
4725000 0.183952 0.218172 0.200134 0.0922939 0.247303 -0.467258 0.183774 0.216053 0.203348 0.184105 0.219997 0.197366
4725000 0.190493 0.198887 0.189968 -0.586635 -1.68833 -0.27376 0.191638 0.20322 0.190024 0.189418 0.194825 0.189915
4725000 0.192828 0.20028 0.211795 -0.605469 -5.54898 -7.40645 0.193243 0.203592 0.215009 0.192417 0.197001 0.208611
4725000 0.188445 0.208491 0.185643 -1.53776 -2.63257 -2.29628 0.18968 0.212057 0.188357 0.187538 0.205872 0.183649
4725000 0.188622 0.205655 0.192274 0.784702 -0.462295 -0.423225 0.186407 0.207443 0.193926 0.191638 0.20322 0.190024
4725000 0.194326 0.206438 0.191608 2.09859 1.80388 1.18063 0.191638 0.20322 0.190024 0.19679 0.209389 0.19306
4725000 0.187797 0.210032 0.195405 1.33163 1.96255 1.61502 0.186407 0.207443 0.193926 0.189748 0.213665 0.197482
4725000 0.19692 0.209587 0.197163 -0.162166 0.209639 1.56209 0.19679 0.209389 0.19306 0.19707 0.209818 0.201926
4725000 0.19335 0.211773 0.199668 -2.21299 0.726948 -1.46028 0.19707 0.209818 0.201926 0.189748 0.213665 0.197482
4725000 0.192019 0.214476 0.18515 -1.94286 -1.54946 3.09373 0.194455 0.216993 0.181812 0.18968 0.212057 0.188357
4725000 0.197326 0.213348 0.192098 0.488126 2.24779 -0.907236 0.19679 0.209389 0.19306 0.197949 0.217944 0.190982
4725000 0.190822 0.215182 0.20171 -1.18091 -0.745481 -3.84642 0.191932 0.21675 0.20608 0.189748 0.213665 0.197482
4725000 0.195969 0.206925 0.213295 0.954781 1.48607 -0.962871 0.193243 0.203592 0.215009 0.198886 0.210493 0.211461
4725000 0.191538 0.207891 0.215295 -4.86521 8.62373 -0.197864 0.193243 0.203592 0.215009 0.189429 0.213208 0.215648
4725000 0.20295 0.212977 0.212844 1.34691 0.552497 0.496117 0.198886 0.210493 0.211461 0.206606 0.215211 0.214087
4725000 0.201266 0.207595 0.201475 4.00004 -1.40644 -0.166806 0.19707 0.209818 0.201926 0.204815 0.205715 0.201094
4725000 0.201173 0.21181 0.203325 1.12749 0.353056 0.276067 0.19707 0.209818 0.201926 0.205195 0.213762 0.204697
4725000 0.190795 0.21514 0.210428 -1.09731 -0.717019 3.53626 0.191932 0.21675 0.20608 0.189429 0.213208 0.215648
4725000 0.201031 0.204201 0.219105 -1.29123 1.63529 1.97147 0.202785 0.201538 0.216859 0.199498 0.206528 0.221068
4725000 0.198979 0.217711 0.195635 0.532485 -0.243289 1.50605 0.197949 0.217944 0.190982 0.1998 0.217526 0.199344
4725000 0.210278 0.200666 0.185216 0.51243 -0.441248 0.441486 0.208027 0.202053 0.183116 0.21377 0.198514 0.188475
4725000 0.208414 0.200194 0.195205 -0.412976 -4.5876 3.86435 0.208214 0.202931 0.193304 0.208697 0.196311 0.197902
4725000 0.214011 0.20115 0.192996 0.0628456 -0.777193 -1.89599 0.21415 0.202672 0.195606 0.21377 0.198514 0.188475
4725000 0.204547 0.198525 0.21512 1.56851 -1.84978 -1.31951 0.202785 0.201538 0.216859 0.206327 0.195479 0.213362
4725000 0.204919 0.202269 0.181815 -0.168407 0.00394735 -0.103003 0.208027 0.202053 0.183116 0.200522 0.202576 0.179974
4725000 0.203155 0.211218 0.182421 0.345752 -0.227689 1.04664 0.201267 0.211653 0.178394 0.205801 0.210608 0.188066
4725000 0.211836 0.209616 0.189418 -3.20305 0.83296 -0.289385 0.215392 0.209032 0.190215 0.205801 0.210608 0.188066
4725000 0.212953 0.205383 0.19621 -1.55848 2.46914 0.806926 0.21415 0.202672 0.195606 0.211237 0.209268 0.197075
4725000 0.207375 0.2056 0.191482 -2.1465 4.22779 -3.68928 0.208214 0.202931 0.193304 0.205801 0.210608 0.188066
4725000 0.207911 0.207428 0.199156 -5.44648 -2.06617 4.01098 0.211237 0.209268 0.197075 0.204815 0.205715 0.201094
4725000 0.212767 0.212615 0.199364 -2.74738 -4.11926 -3.72806 0.214243 0.215842 0.201571 0.211237 0.209268 0.197075
4725000 0.212098 0.213102 0.195245 0.198609 1.16939 -0.790219 0.211237 0.209268 0.197075 0.212882 0.216599 0.193577
4725000 0.2181 0.206931 0.191583 4.02192 -2.20928 2.19311 0.215392 0.209032 0.190215 0.221797 0.204062 0.193451
4725000 0.210065 0.215027 0.216898 -1.29191 -0.124811 -0.847418 0.213244 0.214858 0.219481 0.206606 0.215211 0.214087
4725000 0.20891 0.215595 0.206866 1.20381 0.459157 0.918628 0.205195 0.213762 0.204697 0.211473 0.216859 0.208361
4725000 0.212679 0.216416 0.205404 -0.611858 0.172902 1.00389 0.214243 0.215842 0.201571 0.211473 0.216859 0.208361
4725000 0.215651 0.209952 0.207915 0.528007 -1.03406 -1.39129 0.214315 0.211556 0.210136 0.218028 0.207099 0.203965
4725000 0.214298 0.217197 0.209878 -1.92162 -0.501466 -1.35202 0.218026 0.217644 0.211879 0.211473 0.216859 0.208361
4725000 0.200003 0.209014 0.186308 0.46947 0.186504 0.0852905 0.19646 0.20804 0.185234 0.205801 0.210608 0.188066
4725000 0.194692 0.208235 0.181845 0.00884048 0.0018512 0.0155018 0.19283 0.20844 0.178277 0.19646 0.20804 0.185234
4725000 0.21212 0.20944 0.210134 -0.489288 -0.381779 0.0741644 0.214315 0.211556 0.210136 0.208106 0.205569 0.210131
4725000 0.193398 0.209854 0.186644 -0.784328 0.445942 0.534834 0.19646 0.20804 0.185234 0.18968 0.212057 0.188357
4725000 0.184378 0.216841 0.191518 -1.56666 -2.4975 0.538601 0.186552 0.220353 0.19006 0.182342 0.213553 0.192882
4725000 0.198267 0.205609 0.182894 0.500602 -0.460708 -0.600571 0.19646 0.20804 0.185234 0.200522 0.202576 0.179974
4725000 0.207835 0.198809 0.1822 -0.219421 -1.20626 -0.49682 0.208027 0.202053 0.183116 0.207448 0.192289 0.180359
4725000 0.215448 0.209761 0.212323 0.615205 -1.76333 2.05155 0.214315 0.211556 0.210136 0.217688 0.206209 0.216648
4725000 0.184941 0.212485 0.204218 0.439885 -1.39114 0.232502 0.183774 0.216053 0.203348 0.186932 0.206395 0.205705
4725000 0.183201 0.216726 0.210166 1.10168 1.17036 0.20429 0.180987 0.213673 0.210046 0.185303 0.219627 0.210281
4725000 0.188146 0.218393 0.208479 -0.457326 0.285934 0.388449 0.191932 0.21675 0.20608 0.185303 0.219627 0.210281
4725000 0.185826 0.213606 0.195046 -1.77378 -0.240916 -1.4504 0.189748 0.213665 0.197482 0.182342 0.213553 0.192882
4725000 0.216013 0.216584 0.191162 -0.469705 -5.47365e-06 0.25568 0.220664 0.216562 0.187573 0.212882 0.216599 0.193577
4725000 0.204175 0.211355 0.194069 -0.0011968 0.000326236 0.00265139 0.205801 0.210608 0.188066 0.203322 0.211747 0.19722
4725000 0.206622 0.200497 0.185762 -0.583195 -0.381099 0.908089 0.208027 0.202053 0.183116 0.205257 0.198986 0.188334
4725000 0.20036 0.209872 0.191081 0.887299 0.233774 -0.657901 0.19679 0.209389 0.19306 0.205801 0.210608 0.188066
4725000 0.195727 0.202982 0.204792 0.00946766 -0.091565 -0.464316 0.196072 0.203857 0.20778 0.19539 0.202127 0.201876
4725000 0.197161 0.206426 0.209205 -0.243644 -0.386373 -0.198703 0.198886 0.210493 0.211461 0.196072 0.203857 0.20778
4725000 0.187764 0.209355 0.191617 1.547 1.67123 -1.7408 0.186407 0.207443 0.193926 0.18968 0.212057 0.188357
4725000 0.185766 0.204374 0.194925 -0.587834 -3.24452 1.65627 0.186407 0.207443 0.193926 0.184789 0.199698 0.196449
4725000 0.197714 0.200637 0.20319 0.103168 -0.0837253 0.0850783 0.19539 0.202127 0.201876 0.201753 0.198046 0.205474
4725000 0.204853 0.201716 0.207746 -0.0783118 -0.0869446 -0.079717 0.208106 0.205569 0.210131 0.201753 0.198046 0.205474
4725000 0.183154 0.211019 0.208463 -0.219123 0.226025 0.0957856 0.186932 0.206395 0.205705 0.180987 0.213673 0.210046
4725000 0.20222 0.215837 0.201745 -0.35759 0.320799 -0.508959 0.205195 0.213762 0.204697 0.1998 0.217526 0.199344
4725000 0.191408 0.201418 0.185927 0.157698 -1.21528 -4.19372 0.191638 0.20322 0.190024 0.191222 0.199957 0.182608
4725000 0.181725 0.203457 0.195173 1.44924 -1.28231 0.561904 0.179391 0.206321 0.1942 0.184789 0.199698 0.196449
4725000 0.194538 0.201621 0.218998 1.55007 -1.70292 5.58476 0.193243 0.203592 0.215009 0.195824 0.199666 0.222958
4725000 0.199403 0.21255 0.215945 0.49422 0.76982 2.57893 0.198886 0.210493 0.211461 0.199881 0.214451 0.220087
4725000 0.212711 0.205876 0.213263 0.879746 -0.0107441 0.428215 0.208106 0.205569 0.210131 0.217688 0.206209 0.216648
4725000 0.194931 0.20375 0.210696 0.071346 0.0225648 -0.322186 0.193243 0.203592 0.215009 0.196072 0.203857 0.20778
4725000 0.213718 0.204435 0.202042 -3.21573 -1.32275 -1.16897 0.218028 0.207099 0.203965 0.211311 0.202947 0.200967
4725000 0.19796 0.210149 0.206601 -0.963288 -0.0692273 -2.72 0.198886 0.210493 0.211461 0.19707 0.209818 0.201926
4725000 0.189714 0.212864 0.192934 -0.314436 0.348416 2.03383 0.18968 0.212057 0.188357 0.189748 0.213665 0.197482
4725000 0.191948 0.204419 0.194331 0.209724 0.259596 2.26853 0.191638 0.20322 0.190024 0.192173 0.20529 0.19746
4725000 0.193832 0.203659 0.199737 0.286443 -0.183462 0.302764 0.192173 0.20529 0.19746 0.19539 0.202127 0.201876
4725000 0.190438 0.205656 0.20019 -0.753375 -0.0500295 1.37705 0.192173 0.20529 0.19746 0.186932 0.206395 0.205705
4725000 0.203226 0.208175 0.210835 1.37891 -0.591024 0.0107113 0.198886 0.210493 0.211461 0.208106 0.205569 0.210131
4725000 0.204412 0.215833 0.184904 -1.50481 4.7888 -4.08783 0.205801 0.210608 0.188066 0.203641 0.218735 0.183149
4725000 0.202736 0.203492 0.198444 0.18931 0.143758 0.25389 0.199994 0.200562 0.194951 0.204815 0.205715 0.201094
4725000 0.208527 0.204133 0.201021 -1.11728 0.278758 0.0332639 0.211311 0.202947 0.200967 0.204815 0.205715 0.201094
4725000 0.218596 0.210024 0.199437 -0.0803165 -0.944321 2.05613 0.219007 0.212142 0.19616 0.218028 0.207099 0.203965
4725000 0.212934 0.214133 0.209273 -2.04317 2.64771 -1.03637 0.214315 0.211556 0.210136 0.211473 0.216859 0.208361
4725000 0.194159 0.207127 0.199271 0.73334 0.539307 0.80104 0.192173 0.20529 0.19746 0.19707 0.209818 0.201926
4725000 0.213481 0.20914 0.19337 -1.92884 0.0915372 4.74248 0.215392 0.209032 0.190215 0.211237 0.209268 0.197075
4725000 0.185782 0.212852 0.190761 -0.350149 0.0331331 0.155482 0.18968 0.212057 0.188357 0.182342 0.213553 0.192882
4725000 0.198589 0.214106 0.200489 0.527397 1.00319 -0.46495 0.19707 0.209818 0.201926 0.1998 0.217526 0.199344
4725000 0.194499 0.211752 0.213404 -0.900843 0.0999421 0.425986 0.198886 0.210493 0.211461 0.189429 0.213208 0.215648
4725000 0.200771 0.21096 0.19914 0.000826629 0.000268782 -0.000862852 0.19707 0.209818 0.201926 0.203322 0.211747 0.19722
4725000 0.21833 0.216454 0.202197 0.567817 0.175501 0.0588263 0.214243 0.215842 0.201571 0.224757 0.217417 0.203182
4725000 0.188266 0.210035 0.211018 0.0582645 0.144496 0.304756 0.186932 0.206395 0.205705 0.189429 0.213208 0.215648
4725000 0.198179 0.201702 0.206925 0.257436 -0.194488 -0.0697041 0.196072 0.203857 0.20778 0.201753 0.198046 0.205474
4725000 0.203992 0.209039 0.198959 0.00143326 -0.00363617 0.00311777 0.203322 0.211747 0.19722 0.204815 0.205715 0.201094
4725000 0.192807 0.208379 0.203514 1.40316 0.722514 -0.437912 0.186932 0.206395 0.205705 0.19707 0.209818 0.201926
4725000 0.203289 0.214836 0.217047 0.0841871 -0.00659986 -0.0660909 0.199881 0.214451 0.220087 0.206606 0.215211 0.214087
4725000 0.180288 0.20869 0.197061 -0.00200623 -0.00340528 -0.00361796 0.181008 0.210591 0.199356 0.179391 0.206321 0.1942
4725000 0.182892 0.209257 0.201374 0.00219171 -0.00116494 0.00168418 0.181008 0.210591 0.199356 0.186932 0.206395 0.205705
4725000 0.199178 0.215349 0.212429 0.000749537 0.00623181 0.00225052 0.198886 0.210493 0.211461 0.199397 0.218987 0.213154
4725000 0.199614 0.216956 0.216258 -4.8131e-05 0.000341181 -0.000377887 0.199881 0.214451 0.220087 0.199397 0.218987 0.213154
4725000 0.206175 0.217693 0.202361 -0.207625 -0.455644 0.290062 0.207129 0.22152 0.200086 0.205195 0.213762 0.204697
4725000 0.18807 0.216328 0.189234 1.30691 -2.56962 -0.915358 0.186552 0.220353 0.19006 0.18968 0.212057 0.188357
4725000 0.190762 0.21817 0.197416 0.685091 1.75811 -0.12456 0.189748 0.213665 0.197482 0.191868 0.223081 0.197344
4725000 0.207756 0.206961 0.215521 -0.000786863 0.000649953 0.00394917 0.208106 0.205569 0.210131 0.207458 0.208151 0.220128
4725000 0.217018 0.203194 0.194798 0.119142 0.0338064 -0.0178441 0.21415 0.202672 0.195606 0.221797 0.204062 0.193451
4725000 0.214972 0.217813 0.186837 0.0 0.0 0.0 0.220664 0.216562 0.187573 0.211432 0.218597 0.186378
4725000 0.2167 0.213934 0.19878 0.146376 -0.0843877 -0.195229 0.214243 0.215842 0.201571 0.219007 0.212142 0.19616
4725000 0.204975 0.203197 0.214091 0.240592 0.206316 -0.234714 0.202785 0.201538 0.216859 0.208106 0.205569 0.210131
4725000 0.206523 0.210025 0.207175 -0.264002 0.62185 -0.580344 0.208106 0.205569 0.210131 0.205195 0.213762 0.204697
4725000 0.180984 0.203006 0.199229 0.0 0.0 0.0 0.178667 0.205082 0.200921 0.184789 0.199698 0.196449
4725000 0.188407 0.201518 0.193056 0.0 0.0 0.0 0.191638 0.20322 0.190024 0.184789 0.199698 0.196449
4725000 0.189267 0.203049 0.197062 0.0 0.0 0.0 0.192173 0.20529 0.19746 0.184789 0.199698 0.196449
4725000 0.185717 0.202556 0.200453 0.0 0.0 0.0 0.186932 0.206395 0.205705 0.184789 0.199698 0.196449
4725000 0.182438 0.20148 0.205052 0.0 0.0 0.0 0.186932 0.206395 0.205705 0.178879 0.197659 0.204535
4725000 0.18158 0.211819 0.196587 0.0 0.0 0.0 0.181008 0.210591 0.199356 0.182342 0.213553 0.192882
4725000 0.183317 0.217076 0.195361 0.0 0.0 0.0 0.184105 0.219997 0.197366 0.182342 0.213553 0.192882
4725000 0.182235 0.212971 0.201124 0.0 0.0 0.0 0.181008 0.210591 0.199356 0.183774 0.216053 0.203348
4725000 0.184599 0.210123 0.193461 0.0 0.0 0.0 0.186407 0.207443 0.193926 0.182342 0.213553 0.192882
4725000 0.187561 0.201739 0.188641 0.0 0.0 0.0 0.191638 0.20322 0.190024 0.183771 0.20044 0.187357
4725000 0.182367 0.214811 0.206732 0.0 0.0 0.0 0.183774 0.216053 0.203348 0.180987 0.213673 0.210046
4725000 0.181287 0.205458 0.202437 0.0 0.0 0.0 0.178667 0.205082 0.200921 0.186932 0.206395 0.205705
4725000 0.18434 0.213449 0.21227 0.0 0.0 0.0 0.180987 0.213673 0.210046 0.189429 0.213208 0.215648
4725000 0.180906 0.216375 0.200777 0.0 0.0 0.0 0.183774 0.216053 0.203348 0.17841 0.216729 0.198541
4725000 0.186465 0.217311 0.197415 0.0 0.0 0.0 0.189748 0.213665 0.197482 0.184105 0.219997 0.197366
4725000 0.186492 0.214928 0.20068 0.0 0.0 0.0 0.183774 0.216053 0.203348 0.189748 0.213665 0.197482
4725000 0.187419 0.216325 0.204568 0.0 0.0 0.0 0.183774 0.216053 0.203348 0.191932 0.21675 0.20608
4725000 0.184567 0.217865 0.20694 0.0 0.0 0.0 0.183774 0.216053 0.203348 0.185303 0.219627 0.210281
4725000 0.195585 0.199503 0.215116 0.0 0.0 0.0 0.193243 0.203592 0.215009 0.197481 0.196263 0.215203
4725000 0.19459 0.201036 0.208117 0.0 0.0 0.0 0.196072 0.203857 0.20778 0.192417 0.197001 0.208611
4725000 0.194201 0.200037 0.204568 0.0 0.0 0.0 0.19539 0.202127 0.201876 0.192417 0.197001 0.208611
4725000 0.190163 0.200823 0.207416 0.0 0.0 0.0 0.186932 0.206395 0.205705 0.192417 0.197001 0.208611
4725000 0.200083 0.19881 0.216015 0.0 0.0 0.0 0.202785 0.201538 0.216859 0.197481 0.196263 0.215203
4725000 0.190267 0.200524 0.216874 0.0 0.0 0.0 0.193243 0.203592 0.215009 0.186513 0.196745 0.219228
4725000 0.199592 0.200639 0.219656 0.0 0.0 0.0 0.202785 0.201538 0.216859 0.195824 0.199666 0.222958
4725000 0.189312 0.204685 0.186406 0.0 0.0 0.0 0.191638 0.20322 0.190024 0.187538 0.205872 0.183649
4725000 0.19424 0.205781 0.18744 0.0 0.0 0.0 0.191638 0.20322 0.190024 0.19646 0.20804 0.185234
4725000 0.190678 0.207518 0.189205 0.0 0.0 0.0 0.191638 0.20322 0.190024 0.18968 0.212057 0.188357
4725000 0.19546 0.201964 0.192277 0.0 0.0 0.0 0.191638 0.20322 0.190024 0.199994 0.200562 0.194951
4725000 0.19662 0.208651 0.189008 0.0 0.0 0.0 0.19679 0.209389 0.19306 0.19646 0.20804 0.185234
4725000 0.189307 0.206321 0.195702 0.0 0.0 0.0 0.186407 0.207443 0.193926 0.192173 0.20529 0.19746
4725000 0.194214 0.207062 0.195515 0.0 0.0 0.0 0.192173 0.20529 0.19746 0.19679 0.209389 0.19306
4725000 0.191171 0.208714 0.197469 0.0 0.0 0.0 0.192173 0.20529 0.19746 0.189748 0.213665 0.197482
4725000 0.195143 0.203455 0.196508 0.0 0.0 0.0 0.192173 0.20529 0.19746 0.199994 0.200562 0.194951
4725000 0.193454 0.210601 0.190853 0.0 0.0 0.0 0.19679 0.209389 0.19306 0.18968 0.212057 0.188357
4725000 0.193475 0.211363 0.195142 0.0 0.0 0.0 0.19679 0.209389 0.19306 0.189748 0.213665 0.197482
4725000 0.198187 0.205502 0.193884 0.0 0.0 0.0 0.19679 0.209389 0.19306 0.199994 0.200562 0.194951
4725000 0.188587 0.210627 0.200874 0.0 0.0 0.0 0.186932 0.206395 0.205705 0.189748 0.213665 0.197482
4725000 0.19707 0.201515 0.199349 0.0 0.0 0.0 0.19539 0.202127 0.201876 0.199994 0.200562 0.194951
4725000 0.195575 0.211956 0.183723 0.0 0.0 0.0 0.194455 0.216993 0.181812 0.19646 0.20804 0.185234
4725000 0.193761 0.214923 0.189653 0.0 0.0 0.0 0.197949 0.217944 0.190982 0.18968 0.212057 0.188357
4725000 0.188109 0.217058 0.193673 0.0 0.0 0.0 0.186552 0.220353 0.19006 0.189748 0.213665 0.197482
4725000 0.200975 0.194977 0.197355 0.0 0.0 0.0 0.199994 0.200562 0.194951 0.20181 0.190299 0.1994
4725000 0.200875 0.199262 0.200215 0.0 0.0 0.0 0.199994 0.200562 0.194951 0.201753 0.198046 0.205474
4725000 0.198678 0.209668 0.182078 0.0 0.0 0.0 0.201267 0.211653 0.178394 0.19646 0.20804 0.185234
4725000 0.20042 0.21066 0.195372 0.0 0.0 0.0 0.19679 0.209389 0.19306 0.203322 0.211747 0.19722
4725000 0.205044 0.201977 0.193939 0.0 0.0 0.0 0.208214 0.202931 0.193304 0.199994 0.200562 0.194951
4725000 0.190634 0.204711 0.211162 0.0 0.0 0.0 0.193243 0.203592 0.215009 0.186932 0.206395 0.205705
4725000 0.193124 0.204637 0.20711 0.0 0.0 0.0 0.196072 0.203857 0.20778 0.186932 0.206395 0.205705
4725000 0.196469 0.20618 0.205459 0.0 0.0 0.0 0.196072 0.203857 0.20778 0.19707 0.209818 0.201926
4725000 0.192705 0.203441 0.203091 0.0 0.0 0.0 0.186932 0.206395 0.205705 0.19539 0.202127 0.201876
4725000 0.196046 0.205091 0.201895 0.0 0.0 0.0 0.19707 0.209818 0.201926 0.19539 0.202127 0.201876
4725000 0.196847 0.205244 0.218499 0.0 0.0 0.0 0.193243 0.203592 0.215009 0.199498 0.206528 0.221068
4725000 0.18983 0.212356 0.205922 0.0 0.0 0.0 0.191932 0.21675 0.20608 0.186932 0.206395 0.205705
4725000 0.195343 0.213642 0.208719 0.0 0.0 0.0 0.198886 0.210493 0.211461 0.191932 0.21675 0.20608
4725000 0.194503 0.213244 0.204002 0.0 0.0 0.0 0.191932 0.21675 0.20608 0.19707 0.209818 0.201926
4725000 0.202134 0.212136 0.20798 0.0 0.0 0.0 0.198886 0.210493 0.211461 0.205195 0.213762 0.204697
4725000 0.198425 0.202437 0.216013 0.0 0.0 0.0 0.193243 0.203592 0.215009 0.202785 0.201538 0.216859
4725000 0.195237 0.213859 0.218115 0.0 0.0 0.0 0.199881 0.214451 0.220087 0.189429 0.213208 0.215648
4725000 0.186891 0.217118 0.212346 0.0 0.0 0.0 0.189429 0.213208 0.215648 0.185303 0.219627 0.210281
4725000 0.193046 0.218109 0.218173 0.0 0.0 0.0 0.195328 0.221267 0.219769 0.189429 0.213208 0.215648
4725000 0.196214 0.217433 0.18643 0.0 0.0 0.0 0.194455 0.216993 0.181812 0.197949 0.217944 0.190982
4725000 0.199799 0.217968 0.18259 0.0 0.0 0.0 0.194455 0.216993 0.181812 0.203641 0.218735 0.183149
4725000 0.20169 0.214387 0.198205 0.0 0.0 0.0 0.203322 0.211747 0.19722 0.1998 0.217526 0.199344
4725000 0.201344 0.214733 0.189722 0.0 0.0 0.0 0.197949 0.217944 0.190982 0.205801 0.210608 0.188066
4725000 0.201241 0.218363 0.186453 0.0 0.0 0.0 0.197949 0.217944 0.190982 0.203641 0.218735 0.183149
4725000 0.202674 0.217232 0.213578 0.0 0.0 0.0 0.206606 0.215211 0.214087 0.199397 0.218987 0.213154
4725000 0.210376 0.201171 0.191424 0.0 0.0 0.0 0.208214 0.202931 0.193304 0.21377 0.198514 0.188475
4725000 0.206722 0.2009 0.190797 0.0 0.0 0.0 0.208214 0.202931 0.193304 0.205257 0.198986 0.188334
4725000 0.207064 0.199618 0.212023 0.0 0.0 0.0 0.208106 0.205569 0.210131 0.206327 0.195479 0.213362
4725000 0.205996 0.200199 0.218711 0.0 0.0 0.0 0.202785 0.201538 0.216859 0.210562 0.19839 0.221345
4725000 0.207248 0.205009 0.184849 0.0 0.0 0.0 0.208027 0.202053 0.183116 0.205801 0.210608 0.188066
4725000 0.21123 0.208057 0.1848 0.0 0.0 0.0 0.205801 0.210608 0.188066 0.215229 0.206247 0.182394
4725000 0.207222 0.208578 0.18223 0.0 0.0 0.0 0.205801 0.210608 0.188066 0.208009 0.207518 0.179002
4725000 0.202602 0.215595 0.181068 0.0 0.0 0.0 0.201267 0.211653 0.178394 0.203641 0.218735 0.183149
4725000 0.211329 0.202755 0.194512 0.0 0.0 0.0 0.208214 0.202931 0.193304 0.21415 0.202672 0.195606
4725000 0.209529 0.205649 0.194945 0.0 0.0 0.0 0.208214 0.202931 0.193304 0.211237 0.209268 0.197075
4725000 0.209014 0.209777 0.193391 0.0 0.0 0.0 0.205801 0.210608 0.188066 0.211237 0.209268 0.197075
4725000 0.206737 0.210639 0.197158 0.0 0.0 0.0 0.203322 0.211747 0.19722 0.211237 0.209268 0.197075
4725000 0.212731 0.20277 0.198286 0.0 0.0 0.0 0.21415 0.202672 0.195606 0.211311 0.202947 0.200967
4725000 0.211281 0.205506 0.199367 0.0 0.0 0.0 0.211237 0.209268 0.197075 0.211311 0.202947 0.200967
4725000 0.204096 0.21254 0.200307 0.0 0.0 0.0 0.205195 0.213762 0.204697 0.203322 0.211747 0.19722
4725000 0.214181 0.212647 0.191839 0.0 0.0 0.0 0.215392 0.209032 0.190215 0.212882 0.216599 0.193577
4725000 0.210143 0.214242 0.191446 0.0 0.0 0.0 0.205801 0.210608 0.188066 0.212882 0.216599 0.193577
4725000 0.209358 0.215654 0.187 0.00329463 0.00431885 -0.00183271 0.205801 0.210608 0.188066 0.211432 0.218597 0.186378
4725000 0.206088 0.216614 0.190264 0.0 0.0 0.0 0.205801 0.210608 0.188066 0.206268 0.220459 0.191643
4725000 0.217145 0.2105 0.193097 0.0 0.0 0.0 0.219007 0.212142 0.19616 0.215392 0.209032 0.190215
4725000 0.215316 0.210737 0.196595 0.0 0.0 0.0 0.219007 0.212142 0.19616 0.211237 0.209268 0.197075
4725000 0.214255 0.208265 0.200137 0.0 0.0 0.0 0.218028 0.207099 0.203965 0.211237 0.209268 0.197075
4725000 0.210184 0.203829 0.204191 0.0 0.0 0.0 0.208106 0.205569 0.210131 0.211311 0.202947 0.200967
4725000 0.206197 0.205613 0.204887 0.0 0.0 0.0 0.208106 0.205569 0.210131 0.204815 0.205715 0.201094
4725000 0.207273 0.210886 0.212328 0.0 0.0 0.0 0.208106 0.205569 0.210131 0.206606 0.215211 0.214087
4725000 0.204992 0.209403 0.202762 0.0 0.0 0.0 0.205195 0.213762 0.204697 0.204815 0.205715 0.201094
4725000 0.205918 0.214465 0.209503 0.0 0.0 0.0 0.206606 0.215211 0.214087 0.205195 0.213762 0.204697
4725000 0.207018 0.211759 0.217007 0.0 0.0 0.0 0.206606 0.215211 0.214087 0.207458 0.208151 0.220128
4725000 0.209973 0.214822 0.203046 0.0 0.0 0.0 0.214243 0.215842 0.201571 0.205195 0.213762 0.204697
4725000 0.209431 0.216128 0.210764 0.0 0.0 0.0 0.206606 0.215211 0.214087 0.211473 0.216859 0.208361
4725000 0.213137 0.206305 0.207004 0.0 0.0 0.0 0.208106 0.205569 0.210131 0.218028 0.207099 0.203965
4725000 0.215864 0.214058 0.210863 0.0 0.0 0.0 0.214315 0.211556 0.210136 0.218026 0.217644 0.211879
4725000 0.204888 0.204474 0.218329 0.0 0.0 0.0 0.202785 0.201538 0.216859 0.207458 0.208151 0.220128
4725000 0.212128 0.217628 0.189838 0.0 0.0 0.0 0.211432 0.218597 0.186378 0.212882 0.216599 0.193577
4725000 0.213544 0.216193 0.197463 0.0 0.0 0.0 0.214243 0.215842 0.201571 0.212882 0.216599 0.193577
4725000 0.215956 0.214323 0.194874 0.0 0.0 0.0 0.219007 0.212142 0.19616 0.212882 0.216599 0.193577
4725000 0.21589 0.211997 0.202613 0.0 0.0 0.0 0.214243 0.215842 0.201571 0.218028 0.207099 0.203965
