# ts x y z Fx Fy Fz x1 y1 z1 x2 y2 z2
4568750 0.185942 0.192981 0.187908 0.88699 0.322158 0.495306 0.182668 0.191872 0.186025 0.189438 0.194165 0.189918
4568750 0.183436 0.190298 0.197063 -1.1864 0.586898 0.603755 0.187194 0.188147 0.195819 0.180681 0.191875 0.197976
4568750 0.188948 0.196707 0.198017 -2.37029 1.08119 -0.485388 0.192847 0.194505 0.199498 0.184801 0.199048 0.196443
4568750 0.19815 0.183597 0.183326 -0.413214 -1.68512 -1.11162 0.199504 0.186573 0.185574 0.19701 0.181092 0.181434
4568750 0.192905 0.181238 0.187268 -0.674847 0.763315 -0.395656 0.195594 0.17838 0.188123 0.18924 0.185135 0.186103
4568750 0.197918 0.179586 0.191168 2.95884 1.16958 2.78609 0.195594 0.17838 0.188123 0.200807 0.181087 0.194955
4568750 0.189336 0.202346 0.183151 -0.540514 0.639573 0.0758262 0.191221 0.199288 0.182619 0.187563 0.205221 0.183652
4568750 0.197714 0.187615 0.188958 -0.709164 0.515716 2.08917 0.199504 0.186573 0.185574 0.195676 0.188802 0.19281
4568750 0.192444 0.191581 0.191312 -1.71886 1.03542 -0.737135 0.195676 0.188802 0.19281 0.189438 0.194165 0.189918
4568750 0.196643 0.191878 0.189646 -0.296045 -0.783558 1.12377 0.197681 0.195176 0.186253 0.195676 0.188802 0.19281
4568750 0.194292 0.191592 0.196082 1.16043 -1.40263 -1.92429 0.192847 0.194505 0.199498 0.195676 0.188802 0.19281
4568750 0.195038 0.192085 0.202901 0.658469 -0.624981 1.28938 0.192847 0.194505 0.199498 0.196618 0.190339 0.205355
4568750 0.192628 0.19544 0.204115 -0.278219 0.147421 1.78946 0.192847 0.194505 0.199498 0.192416 0.196349 0.20861
4568750 0.198113 0.185138 0.193829 -2.66475 3.31448 -0.410117 0.200807 0.181087 0.194955 0.195676 0.188802 0.19281
4568750 0.202436 0.188434 0.183655 1.47749 0.681269 -0.68954 0.199504 0.186573 0.185574 0.207451 0.191617 0.180374
4568750 0.203004 0.185778 0.187265 0.413094 -0.170474 0.239136 0.199504 0.186573 0.185574 0.206691 0.184941 0.189046
4568750 0.199109 0.198564 0.183099 0.291729 0.88709 -0.591232 0.197681 0.195176 0.186253 0.200517 0.201905 0.179989
4568750 0.189186 0.193301 0.209771 1.6842 1.37708 -0.918446 0.18635 0.190626 0.21079 0.192416 0.196349 0.20861
4568750 0.199557 0.186118 0.216425 -0.139935 -0.423058 1.23364 0.200535 0.188183 0.212217 0.198838 0.184598 0.219522
4568750 0.210123 0.179493 0.192397 1.3247 1.57648 0.625986 0.207588 0.176672 0.190562 0.212583 0.182232 0.194179
4568750 0.204203 0.182149 0.19846 2.46906 0.788995 3.52262 0.200807 0.181087 0.194955 0.206973 0.183015 0.201318
4568750 0.21108 0.186036 0.194179 0.813411 -1.82164 0.306615 0.209951 0.188896 0.19418 0.212583 0.182232 0.194179
4568750 0.214124 0.184824 0.191414 -0.0307786 -0.0572557 0.0815933 0.215954 0.187905 0.188128 0.212583 0.182232 0.194179
4568750 0.206676 0.182844 0.205377 -8.19247e-06 0.314334 -1.69746 0.206435 0.182705 0.208669 0.206973 0.183015 0.201318
4568750 0.208021 0.181012 0.21102 0.448697 -0.601854 1.01283 0.206435 0.182705 0.208669 0.209466 0.17947 0.213161
4568750 0.204099 0.180987 0.210252 -1.90694 -1.0412 1.51757 0.206435 0.182705 0.208669 0.200811 0.178568 0.21248
4568750 0.210555 0.18495 0.201427 -4.49456 -1.92992 0.511724 0.215292 0.187509 0.201571 0.206973 0.183015 0.201318
4568750 0.206955 0.185873 0.20789 0.202881 2.20234 -0.212415 0.206435 0.182705 0.208669 0.207627 0.189956 0.206886
4568750 0.205176 0.19257 0.198669 -0.821737 -0.90186 0.347377 0.208693 0.195648 0.197899 0.201813 0.189628 0.199405
4568750 0.208569 0.18722 0.192004 -0.325062 -0.399904 -0.373961 0.209951 0.188896 0.19418 0.206691 0.184941 0.189046
4568750 0.212477 0.190633 0.194408 0.0157833 0.0110829 0.00457144 0.209951 0.188896 0.19418 0.215019 0.192382 0.194638
4568750 0.209456 0.191553 0.195644 -0.486639 1.80536 1.39314 0.209951 0.188896 0.19418 0.208693 0.195648 0.197899
4568750 0.214554 0.194414 0.192353 0.0255384 -0.991774 1.32116 0.213767 0.197857 0.188484 0.215019 0.192382 0.194638
4568750 0.209573 0.197083 0.202326 -0.546235 -0.624949 -1.49846 0.210151 0.198026 0.205233 0.208693 0.195648 0.197899
4568750 0.217939 0.191387 0.194863 -0.453602 0.077563 -0.0338552 0.221826 0.190062 0.195162 0.215019 0.192382 0.194638
4568750 0.205014 0.193259 0.206256 1.4824 -1.42724 0.493855 0.201753 0.197381 0.20547 0.207627 0.189956 0.206886
4568750 0.211011 0.188875 0.204539 -2.54111 1.38004 1.8488 0.215292 0.187509 0.201571 0.207627 0.189956 0.206886
4568750 0.203496 0.201741 0.202981 0.380615 1.06959 -0.39237 0.201753 0.197381 0.20547 0.204819 0.205052 0.201091
4568750 0.209418 0.20049 0.206984 -0.463178 1.04767 1.00655 0.210151 0.198026 0.205233 0.208103 0.204908 0.210124
4568750 0.217207 0.183599 0.204741 -0.807721 1.1367 -1.23701 0.218922 0.180099 0.20758 0.215292 0.187509 0.201571
4568750 0.21222 0.19679 0.207199 0.900472 -0.572709 1.19382 0.210151 0.198026 0.205233 0.21654 0.194208 0.211302
4568750 0.207072 0.188768 0.218489 1.5765 -1.48241 -0.673964 0.203931 0.190912 0.219924 0.210753 0.186256 0.216806
4568750 0.206952 0.192482 0.210247 0.536269 -0.997985 -1.74384 0.206327 0.19482 0.213359 0.207627 0.189956 0.206886
4568750 0.205147 0.192896 0.216591 0.11864 0.179031 -0.442543 0.203931 0.190912 0.219924 0.206327 0.19482 0.213359
4568750 0.203784 0.179233 0.215993 2.34919 0.425992 2.01283 0.200811 0.178568 0.21248 0.205991 0.179727 0.218602
4568750 0.194601 0.18802 0.20681 0.539579 0.899733 -0.509606 0.192105 0.18515 0.20861 0.196618 0.190339 0.205355
4568750 0.20705 0.197788 0.205321 -0.34398 -0.0562756 0.0570043 0.210151 0.198026 0.205233 0.201753 0.197381 0.20547
4568750 0.189165 0.187947 0.209724 -2.03852 1.39159 0.607237 0.192105 0.18515 0.20861 0.18635 0.190626 0.21079
4568750 0.208788 0.182771 0.186154 -0.366281 0.240972 0.431902 0.211501 0.179965 0.182414 0.206691 0.184941 0.189046
4568750 0.191987 0.182865 0.212142 -0.321327 -0.905122 1.65366 0.192105 0.18515 0.20861 0.191838 0.179973 0.216614
4568750 0.181874 0.19601 0.193733 0.888322 1.35309 0.995548 0.180098 0.194168 0.19209 0.184801 0.199048 0.196443
4568750 0.19874 0.189214 0.196104 0.833382 -0.0827122 0.901819 0.195676 0.188802 0.19281 0.201813 0.189628 0.199405
4568750 0.218995 0.188956 0.197939 -3.58789 -2.19639 3.2462 0.221826 0.190062 0.195162 0.215292 0.187509 0.201571
4568750 0.205232 0.188628 0.190367 0.0235381 -0.0932707 -0.0218881 0.203869 0.192071 0.191601 0.206691 0.184941 0.189046
4568750 0.216664 0.192654 0.200763 -0.0578635 -0.467128 0.0329843 0.217837 0.197049 0.200072 0.215292 0.187509 0.201571
4568750 0.215612 0.200047 0.197383 -0.206079 0.29241 -0.355185 0.217837 0.197049 0.200072 0.214149 0.202017 0.195615
4568750 0.215109 0.182881 0.208566 -0.377882 0.191086 0.0907701 0.218922 0.180099 0.20758 0.212585 0.184723 0.209218
4568750 0.184252 0.199449 0.191474 -0.00621961 -0.00291146 -0.0398601 0.184801 0.199048 0.196443 0.183796 0.199783 0.187349
4568750 0.210131 0.18045 0.201131 -1.46066 1.31317 0.390996 0.213178 0.177975 0.200951 0.206973 0.183015 0.201318
4568750 0.211015 0.195138 0.184951 0.194268 0.129062 0.25013 0.207451 0.191617 0.180374 0.213767 0.197857 0.188484
4568750 0.210185 0.194589 0.212582 0.795101 0.0748613 -0.121391 0.206327 0.19482 0.213359 0.21654 0.194208 0.211302
4568750 0.202917 0.19094 0.195213 -0.0155024 -0.0235539 0.118483 0.203869 0.192071 0.191601 0.201813 0.189628 0.199405
4568750 0.201108 0.193457 0.189215 0.00684889 -0.00529327 0.00746057 0.197681 0.195176 0.186253 0.203869 0.192071 0.191601
4568750 0.204625 0.195464 0.189826 0.04207 0.101352 -0.0522092 0.203869 0.192071 0.191601 0.205261 0.198316 0.188334
4568750 0.212887 0.180061 0.197633 -0.0167298 0.296382 -0.340911 0.213178 0.177975 0.200951 0.212583 0.182232 0.194179
4568750 0.194384 0.198723 0.200946 0.0823322 0.359991 0.164902 0.192847 0.194505 0.199498 0.19538 0.201457 0.201884
4568750 0.196701 0.179927 0.205684 -1.14113 -1.1526 0.589132 0.199395 0.183114 0.2048 0.193649 0.176317 0.206686
4568750 0.203271 0.183064 0.203019 2.47478 -0.0587416 -0.691279 0.199395 0.183114 0.2048 0.206973 0.183015 0.201318
4568750 0.199932 0.185502 0.208294 -0.104564 -0.322135 -0.684556 0.200535 0.188183 0.212217 0.199395 0.183114 0.2048
4568750 0.204486 0.178692 0.192572 -0.968052 0.725479 0.442368 0.207588 0.176672 0.190562 0.200807 0.181087 0.194955
4568750 0.204289 0.189122 0.209395 0.593659 0.266502 -0.415329 0.200535 0.188183 0.212217 0.207627 0.189956 0.206886
4568750 0.183346 0.187075 0.193734 -0.680562 -0.237597 -0.250054 0.187194 0.188147 0.195819 0.179239 0.185932 0.191508
4568750 0.198245 0.189444 0.208204 -0.817638 0.573134 -1.13345 0.200535 0.188183 0.212217 0.196618 0.190339 0.205355
4568750 0.21185 0.185338 0.212263 -0.288563 0.0506222 0.895358 0.212585 0.184723 0.209218 0.210753 0.186256 0.216806
4568750 0.21252 0.193672 0.195926 0.0914812 -0.0300014 -0.0373449 0.208693 0.195648 0.197899 0.215019 0.192382 0.194638
4568750 0.216693 0.178543 0.19929 -2.73631 -0.815558 0.986593 0.222429 0.179471 0.196578 0.213178 0.177975 0.200951
4568750 0.21224 0.179368 0.214319 1.5277 0.159939 0.487834 0.209466 0.17947 0.213161 0.215953 0.179233 0.215869
4568750 0.190261 0.178715 0.200012 -0.280454 0.215403 0.213532 0.192246 0.176596 0.198525 0.187513 0.181649 0.20207
4568750 0.18755 0.182063 0.190308 0.735844 0.963939 -1.92434 0.186229 0.179661 0.193597 0.18924 0.185135 0.186103
4568750 0.196743 0.196827 0.207155 -1.17022 -0.233908 0.590029 0.201753 0.197381 0.20547 0.192416 0.196349 0.20861
4568750 0.182746 0.179091 0.196022 -0.842055 -0.275236 0.496969 0.186229 0.179661 0.193597 0.17778 0.178277 0.199478
4568750 0.19143 0.188474 0.194317 1.80761 0.0669335 -0.340609 0.187194 0.188147 0.195819 0.195676 0.188802 0.19281
4568750 0.183374 0.180215 0.200968 1.36269 0.486151 0.620234 0.17778 0.178277 0.199478 0.187513 0.181649 0.20207
4568750 0.190477 0.179073 0.2043 -2.155 1.27131 -1.41384 0.193649 0.176317 0.206686 0.187513 0.181649 0.20207
4568750 0.192766 0.187144 0.189778 0.276977 0.227826 0.399894 0.18924 0.185135 0.186103 0.195676 0.188802 0.19281
4568750 0.209563 0.183731 0.208948 0.46796 0.206825 0.108691 0.206435 0.182705 0.208669 0.212585 0.184723 0.209218
4568750 0.196367 0.17986 0.184471 0.884366 0.766105 -2.46257 0.195594 0.17838 0.188123 0.19701 0.181092 0.181434
4568750 0.187353 0.184902 0.198941 -0.0434649 -0.718808 0.919328 0.187194 0.188147 0.195819 0.187513 0.181649 0.20207
4568750 0.198846 0.190034 0.202803 -0.495208 0.194666 0.591363 0.201813 0.189628 0.199405 0.196618 0.190339 0.205355
4568750 0.213752 0.18451 0.19737 0.138614 0.174297 0.350157 0.212583 0.182232 0.194179 0.215292 0.187509 0.201571
4568750 0.208536 0.19814 0.188392 0.00700322 0.000736405 0.000130634 0.205261 0.198316 0.188334 0.213767 0.197857 0.188484
4568750 0.201785 0.193195 0.202196 0.00507012 -0.113971 -0.0635352 0.201753 0.197381 0.20547 0.201813 0.189628 0.199405
4568750 0.208084 0.196029 0.216675 -0.0475983 -0.0261249 -0.0621118 0.210556 0.19773 0.22134 0.206327 0.19482 0.213359
4568750 0.181902 0.198044 0.20041 0.496025 0.244118 -0.97636 0.178891 0.197001 0.204528 0.184801 0.199048 0.196443
4568750 0.190052 0.181186 0.19478 -0.0248298 -0.00551736 -0.00841193 0.192825 0.182292 0.195637 0.186229 0.179661 0.193597
4568750 0.18989 0.183461 0.205456 -1.31979 -0.631263 -1.4325 0.192105 0.18515 0.20861 0.187513 0.181649 0.20207
4568750 0.204529 0.186147 0.200412 0.521589 -0.564131 0.290307 0.201813 0.189628 0.199405 0.206973 0.183015 0.201318
4568750 0.210292 0.199695 0.19977 0.448592 0.912039 0.277844 0.208693 0.195648 0.197899 0.211314 0.202281 0.200965
4568750 0.196629 0.179223 0.214407 -2.43102 0.0657767 0.812792 0.200811 0.178568 0.21248 0.191838 0.179973 0.216614
4568750 0.186854 0.180629 0.197721 0.179768 0.231913 2.55484 0.186229 0.179661 0.193597 0.187513 0.181649 0.20207
4568750 0.19621 0.197032 0.197365 0.220993 0.236345 -0.179677 0.192847 0.194505 0.199498 0.200003 0.199883 0.194958
4568750 0.203255 0.198914 0.190861 -0.1376 0.0729734 0.157809 0.205261 0.198316 0.188334 0.200003 0.199883 0.194958
4568750 0.207848 0.17959 0.215694 -0.735799 0.282639 1.36739 0.209466 0.17947 0.213161 0.205991 0.179727 0.218602
4568750 0.202742 0.202822 0.198446 0.177006 0.240103 0.340444 0.200003 0.199883 0.194958 0.204819 0.205052 0.201091
4568750 0.198788 0.197419 0.190402 0.0271869 0.101768 0.241253 0.197681 0.195176 0.186253 0.200003 0.199883 0.194958
4568750 0.202372 0.189659 0.216386 0.521447 0.627503 1.11757 0.200535 0.188183 0.212217 0.203931 0.190912 0.219924
4568750 0.184177 0.184319 0.203531 1.36353 -1.26804 -0.353824 0.180662 0.187133 0.20507 0.187513 0.181649 0.20207
4568750 0.209669 0.183572 0.19164 -0.0466062 0.011592 -0.0340701 0.212583 0.182232 0.194179 0.206691 0.184941 0.189046
4568750 0.216418 0.181156 0.195113 -1.60911 0.183035 -0.435864 0.222429 0.179471 0.196578 0.212583 0.182232 0.194179
4568750 0.215858 0.190546 0.205982 0.0343076 -0.482809 -0.624477 0.21654 0.194208 0.211302 0.215292 0.187509 0.201571
4568750 0.193989 0.197526 0.184176 -0.411592 0.180334 -0.174737 0.197681 0.195176 0.186253 0.191221 0.199288 0.182619
4568750 0.215382 0.190641 0.192107 -0.00170468 0.00574696 0.0121217 0.215954 0.187905 0.188128 0.215019 0.192382 0.194638
4568750 0.215118 0.190604 0.197167 -0.193235 0.998431 -1.09699 0.215292 0.187509 0.201571 0.215019 0.192382 0.194638
4568750 0.213592 0.185759 0.206373 0.289312 0.153968 -0.835974 0.212585 0.184723 0.209218 0.215292 0.187509 0.201571
4568750 0.186604 0.196987 0.188628 -0.887681 0.746072 -0.20634 0.189438 0.194165 0.189918 0.183796 0.199783 0.187349
4568750 0.195725 0.184139 0.206718 1.29582 -0.317709 -0.957929 0.192105 0.18515 0.20861 0.199395 0.183114 0.2048
4568750 0.21074 0.200183 0.20307 0.00733682 0.0803182 -0.0962518 0.210151 0.198026 0.205233 0.211314 0.202281 0.200965
4568750 0.198622 0.193087 0.2054 -0.413663 -0.462516 0.0687485 0.201753 0.197381 0.20547 0.196618 0.190339 0.205355
4568750 0.194493 0.178896 0.181471 0.363501 0.227426 -0.000298317 0.191395 0.176192 0.181516 0.19701 0.181092 0.181434
4568750 0.182314 0.19479 0.197368 0.0 0.0 0.0 0.180681 0.191875 0.197976 0.184801 0.199048 0.196443
4568750 0.18067 0.189997 0.200884 0.0 0.0 0.0 0.180662 0.187133 0.20507 0.180681 0.191875 0.197976
4568750 0.182934 0.18268 0.192614 0.0 0.0 0.0 0.186229 0.179661 0.193597 0.179239 0.185932 0.191508
4568750 0.187759 0.199585 0.184824 0.0 0.0 0.0 0.191221 0.199288 0.182619 0.183796 0.199783 0.187349
4568750 0.183913 0.185625 0.188981 0.0 0.0 0.0 0.18924 0.185135 0.186103 0.179239 0.185932 0.191508
4568750 0.187322 0.196458 0.192894 0.0 0.0 0.0 0.189438 0.194165 0.189918 0.184801 0.199048 0.196443
4568750 0.183013 0.184588 0.20841 0.0 0.0 0.0 0.180662 0.187133 0.20507 0.184882 0.18238 0.211063
4568750 0.185174 0.188499 0.204212 0.0 0.0 0.0 0.180662 0.187133 0.20507 0.1883 0.189265 0.203619
4568750 0.183739 0.18909 0.208168 0.0 0.0 0.0 0.180662 0.187133 0.20507 0.18635 0.190626 0.21079
4568750 0.194063 0.18269 0.183204 0.0 0.0 0.0 0.18924 0.185135 0.186103 0.19701 0.181092 0.181434
4568750 0.190467 0.180094 0.183485 0.0 0.0 0.0 0.18924 0.185135 0.186103 0.191395 0.176192 0.181516
4568750 0.199949 0.181972 0.180111 0.00473432 0.00141057 -0.00125414 0.19701 0.181092 0.181434 0.202716 0.182801 0.178865
4568750 0.199862 0.180526 0.183068 0.0 0.0 0.0 0.202885 0.179771 0.1848 0.19701 0.181092 0.181434
4568750 0.192535 0.179593 0.197043 0.0 0.0 0.0 0.192825 0.182292 0.195637 0.192246 0.176596 0.198525
4568750 0.190652 0.182111 0.198255 0.0 0.0 0.0 0.192825 0.182292 0.195637 0.187513 0.181649 0.20207
4568750 0.197558 0.182567 0.186842 0.0 0.0 0.0 0.195594 0.17838 0.188123 0.199504 0.186573 0.185574
4568750 0.190519 0.184763 0.195708 0.0 0.0 0.0 0.192825 0.182292 0.195637 0.187194 0.188147 0.195819
4568750 0.193978 0.185026 0.194482 0.0 0.0 0.0 0.192825 0.182292 0.195637 0.195676 0.188802 0.19281
4568750 0.186697 0.183861 0.194681 0.0 0.0 0.0 0.187194 0.188147 0.195819 0.186229 0.179661 0.193597
4568750 0.193276 0.184202 0.198045 2.8388e-05 0.00546384 0.00596616 0.192825 0.182292 0.195637 0.193769 0.186291 0.200678
4568750 0.199471 0.1792 0.186345 0.0 0.0 0.0 0.195594 0.17838 0.188123 0.202885 0.179771 0.1848
4568750 0.195886 0.18183 0.195376 0.0123178 -0.00231676 -0.00305268 0.192825 0.182292 0.195637 0.200807 0.181087 0.194955
4568750 0.18608 0.18215 0.206966 0.0 0.0 0.0 0.187513 0.181649 0.20207 0.184882 0.18238 0.211063
4568750 0.185128 0.178637 0.211529 -0.00154078 0.011456 -0.00316871 0.185413 0.174309 0.212068 0.184882 0.18238 0.211063
4568750 0.187768 0.181487 0.213367 0.0 0.0 0.0 0.191838 0.179973 0.216614 0.184882 0.18238 0.211063
4568750 0.188299 0.183793 0.209903 0.0 0.0 0.0 0.192105 0.18515 0.20861 0.184882 0.18238 0.211063
4568750 0.185592 0.186473 0.210931 0.0 0.0 0.0 0.18635 0.190626 0.21079 0.184882 0.18238 0.211063
4568750 0.191083 0.184298 0.201276 0.00139773 0.000800909 -0.000474451 0.187513 0.181649 0.20207 0.193769 0.186291 0.200678
4568750 0.187968 0.186052 0.202966 0.0012776 0.00691715 0.00247626 0.187513 0.181649 0.20207 0.1883 0.189265 0.203619
4568750 0.192821 0.181104 0.207715 0.0 0.0 0.0 0.192105 0.18515 0.20861 0.193649 0.176317 0.206686
4568750 0.196263 0.184883 0.202505 -0.00720049 0.00502826 -0.00406081 0.199395 0.183114 0.2048 0.193769 0.186291 0.200678
4568750 0.197847 0.1872 0.205109 0.0 0.0 0.0 0.199395 0.183114 0.2048 0.196618 0.190339 0.205355
4568750 0.200043 0.182246 0.200266 0.0 0.0 0.0 0.200807 0.181087 0.194955 0.199395 0.183114 0.2048
4568750 0.201183 0.179522 0.203335 0.0 0.0 0.0 0.199395 0.183114 0.2048 0.202797 0.176165 0.202015
4568750 0.203359 0.18295 0.206981 0.0 0.0 0.0 0.206435 0.182705 0.208669 0.199395 0.183114 0.2048
4568750 0.20007 0.181004 0.208475 0.0 0.0 0.0 0.200811 0.178568 0.21248 0.199395 0.183114 0.2048
4568750 0.200568 0.186274 0.202183 0.0540339 0.114844 -0.132272 0.199395 0.183114 0.2048 0.201813 0.189628 0.199405
4568750 0.196048 0.182823 0.218365 0.0 0.0 0.0 0.191838 0.179973 0.216614 0.198838 0.184598 0.219522
4568750 0.192284 0.185526 0.215822 0.0 0.0 0.0 0.191838 0.179973 0.216614 0.192579 0.189087 0.215303
4568750 0.199685 0.182064 0.216487 0.0 0.0 0.0 0.200811 0.178568 0.21248 0.198838 0.184598 0.219522
4568750 0.2012 0.187596 0.21971 0.0 0.0 0.0 0.203931 0.190912 0.219924 0.198838 0.184598 0.219522
4568750 0.198256 0.186909 0.181536 0.0 0.0 0.0 0.199504 0.186573 0.185574 0.19715 0.187038 0.17789
4568750 0.197804 0.194373 0.181477 -0.00147839 0.00104143 0.121054 0.197887 0.193833 0.17827 0.197681 0.195176 0.186253
4568750 0.190392 0.19698 0.186003 0.0 0.0 0.0 0.189438 0.194165 0.189918 0.191221 0.199288 0.182619
4568750 0.195188 0.186035 0.185798 0.0 0.0 0.0 0.199504 0.186573 0.185574 0.18924 0.185135 0.186103
4568750 0.188115 0.186853 0.191434 0.0 0.0 0.0 0.187194 0.188147 0.195819 0.18924 0.185135 0.186103
4568750 0.189349 0.19031 0.188262 0.0 0.0 0.0 0.18924 0.185135 0.186103 0.189438 0.194165 0.189918
4568750 0.19868 0.190512 0.185881 0.0 0.0 0.0 0.197681 0.195176 0.186253 0.199504 0.186573 0.185574
4568750 0.188353 0.191327 0.192767 0.0 0.0 0.0 0.187194 0.188147 0.195819 0.189438 0.194165 0.189918
4568750 0.189953 0.19132 0.197618 0.0 0.0 0.0 0.187194 0.188147 0.195819 0.192847 0.194505 0.199498
4568750 0.191042 0.194392 0.194433 0.0 0.0 0.0 0.192847 0.194505 0.199498 0.189438 0.194165 0.189918
4568750 0.193264 0.194701 0.188217 0.0 0.0 0.0 0.197681 0.195176 0.186253 0.189438 0.194165 0.189918
4568750 0.190935 0.18718 0.198578 0.0 0.0 0.0 0.187194 0.188147 0.195819 0.193769 0.186291 0.200678
4568750 0.187832 0.188898 0.200324 0.0 0.0 0.0 0.187194 0.188147 0.195819 0.1883 0.189265 0.203619
4568750 0.194579 0.187461 0.19729 0.0 0.0 0.0 0.195676 0.188802 0.19281 0.193769 0.186291 0.200678
4568750 0.193375 0.189823 0.200172 0.0 0.0 0.0 0.192847 0.194505 0.199498 0.193769 0.186291 0.200678
4568750 0.190169 0.191527 0.201924 0.0 0.0 0.0 0.192847 0.194505 0.199498 0.1883 0.189265 0.203619
4568750 0.194548 0.199079 0.188215 0.0 0.0 0.0 0.197681 0.195176 0.186253 0.191654 0.202562 0.190029
4568750 0.201296 0.184573 0.181841 0.0 0.0 0.0 0.199504 0.186573 0.185574 0.202716 0.182801 0.178865
4568750 0.201286 0.183044 0.185157 0.0 0.0 0.0 0.199504 0.186573 0.185574 0.202885 0.179771 0.1848
4568750 0.201747 0.19376 0.183806 0.0 0.0 0.0 0.197681 0.195176 0.186253 0.207451 0.191617 0.180374
4568750 0.201702 0.189411 0.188613 0.0 0.0 0.0 0.203869 0.192071 0.191601 0.199504 0.186573 0.185574
4568750 0.200069 0.190622 0.192163 0.0 0.0 0.0 0.203869 0.192071 0.191601 0.195676 0.188802 0.19281
4568750 0.197418 0.192084 0.199452 0.0 0.0 0.0 0.192847 0.194505 0.199498 0.201813 0.189628 0.199405
4568750 0.202197 0.197115 0.187495 0.0 0.0 0.0 0.197681 0.195176 0.186253 0.205261 0.198316 0.188334
4568750 0.200978 0.19441 0.197362 0.0 0.0 0.0 0.200003 0.199883 0.194958 0.201813 0.189628 0.199405
4568750 0.20223 0.195444 0.193023 0.0 0.0 0.0 0.203869 0.192071 0.191601 0.200003 0.199883 0.194958
4568750 0.204597 0.197709 0.196515 0.0 0.0 0.0 0.208693 0.195648 0.197899 0.200003 0.199883 0.194958
4568750 0.197032 0.195924 0.202307 0.0 0.0 0.0 0.192847 0.194505 0.199498 0.201753 0.197381 0.20547
4568750 0.200876 0.198698 0.200218 0.0 0.0 0.0 0.200003 0.199883 0.194958 0.201753 0.197381 0.20547
4568750 0.190987 0.187924 0.20216 0.0 0.0 0.0 0.1883 0.189265 0.203619 0.193769 0.186291 0.200678
4568750 0.193018 0.185872 0.20421 0.0 0.0 0.0 0.192105 0.18515 0.20861 0.193769 0.186291 0.200678
4568750 0.195185 0.188403 0.203005 0.0 0.0 0.0 0.196618 0.190339 0.205355 0.193769 0.186291 0.200678
4568750 0.18997 0.187562 0.20581 0.0 0.0 0.0 0.192105 0.18515 0.20861 0.1883 0.189265 0.203619
4568750 0.187422 0.189981 0.206844 0.0 0.0 0.0 0.18635 0.190626 0.21079 0.1883 0.189265 0.203619
4568750 0.192362 0.18728 0.212231 0.0034198 0.00739949 0.0150979 0.192105 0.18515 0.20861 0.192579 0.189087 0.215303
4568750 0.189655 0.189903 0.213177 0.0 0.0 0.0 0.18635 0.190626 0.21079 0.192579 0.189087 0.215303
4568750 0.194827 0.192963 0.206741 0.0 0.0 0.0 0.192416 0.196349 0.20861 0.196618 0.190339 0.205355
4568750 0.194968 0.192361 0.215251 0.0 0.0 0.0 0.192579 0.189087 0.215303 0.197484 0.195587 0.215195
4568750 0.195204 0.19593 0.212233 0.000304535 1.44169e-05 0.000499303 0.192416 0.196349 0.20861 0.197484 0.195587 0.215195
4568750 0.186414 0.19291 0.214228 0.0 0.0 0.0 0.18635 0.190626 0.21079 0.186513 0.196061 0.219214
4568750 0.194524 0.190238 0.218108 0.0 0.0 0.0 0.196428 0.191186 0.220869 0.192579 0.189087 0.215303
4568750 0.190281 0.191829 0.216779 0.0 0.0 0.0 0.192579 0.189087 0.215303 0.186513 0.196061 0.219214
4568750 0.196938 0.19331 0.21813 -5.87603e-05 0.00440482 -0.00527362 0.196428 0.191186 0.220869 0.197484 0.195587 0.215195
4568750 0.196729 0.1972 0.218684 0.0 0.0 0.0 0.19582 0.198996 0.222942 0.197484 0.195587 0.215195
4568750 0.197208 0.187813 0.200121 0.0 0.0 0.0 0.201813 0.189628 0.199405 0.193769 0.186291 0.200678
4568750 0.196045 0.186634 0.210298 0.0 0.0 0.0 0.192105 0.18515 0.20861 0.200535 0.188183 0.212217
4568750 0.195979 0.188796 0.213979 0.0 0.0 0.0 0.200535 0.188183 0.212217 0.192579 0.189087 0.215303
4568750 0.198825 0.192333 0.213887 -0.00514743 0.0083484 0.00317251 0.200535 0.188183 0.212217 0.197484 0.195587 0.215195
4568750 0.20179 0.195293 0.214307 0.0 0.0 0.0 0.206327 0.19482 0.213359 0.197484 0.195587 0.215195
4568750 0.200573 0.193422 0.217473 0.0 0.0 0.0 0.203931 0.190912 0.219924 0.197484 0.195587 0.215195
4568750 0.202793 0.18137 0.181666 0.0 0.0 0.0 0.202885 0.179771 0.1848 0.202716 0.182801 0.178865
4568750 0.206267 0.179927 0.183852 0.0 0.0 0.0 0.211501 0.179965 0.182414 0.202885 0.179771 0.1848
4568750 0.204613 0.182212 0.186733 0.0 0.0 0.0 0.202885 0.179771 0.1848 0.206691 0.184941 0.189046
4568750 0.209769 0.18269 0.197757 0.0 0.0 0.0 0.212583 0.182232 0.194179 0.206973 0.183015 0.201318
4568750 0.207135 0.18089 0.189802 0.0 0.0 0.0 0.207588 0.176672 0.190562 0.206691 0.184941 0.189046
4568750 0.201332 0.185632 0.19729 0.0 0.0 0.0 0.200807 0.181087 0.194955 0.201813 0.189628 0.199405
4568750 0.204008 0.183252 0.191739 0.0 0.0 0.0 0.200807 0.181087 0.194955 0.206691 0.184941 0.189046
4568750 0.20482 0.179554 0.201678 0.0 0.0 0.0 0.206973 0.183015 0.201318 0.202797 0.176165 0.202015
4568750 0.207858 0.179405 0.204265 0.0 0.0 0.0 0.208754 0.175648 0.207222 0.206973 0.183015 0.201318
4568750 0.207468 0.179618 0.208024 0.0 0.0 0.0 0.206435 0.182705 0.208669 0.208754 0.175648 0.207222
4568750 0.206063 0.179181 0.212894 0.0 0.0 0.0 0.209466 0.17947 0.213161 0.200811 0.178568 0.21248
4568750 0.210976 0.182084 0.211249 0.0 0.0 0.0 0.209466 0.17947 0.213161 0.212585 0.184723 0.209218
4568750 0.214067 0.182063 0.201214 0.0 0.0 0.0 0.213178 0.177975 0.200951 0.215292 0.187509 0.201571
4568750 0.207289 0.186475 0.204041 0.0 0.0 0.0 0.206973 0.183015 0.201318 0.207627 0.189956 0.206886
4568750 0.204023 0.185007 0.210118 0.0 0.0 0.0 0.206435 0.182705 0.208669 0.200535 0.188183 0.212217
4568750 0.200672 0.18337 0.212351 0.0 0.0 0.0 0.200535 0.188183 0.212217 0.200811 0.178568 0.21248
4568750 0.210457 0.187031 0.20822 0.0 0.0 0.0 0.212585 0.184723 0.209218 0.207627 0.189956 0.206886
4568750 0.209961 0.182162 0.214573 0.0 0.0 0.0 0.209466 0.17947 0.213161 0.210753 0.186256 0.216806
4568750 0.215754 0.178995 0.203929 0.0 0.0 0.0 0.218922 0.180099 0.20758 0.213178 0.177975 0.200951
4568750 0.213885 0.187914 0.209906 0.0 0.0 0.0 0.212585 0.184723 0.209218 0.21654 0.194208 0.211302
4568750 0.207989 0.182537 0.217848 0.0 0.0 0.0 0.205991 0.179727 0.218602 0.210753 0.186256 0.216806
4568750 0.206978 0.187552 0.185742 0.0 0.0 0.0 0.207451 0.191617 0.180374 0.206691 0.184941 0.189046
4568750 0.205174 0.191972 0.187503 0.0 0.0 0.0 0.203869 0.192071 0.191601 0.207451 0.191617 0.180374
4568750 0.205971 0.1962 0.185741 0.0 0.0 0.0 0.205261 0.198316 0.188334 0.207451 0.191617 0.180374
4568750 0.212402 0.189521 0.184892 0.0 0.0 0.0 0.215954 0.187905 0.188128 0.207451 0.191617 0.180374
4568750 0.207268 0.190362 0.193045 0.0 0.0 0.0 0.209951 0.188896 0.19418 0.203869 0.192071 0.191601
4568750 0.206046 0.193754 0.194447 0.0 0.0 0.0 0.203869 0.192071 0.191601 0.208693 0.195648 0.197899
4568750 0.211099 0.196763 0.19343 0.0 0.0 0.0 0.208693 0.195648 0.197899 0.213767 0.197857 0.188484
4568750 0.204806 0.189863 0.203262 0.0 0.0 0.0 0.201813 0.189628 0.199405 0.207627 0.189956 0.206886
4568750 0.211889 0.188458 0.196867 0.0 0.0 0.0 0.209951 0.188896 0.19418 0.215292 0.187509 0.201571
4568750 0.211778 0.191906 0.199618 0.0 0.0 0.0 0.208693 0.195648 0.197899 0.215292 0.187509 0.201571
4568750 0.20542 0.196531 0.201468 0.0 0.0 0.0 0.208693 0.195648 0.197899 0.201753 0.197381 0.20547
4568750 0.21202 0.199601 0.196506 0.0 0.0 0.0 0.208693 0.195648 0.197899 0.214149 0.202017 0.195615
4568750 0.21097 0.186378 0.188623 0.0 0.0 0.0 0.215954 0.187905 0.188128 0.206691 0.184941 0.189046
4568750 0.212273 0.188578 0.191837 0.0 0.0 0.0 0.209951 0.188896 0.19418 0.215954 0.187905 0.188128
4568750 0.216149 0.194324 0.196824 0.0 0.0 0.0 0.217837 0.197049 0.200072 0.215019 0.192382 0.194638
4568750 0.213329 0.196425 0.199003 0.0 0.0 0.0 0.217837 0.197049 0.200072 0.208693 0.195648 0.197899
4568750 0.214899 0.192762 0.188301 0.0 0.0 0.0 0.215954 0.187905 0.188128 0.213767 0.197857 0.188484
4568750 0.217856 0.20075 0.19102 0.0 0.0 0.0 0.213767 0.197857 0.188484 0.221796 0.203402 0.193457
4568750 0.203709 0.19189 0.212844 0.0 0.0 0.0 0.200535 0.188183 0.212217 0.206327 0.19482 0.213359
4568750 0.20111 0.192609 0.20902 0.0 0.0 0.0 0.200535 0.188183 0.212217 0.201753 0.197381 0.20547
4568750 0.209082 0.194686 0.205932 0.0 0.0 0.0 0.210151 0.198026 0.205233 0.207627 0.189956 0.206886
4568750 0.204376 0.195977 0.21 0.0 0.0 0.0 0.206327 0.19482 0.213359 0.201753 0.197381 0.20547
4568750 0.218547 0.183905 0.199293 0.0 0.0 0.0 0.222429 0.179471 0.196578 0.215292 0.187509 0.201571
4568750 0.211154 0.191706 0.208636 0.0 0.0 0.0 0.21654 0.194208 0.211302 0.207627 0.189956 0.206886
4568750 0.213199 0.189687 0.214478 0.0 0.0 0.0 0.210753 0.186256 0.216806 0.21654 0.194208 0.211302
4568750 0.2139 0.200271 0.200612 0.0 0.0 0.0 0.217837 0.197049 0.200072 0.211314 0.202281 0.200965
4568750 0.217296 0.195937 0.20473 0.0 0.0 0.0 0.217837 0.197049 0.200072 0.21654 0.194208 0.211302
4568750 0.219723 0.200147 0.196916 0.0 0.0 0.0 0.217837 0.197049 0.200072 0.221796 0.203402 0.193457
4568750 0.217919 0.201431 0.201861 0.0 0.0 0.0 0.217837 0.197049 0.200072 0.218021 0.206449 0.203965
4568750 0.183176 0.206275 0.19405 -1.77894 0.00129306 0.0618993 0.186423 0.206793 0.193922 0.179406 0.205675 0.194198
4568750 0.182829 0.203128 0.210118 -0.89306 -0.343931 0.989014 0.186939 0.205753 0.205704 0.180021 0.201335 0.213133
4568750 0.181271 0.217727 0.197947 1.25459 0.743877 -0.504737 0.178411 0.216078 0.198531 0.184102 0.219359 0.19737
4568750 0.183953 0.217532 0.200137 -0.00141205 0.0859481 -0.0956821 0.18378 0.215412 0.203351 0.184102 0.219359 0.19737
4568750 0.19051 0.198229 0.189972 -0.0935194 -0.896429 0.0227955 0.191654 0.202562 0.190029 0.189438 0.194165 0.189918
4568750 0.192827 0.199632 0.211791 -0.359716 -1.73041 -2.29835 0.193243 0.202947 0.215003 0.192416 0.196349 0.20861
4568750 0.188465 0.207844 0.185645 -0.355121 -0.666102 -0.665208 0.189693 0.211414 0.188357 0.187563 0.205221 0.183652
4568750 0.188637 0.205002 0.192274 0.261852 -0.206158 -0.271118 0.186423 0.206793 0.193922 0.191654 0.202562 0.190029
4568750 0.194336 0.205787 0.191609 1.24957 1.0682 0.636693 0.191654 0.202562 0.190029 0.196796 0.208743 0.193058
4568750 0.187809 0.209382 0.195404 0.521122 1.45935 0.626989 0.186423 0.206793 0.193922 0.189756 0.213017 0.197484
4568750 0.196927 0.20894 0.197161 0.196645 -0.0906375 1.36673 0.196796 0.208743 0.193058 0.19708 0.209169 0.201924
4568750 0.193358 0.211124 0.199668 -1.23683 0.967764 -0.864349 0.19708 0.209169 0.201924 0.189756 0.213017 0.197484
4568750 0.19203 0.213836 0.185152 -2.24234 -1.79423 3.57517 0.194463 0.216357 0.181814 0.189693 0.211414 0.188357
4568750 0.197328 0.212704 0.1921 0.308823 1.08091 -0.186066 0.196796 0.208743 0.193058 0.197947 0.217302 0.190987
4568750 0.190828 0.21454 0.20171 -0.922984 -0.608586 -3.20673 0.191937 0.216114 0.206078 0.189756 0.213017 0.197484
4568750 0.195971 0.206279 0.213292 0.483386 0.8472 -0.428325 0.193243 0.202947 0.215003 0.198892 0.209846 0.211461
4568750 0.191542 0.207248 0.215291 -1.61314 2.87383 -0.0710128 0.193243 0.202947 0.215003 0.189438 0.212568 0.215646
4568750 0.202954 0.212334 0.212841 1.88858 0.76515 0.567559 0.198892 0.209846 0.211461 0.206608 0.214572 0.214083
4568750 0.201273 0.206938 0.201473 1.14884 -0.393228 -0.126514 0.19708 0.209169 0.201924 0.204819 0.205052 0.201091
4568750 0.201179 0.211169 0.203325 0.760618 0.278603 0.365892 0.19708 0.209169 0.201924 0.205197 0.213128 0.204698
4568750 0.190801 0.214502 0.210426 -1.13076 -1.01488 2.50473 0.191937 0.216114 0.206078 0.189438 0.212568 0.215646
4568750 0.201036 0.20355 0.219097 -1.36033 1.39453 1.33056 0.202787 0.20088 0.216858 0.199505 0.205884 0.221055
4568750 0.198974 0.217071 0.19564 0.147675 -0.0444626 0.386372 0.197947 0.217302 0.190987 0.199792 0.216886 0.199351
4568750 0.210277 0.200003 0.185219 1.20759 -0.618676 0.790793 0.208028 0.201385 0.183115 0.213767 0.197857 0.188484
4568750 0.208408 0.199531 0.195203 -0.201699 -1.67924 1.22158 0.208206 0.202269 0.193302 0.208693 0.195648 0.197899
4568750 0.214009 0.200495 0.193005 -0.0262434 -0.275315 -0.336039 0.214149 0.202017 0.195615 0.213767 0.197857 0.188484
4568750 0.204547 0.197866 0.215118 0.790573 -2.03404 -0.909748 0.202787 0.20088 0.216858 0.206327 0.19482 0.213359
4568750 0.204917 0.2016 0.18182 -0.537131 0.0915478 -0.315374 0.208028 0.201385 0.183115 0.200517 0.201905 0.179989
4568750 0.203161 0.210571 0.182426 0.458163 -0.0716616 1.5402 0.201272 0.211009 0.178401 0.20581 0.209956 0.188069
4568750 0.211845 0.208969 0.189424 -4.02168 0.54136 -0.251119 0.215401 0.208387 0.190222 0.20581 0.209956 0.188069
4568750 0.212954 0.20473 0.196218 -0.285265 0.475299 0.173022 0.214149 0.202017 0.195615 0.211242 0.208618 0.197081
4568750 0.207373 0.204942 0.191482 -0.862291 1.69119 -1.06538 0.208206 0.202269 0.193302 0.20581 0.209956 0.188069
4568750 0.207915 0.206771 0.199158 -1.05624 -0.365809 0.554528 0.211242 0.208618 0.197081 0.204819 0.205052 0.201091
4568750 0.212768 0.211968 0.199369 -0.262625 -0.539189 -0.252742 0.21424 0.215199 0.201574 0.211242 0.208618 0.197081
4568750 0.212101 0.212454 0.195256 0.05613 0.405673 -0.265936 0.211242 0.208618 0.197081 0.212886 0.215953 0.19359
4568750 0.218105 0.20628 0.191589 2.99658 -1.9223 2.0154 0.215401 0.208387 0.190222 0.221796 0.203402 0.193457
4568750 0.210065 0.214384 0.216897 -1.54558 -0.231201 -1.23742 0.213242 0.214211 0.219482 0.206608 0.214572 0.214083
4568750 0.208914 0.214956 0.20687 0.963989 0.310125 0.66351 0.205197 0.213128 0.204698 0.211476 0.216216 0.208367
4568750 0.206895 0.218365 0.211752 -0.116155 -1.24614 0.517261 0.207143 0.22164 0.209739 0.206608 0.214572 0.214083
4568750 0.21268 0.215773 0.205409 -0.582874 -0.0213326 1.27532 0.21424 0.215199 0.201574 0.211476 0.216216 0.208367
4568750 0.215643 0.2093 0.207915 0.217376 -0.427492 -0.482005 0.214305 0.210904 0.210136 0.218021 0.206449 0.203965
4568750 0.214304 0.216556 0.209879 -1.48384 -0.431585 -0.702592 0.218036 0.217006 0.211874 0.211476 0.216216 0.208367
4568750 0.200012 0.208364 0.186311 1.01172 0.248053 0.491747 0.196469 0.207391 0.185236 0.20581 0.209956 0.188069
4568750 0.194703 0.207603 0.181847 0.0335589 0.00390292 0.0506882 0.192844 0.207826 0.17828 0.196469 0.207391 0.185236
4568750 0.212113 0.208785 0.210132 -0.154049 -0.118212 0.0212922 0.214305 0.210904 0.210136 0.208103 0.204908 0.210124
4568750 0.193409 0.209208 0.186646 -1.68483 1.03148 1.17156 0.196469 0.207391 0.185236 0.189693 0.211414 0.188357
4568750 0.184388 0.216199 0.191517 -1.33861 -1.52076 0.746038 0.186561 0.219713 0.190063 0.182354 0.212909 0.192879
4568750 0.19827 0.20495 0.182902 1.14419 -1.03515 -1.24981 0.196469 0.207391 0.185236 0.200517 0.201905 0.179989
4568750 0.207836 0.19814 0.182204 -0.0516869 -0.917058 -0.423172 0.208028 0.201385 0.183115 0.207451 0.191617 0.180374
4568750 0.215438 0.209108 0.212324 0.2473 -0.711834 0.812595 0.214305 0.210904 0.210136 0.217678 0.205557 0.21665
4568750 0.184947 0.211843 0.20422 0.196716 -0.67644 0.283924 0.18378 0.215412 0.203351 0.186939 0.205753 0.205704
4568750 0.183207 0.216086 0.210167 0.402584 0.425776 0.0706972 0.180997 0.21303 0.210051 0.185306 0.21899 0.210277
4568750 0.18815 0.217757 0.208476 -0.246379 0.058717 0.133548 0.191937 0.216114 0.206078 0.185306 0.21899 0.210277
4568750 0.185835 0.212959 0.195045 -1.88348 -0.336891 -1.00452 0.189756 0.213017 0.197484 0.182354 0.212909 0.192879
4568750 0.216014 0.215942 0.191173 -0.29882 0.0550726 0.204736 0.220663 0.215926 0.187581 0.212886 0.215953 0.19359
4568750 0.204189 0.210701 0.194074 -0.149992 0.181632 0.624852 0.20581 0.209956 0.188069 0.203338 0.211092 0.197226
4568750 0.206624 0.199829 0.185762 -0.111159 -0.167761 0.197914 0.208028 0.201385 0.183115 0.205261 0.198316 0.188334
4568750 0.200367 0.209224 0.191082 1.14762 0.0300903 -0.45372 0.196796 0.208743 0.193058 0.20581 0.209956 0.188069
4568750 0.195729 0.202321 0.204796 -0.0635436 -0.0615974 -0.472629 0.196087 0.203206 0.20778 0.19538 0.201457 0.201884
4568750 0.197173 0.205777 0.209205 -0.193636 -0.297185 -0.189507 0.198892 0.209846 0.211461 0.196087 0.203206 0.20778
4568750 0.187778 0.208708 0.191616 0.785747 1.78425 -1.70238 0.186423 0.206793 0.193922 0.189693 0.211414 0.188357
4568750 0.18578 0.203724 0.194921 -0.787487 -2.13334 0.924171 0.186423 0.206793 0.193922 0.184801 0.199048 0.196443
4568750 0.204975 0.202538 0.214087 0.00421726 0.0018949 -0.00487057 0.202787 0.20088 0.216858 0.208103 0.204908 0.210124
4568750 0.197707 0.199968 0.203194 0.52555 -0.340359 0.18284 0.19538 0.201457 0.201884 0.201753 0.197381 0.20547
4568750 0.204852 0.201054 0.207741 -0.510206 -0.449689 -0.400234 0.208103 0.204908 0.210124 0.201753 0.197381 0.20547
4568750 0.183163 0.210377 0.208467 -0.0534613 0.0919476 0.0412711 0.186939 0.205753 0.205704 0.180997 0.21303 0.210051
4568750 0.202217 0.215201 0.201749 -0.0648516 0.0580103 -0.0920011 0.205197 0.213128 0.204698 0.199792 0.216886 0.199351
4568750 0.210371 0.200552 0.191426 0.237752 -0.125359 -0.202606 0.208206 0.202269 0.193302 0.213767 0.197857 0.188484
4568750 0.191415 0.200754 0.185935 0.345291 -1.57275 -3.1438 0.191654 0.202562 0.190029 0.191221 0.199288 0.182619
4568750 0.181739 0.202809 0.195169 0.440036 -0.549999 0.310672 0.179406 0.205675 0.194198 0.184801 0.199048 0.196443
4568750 0.194536 0.200964 0.218987 0.846462 -0.765595 2.482 0.193243 0.202947 0.215003 0.19582 0.198996 0.222942
4568750 0.217148 0.209895 0.193102 -0.426427 -0.365287 -0.987856 0.219006 0.211498 0.196164 0.215401 0.208387 0.190222
4568750 0.206198 0.204991 0.204883 -0.154358 0.0523611 -0.326636 0.208103 0.204908 0.210124 0.204819 0.205052 0.201091
4568750 0.199408 0.211905 0.215943 0.199796 0.392861 1.39662 0.198892 0.209846 0.211461 0.199885 0.213808 0.220085
4568750 0.212704 0.20522 0.21326 1.8808 -0.00778505 1.54125 0.208103 0.204908 0.210124 0.217678 0.205557 0.21665
4568750 0.19494 0.203102 0.210693 0.071903 0.0255441 -0.31743 0.193243 0.202947 0.215003 0.196087 0.203206 0.20778
4568750 0.213717 0.203775 0.20204 -0.979653 -0.53666 -0.63041 0.218021 0.206449 0.203965 0.211314 0.202281 0.200965
4568750 0.197968 0.209501 0.2066 -1.00821 -0.266875 -2.79943 0.198892 0.209846 0.211461 0.19708 0.209169 0.201924
4568750 0.189725 0.212218 0.192936 0.117593 0.457389 1.40355 0.189693 0.211414 0.188357 0.189756 0.213017 0.197484
4568750 0.191961 0.203763 0.194336 0.598323 0.623056 2.55112 0.191654 0.202562 0.190029 0.192184 0.204635 0.197464
4568750 0.193832 0.202996 0.199743 0.33829 -0.384953 0.684467 0.192184 0.204635 0.197464 0.19538 0.201457 0.201884
4568750 0.190447 0.205005 0.200192 -0.889908 -0.0743757 1.40836 0.192184 0.204635 0.197464 0.186939 0.205753 0.205704
4568750 0.203228 0.207522 0.210831 2.32992 -0.964535 -0.649869 0.198892 0.209846 0.211461 0.208103 0.204908 0.210124
4568750 0.204415 0.215183 0.184912 -0.35094 2.52627 -1.93828 0.20581 0.209956 0.188069 0.20364 0.218086 0.183159
4568750 0.20853 0.203469 0.201019 -0.508828 0.271556 0.0875975 0.211314 0.202281 0.200965 0.204819 0.205052 0.201091
4568750 0.218592 0.209378 0.19944 0.0735349 -0.777586 1.16429 0.219006 0.211498 0.196164 0.218021 0.206449 0.203965
4568750 0.216698 0.21329 0.198784 0.0323364 -0.0375743 -0.0404462 0.21424 0.215199 0.201574 0.219006 0.211498 0.196164
4568750 0.212931 0.213485 0.209276 -0.807865 1.06135 -0.346269 0.214305 0.210904 0.210136 0.211476 0.216216 0.208367
4568750 0.19417 0.206474 0.199273 0.682175 0.671277 0.88471 0.192184 0.204635 0.197464 0.19708 0.209169 0.201924
4568750 0.213488 0.208493 0.193376 -0.334763 0.0771795 0.79607 0.215401 0.208387 0.190222 0.211242 0.208618 0.197081
4568750 0.185794 0.212208 0.19076 -2.35144 0.105838 1.17286 0.189693 0.211414 0.188357 0.182354 0.212909 0.192879
4568750 0.198589 0.213463 0.200492 0.117404 0.212698 -0.0786002 0.19708 0.209169 0.201924 0.199792 0.216886 0.199351
4568750 0.194506 0.211109 0.213402 -3.36661 0.405887 1.23047 0.198892 0.209846 0.211461 0.189438 0.212568 0.215646
4568750 0.209434 0.215526 0.210766 0.303922 0.0433016 -0.427312 0.206608 0.214572 0.214083 0.211476 0.216216 0.208367
4568750 0.200785 0.210308 0.199143 0.267167 0.139404 -0.194736 0.19708 0.209169 0.201924 0.203338 0.211092 0.197226
4568750 0.212134 0.217025 0.18986 0.0600754 -0.205496 1.03976 0.21144 0.218016 0.186413 0.212886 0.215953 0.19359
4568750 0.213544 0.215587 0.197471 -0.298214 -0.00561333 -0.989009 0.21424 0.215199 0.201574 0.212886 0.215953 0.19359
4568750 0.218327 0.215811 0.202201 0.834548 -0.00990112 0.130629 0.21424 0.215199 0.201574 0.224754 0.216773 0.203186
4568750 0.188274 0.209394 0.211017 0.0790461 0.413683 0.451134 0.186939 0.205753 0.205704 0.189438 0.212568 0.215646
4568750 0.204106 0.211933 0.20031 -0.0845088 -0.035313 -0.342144 0.205197 0.213128 0.204698 0.203338 0.211092 0.197226
4568750 0.198189 0.201046 0.206923 0.175166 -0.141402 -0.0919512 0.196087 0.203206 0.20778 0.201753 0.197381 0.20547
4568750 0.204003 0.20838 0.198961 0.0600823 -0.135479 0.10459 0.203338 0.211092 0.197226 0.204819 0.205052 0.201091
4568750 0.192816 0.207733 0.203514 0.0545896 0.0279309 -0.0272965 0.186939 0.205753 0.205704 0.19708 0.209169 0.201924
4568750 0.214976 0.217216 0.186861 0.0 0.0 0.0 0.220663 0.215926 0.187581 0.21144 0.218016 0.186413
4568750 0.203292 0.214195 0.217044 0.191962 -0.0091321 -0.212751 0.199885 0.213808 0.220085 0.206608 0.214572 0.214083
4568750 0.206169 0.217063 0.202363 -0.0106329 -0.0438749 0.0365968 0.207115 0.220893 0.200091 0.205197 0.213128 0.204698
4568750 0.209571 0.217885 0.192633 0.0495109 -0.0280313 0.0242362 0.206265 0.219812 0.191678 0.212886 0.215953 0.19359
4568750 0.18099 0.20247 0.199228 0.0 0.0 0.0 0.178683 0.204426 0.200917 0.184801 0.199048 0.196443
4568750 0.188417 0.20097 0.193057 0.0 0.0 0.0 0.191654 0.202562 0.190029 0.184801 0.199048 0.196443
4568750 0.189276 0.202502 0.197063 0.0 0.0 0.0 0.192184 0.204635 0.197464 0.184801 0.199048 0.196443
4568750 0.187578 0.201188 0.18864 0.0 0.0 0.0 0.191654 0.202562 0.190029 0.183796 0.199783 0.187349
4568750 0.185724 0.202016 0.200451 0.0 0.0 0.0 0.186939 0.205753 0.205704 0.184801 0.199048 0.196443
4568750 0.182444 0.200936 0.205048 0.0 0.0 0.0 0.186939 0.205753 0.205704 0.178891 0.197001 0.204528
4568750 0.180305 0.208047 0.197055 -0.00107392 -0.00543392 -0.00800378 0.181027 0.209951 0.199347 0.179406 0.205675 0.194198
4568750 0.181592 0.211322 0.196581 0.0 0.0 0.0 0.181027 0.209951 0.199347 0.182354 0.212909 0.192879
4568750 0.182244 0.212476 0.201122 0.0 0.0 0.0 0.181027 0.209951 0.199347 0.18378 0.215412 0.203351
4568750 0.183317 0.216541 0.195362 0.0 0.0 0.0 0.184102 0.219359 0.19737 0.182354 0.212909 0.192879
4568750 0.184609 0.209582 0.193458 0.0 0.0 0.0 0.186423 0.206793 0.193922 0.182354 0.212909 0.192879
4568750 0.182906 0.208616 0.201368 0.00479116 -0.00248037 0.003734 0.181027 0.209951 0.199347 0.186939 0.205753 0.205704
4568750 0.182371 0.214276 0.206737 0.0 0.0 0.0 0.18378 0.215412 0.203351 0.180997 0.21303 0.210051
4568750 0.180906 0.215836 0.200774 0.0 0.0 0.0 0.18378 0.215412 0.203351 0.178411 0.216078 0.198531
4568750 0.186495 0.21439 0.200684 0.0 0.0 0.0 0.18378 0.215412 0.203351 0.189756 0.213017 0.197484
4568750 0.181292 0.204926 0.202438 0.0 0.0 0.0 0.178683 0.204426 0.200917 0.186939 0.205753 0.205704
4568750 0.184345 0.212914 0.212273 0.0 0.0 0.0 0.180997 0.21303 0.210051 0.189438 0.212568 0.215646
4568750 0.187421 0.215793 0.20457 0.0 0.0 0.0 0.18378 0.215412 0.203351 0.191937 0.216114 0.206078
4568750 0.184568 0.217333 0.20694 0.0 0.0 0.0 0.18378 0.215412 0.203351 0.185306 0.21899 0.210277
4568750 0.186463 0.216774 0.197419 0.0 0.0 0.0 0.189756 0.213017 0.197484 0.184102 0.219359 0.19737
4568750 0.195469 0.201403 0.192284 0.0 0.0 0.0 0.191654 0.202562 0.190029 0.200003 0.199883 0.194958
4568750 0.19515 0.202897 0.196514 0.0 0.0 0.0 0.192184 0.204635 0.197464 0.200003 0.199883 0.194958
4568750 0.198191 0.204948 0.193888 0.0 0.0 0.0 0.196796 0.208743 0.193058 0.200003 0.199883 0.194958
4568750 0.197064 0.200949 0.199358 0.0 0.0 0.0 0.19538 0.201457 0.201884 0.200003 0.199883 0.194958
4568750 0.20504 0.201415 0.193942 0.0 0.0 0.0 0.208206 0.202269 0.193302 0.200003 0.199883 0.194958
4568750 0.195579 0.198962 0.215117 0.0 0.0 0.0 0.193243 0.202947 0.215003 0.197484 0.195587 0.215195
4568750 0.194595 0.200492 0.208117 0.0 0.0 0.0 0.196087 0.203206 0.20778 0.192416 0.196349 0.20861
4568750 0.194192 0.199481 0.204574 0.0 0.0 0.0 0.19538 0.201457 0.201884 0.192416 0.196349 0.20861
4568750 0.190162 0.200282 0.207416 0.0 0.0 0.0 0.186939 0.205753 0.205704 0.192416 0.196349 0.20861
4568750 0.200078 0.198263 0.216018 0.0 0.0 0.0 0.202787 0.20088 0.216858 0.197484 0.195587 0.215195
4568750 0.190264 0.199969 0.216866 0.0 0.0 0.0 0.193243 0.202947 0.215003 0.186513 0.196061 0.219214
4568750 0.199588 0.200082 0.21965 0.0 0.0 0.0 0.202787 0.20088 0.216858 0.19582 0.198996 0.222942
4568750 0.18933 0.204139 0.186411 0.0 0.0 0.0 0.191654 0.202562 0.190029 0.187563 0.205221 0.183652
4568750 0.194249 0.205234 0.187445 0.0 0.0 0.0 0.191654 0.202562 0.190029 0.196469 0.207391 0.185236
4568750 0.190689 0.206974 0.189209 0.0 0.0 0.0 0.191654 0.202562 0.190029 0.189693 0.211414 0.188357
4568750 0.196624 0.20811 0.189009 0.0 0.0 0.0 0.196796 0.208743 0.193058 0.196469 0.207391 0.185236
4568750 0.189316 0.205775 0.195703 0.0 0.0 0.0 0.186423 0.206793 0.193922 0.192184 0.204635 0.197464
4568750 0.19422 0.206518 0.195518 0.0 0.0 0.0 0.192184 0.204635 0.197464 0.196796 0.208743 0.193058
4568750 0.191178 0.208167 0.197474 0.0 0.0 0.0 0.192184 0.204635 0.197464 0.189756 0.213017 0.197484
4568750 0.193461 0.210063 0.190854 0.0 0.0 0.0 0.196796 0.208743 0.193058 0.189693 0.211414 0.188357
4568750 0.193478 0.210822 0.195144 0.0 0.0 0.0 0.196796 0.208743 0.193058 0.189756 0.213017 0.197484
4568750 0.188591 0.210087 0.200876 0.0 0.0 0.0 0.186939 0.205753 0.205704 0.189756 0.213017 0.197484
4568750 0.195581 0.211418 0.183726 0.0 0.0 0.0 0.194463 0.216357 0.181814 0.196469 0.207391 0.185236
4568750 0.193764 0.214387 0.189656 0.0 0.0 0.0 0.197947 0.217302 0.190987 0.189693 0.211414 0.188357
4568750 0.188078 0.215754 0.189236 0.0 0.0 0.0 0.186561 0.219713 0.190063 0.189693 0.211414 0.188357
4568750 0.188114 0.21652 0.193677 0.0 0.0 0.0 0.186561 0.219713 0.190063 0.189756 0.213017 0.197484
4568750 0.190763 0.217592 0.197421 0.0 0.0 0.0 0.189756 0.213017 0.197484 0.191866 0.222439 0.197349
4568750 0.198683 0.209128 0.182083 0.0 0.0 0.0 0.201272 0.211009 0.178401 0.196469 0.207391 0.185236
4568750 0.200428 0.210115 0.195375 0.0 0.0 0.0 0.196796 0.208743 0.193058 0.203338 0.211092 0.197226
4568750 0.190634 0.204174 0.21116 0.0 0.0 0.0 0.193243 0.202947 0.215003 0.186939 0.205753 0.205704
4568750 0.193133 0.204095 0.207111 0.0 0.0 0.0 0.196087 0.203206 0.20778 0.186939 0.205753 0.205704
4568750 0.196478 0.205637 0.20546 0.0 0.0 0.0 0.196087 0.203206 0.20778 0.19708 0.209169 0.201924
4568750 0.192698 0.202887 0.203098 0.0 0.0 0.0 0.186939 0.205753 0.205704 0.19538 0.201457 0.201884
4568750 0.196041 0.204536 0.201901 0.0 0.0 0.0 0.19708 0.209169 0.201924 0.19538 0.201457 0.201884
4568750 0.196848 0.204706 0.218491 0.0 0.0 0.0 0.193243 0.202947 0.215003 0.199505 0.205884 0.221055
4568750 0.189832 0.211824 0.205922 0.0 0.0 0.0 0.191937 0.216114 0.206078 0.186939 0.205753 0.205704
4568750 0.199185 0.214703 0.212426 0.0016878 0.0174779 0.000723899 0.198892 0.209846 0.211461 0.199404 0.218341 0.213149
4568750 0.195345 0.213107 0.208719 0.0 0.0 0.0 0.198892 0.209846 0.211461 0.191937 0.216114 0.206078
4568750 0.194507 0.212708 0.204002 0.0 0.0 0.0 0.191937 0.216114 0.206078 0.19708 0.209169 0.201924
4568750 0.202135 0.211603 0.20798 0.0 0.0 0.0 0.198892 0.209846 0.211461 0.205197 0.213128 0.204698
4568750 0.198423 0.201891 0.216011 0.0 0.0 0.0 0.193243 0.202947 0.215003 0.202787 0.20088 0.216858
4568750 0.195241 0.213324 0.218114 0.0 0.0 0.0 0.199885 0.213808 0.220085 0.189438 0.212568 0.215646
4568750 0.199619 0.21631 0.216255 0.0 0.0 0.0 0.199885 0.213808 0.220085 0.199404 0.218341 0.213149
4568750 0.186893 0.216587 0.212344 0.0 0.0 0.0 0.189438 0.212568 0.215646 0.185306 0.21899 0.210277
4568750 0.191024 0.218007 0.214025 0.0 0.0 0.0 0.189438 0.212568 0.215646 0.192135 0.221715 0.212875
4568750 0.193061 0.217601 0.218182 0.0 0.0 0.0 0.195341 0.22063 0.21977 0.189438 0.212568 0.215646
4568750 0.196215 0.2169 0.186434 0.0 0.0 0.0 0.194463 0.216357 0.181814 0.197947 0.217302 0.190987
4568750 0.199799 0.21743 0.182598 0.0 0.0 0.0 0.194463 0.216357 0.181814 0.20364 0.218086 0.183159
4568750 0.201692 0.213845 0.198212 0.0 0.0 0.0 0.203338 0.211092 0.197226 0.199792 0.216886 0.199351
4568750 0.201344 0.214193 0.189726 0.0 0.0 0.0 0.197947 0.217302 0.190987 0.20581 0.209956 0.188069
4568750 0.201236 0.217822 0.186461 0.0 0.0 0.0 0.197947 0.217302 0.190987 0.20364 0.218086 0.183159
4568750 0.202678 0.216734 0.213575 0.0 0.0 0.0 0.206608 0.214572 0.214083 0.199404 0.218341 0.213149
4568750 0.206718 0.200342 0.190797 0.0 0.0 0.0 0.208206 0.202269 0.193302 0.205261 0.198316 0.188334
4568750 0.20706 0.199065 0.21202 0.0 0.0 0.0 0.208103 0.204908 0.210124 0.206327 0.19482 0.213359
4568750 0.205992 0.199646 0.218709 0.0 0.0 0.0 0.202787 0.20088 0.216858 0.210556 0.19773 0.22134
4568750 0.207248 0.204454 0.184851 0.0 0.0 0.0 0.208028 0.201385 0.183115 0.20581 0.209956 0.188069
4568750 0.21123 0.207506 0.184809 0.0 0.0 0.0 0.20581 0.209956 0.188069 0.215226 0.205585 0.182406
4568750 0.207221 0.208031 0.182241 0.0 0.0 0.0 0.20581 0.209956 0.188069 0.208006 0.206861 0.179015
4568750 0.202601 0.215055 0.181077 0.0 0.0 0.0 0.201272 0.211009 0.178401 0.20364 0.218086 0.183159
4568750 0.211322 0.202203 0.194516 0.0 0.0 0.0 0.208206 0.202269 0.193302 0.214149 0.202017 0.195615
4568750 0.209525 0.205098 0.194947 0.0 0.0 0.0 0.208206 0.202269 0.193302 0.211242 0.208618 0.197081
4568750 0.209018 0.209232 0.193397 0.0 0.0 0.0 0.20581 0.209956 0.188069 0.211242 0.208618 0.197081
4568750 0.206745 0.210091 0.197164 0.0 0.0 0.0 0.203338 0.211092 0.197226 0.211242 0.208618 0.197081
4568750 0.212729 0.202216 0.19829 0.0 0.0 0.0 0.214149 0.202017 0.195615 0.211314 0.202281 0.200965
4568750 0.211282 0.204953 0.199369 0.0 0.0 0.0 0.211242 0.208618 0.197081 0.211314 0.202281 0.200965
4568750 0.214184 0.212107 0.191849 0.0 0.0 0.0 0.215401 0.208387 0.190222 0.212886 0.215953 0.19359
4568750 0.210145 0.213699 0.191455 0.0 0.0 0.0 0.20581 0.209956 0.188069 0.212886 0.215953 0.19359
4568750 0.209363 0.215114 0.187024 0.0 0.0 0.0 0.20581 0.209956 0.188069 0.21144 0.218016 0.186413
4568750 0.20609 0.216078 0.190287 0.0 0.0 0.0 0.20581 0.209956 0.188069 0.206265 0.219812 0.191678
4568750 0.217014 0.202603 0.194806 0.0 0.0 0.0 0.214149 0.202017 0.195615 0.221796 0.203402 0.193457
4568750 0.215314 0.210196 0.196601 0.0 0.0 0.0 0.219006 0.211498 0.196164 0.211242 0.208618 0.197081
4568750 0.214252 0.207721 0.200141 0.0 0.0 0.0 0.218021 0.206449 0.203965 0.211242 0.208618 0.197081
4568750 0.210182 0.203272 0.204189 0.0 0.0 0.0 0.208103 0.204908 0.210124 0.211314 0.202281 0.200965
4568750 0.20652 0.209446 0.207173 0.0 0.0 0.0 0.208103 0.204908 0.210124 0.205197 0.213128 0.204698
4568750 0.20727 0.210344 0.212325 0.0 0.0 0.0 0.208103 0.204908 0.210124 0.206608 0.214572 0.214083
4568750 0.204992 0.20886 0.202762 0.0 0.0 0.0 0.205197 0.213128 0.204698 0.204819 0.205052 0.201091
4568750 0.205917 0.213934 0.209502 0.0 0.0 0.0 0.206608 0.214572 0.214083 0.205197 0.213128 0.204698
4568750 0.20997 0.214289 0.203049 0.0 0.0 0.0 0.21424 0.215199 0.201574 0.205197 0.213128 0.204698
4568750 0.207761 0.206303 0.215513 -0.000577392 0.000632435 0.00250337 0.208103 0.204908 0.210124 0.207468 0.207496 0.22012
4568750 0.20702 0.211224 0.217003 0.0 0.0 0.0 0.206608 0.214572 0.214083 0.207468 0.207496 0.22012
4568750 0.210825 0.217996 0.200871 0.0 0.0 0.0 0.21424 0.215199 0.201574 0.207115 0.220893 0.200091
4568750 0.205039 0.218383 0.217236 0.0 0.0 0.0 0.206608 0.214572 0.214083 0.203516 0.221963 0.220306
4568750 0.21313 0.205757 0.207002 0.0 0.0 0.0 0.208103 0.204908 0.210124 0.218021 0.206449 0.203965
4568750 0.215884 0.211457 0.202616 0.0 0.0 0.0 0.21424 0.215199 0.201574 0.218021 0.206449 0.203965
4568750 0.21586 0.213518 0.210862 0.0 0.0 0.0 0.214305 0.210904 0.210136 0.218036 0.217006 0.211874
4568750 0.20489 0.203929 0.218327 0.0 0.0 0.0 0.202787 0.20088 0.216858 0.207468 0.207496 0.22012
4568750 0.207442 0.218119 0.184747 0.0 0.0 0.0 0.21144 0.218016 0.186413 0.20364 0.218086 0.183159
4568750 0.215954 0.213784 0.194883 0.0 0.0 0.0 0.219006 0.211498 0.196164 0.212886 0.215953 0.19359
