# ts x y z Fx Fy Fz x1 y1 z1 x2 y2 z2
1137500 0.182092 0.179443 0.19838 -23.5899 26.4798 9.29639 0.186028 0.176097 0.197475 0.177513 0.183336 0.199432
1137500 0.182303 0.199475 0.197514 14.5844 24.7256 -0.996779 0.180625 0.196704 0.198147 0.184851 0.203682 0.196553
1137500 0.18573 0.197926 0.187856 5.56681 2.52752 2.46467 0.182373 0.196944 0.186053 0.189315 0.198974 0.18978
1137500 0.183389 0.195186 0.197175 -23.0428 13.5098 3.83859 0.18716 0.193114 0.195849 0.180625 0.196704 0.198147
1137500 0.189031 0.201391 0.198102 -17.4749 7.74611 -3.43847 0.192963 0.199236 0.199559 0.184851 0.203682 0.196553
1137500 0.186521 0.201894 0.188641 -19.7318 16.2598 -4.27784 0.189315 0.198974 0.18978 0.183753 0.204787 0.187512
1137500 0.183476 0.194044 0.208182 16.3471 14.9169 16.0646 0.180366 0.192113 0.205148 0.186109 0.19568 0.210752
1137500 0.194394 0.183933 0.181381 17.1391 12.2691 -3.06241 0.191271 0.181263 0.181425 0.196932 0.186101 0.181345
1137500 0.197305 0.18074 0.185738 6.47769 -7.32562 -6.61311 0.195653 0.183524 0.188114 0.199375 0.177252 0.182762
1137500 0.198089 0.188617 0.183209 -3.78179 -15.4731 -11.0203 0.199464 0.191605 0.185423 0.196932 0.186101 0.181345
1137500 0.199872 0.185489 0.182806 -4.96205 0.793114 -3.48323 0.202965 0.184844 0.184343 0.196932 0.186101 0.181345
1137500 0.201489 0.181722 0.183693 1.51366 4.71581 1.42646 0.199375 0.177252 0.182762 0.202965 0.184844 0.184343
1137500 0.194004 0.180499 0.190176 -3.28371 -9.72899 5.48472 0.195653 0.183524 0.188114 0.192571 0.177871 0.191968
1137500 0.185819 0.181306 0.190957 5.06343 29.6176 27.9498 0.185745 0.178594 0.188962 0.185912 0.18475 0.193491
1137500 0.192916 0.186309 0.187181 -8.50408 11.8373 -2.70605 0.195653 0.183524 0.188114 0.189185 0.190106 0.185909
1137500 0.18652 0.188826 0.19464 -1.53382 -44.0775 -7.0326 0.18716 0.193114 0.195849 0.185912 0.18475 0.193491
1137500 0.197969 0.184674 0.191184 12.1149 5.71833 11.5818 0.195653 0.183524 0.188114 0.200849 0.186104 0.195003
1137500 0.196749 0.184979 0.205812 -7.80542 -11.8858 2.82765 0.199569 0.188053 0.204926 0.193554 0.181498 0.206816
1137500 0.188253 0.182089 0.214246 11.8245 13.2263 12.1794 0.185326 0.179588 0.212183 0.191822 0.185138 0.216761
1137500 0.196986 0.178537 0.216759 2.52925 2.29291 6.73596 0.195534 0.177919 0.213883 0.199147 0.179457 0.221038
1137500 0.197965 0.191993 0.205236 -3.00205 5.33169 1.05205 0.199569 0.188053 0.204926 0.196686 0.195134 0.205483
1137500 0.20341 0.188031 0.203073 14.8732 0.22335 -4.47012 0.199569 0.188053 0.204926 0.207078 0.18801 0.201304
1137500 0.200102 0.190449 0.208415 -0.982105 -1.93033 -2.76091 0.2007 0.193138 0.212331 0.199569 0.188053 0.204926
1137500 0.19606 0.187859 0.2185 1.85122 1.50576 1.16055 0.191822 0.185138 0.216761 0.198863 0.189658 0.21965
1137500 0.196621 0.184375 0.214577 -5.33141 -0.0281258 2.07596 0.20081 0.183709 0.212671 0.191822 0.185138 0.216761
1137500 0.189259 0.195123 0.188099 0.297613 7.10482 1.85403 0.189185 0.190106 0.185909 0.189315 0.198974 0.18978
1137500 0.197657 0.192574 0.188817 -7.03955 1.43452 14.1278 0.199464 0.191605 0.185423 0.1956 0.193679 0.192682
1137500 0.188275 0.196146 0.192709 1.4902 5.74634 -7.72808 0.18716 0.193114 0.195849 0.189315 0.198974 0.18978
1137500 0.189996 0.196106 0.197661 22.2836 27.8043 10.1028 0.18716 0.193114 0.195849 0.192963 0.199236 0.199559
1137500 0.192344 0.196422 0.191179 -15.9563 16.9319 -11.4594 0.1956 0.193679 0.192682 0.189315 0.198974 0.18978
1137500 0.196539 0.196809 0.189565 -4.1179 -7.57085 7.52389 0.197546 0.200166 0.186223 0.1956 0.193679 0.192682
1137500 0.19431 0.196398 0.196046 7.93466 -25.844 -23.7205 0.192963 0.199236 0.199559 0.1956 0.193679 0.192682
1137500 0.195126 0.196852 0.203001 8.78401 -14.0351 22.184 0.192963 0.199236 0.199559 0.196686 0.195134 0.205483
1137500 0.192702 0.20019 0.204168 -0.791601 0.743042 16.3581 0.192963 0.199236 0.199559 0.192447 0.201119 0.208654
1137500 0.196299 0.201784 0.19741 7.52844 5.68211 -3.06954 0.192963 0.199236 0.199559 0.200061 0.204658 0.194986
1137500 0.194428 0.203462 0.201039 12.1089 37.7887 20.5024 0.192963 0.199236 0.199559 0.195377 0.206201 0.201999
1137500 0.198092 0.190081 0.193784 -30.1167 35.7771 -5.52343 0.200849 0.186104 0.195003 0.1956 0.193679 0.192682
1137500 0.202399 0.193411 0.183459 11.9139 5.18337 -5.82511 0.199464 0.191605 0.185423 0.207418 0.196501 0.180101
1137500 0.202972 0.19077 0.187075 6.85297 -2.43488 2.30429 0.199464 0.191605 0.185423 0.206667 0.18989 0.188816
1137500 0.199029 0.203498 0.183037 2.92235 13.8369 -13.0201 0.197546 0.200166 0.186223 0.20049 0.206782 0.179896
1137500 0.189072 0.198223 0.209771 43.2484 28.9841 -7.2516 0.186109 0.19568 0.210752 0.192447 0.201119 0.208654
1137500 0.196879 0.198102 0.218524 0.864905 4.7047 -4.59454 0.19643 0.196036 0.221315 0.19736 0.200317 0.215532
1137500 0.198828 0.197162 0.214125 -4.85763 9.0936 6.11014 0.2007 0.193138 0.212331 0.19736 0.200317 0.215532
1137500 0.199642 0.191133 0.216547 -4.96353 -5.1246 11.2969 0.2007 0.193138 0.212331 0.198863 0.189658 0.21965
1137500 0.219081 0.179186 0.196365 -13.5827 -22.7463 -1.45129 0.222546 0.184575 0.196553 0.215437 0.173519 0.196168
1137500 0.204656 0.187149 0.186386 3.15403 3.634 2.493 0.202965 0.184844 0.184343 0.206667 0.18989 0.188816
1137500 0.209283 0.178688 0.188177 -17.4296 24.0958 26.2498 0.211208 0.175163 0.185432 0.207617 0.181738 0.190553
1137500 0.200715 0.181708 0.192638 -1.17973 -7.44675 -3.0429 0.200849 0.186104 0.195003 0.200622 0.178685 0.191011
1137500 0.21016 0.184569 0.192355 12.9957 12.8944 5.52259 0.207617 0.181738 0.190553 0.21263 0.187318 0.194105
1137500 0.20452 0.183736 0.192589 -17.8096 14.9786 9.67842 0.207617 0.181738 0.190553 0.200849 0.186104 0.195003
1137500 0.212952 0.185093 0.19752 1.05444 11.0146 -21.3282 0.213261 0.182957 0.200801 0.21263 0.187318 0.194105
1137500 0.202062 0.183376 0.199004 1.9343 -9.17366 15.8938 0.200849 0.186104 0.195003 0.202994 0.181279 0.202079
1137500 0.204279 0.187154 0.198473 16.1592 6.11331 22.762 0.200849 0.186104 0.195003 0.207078 0.18801 0.201304
1137500 0.20714 0.18583 0.189681 -0.0117115 9.16514 -3.05988 0.207617 0.181738 0.190553 0.206667 0.18989 0.188816
1137500 0.211187 0.191137 0.19387 3.81062 -7.56992 -0.520637 0.210103 0.194007 0.193694 0.21263 0.187318 0.194105
1137500 0.213819 0.18956 0.197313 0.873633 3.60016 5.23833 0.21263 0.187318 0.194105 0.215385 0.192513 0.201535
1137500 0.214226 0.189809 0.191283 -7.20625 -17.6072 15.3867 0.216122 0.192769 0.187929 0.21263 0.187318 0.194105
1137500 0.20214 0.178602 0.204692 2.25364 14.3912 -10.9074 0.200998 0.175026 0.208183 0.202994 0.181279 0.202079
1137500 0.2059 0.181047 0.204575 -8.77732 1.81519 -5.92623 0.208996 0.1808 0.207234 0.202994 0.181279 0.202079
1137500 0.210225 0.185438 0.201048 -5.38394 4.63239 1.58529 0.213261 0.182957 0.200801 0.207078 0.18801 0.201304
1137500 0.214601 0.18023 0.20329 7.43205 -11.5983 8.58135 0.213261 0.182957 0.200801 0.215815 0.177759 0.205546
1137500 0.206732 0.187782 0.205355 0.406051 2.76467 -13.2839 0.206452 0.187598 0.20864 0.207078 0.18801 0.201304
1137500 0.2009 0.17958 0.210537 2.46462 -13.0131 -5.95571 0.20081 0.183709 0.212671 0.200998 0.175026 0.208183
1137500 0.208087 0.186073 0.211071 4.31507 -3.30776 8.00788 0.206452 0.187598 0.20864 0.209575 0.184685 0.213284
1137500 0.204109 0.185983 0.210314 -13.8388 -6.33635 10.2077 0.206452 0.187598 0.20864 0.20081 0.183709 0.212671
1137500 0.209112 0.178831 0.210815 1.41581 13.8369 -22.7038 0.2093 0.175619 0.216655 0.208996 0.1808 0.207234
1137500 0.209489 0.181867 0.214332 -0.624632 -8.76277 1.80028 0.209575 0.184685 0.213284 0.2093 0.175619 0.216655
1137500 0.210655 0.189949 0.201403 -34.3047 -15.715 4.52595 0.215385 0.192513 0.201535 0.207078 0.18801 0.201304
1137500 0.207025 0.190764 0.207901 3.14879 17.6603 -1.20433 0.206452 0.187598 0.20864 0.207764 0.194846 0.206949
1137500 0.210028 0.187266 0.21476 0.847105 4.64927 1.74852 0.209575 0.184685 0.213284 0.210747 0.191353 0.217097
1137500 0.212335 0.184567 0.214473 4.84721 -0.97465 1.75914 0.209575 0.184685 0.213284 0.216028 0.184409 0.216065
1137500 0.208647 0.192262 0.191626 -5.54236 -7.75668 -11.7278 0.210103 0.194007 0.193694 0.206667 0.18989 0.188816
1137500 0.212613 0.195717 0.194168 4.656 3.35895 -0.0095166 0.210103 0.194007 0.193694 0.215137 0.197437 0.194644
1137500 0.209546 0.196529 0.19536 -1.61274 14.0675 6.70996 0.210103 0.194007 0.193694 0.208687 0.200413 0.197927
1137500 0.218036 0.196381 0.194828 -22.5392 12.4151 -2.53711 0.221896 0.194976 0.195072 0.215137 0.197437 0.194644
1137500 0.215016 0.1975 0.188081 -3.91226 9.62517 0.0472537 0.216122 0.192769 0.187929 0.213824 0.202598 0.188246
1137500 0.204439 0.194042 0.209482 15.3529 4.81126 -8.56277 0.2007 0.193138 0.212331 0.207764 0.194846 0.206949
1137500 0.210511 0.191946 0.208418 -9.30431 12.4113 -3.76756 0.21257 0.189773 0.20952 0.207764 0.194846 0.206949
1137500 0.211129 0.193816 0.204558 -29.8474 13.8629 28.3926 0.215385 0.192513 0.201535 0.207764 0.194846 0.206949
1137500 0.211838 0.190407 0.21256 -0.928271 2.76412 9.32582 0.21257 0.189773 0.20952 0.210747 0.191353 0.217097
1137500 0.215099 0.187962 0.208811 -16.8459 9.63525 1.96854 0.218919 0.185227 0.207742 0.21257 0.189773 0.20952
1137500 0.217249 0.188668 0.20481 -7.00491 14.0236 -16.5459 0.218919 0.185227 0.207742 0.215385 0.192513 0.201535
1137500 0.207045 0.193883 0.218696 22.5421 -14.4343 -14.5817 0.203887 0.196042 0.22006 0.210747 0.191353 0.217097
1137500 0.18245 0.184167 0.19594 -7.87984 -0.860495 3.91193 0.185912 0.18475 0.193491 0.177513 0.183336 0.199432
1137500 0.211415 0.179794 0.183946 -0.0846467 5.47459 -0.899872 0.211208 0.175163 0.185432 0.211646 0.184936 0.182295
1137500 0.206385 0.18488 0.183536 -4.92537 0.660569 1.58596 0.211646 0.184936 0.182295 0.202965 0.184844 0.184343
1137500 0.211251 0.196538 0.208711 -4.19884 -1.54085 -1.37569 0.216569 0.199119 0.211397 0.207764 0.194846 0.206949
1137500 0.193864 0.202503 0.184116 -5.25868 2.43562 -2.10012 0.197546 0.200166 0.186223 0.191103 0.204254 0.182537
1137500 0.203764 0.180056 0.190805 -7.69906 -3.11524 -0.802452 0.207617 0.181738 0.190553 0.200622 0.178685 0.191011
1137500 0.211033 0.199942 0.184697 4.92349 6.84638 9.28443 0.207418 0.196501 0.180101 0.213824 0.202598 0.188246
1137500 0.194915 0.179459 0.182026 -18.2182 8.26455 0.165539 0.199375 0.177252 0.182762 0.191271 0.181263 0.181425
1137500 0.210206 0.199492 0.212635 5.73023 -0.745045 -0.286047 0.206343 0.199719 0.213386 0.216569 0.199119 0.211397
1137500 0.207026 0.197376 0.210291 3.86451 -7.49483 -8.79784 0.206343 0.199719 0.213386 0.207764 0.194846 0.206949
1137500 0.205134 0.197908 0.216672 0.705922 2.18204 -4.01413 0.203887 0.196042 0.22006 0.206343 0.199719 0.213386
1137500 0.203755 0.184403 0.216201 9.64994 0.362831 9.44786 0.20081 0.183709 0.212671 0.205941 0.184918 0.218821
1137500 0.202424 0.194709 0.216512 5.30154 2.79105 14.3957 0.2007 0.193138 0.212331 0.203887 0.196042 0.22006
1137500 0.194535 0.19292 0.206908 8.19172 11.6206 -5.46903 0.191874 0.190181 0.208671 0.196686 0.195134 0.205483
1137500 0.207589 0.184561 0.208012 1.99817 -4.93617 -0.185672 0.206452 0.187598 0.20864 0.208996 0.1808 0.207234
1137500 0.192656 0.186139 0.207807 1.35604 -15.8045 -1.38578 0.191874 0.190181 0.208671 0.193554 0.181498 0.206816
1137500 0.188929 0.19299 0.209734 -9.64406 11.6664 2.24137 0.191874 0.190181 0.208671 0.186109 0.19568 0.210752
1137500 0.208838 0.18773 0.185972 -1.89883 2.56302 2.37148 0.211646 0.184936 0.182295 0.206667 0.18989 0.188816
1137500 0.198601 0.195459 0.185783 0.5592 -7.72333 -1.17609 0.197546 0.200166 0.186223 0.199464 0.191605 0.185423
1137500 0.191851 0.187956 0.212241 -1.49632 -4.78355 7.67011 0.191874 0.190181 0.208671 0.191822 0.185138 0.216761
1137500 0.199999 0.181635 0.216753 0.573032 2.60329 -3.62097 0.199147 0.179457 0.221038 0.20081 0.183709 0.212671
1137500 0.218654 0.188889 0.199261 -13.4572 12.6059 5.66644 0.222546 0.184575 0.196553 0.215385 0.192513 0.201535
1137500 0.199169 0.181681 0.196597 -6.6121 -12.0346 6.06567 0.200849 0.186104 0.195003 0.198083 0.178819 0.197629
1137500 0.200328 0.179943 0.199663 -2.53148 -1.9785 -2.86367 0.202994 0.181279 0.202079 0.198083 0.178819 0.197629
1137500 0.217133 0.180932 0.206479 -3.54391 -14.4087 -5.03272 0.218919 0.185227 0.207742 0.215815 0.177759 0.205546
1137500 0.21321 0.194639 0.214685 3.07447 4.91116 -2.3901 0.210747 0.191353 0.217097 0.216569 0.199119 0.211397
1137500 0.200756 0.188355 0.212504 -2.60275 -17.9387 1.21872 0.2007 0.193138 0.212331 0.20081 0.183709 0.212671
1137500 0.207087 0.181746 0.218083 1.42036 -7.37515 -1.32921 0.205941 0.184918 0.218821 0.2093 0.175619 0.216655
1137500 0.195645 0.182173 0.218993 -3.81746 3.69367 -3.32038 0.199147 0.179457 0.221038 0.191822 0.185138 0.216761
1137500 0.201275 0.19053 0.197278 0.0891265 3.88537 2.76699 0.200849 0.186104 0.195003 0.201662 0.194543 0.19934
1137500 0.198353 0.194305 0.208327 -14.6533 6.69345 -17.7514 0.2007 0.193138 0.212331 0.196686 0.195134 0.205483
1137500 0.207961 0.187622 0.218097 2.75402 5.28978 -1.19562 0.205941 0.184918 0.218821 0.210747 0.191353 0.217097
1137500 0.185964 0.180862 0.195281 -1.01162 -7.84107 2.81488 0.185912 0.18475 0.193491 0.186028 0.176097 0.197475
1137500 0.215228 0.19564 0.197158 1.86189 15.3191 -16.9681 0.215385 0.192513 0.201535 0.215137 0.197437 0.194644
1137500 0.204975 0.184544 0.201703 -4.05684 -5.75975 -0.317698 0.207078 0.18801 0.201304 0.202994 0.181279 0.202079
1137500 0.19882 0.19488 0.202848 -5.80642 1.25548 5.44397 0.201662 0.194543 0.19934 0.196686 0.195134 0.205483
1137500 0.198745 0.202307 0.1904 1.11905 3.51443 4.91224 0.197546 0.200166 0.186223 0.200061 0.204658 0.194986
1137500 0.206953 0.19241 0.185494 0.216371 -2.80747 3.00455 0.207418 0.196501 0.180101 0.206667 0.18989 0.188816
1137500 0.197717 0.180314 0.213382 11.6625 17.8556 -3.18686 0.195534 0.177919 0.213883 0.20081 0.183709 0.212671
1137500 0.20782 0.180593 0.194601 0.708456 -0.756312 5.438 0.207617 0.181738 0.190553 0.207967 0.179761 0.197543
1137500 0.205761 0.180434 0.199556 -0.58719 0.107792 0.397518 0.207967 0.179761 0.197543 0.202994 0.181279 0.202079
1137500 0.211171 0.1819 0.203953 -10.0449 -9.1017 18.8003 0.213261 0.182957 0.200801 0.208996 0.1808 0.207234
1137500 0.196351 0.184931 0.184418 1.90488 1.65369 -5.61636 0.195653 0.183524 0.188114 0.196932 0.186101 0.181345
1137500 0.181785 0.200748 0.193882 2.90014 4.04116 2.99557 0.179926 0.19897 0.192263 0.184851 0.203682 0.196553
1137500 0.203795 0.196771 0.21291 0.0 0.0 0.0 0.2007 0.193138 0.212331 0.206343 0.199719 0.213386
1137500 0.210286 0.18116 0.198969 3.46104 2.92595 2.87013 0.207967 0.179761 0.197543 0.213261 0.182957 0.200801
1137500 0.198627 0.19411 0.196007 1.97672 0.358807 1.5949 0.1956 0.193679 0.192682 0.201662 0.194543 0.19934
1137500 0.219075 0.193909 0.197872 -15.6637 -8.60377 13.091 0.221896 0.194976 0.195072 0.215385 0.192513 0.201535
1137500 0.200959 0.198364 0.189152 0.806584 -0.259483 0.763414 0.197546 0.200166 0.186223 0.203708 0.196911 0.191511
1137500 0.216789 0.183572 0.199187 -17.0726 -0.0859801 6.92242 0.222546 0.184575 0.196553 0.213261 0.182957 0.200801
1137500 0.202761 0.195815 0.195135 -0.407094 -0.756317 1.53955 0.203708 0.196911 0.191511 0.201662 0.194543 0.19934
1137500 0.205137 0.193521 0.190209 0.473826 -1.45798 -0.795031 0.203708 0.196911 0.191511 0.206667 0.18989 0.188816
1137500 0.204579 0.200304 0.189789 0.283181 1.06958 -0.782117 0.203708 0.196911 0.191511 0.205311 0.203156 0.188342
1137500 0.1927 0.192064 0.18962 8.84068 5.05609 12.9273 0.189185 0.190106 0.185909 0.1956 0.193679 0.192682
1137500 0.193139 0.199528 0.188128 -6.51299 -0.688303 1.67065 0.197546 0.200166 0.186223 0.189315 0.198974 0.18978
1137500 0.18313 0.185187 0.200949 0.0439072 0.0229027 0.0117568 0.177513 0.183336 0.199432 0.187285 0.186557 0.202071
1137500 0.190226 0.183698 0.200179 -0.00738432 0.0102129 0.00620193 0.19235 0.181634 0.198813 0.187285 0.186557 0.202071
1137500 0.193319 0.18863 0.197691 0.00157312 0.0072375 0.00735833 0.192785 0.186858 0.195197 0.193904 0.190569 0.200419
1137500 0.191063 0.188846 0.201128 0.00561335 0.00461991 -0.00101325 0.187285 0.186557 0.202071 0.193904 0.190569 0.200419
1137500 0.187702 0.190963 0.202974 -0.000348487 0.00785297 0.000955183 0.187285 0.186557 0.202071 0.188006 0.194177 0.203633
1137500 0.189927 0.179511 0.1983 0.0121768 0.0140922 0.00148308 0.186028 0.176097 0.197475 0.19235 0.181634 0.198813
1137500 0.195229 0.18022 0.198218 0.0476541 -0.0253589 -0.00150943 0.19235 0.181634 0.198813 0.198083 0.178819 0.197629
1137500 0.192835 0.181579 0.202038 0.0034061 -0.00106596 0.0113923 0.19235 0.181634 0.198813 0.193554 0.181498 0.206816
1137500 0.192573 0.18431 0.19696 -0.000434326 -0.00522901 0.00250344 0.192785 0.186858 0.195197 0.19235 0.181634 0.198813
1137500 0.190314 0.184113 0.204363 -0.0307554 0.03559 -0.0258055 0.193554 0.181498 0.206816 0.187285 0.186557 0.202071
1137500 0.189896 0.185972 0.19448 -0.142185 -0.07008 -0.0429535 0.192785 0.186858 0.195197 0.185912 0.18475 0.193491
1137500 0.195877 0.186569 0.195123 -0.0 -0.0 -0.0 0.192785 0.186858 0.195197 0.200849 0.186104 0.195003
1137500 0.196415 0.189453 0.202416 -0.011111 0.0071836 -0.00789148 0.199569 0.188053 0.204926 0.193904 0.190569 0.200419
1137500 0.192511 0.190362 0.215969 -2.68499e-05 0.00308535 -0.000223926 0.191822 0.185138 0.216761 0.192972 0.193863 0.215438
1137500 0.183289 0.192079 0.193787 -0.248236 -0.0782884 -0.189499 0.18716 0.193114 0.195849 0.179158 0.190975 0.191587
1137500 0.184978 0.1839 0.21156 -0.00128305 0.0245815 0.000322262 0.185326 0.179588 0.212183 0.184678 0.18763 0.211022
1137500 0.196273 0.193553 0.214111 -0.0 -0.0 -0.0 0.2007 0.193138 0.212331 0.192972 0.193863 0.215438
1137500 0.182349 0.183503 0.191255 0.0 0.0 0.0 0.185912 0.18475 0.193491 0.178511 0.181977 0.188845
1137500 0.180516 0.194909 0.201015 0.0 0.0 0.0 0.180366 0.192113 0.205148 0.180625 0.196704 0.198147
1137500 0.182728 0.187769 0.192593 0.0 0.0 0.0 0.185912 0.18475 0.193491 0.179158 0.190975 0.191587
1137500 0.183845 0.190655 0.18893 0.0 0.0 0.0 0.189185 0.190106 0.185909 0.179158 0.190975 0.191587
1137500 0.182767 0.189702 0.208421 0.0 0.0 0.0 0.180366 0.192113 0.205148 0.184678 0.18763 0.211022
1137500 0.185864 0.187227 0.206944 0.0 0.0 0.0 0.187285 0.186557 0.202071 0.184678 0.18763 0.211022
1137500 0.188083 0.188837 0.209909 0.0 -0.0 0.0 0.191874 0.190181 0.208671 0.184678 0.18763 0.211022
1137500 0.185369 0.191613 0.210891 0.0 0.0 0.0 0.186109 0.19568 0.210752 0.184678 0.18763 0.211022
1137500 0.183914 0.189348 0.203569 0.0 0.0 0.0 0.180366 0.192113 0.205148 0.187285 0.186557 0.202071
1137500 0.184878 0.193417 0.204253 0.0 0.0 0.0 0.180366 0.192113 0.205148 0.188006 0.194177 0.203633
1137500 0.187642 0.186683 0.213405 0.0 0.0 0.0 0.191822 0.185138 0.216761 0.184678 0.18763 0.211022
1137500 0.193486 0.182493 0.184807 0.0 0.0 0.0 0.195653 0.183524 0.188114 0.191271 0.181263 0.181425
1137500 0.197905 0.182657 0.18191 0.0 0.0 0.0 0.199375 0.177252 0.182762 0.196932 0.186101 0.181345
1137500 0.190375 0.185143 0.183346 0.0 0.0 0.0 0.189185 0.190106 0.185909 0.191271 0.181263 0.181425
1137500 0.192456 0.179902 0.195506 0.0 0.0 0.0 0.192571 0.177871 0.191968 0.19235 0.181634 0.198813
1137500 0.194035 0.185488 0.192106 0.0 0.0 0.0 0.192785 0.186858 0.195197 0.195653 0.183524 0.188114
1137500 0.19757 0.187675 0.18676 0.0 0.0 0.0 0.195653 0.183524 0.188114 0.199464 0.191605 0.185423
1137500 0.189565 0.183068 0.196511 0.0 0.0 0.0 0.185912 0.18475 0.193491 0.19235 0.181634 0.198813
1137500 0.199314 0.17884 0.194421 0.0 0.0 0.0 0.200622 0.178685 0.191011 0.198083 0.178819 0.197629
1137500 0.198331 0.181002 0.189675 0.0 0.0 0.0 0.195653 0.183524 0.188114 0.200622 0.178685 0.191011
1137500 0.199553 0.184314 0.186102 0.0 0.0 0.0 0.195653 0.183524 0.188114 0.202965 0.184844 0.184343
1137500 0.189233 0.180583 0.209635 0.0 0.0 0.0 0.185326 0.179588 0.212183 0.193554 0.181498 0.206816
1137500 0.194734 0.179452 0.211027 0.0 0.0 0.0 0.195534 0.177919 0.213883 0.193554 0.181498 0.206816
1137500 0.19412 0.180756 0.214982 0.0 0.0 0.0 0.195534 0.177919 0.213883 0.191822 0.185138 0.216761
1137500 0.192731 0.183316 0.211547 0.0 0.0 0.0 0.191822 0.185138 0.216761 0.193554 0.181498 0.206816
1137500 0.197252 0.182711 0.209801 0.0 0.0 0.0 0.20081 0.183709 0.212671 0.193554 0.181498 0.206816
1137500 0.203127 0.182743 0.219741 0.0 0.0 0.0 0.199147 0.179457 0.221038 0.205941 0.184918 0.218821
1137500 0.193996 0.187704 0.183074 0.0 0.0 0.0 0.189185 0.190106 0.185909 0.196932 0.186101 0.181345
1137500 0.198209 0.19195 0.181464 0.0 0.0 0.0 0.199464 0.191605 0.185423 0.197076 0.192098 0.177888
1137500 0.197728 0.199484 0.181433 0.0 0.0 0.0 0.197848 0.198882 0.178221 0.197546 0.200166 0.186223
1137500 0.190489 0.189495 0.19546 0.0 0.0 0.0 0.192785 0.186858 0.195197 0.18716 0.193114 0.195849
1137500 0.193932 0.18972 0.194169 0.0 0.0 0.0 0.192785 0.186858 0.195197 0.1956 0.193679 0.192682
1137500 0.187347 0.187188 0.190163 0.0 0.0 0.0 0.185912 0.18475 0.193491 0.189185 0.190106 0.185909
1137500 0.195145 0.191061 0.185626 0.0 0.0 0.0 0.199464 0.191605 0.185423 0.189185 0.190106 0.185909
1137500 0.188072 0.191843 0.191361 0.0 0.0 0.0 0.18716 0.193114 0.195849 0.189185 0.190106 0.185909
1137500 0.191373 0.193483 0.194266 0.0 0.0 0.0 0.18716 0.193114 0.195849 0.1956 0.193679 0.192682
1137500 0.190543 0.186818 0.197995 0.0 0.0 0.0 0.192785 0.186858 0.195197 0.187285 0.186557 0.202071
1137500 0.186578 0.185715 0.197666 0.0 0.0 0.0 0.185912 0.18475 0.193491 0.187285 0.186557 0.202071
1137500 0.18722 0.189925 0.198956 0.0 0.0 0.0 0.18716 0.193114 0.195849 0.187285 0.186557 0.202071
1137500 0.191004 0.191746 0.198453 0.0 0.0 0.0 0.18716 0.193114 0.195849 0.193904 0.190569 0.200419
1137500 0.187647 0.193813 0.200345 0.0 0.0 0.0 0.18716 0.193114 0.195849 0.188006 0.194177 0.203633
1137500 0.194632 0.191986 0.197096 0.0 0.0 0.0 0.1956 0.193679 0.192682 0.193904 0.190569 0.200419
1137500 0.19351 0.194279 0.200057 0.0 0.0 0.0 0.192963 0.199236 0.199559 0.193904 0.190569 0.200419
1137500 0.190044 0.196342 0.201957 0.0 0.0 0.0 0.192963 0.199236 0.199559 0.188006 0.194177 0.203633
1137500 0.190275 0.201892 0.185893 0.0 0.0 0.0 0.189315 0.198974 0.18978 0.191103 0.204254 0.182537
1137500 0.186066 0.198202 0.196182 0.0 0.0 0.0 0.18716 0.193114 0.195849 0.184851 0.203682 0.196553
1137500 0.18728 0.201206 0.192868 0.0 0.0 0.0 0.189315 0.198974 0.18978 0.184851 0.203682 0.196553
1137500 0.201116 0.189717 0.181571 0.0 0.0 0.0 0.199464 0.191605 0.185423 0.202426 0.188065 0.178517
1137500 0.201322 0.188106 0.184848 0.0 0.0 0.0 0.199464 0.191605 0.185423 0.202965 0.184844 0.184343
1137500 0.201604 0.194365 0.18849 0.0 0.0 0.0 0.203708 0.196911 0.191511 0.199464 0.191605 0.185423
1137500 0.199949 0.195498 0.192052 0.0 0.0 0.0 0.203708 0.196911 0.191511 0.1956 0.193679 0.192682
1137500 0.1974 0.196927 0.199446 0.0 0.0 0.0 0.192963 0.199236 0.199559 0.201662 0.194543 0.19934
1137500 0.197116 0.200711 0.202389 0.0 0.0 0.0 0.192963 0.199236 0.199559 0.201795 0.202192 0.205578
1137500 0.18966 0.188518 0.205488 0.0 0.0 0.0 0.191874 0.190181 0.208671 0.187285 0.186557 0.202071
1137500 0.195696 0.18921 0.206812 0.0 0.0 0.0 0.191874 0.190181 0.208671 0.199569 0.188053 0.204926
1137500 0.190909 0.192482 0.202049 0.0 0.0 0.0 0.188006 0.194177 0.203633 0.193904 0.190569 0.200419
1137500 0.192997 0.190478 0.204104 0.0 0.0 0.0 0.191874 0.190181 0.208671 0.193904 0.190569 0.200419
1137500 0.195294 0.192932 0.202948 0.0 0.0 0.0 0.196686 0.195134 0.205483 0.193904 0.190569 0.200419
1137500 0.189704 0.192422 0.205845 0.0 0.0 0.0 0.191874 0.190181 0.208671 0.188006 0.194177 0.203633
1137500 0.187151 0.194938 0.206835 0.0 0.0 0.0 0.186109 0.19568 0.210752 0.188006 0.194177 0.203633
1137500 0.192469 0.192259 0.212334 0.0 0.0 0.0 0.191874 0.190181 0.208671 0.192972 0.193863 0.215438
1137500 0.189748 0.194803 0.213237 0.0 0.0 0.0 0.186109 0.19568 0.210752 0.192972 0.193863 0.215438
1137500 0.194719 0.195046 0.218406 0.0 0.0 0.0 0.19643 0.196036 0.221315 0.192972 0.193863 0.215438
1137500 0.195939 0.191833 0.217558 0.0 0.0 0.0 0.192972 0.193863 0.215438 0.198863 0.189658 0.21965
1137500 0.195112 0.197094 0.215485 0.0 0.0 0.0 0.192972 0.193863 0.215438 0.19736 0.200317 0.215532
1137500 0.186153 0.197993 0.214328 0.0 0.0 0.0 0.186109 0.19568 0.210752 0.186219 0.201137 0.219519
1137500 0.190412 0.196707 0.216986 0.0 0.0 0.0 0.192972 0.193863 0.215438 0.186219 0.201137 0.219519
1137500 0.201373 0.184573 0.203427 0.0 0.0 0.0 0.199569 0.188053 0.204926 0.202994 0.181279 0.202079
1137500 0.200164 0.18606 0.208632 0.0 0.0 0.0 0.20081 0.183709 0.212671 0.199569 0.188053 0.204926
1137500 0.200159 0.187241 0.200355 0.0 0.0 0.0 0.200849 0.186104 0.195003 0.199569 0.188053 0.204926
1137500 0.200584 0.191287 0.202215 0.0 0.0 0.0 0.199569 0.188053 0.204926 0.201662 0.194543 0.19934
1137500 0.196715 0.188843 0.198225 0.0 0.0 0.0 0.200849 0.186104 0.195003 0.193904 0.190569 0.200419
1137500 0.197229 0.192354 0.199955 0.0 0.0 0.0 0.201662 0.194543 0.19934 0.193904 0.190569 0.200419
1137500 0.203448 0.187882 0.207018 0.0 0.0 0.0 0.206452 0.187598 0.20864 0.199569 0.188053 0.204926
1137500 0.196002 0.19165 0.210383 0.0 0.0 0.0 0.191874 0.190181 0.208671 0.2007 0.193138 0.212331
1137500 0.199703 0.18718 0.216642 0.0 0.0 0.0 0.20081 0.183709 0.212671 0.198863 0.189658 0.21965
1137500 0.201196 0.192709 0.21984 0.0 0.0 0.0 0.203887 0.196042 0.22006 0.198863 0.189658 0.21965
1137500 0.194487 0.203973 0.188194 0.0 0.0 0.0 0.197546 0.200166 0.186223 0.191657 0.20733 0.190021
1137500 0.201659 0.198725 0.183672 0.0 0.0 0.0 0.197546 0.200166 0.186223 0.207418 0.196501 0.180101
1137500 0.202164 0.200274 0.19298 0.0 0.0 0.0 0.203708 0.196911 0.191511 0.200061 0.204658 0.194986
1137500 0.202176 0.202034 0.187485 0.0 0.0 0.0 0.197546 0.200166 0.186223 0.205311 0.203156 0.188342
1137500 0.200493 0.19835 0.217706 0.0 0.0 0.0 0.203887 0.196042 0.22006 0.19736 0.200317 0.215532
1137500 0.214063 0.179568 0.199094 0.0 0.0 0.0 0.213261 0.182957 0.200801 0.215437 0.173519 0.196168
1137500 0.209382 0.183225 0.186935 0.0 0.0 0.0 0.207617 0.181738 0.190553 0.211646 0.184936 0.182295
1137500 0.205082 0.183518 0.187166 0.0 0.0 0.0 0.207617 0.181738 0.190553 0.202965 0.184844 0.184343
1137500 0.20933 0.183126 0.21072 0.0 0.0 0.0 0.209575 0.184685 0.213284 0.208996 0.1808 0.207234
1137500 0.206132 0.184388 0.213043 0.0 0.0 0.0 0.209575 0.184685 0.213284 0.20081 0.183709 0.212671
1137500 0.204298 0.180472 0.214309 0.0 0.0 0.0 0.20081 0.183709 0.212671 0.2093 0.175619 0.216655
1137500 0.214158 0.187074 0.20111 0.0 0.0 0.0 0.213261 0.182957 0.200801 0.215385 0.192513 0.201535
1137500 0.208036 0.184499 0.204263 0.0 0.0 0.0 0.208996 0.1808 0.207234 0.207078 0.18801 0.201304
1137500 0.211029 0.187241 0.211457 0.0 0.0 0.0 0.209575 0.184685 0.213284 0.21257 0.189773 0.20952
1137500 0.207883 0.184881 0.215862 0.0 0.0 0.0 0.209575 0.184685 0.213284 0.205941 0.184918 0.218821
1137500 0.212642 0.179261 0.206332 0.0 0.0 0.0 0.208996 0.1808 0.207234 0.215815 0.177759 0.205546
1137500 0.215803 0.184062 0.203917 0.0 0.0 0.0 0.218919 0.185227 0.207742 0.213261 0.182957 0.200801
1137500 0.20268 0.18663 0.181267 0.0 0.0 0.0 0.202965 0.184844 0.184343 0.202426 0.188065 0.178517
1137500 0.205063 0.196847 0.187343 0.0 0.0 0.0 0.203708 0.196911 0.191511 0.207418 0.196501 0.180101
1137500 0.21249 0.194412 0.18466 0.0 0.0 0.0 0.216122 0.192769 0.187929 0.207418 0.196501 0.180101
1137500 0.209681 0.188676 0.191487 0.0 0.0 0.0 0.21263 0.187318 0.194105 0.206667 0.18989 0.188816
1137500 0.204017 0.188251 0.191634 0.0 0.0 0.0 0.200849 0.186104 0.195003 0.206667 0.18989 0.188816
1137500 0.207285 0.195372 0.19273 0.0 0.0 0.0 0.210103 0.194007 0.193694 0.203708 0.196911 0.191511
1137500 0.209849 0.187751 0.197712 0.0 0.0 0.0 0.21263 0.187318 0.194105 0.207078 0.18801 0.201304
1137500 0.204513 0.19119 0.200373 0.0 0.0 0.0 0.201662 0.194543 0.19934 0.207078 0.18801 0.201304
1137500 0.204807 0.194785 0.203261 0.0 0.0 0.0 0.201662 0.194543 0.19934 0.207764 0.194846 0.206949
1137500 0.212023 0.19355 0.196542 0.0 0.0 0.0 0.210103 0.194007 0.193694 0.215385 0.192513 0.201535
1137500 0.205957 0.198578 0.194408 0.0 0.0 0.0 0.203708 0.196911 0.191511 0.208687 0.200413 0.197927
1137500 0.216493 0.186336 0.195058 0.0 0.0 0.0 0.222546 0.184575 0.196553 0.21263 0.187318 0.194105
1137500 0.211039 0.191306 0.188404 0.0 0.0 0.0 0.216122 0.192769 0.187929 0.206667 0.18989 0.188816
1137500 0.212435 0.193613 0.191459 0.0 0.0 0.0 0.210103 0.194007 0.193694 0.216122 0.192769 0.187929
1137500 0.215521 0.195707 0.192032 0.0 0.0 0.0 0.216122 0.192769 0.187929 0.215137 0.197437 0.194644
1137500 0.207414 0.191438 0.204063 0.0 0.0 0.0 0.207078 0.18801 0.201304 0.207764 0.194846 0.206949
1137500 0.204104 0.189945 0.210146 0.0 0.0 0.0 0.206452 0.187598 0.20864 0.2007 0.193138 0.212331
1137500 0.209565 0.188791 0.209087 0.0 0.0 0.0 0.206452 0.187598 0.20864 0.21257 0.189773 0.20952
1137500 0.213619 0.19088 0.206548 0.0 0.0 0.0 0.21257 0.189773 0.20952 0.215385 0.192513 0.201535
1137500 0.208337 0.196017 0.215066 0.0 0.0 0.0 0.206343 0.199719 0.213386 0.210747 0.191353 0.217097
1137500 0.201219 0.197515 0.20913 0.0 0.0 0.0 0.2007 0.193138 0.212331 0.201795 0.202192 0.205578
1137500 0.204406 0.200858 0.21006 0.0 0.0 0.0 0.206343 0.199719 0.213386 0.201795 0.202192 0.205578
1137500 0.21389 0.19294 0.210138 0.0 0.0 0.0 0.21257 0.189773 0.20952 0.216569 0.199119 0.211397
1137500 0.215922 0.195594 0.206005 0.0 0.0 0.0 0.216569 0.199119 0.211397 0.215385 0.192513 0.201535
1137500 0.184251 0.204286 0.191613 -3.98668 0.883444 -14.5533 0.184851 0.203682 0.196553 0.183753 0.204787 0.187512
1137500 0.185736 0.208351 0.194961 -0.690407 -22.8454 9.17885 0.186317 0.211414 0.193917 0.184851 0.203682 0.196553
1137500 0.185734 0.206578 0.20055 -3.76988 -11.8697 -11.9327 0.186892 0.210375 0.205791 0.184851 0.203682 0.196553
1137500 0.183076 0.210883 0.194086 -17.016 -5.37464 2.15947 0.186317 0.211414 0.193917 0.179313 0.210266 0.194283
1137500 0.185755 0.217521 0.195249 -19.4472 -3.27437 -13.8982 0.189706 0.217509 0.197635 0.182247 0.217532 0.193131
1137500 0.181209 0.209692 0.202554 6.20632 1.17182 2.4349 0.178572 0.209376 0.201053 0.186892 0.210375 0.205791
1137500 0.184828 0.216447 0.204339 1.81651 -9.77123 1.50607 0.183618 0.220005 0.203489 0.186892 0.210375 0.205791
1137500 0.190448 0.203018 0.189897 -3.51377 -12.0225 -2.35651 0.191657 0.20733 0.190021 0.189315 0.198974 0.18978
1137500 0.192835 0.204346 0.211893 -1.27531 -16.9365 -12.3465 0.193228 0.207604 0.215162 0.192447 0.201119 0.208654
1137500 0.19458 0.205155 0.208211 -8.7505 -18.2626 5.18521 0.196037 0.20791 0.207908 0.192447 0.201119 0.208654
1137500 0.195511 0.203578 0.215367 5.27591 -11.396 2.28676 0.193228 0.207604 0.215162 0.19736 0.200317 0.215532
1137500 0.196779 0.201616 0.207229 -22.3037 -3.43652 11.481 0.201795 0.202192 0.205578 0.192447 0.201119 0.208654
1137500 0.199942 0.202972 0.216142 -2.98729 -2.22321 -0.546698 0.202624 0.20573 0.216776 0.19736 0.200317 0.215532
1137500 0.188346 0.212677 0.18565 -1.84811 -10.1948 -9.17536 0.189657 0.216124 0.188476 0.187382 0.210144 0.183573
1137500 0.198242 0.209562 0.194028 4.11715 -10.0861 3.81406 0.196837 0.213352 0.193287 0.200061 0.204658 0.194986
1137500 0.188577 0.209685 0.192267 7.14687 -5.63526 -3.49989 0.186317 0.211414 0.193917 0.191657 0.20733 0.190021
1137500 0.194359 0.210471 0.191725 8.50839 11.6903 3.71426 0.191657 0.20733 0.190021 0.196837 0.213352 0.193287
1137500 0.187727 0.21395 0.195464 10.4912 12.8882 9.7547 0.186317 0.211414 0.193917 0.189706 0.217509 0.197635
1137500 0.196943 0.213575 0.197388 1.93273 2.97381 15.9977 0.196837 0.213352 0.193287 0.197066 0.213834 0.202148
1137500 0.193326 0.215702 0.199855 -26.4206 13.2041 -10.5505 0.197066 0.213834 0.202148 0.189706 0.217509 0.197635
1137500 0.191932 0.21848 0.185179 -7.1629 -8.76469 8.47899 0.1943 0.220931 0.181747 0.189657 0.216124 0.188476
1137500 0.19738 0.217284 0.192233 3.05493 20.8415 -2.13818 0.196837 0.213352 0.193287 0.198009 0.22185 0.191009
1137500 0.19601 0.210902 0.213473 4.93771 6.20683 -1.74742 0.193228 0.207604 0.215162 0.198986 0.214432 0.211665
1137500 0.195703 0.207045 0.204918 -2.41005 -5.93733 -12.9601 0.196037 0.20791 0.207908 0.195377 0.206201 0.201999
1137500 0.197179 0.210435 0.209363 -12.5813 -28.1129 -23.0243 0.198986 0.214432 0.211665 0.196037 0.20791 0.207908
1137500 0.196037 0.209182 0.202057 -9.2314 -37.6429 5.38395 0.197066 0.213834 0.202148 0.195377 0.206201 0.201999
1137500 0.191431 0.211863 0.215453 -7.43957 28.3927 2.28147 0.193228 0.207604 0.215162 0.189209 0.217131 0.215812
1137500 0.18813 0.213985 0.211145 2.86473 8.07925 9.69492 0.186892 0.210375 0.205791 0.189209 0.217131 0.215812
1137500 0.198626 0.218068 0.2006 2.58525 8.53901 -1.64564 0.197066 0.213834 0.202148 0.19987 0.221443 0.199366
1137500 0.194419 0.21723 0.204196 16.5459 -18.4343 -16.6172 0.19177 0.220628 0.206246 0.197066 0.213834 0.202148
1137500 0.197721 0.204737 0.203306 4.42848 -2.62319 1.50581 0.195377 0.206201 0.201999 0.201795 0.202192 0.205578
1137500 0.202976 0.217034 0.213043 16.8925 9.28004 2.73736 0.198986 0.214432 0.211665 0.206564 0.219374 0.214282
1137500 0.201296 0.211689 0.201658 21.6632 -12.5426 1.14629 0.197066 0.213834 0.202148 0.204874 0.209875 0.201244
1137500 0.201137 0.215867 0.203574 25.4393 12.3062 14.0697 0.197066 0.213834 0.202148 0.205127 0.217859 0.204971
1137500 0.200952 0.208301 0.219182 -8.20761 10.9564 7.77284 0.202624 0.20573 0.216776 0.199491 0.210549 0.221285
1137500 0.205095 0.197412 0.198649 -5.77914 -6.31855 2.11631 0.208687 0.200413 0.197927 0.201662 0.194543 0.19934
1137500 0.212589 0.198612 0.195941 12.0878 -3.27989 -5.17465 0.208687 0.200413 0.197927 0.215137 0.197437 0.194644
1137500 0.21465 0.199353 0.192269 10.1035 -18.5788 26.8106 0.213824 0.202598 0.188246 0.215137 0.197437 0.194644
1137500 0.209594 0.201856 0.202342 -7.7923 -10.046 -22.1284 0.21019 0.202803 0.205242 0.208687 0.200413 0.197927
1137500 0.210267 0.204793 0.185093 15.3056 -14.2103 17.105 0.207975 0.206207 0.183061 0.213824 0.202598 0.188246
1137500 0.208455 0.204232 0.195138 1.62729 -11.3226 6.0604 0.208291 0.206924 0.193172 0.208687 0.200413 0.197927
1137500 0.214079 0.205152 0.19281 -3.54743 -10.1034 -15.3658 0.214226 0.206626 0.195445 0.213824 0.202598 0.188246
1137500 0.205109 0.198114 0.206339 29.0138 -31.3736 12.7367 0.201795 0.202192 0.205578 0.207764 0.194846 0.206949
1137500 0.203545 0.20656 0.203114 13.7421 27.5066 -10.9689 0.201795 0.202192 0.205578 0.204874 0.209875 0.201244
1137500 0.209498 0.20525 0.20703 -7.10421 14.0144 11.5769 0.21019 0.202803 0.205242 0.208258 0.209638 0.210236
1137500 0.204473 0.202741 0.21509 4.02909 -9.30376 -6.09254 0.202624 0.20573 0.216776 0.206343 0.199719 0.213386
1137500 0.212256 0.20161 0.207235 10.2931 -9.08867 12.7698 0.21019 0.202803 0.205242 0.216569 0.199119 0.211397
1137500 0.216796 0.19766 0.200834 -3.67711 -19.6031 -0.107405 0.218 0.202058 0.200235 0.215385 0.192513 0.201535
1137500 0.204875 0.206445 0.18175 -17.8805 -1.14778 -5.75703 0.207975 0.206207 0.183061 0.20049 0.206782 0.179896
1137500 0.203162 0.215335 0.182353 2.70697 -1.81043 9.04878 0.2013 0.215852 0.178325 0.205773 0.214609 0.187999
1137500 0.211812 0.213597 0.189312 -10.7685 0.232303 -3.16555 0.21537 0.213001 0.190085 0.205773 0.214609 0.187999
1137500 0.213004 0.209319 0.19607 -12.4486 18.6723 4.72892 0.214226 0.206626 0.195445 0.211254 0.213178 0.196966
1137500 0.207415 0.209596 0.191373 -1.61512 12.5291 -8.09365 0.208291 0.206924 0.193172 0.205773 0.214609 0.187999
1137500 0.207949 0.211468 0.199182 -27.3051 -20.5706 23.8803 0.211254 0.213178 0.196966 0.204874 0.209875 0.201244
1137500 0.212772 0.216481 0.199323 -8.87498 -12.4359 -9.8679 0.214235 0.219666 0.201596 0.211254 0.213178 0.196966
1137500 0.212152 0.216991 0.195117 8.8122 21.0922 -9.40211 0.211254 0.213178 0.196966 0.212972 0.220468 0.19343
1137500 0.215723 0.204814 0.197345 -8.35121 15.7833 -15.135 0.218 0.202058 0.200235 0.214226 0.206626 0.195445
1137500 0.206555 0.214109 0.207372 -2.82964 7.38983 -3.1662 0.208258 0.209638 0.210236 0.205127 0.217859 0.204971
1137500 0.207791 0.21109 0.215599 0.506244 1.61464 7.09768 0.208258 0.209638 0.210236 0.207391 0.212332 0.220184
1137500 0.206964 0.21597 0.217135 0.69443 -7.64912 8.77305 0.206564 0.219374 0.214282 0.207391 0.212332 0.220184
1137500 0.213013 0.218257 0.209259 0.0 0.0 -0.0 0.214409 0.215683 0.210107 0.211536 0.22098 0.208362
1137500 0.216735 0.217908 0.198745 1.45453 -1.53077 -2.29164 0.214235 0.219666 0.201596 0.219083 0.216258 0.196069
1137500 0.21583 0.214118 0.20791 0.174557 -0.296724 -0.42211 0.214409 0.215683 0.210107 0.218356 0.211337 0.204003
1137500 0.21558 0.213922 0.212304 0.00729615 -0.0189079 0.0238027 0.214409 0.215683 0.210107 0.217895 0.210439 0.216647
1137500 0.216039 0.218355 0.194755 -3.71111 3.59566 -1.71837 0.219083 0.216258 0.196069 0.212972 0.220468 0.19343
1137500 0.194882 0.197681 0.206833 1.40958 -2.80492 -1.67654 0.192447 0.201119 0.208654 0.196686 0.195134 0.205483
1137500 0.184505 0.214137 0.193567 -2.57517 5.46225 -0.268894 0.186317 0.211414 0.193917 0.182247 0.217532 0.193131
1137500 0.210445 0.20524 0.191254 0.12026 -0.134649 -0.146672 0.208291 0.206924 0.193172 0.213824 0.202598 0.188246
1137500 0.218164 0.206318 0.201965 0.17674 2.59588 0.607388 0.218 0.202058 0.200235 0.218356 0.211337 0.204003
1137500 0.194211 0.209939 0.187421 1.06784 1.62614 -1.46938 0.191657 0.20733 0.190021 0.196392 0.212167 0.185201
1137500 0.19868 0.197888 0.20552 -3.46746 -3.78196 0.504432 0.201795 0.202192 0.205578 0.196686 0.195134 0.205483
1137500 0.187701 0.213366 0.191661 11.5466 10.9168 -13.2685 0.186317 0.211414 0.193917 0.189657 0.216124 0.188476
1137500 0.19995 0.213093 0.186262 10.7062 1.88062 4.85947 0.196392 0.212167 0.185201 0.205773 0.214609 0.187999
1137500 0.204943 0.207338 0.214084 2.4169 2.28734 -4.04759 0.202624 0.20573 0.216776 0.208258 0.209638 0.210236
1137500 0.19471 0.212364 0.181768 1.67184 -0.0355405 2.39553 0.19294 0.212572 0.178156 0.196392 0.212167 0.185201
1137500 0.198172 0.205789 0.207044 12.2206 -14.3536 -2.7271 0.196037 0.20791 0.207908 0.201795 0.202192 0.205578
1137500 0.207091 0.202578 0.205366 -2.54356 -0.594443 0.0428252 0.21019 0.202803 0.205242 0.201795 0.202192 0.205578
1137500 0.18302 0.214921 0.208547 -0.334882 0.525918 0.368062 0.186892 0.210375 0.205791 0.180798 0.21753 0.210129
1137500 0.217089 0.207208 0.194665 5.0198 0.25373 -1.71259 0.214226 0.206626 0.195445 0.22186 0.208178 0.193366
1137500 0.216029 0.21604 0.202644 1.09304 -3.02814 0.453285 0.214235 0.219666 0.201596 0.218356 0.211337 0.204003
1137500 0.212235 0.213546 0.210153 -1.95985 -1.46768 0.246582 0.214409 0.215683 0.210107 0.208258 0.209638 0.210236
1137500 0.203351 0.212176 0.210992 6.64822 -3.28432 -2.24325 0.198986 0.214432 0.211665 0.208258 0.209638 0.210236
1137500 0.188545 0.214566 0.201 0.646338 1.67465 -1.38613 0.186892 0.210375 0.205791 0.189706 0.217509 0.197635
1137500 0.19335 0.213954 0.18668 -22.9321 8.73958 11.5587 0.196392 0.212167 0.185201 0.189657 0.216124 0.188476
1137500 0.204624 0.202412 0.196542 -10.0418 7.16819 -3.39894 0.208687 0.200413 0.197927 0.200061 0.204658 0.194986
1137500 0.215941 0.218211 0.210852 1.19341 2.26116 1.06681 0.214409 0.215683 0.210107 0.218079 0.22174 0.211892
1137500 0.189681 0.216819 0.19307 0.959697 3.76665 12.4664 0.189657 0.216124 0.188476 0.189706 0.217509 0.197635
1137500 0.211405 0.206768 0.194364 3.95401 0.143687 0.926033 0.208291 0.206924 0.193172 0.214226 0.206626 0.195445
1137500 0.198215 0.209771 0.182841 9.08649 -17.1182 -12.6131 0.196392 0.212167 0.185201 0.20049 0.206782 0.179896
1137500 0.213477 0.213082 0.19325 -13.8067 0.232252 16.4799 0.21537 0.213001 0.190085 0.211254 0.213178 0.196966
1137500 0.191351 0.205631 0.185887 -2.5128 -3.76337 -10.6497 0.191657 0.20733 0.190021 0.191103 0.204254 0.182537
1137500 0.193086 0.208705 0.207225 -17.5286 3.58917 -1.31483 0.196037 0.20791 0.207908 0.186892 0.210375 0.205791
1137500 0.212889 0.210023 0.213316 13.2276 -0.529622 6.68368 0.208258 0.209638 0.210236 0.217895 0.210439 0.216647
1137500 0.199432 0.216528 0.216136 3.60349 13.1699 19.8307 0.198986 0.214432 0.211665 0.199845 0.218464 0.220266
1137500 0.204453 0.215461 0.194063 -0.255858 0.49653 1.69457 0.205773 0.214609 0.187999 0.203761 0.215908 0.197246
1137500 0.20426 0.213199 0.199041 0.39881 -1.20532 0.648392 0.203761 0.215908 0.197246 0.204874 0.209875 0.201244
1137500 0.201957 0.218474 0.198229 -1.07221 1.08689 0.466361 0.203761 0.215908 0.197246 0.19987 0.221443 0.199366
1137500 0.206294 0.209776 0.205019 -1.54337 -0.468726 -6.51721 0.208258 0.209638 0.210236 0.204874 0.209875 0.201244
1137500 0.203309 0.203728 0.190877 -0.915297 0.461661 1.02778 0.205311 0.203156 0.188342 0.200061 0.204658 0.194986
1137500 0.206624 0.204659 0.18574 -0.851869 -1.14874 1.37827 0.207975 0.206207 0.183061 0.205311 0.203156 0.188342
1137500 0.198008 0.214128 0.206814 -1.05598 0.529507 -14.0221 0.198986 0.214432 0.211665 0.197066 0.213834 0.202148
1137500 0.20779 0.202982 0.182078 -0.15071 -0.81308 -0.162723 0.207975 0.206207 0.183061 0.207418 0.196501 0.180101
1137500 0.191901 0.208407 0.194365 0.00678274 0.0257858 0.0618465 0.191657 0.20733 0.190021 0.192078 0.209188 0.197521
1137500 0.190361 0.209581 0.200259 -0.0147718 -0.000292034 0.0195527 0.192078 0.209188 0.197521 0.186892 0.210375 0.205791
1137500 0.182838 0.213416 0.201597 0.00116178 -0.000655882 0.0014271 0.180949 0.214833 0.199642 0.186892 0.210375 0.205791
1137500 0.193779 0.207648 0.199831 -0.0 -0.0 0.0 0.192078 0.209188 0.197521 0.195377 0.206201 0.201999
1137500 0.192788 0.21238 0.203679 2.39082 0.987437 -1.32753 0.186892 0.210375 0.205791 0.197066 0.213834 0.202148
1137500 0.180219 0.212886 0.197258 0.0 0.0 0.0 0.180949 0.214833 0.199642 0.179313 0.210266 0.194283
1137500 0.181504 0.215987 0.196857 0.000877547 0.00244141 -0.00394474 0.180949 0.214833 0.199642 0.182247 0.217532 0.193131
1137500 0.18213 0.21721 0.201349 0.0 0.0 0.0 0.180949 0.214833 0.199642 0.183618 0.220005 0.203489
1137500 0.187679 0.204588 0.184853 0.0 0.0 0.0 0.191103 0.204254 0.182537 0.183753 0.204787 0.187512
1137500 0.181707 0.207503 0.195264 0.0 0.0 0.0 0.179313 0.210266 0.194283 0.184851 0.203682 0.196553
1137500 0.187558 0.206098 0.188719 0.0 0.0 0.0 0.191657 0.20733 0.190021 0.183753 0.204787 0.187512
1137500 0.181823 0.2029 0.200493 0.0 0.0 0.0 0.178682 0.201915 0.204584 0.184851 0.203682 0.196553
1137500 0.182308 0.205738 0.205117 0.0 0.0 0.0 0.186892 0.210375 0.205791 0.178682 0.201915 0.204584
1137500 0.185719 0.216957 0.19095 0.0 0.0 0.0 0.189657 0.216124 0.188476 0.182247 0.217532 0.193131
1137500 0.18923 0.209013 0.18636 0.0 0.0 0.0 0.191657 0.20733 0.190021 0.187382 0.210144 0.183573
1137500 0.195499 0.206193 0.19229 0.0 0.0 0.0 0.191657 0.20733 0.190021 0.200061 0.204658 0.194986
1137500 0.188444 0.205694 0.193102 0.0 0.0 0.0 0.191657 0.20733 0.190021 0.184851 0.203682 0.196553
1137500 0.196606 0.212823 0.1891 0.0 0.0 0.0 0.196837 0.213352 0.193287 0.196392 0.212167 0.185201
1137500 0.18921 0.210377 0.195727 0.0 0.0 0.0 0.186317 0.211414 0.193917 0.192078 0.209188 0.197521
1137500 0.194179 0.21111 0.19565 0.0 0.0 0.0 0.192078 0.209188 0.197521 0.196837 0.213352 0.193287
1137500 0.195106 0.207549 0.196558 0.0 0.0 0.0 0.192078 0.209188 0.197521 0.200061 0.204658 0.194986
1137500 0.189231 0.207102 0.19714 0.0 0.0 0.0 0.192078 0.209188 0.197521 0.184851 0.203682 0.196553
1137500 0.194099 0.211154 0.199398 0.0 0.0 0.0 0.192078 0.209188 0.197521 0.197066 0.213834 0.202148
1137500 0.197086 0.205722 0.199439 0.0 0.0 0.0 0.195377 0.206201 0.201999 0.200061 0.204658 0.194986
1137500 0.195468 0.216122 0.183673 0.0 0.0 0.0 0.1943 0.220931 0.181747 0.196392 0.212167 0.185201
1137500 0.190675 0.211732 0.189261 0.0 0.0 0.0 0.191657 0.20733 0.190021 0.189657 0.216124 0.188476
1137500 0.191095 0.212709 0.197568 0.0 0.0 0.0 0.192078 0.209188 0.197521 0.189706 0.217509 0.197635
1137500 0.193468 0.214737 0.19103 0.0 0.0 0.0 0.196837 0.213352 0.193287 0.189657 0.216124 0.188476
1137500 0.193479 0.215392 0.195335 0.0 0.0 0.0 0.196837 0.213352 0.193287 0.189706 0.217509 0.197635
1137500 0.200925 0.199279 0.197337 0.0 0.0 0.0 0.200061 0.204658 0.194986 0.201662 0.194543 0.19934
1137500 0.200377 0.213934 0.191192 0.0 0.0 0.0 0.196837 0.213352 0.193287 0.205773 0.214609 0.187999
1137500 0.205118 0.206135 0.19387 0.0 0.0 0.0 0.208291 0.206924 0.193172 0.200061 0.204658 0.194986
1137500 0.202798 0.207709 0.198545 0.0 0.0 0.0 0.200061 0.204658 0.194986 0.204874 0.209875 0.201244
1137500 0.200928 0.203509 0.200284 0.0 0.0 0.0 0.200061 0.204658 0.194986 0.201795 0.202192 0.205578
1137500 0.198657 0.213952 0.182026 0.0 0.0 0.0 0.2013 0.215852 0.178325 0.196392 0.212167 0.185201
1137500 0.200683 0.214855 0.195485 0.0 0.0 0.0 0.196837 0.213352 0.193287 0.203761 0.215908 0.197246
1137500 0.194903 0.207871 0.210834 0.0 0.0 0.0 0.193228 0.207604 0.215162 0.196037 0.20791 0.207908
1137500 0.190608 0.208833 0.211288 0.0 0.0 0.0 0.193228 0.207604 0.215162 0.186892 0.210375 0.205791
1137500 0.196444 0.210342 0.205626 0.0 0.0 0.0 0.196037 0.20791 0.207908 0.197066 0.213834 0.202148
1137500 0.192683 0.207609 0.203203 0.0 0.0 0.0 0.186892 0.210375 0.205791 0.195377 0.206201 0.201999
1137500 0.194205 0.204253 0.20466 0.0 0.0 0.0 0.195377 0.206201 0.201999 0.192447 0.201119 0.208654
1137500 0.190163 0.205008 0.207477 0.0 0.0 0.0 0.186892 0.210375 0.205791 0.192447 0.201119 0.208654
1137500 0.19515 0.200762 0.212438 0.0 0.0 0.0 0.192447 0.201119 0.208654 0.19736 0.200317 0.215532
1137500 0.196836 0.209385 0.21869 0.0 0.0 0.0 0.193228 0.207604 0.215162 0.199491 0.210549 0.221285
1137500 0.190127 0.204829 0.217089 0.0 0.0 0.0 0.193228 0.207604 0.215162 0.186219 0.201137 0.219519
1137500 0.196559 0.20199 0.219006 0.0 0.0 0.0 0.195579 0.203852 0.223262 0.19736 0.200317 0.215532
1137500 0.189717 0.216399 0.206055 0.0 0.0 0.0 0.19177 0.220628 0.206246 0.186892 0.210375 0.205791
1137500 0.195309 0.217672 0.208905 0.0 0.0 0.0 0.198986 0.214432 0.211665 0.19177 0.220628 0.206246
1137500 0.19445 0.215768 0.21359 0.0 0.0 0.0 0.198986 0.214432 0.211665 0.189209 0.217131 0.215812
1137500 0.19833 0.206671 0.216038 0.0 0.0 0.0 0.193228 0.207604 0.215162 0.202624 0.20573 0.216776
1137500 0.201029 0.215145 0.199244 0.0 0.0 0.0 0.197066 0.213834 0.202148 0.203761 0.215908 0.197246
1137500 0.202147 0.21628 0.20822 0.0 0.0 0.0 0.198986 0.214432 0.211665 0.205127 0.217859 0.204971
1137500 0.199391 0.204953 0.219752 0.0 0.0 0.0 0.202624 0.20573 0.216776 0.195579 0.203852 0.223262
1137500 0.195118 0.217956 0.218288 0.0 0.0 0.0 0.199845 0.218464 0.220266 0.189209 0.217131 0.215812
1137500 0.205998 0.201072 0.185655 0.0 0.0 0.0 0.205311 0.203156 0.188342 0.207418 0.196501 0.180101
1137500 0.201723 0.198148 0.202209 0.0 0.0 0.0 0.201795 0.202192 0.205578 0.201662 0.194543 0.19934
1137500 0.216289 0.19938 0.196891 0.0 0.0 0.0 0.218 0.202058 0.200235 0.215137 0.197437 0.194644
1137500 0.211822 0.196802 0.199614 0.0 0.0 0.0 0.208687 0.200413 0.197927 0.215385 0.192513 0.201535
1137500 0.209166 0.199529 0.205962 0.0 0.0 0.0 0.21019 0.202803 0.205242 0.207764 0.194846 0.206949
1137500 0.207137 0.203912 0.212081 0.0 0.0 0.0 0.208258 0.209638 0.210236 0.206343 0.199719 0.213386
1137500 0.20817 0.201022 0.216695 0.0 0.0 0.0 0.210739 0.202651 0.221349 0.206343 0.199719 0.213386
1137500 0.202776 0.210253 0.183399 0.0 0.0 0.0 0.205773 0.214609 0.187999 0.20049 0.206782 0.179896
1137500 0.207204 0.209234 0.184789 0.0 0.0 0.0 0.207975 0.206207 0.183061 0.205773 0.214609 0.187999
1137500 0.211226 0.212199 0.184683 0.0 0.0 0.0 0.205773 0.214609 0.187999 0.21524 0.210278 0.182246
1137500 0.207209 0.212799 0.182168 0.0 0.0 0.0 0.205773 0.214609 0.187999 0.208003 0.211667 0.178946
1137500 0.212068 0.204289 0.196411 0.0 0.0 0.0 0.208687 0.200413 0.197927 0.214226 0.206626 0.195445
1137500 0.209581 0.20973 0.194821 0.0 0.0 0.0 0.208291 0.206924 0.193172 0.211254 0.213178 0.196966
1137500 0.206788 0.205108 0.190734 0.0 0.0 0.0 0.208291 0.206924 0.193172 0.205311 0.203156 0.188342
1137500 0.209012 0.213847 0.193296 0.0 0.0 0.0 0.205773 0.214609 0.187999 0.211254 0.213178 0.196966
1137500 0.208589 0.203026 0.188304 0.0 0.0 0.0 0.205311 0.203156 0.188342 0.213824 0.202598 0.188246
1137500 0.211127 0.201536 0.193329 0.0 0.0 0.0 0.208687 0.200413 0.197927 0.213824 0.202598 0.188246
1137500 0.21296 0.206768 0.198189 -0.0 -0.0 -0.0 0.214226 0.206626 0.195445 0.211693 0.20691 0.200934
1137500 0.211513 0.209571 0.199301 0.0 0.0 0.0 0.211254 0.213178 0.196966 0.211693 0.20691 0.200934
1137500 0.210522 0.204462 0.199761 0.0 0.0 0.0 0.208687 0.200413 0.197927 0.211693 0.20691 0.200934
1137500 0.205439 0.201337 0.201532 0.0 0.0 0.0 0.208687 0.200413 0.197927 0.201795 0.202192 0.205578
1137500 0.214212 0.216689 0.191698 0.0 0.0 0.0 0.21537 0.213001 0.190085 0.212972 0.220468 0.19343
1137500 0.210187 0.218284 0.191326 0.0 0.0 0.0 0.205773 0.214609 0.187999 0.212972 0.220468 0.19343
1137500 0.206992 0.214813 0.197122 0.0 0.0 0.0 0.203761 0.215908 0.197246 0.211254 0.213178 0.196966
1137500 0.21441 0.212444 0.200092 0.0 0.0 0.0 0.218356 0.211337 0.204003 0.211254 0.213178 0.196966
1137500 0.213412 0.201333 0.199097 0.0 0.0 0.0 0.218 0.202058 0.200235 0.208687 0.200413 0.197927
1137500 0.21717 0.214664 0.192984 0.0 0.0 0.0 0.219083 0.216258 0.196069 0.21537 0.213001 0.190085
1137500 0.215363 0.214879 0.196493 0.0 0.0 0.0 0.219083 0.216258 0.196069 0.211254 0.213178 0.196966
1137500 0.208771 0.208266 0.201067 0.0 0.0 0.0 0.211693 0.20691 0.200934 0.204874 0.209875 0.201244
1137500 0.210952 0.204885 0.203059 0.00192616 0.013947 -0.0155977 0.21019 0.202803 0.205242 0.211693 0.20691 0.200934
1137500 0.204949 0.20591 0.207851 0.0 0.0 0.0 0.208258 0.209638 0.210236 0.201795 0.202192 0.205578
1137500 0.207317 0.215132 0.212484 0.0 0.0 0.0 0.208258 0.209638 0.210236 0.206564 0.219374 0.214282
1137500 0.204991 0.213657 0.20297 0.0 0.0 0.0 0.205127 0.217859 0.204971 0.204874 0.209875 0.201244
1137500 0.212098 0.204863 0.210772 0.0 0.0 0.0 0.208258 0.209638 0.210236 0.216569 0.199119 0.211397
1137500 0.214082 0.208581 0.202034 0.0 0.0 0.0 0.218356 0.211337 0.204003 0.211693 0.20691 0.200934
1137500 0.214198 0.205069 0.200657 0.0 0.0 0.0 0.218 0.202058 0.200235 0.211693 0.20691 0.200934
1137500 0.21338 0.210584 0.207076 0.0 0.0 0.0 0.208258 0.209638 0.210236 0.218356 0.211337 0.204003
1137500 0.204769 0.208785 0.218309 0.0 0.0 0.0 0.202624 0.20573 0.216776 0.207391 0.212332 0.220184
1137500 0.205974 0.204544 0.218664 0.0 0.0 0.0 0.202624 0.20573 0.216776 0.210739 0.202651 0.221349
1137500 0.204324 0.216796 0.200433 0.0 0.0 0.0 0.205127 0.217859 0.204971 0.203761 0.215908 0.197246
1137500 0.217408 0.200925 0.204864 0.0 0.0 0.0 0.218 0.202058 0.200235 0.216569 0.199119 0.211397
1137500 0.218779 0.214276 0.199401 0.0 0.0 0.0 0.219083 0.216258 0.196069 0.218356 0.211337 0.204003
