# ts x y z Fx Fy Fz x1 y1 z1 x2 y2 z2
312500 0.181767 0.19715 0.193839 0.362458 0.269001 0.242366 0.17998 0.195359 0.192153 0.184714 0.200105 0.196621
312500 0.182203 0.19585 0.197474 4.29614 5.53016 -0.526773 0.180549 0.193047 0.198037 0.184714 0.200105 0.196621
312500 0.184032 0.200532 0.191671 -0.695737 1.22011 -4.85272 0.184714 0.200105 0.196621 0.183466 0.200887 0.187563
312500 0.183296 0.188309 0.193819 -0.654961 -0.0901535 -0.412545 0.187138 0.18946 0.195873 0.179195 0.18708 0.191627
312500 0.18574 0.194113 0.187858 3.17802 1.0536 2.45997 0.182422 0.193 0.186058 0.189283 0.195301 0.18978
312500 0.183336 0.19153 0.197121 -4.23536 2.25547 0.590467 0.187138 0.18946 0.195873 0.180549 0.193047 0.198037
312500 0.188928 0.197827 0.198104 -2.39966 0.923616 -0.524766 0.192891 0.195685 0.199499 0.184714 0.200105 0.196621
312500 0.186361 0.198107 0.188666 -3.27772 3.49772 -2.13459 0.189283 0.195301 0.18978 0.183466 0.200887 0.187563
312500 0.183564 0.190239 0.208195 4.21177 1.93572 2.93638 0.18044 0.188275 0.205193 0.18621 0.191902 0.210738
312500 0.194423 0.180074 0.18149 5.16926 3.53147 -0.699013 0.191343 0.17735 0.181543 0.196924 0.182286 0.181447
312500 0.198055 0.184843 0.183274 -1.66148 -3.208 -3.23213 0.1994 0.187879 0.185443 0.196924 0.182286 0.181447
312500 0.199833 0.181669 0.182968 -0.77638 0.136756 -0.573431 0.202893 0.18102 0.18457 0.196924 0.182286 0.181447
312500 0.192807 0.182529 0.187252 -6.51089 5.49486 -3.11039 0.195478 0.179683 0.188193 0.189165 0.186409 0.185968
312500 0.18659 0.185148 0.194693 -1.58428 -10.1192 -4.58943 0.187138 0.18946 0.195873 0.18607 0.18105 0.193572
312500 0.197795 0.180875 0.19125 2.6082 1.01013 2.4755 0.195478 0.179683 0.188193 0.200675 0.182357 0.195051
312500 0.196626 0.181271 0.20579 -5.64572 -4.85134 2.01717 0.199356 0.184436 0.204939 0.193534 0.177686 0.206753
312500 0.19777 0.188386 0.205231 -1.97924 3.29804 0.234 0.199356 0.184436 0.204939 0.196507 0.191534 0.205464
312500 0.20321 0.184348 0.203114 3.56087 0.547217 -1.76715 0.199356 0.184436 0.204939 0.206891 0.184263 0.201371
312500 0.200482 0.187533 0.20223 0.404885 2.59133 -1.96823 0.199356 0.184436 0.204939 0.201678 0.190821 0.199355
312500 0.199859 0.186821 0.20844 -0.897985 -2.16316 -4.48351 0.200424 0.189498 0.21237 0.199356 0.184436 0.204939
312500 0.195912 0.184079 0.218524 3.2576 1.48042 1.05047 0.191715 0.181293 0.21679 0.198688 0.185921 0.21967
312500 0.196496 0.180607 0.214543 -2.33861 -0.0500716 0.946086 0.20067 0.180009 0.212581 0.191715 0.181293 0.21679
312500 0.189232 0.191439 0.188124 0.136525 10.5573 6.67289 0.189165 0.186409 0.185968 0.189283 0.195301 0.18978
312500 0.197618 0.188891 0.188841 -1.35576 0.379029 1.9415 0.1994 0.187879 0.185443 0.19559 0.190043 0.192709
312500 0.188248 0.192482 0.19272 0.67421 1.67123 -1.28135 0.187138 0.18946 0.195873 0.189283 0.195301 0.18978
312500 0.189949 0.192502 0.197644 7.15781 6.2605 2.74429 0.187138 0.18946 0.195873 0.192891 0.195685 0.199499
312500 0.192323 0.192767 0.191192 -6.17846 5.72331 -1.63916 0.19559 0.190043 0.192709 0.189283 0.195301 0.18978
312500 0.196514 0.193137 0.18955 -1.27249 -3.38425 2.60824 0.197504 0.196454 0.186163 0.19559 0.190043 0.192709
312500 0.19427 0.192803 0.196031 1.12137 -5.14272 -6.22262 0.192891 0.195685 0.199499 0.19559 0.190043 0.192709
312500 0.194992 0.193273 0.202965 0.706415 -1.34768 1.75553 0.192891 0.195685 0.199499 0.196507 0.191534 0.205464
312500 0.192604 0.196646 0.204107 -0.566107 0.271167 4.72685 0.192891 0.195685 0.199499 0.192323 0.197582 0.208591
312500 0.196199 0.19825 0.197325 0.469486 0.278324 -0.210407 0.192891 0.195685 0.199499 0.199931 0.201142 0.194873
312500 0.194326 0.199923 0.200983 2.76899 11.0013 5.62943 0.192891 0.195685 0.199499 0.195256 0.202671 0.201944
312500 0.198005 0.186393 0.193821 -9.2609 10.0267 -3.92154 0.200675 0.182357 0.195051 0.19559 0.190043 0.192709
312500 0.202329 0.18974 0.18352 1.05096 0.582904 -0.926606 0.1994 0.187879 0.185443 0.207338 0.192923 0.18023
312500 0.202877 0.187046 0.187162 1.42857 -0.362245 0.439532 0.1994 0.187879 0.185443 0.20654 0.186169 0.188972
312500 0.19863 0.190431 0.196028 0.656137 0.232714 0.676013 0.19559 0.190043 0.192709 0.201678 0.190821 0.199355
312500 0.2009 0.194688 0.189133 0.189721 -0.122101 0.129476 0.197504 0.196454 0.186163 0.203636 0.193266 0.191526
312500 0.199016 0.199858 0.183066 1.81618 3.63995 -4.62108 0.197504 0.196454 0.186163 0.200506 0.203214 0.180013
312500 0.189068 0.194557 0.209735 10.339 7.25585 -2.12081 0.18621 0.191902 0.210738 0.192323 0.197582 0.208591
312500 0.196677 0.19441 0.218562 1.1552 3.27234 -4.3606 0.196497 0.192368 0.221401 0.19687 0.196598 0.215519
312500 0.19665 0.198036 0.207129 -4.37264 -1.19108 1.76154 0.20166 0.198562 0.205437 0.192323 0.197582 0.208591
312500 0.198432 0.193478 0.214135 -1.61987 5.35565 2.17755 0.200424 0.189498 0.21237 0.19687 0.196598 0.215519
312500 0.199424 0.187437 0.216575 -0.667852 -0.815971 2.68881 0.200424 0.189498 0.21237 0.198688 0.185921 0.21967
312500 0.203233 0.200121 0.190829 -0.315719 0.0380384 0.473478 0.205269 0.199491 0.188335 0.199931 0.201142 0.194873
312500 0.204559 0.183372 0.186581 0.915521 0.888178 1.00352 0.202893 0.18102 0.18457 0.20654 0.186169 0.188972
312500 0.209986 0.180842 0.192458 2.43676 3.64971 1.59734 0.207474 0.177996 0.190632 0.212425 0.183606 0.194231
312500 0.204363 0.179991 0.192654 -3.23189 2.81233 1.86591 0.207474 0.177996 0.190632 0.200675 0.182357 0.195051
312500 0.212702 0.1813 0.197598 -1.03095 2.47349 -4.3526 0.212968 0.179085 0.200832 0.212425 0.183606 0.194231
312500 0.201809 0.179651 0.199092 1.78536 -3.51918 3.9932 0.200675 0.182357 0.195051 0.202681 0.177572 0.202198
312500 0.204099 0.183407 0.198532 4.73922 0.359395 4.65953 0.200675 0.182357 0.195051 0.206891 0.184263 0.201371
312500 0.207005 0.182099 0.189799 -0.155101 1.0698 -0.400893 0.207474 0.177996 0.190632 0.20654 0.186169 0.188972
312500 0.211105 0.187465 0.19392 0.260271 -1.49213 0.076281 0.210113 0.190366 0.193686 0.212425 0.183606 0.194231
312500 0.21361 0.18586 0.197433 0.899848 0.998032 1.88291 0.212425 0.183606 0.194231 0.21517 0.188826 0.201648
312500 0.214057 0.186124 0.191451 -2.68325 -2.70973 3.99698 0.215996 0.189117 0.188147 0.212425 0.183606 0.194231
312500 0.209984 0.181627 0.201097 -2.71951 1.69965 0.0238554 0.212968 0.179085 0.200832 0.206891 0.184263 0.201371
312500 0.206638 0.184065 0.205431 0.675332 -0.0110706 -3.13526 0.206433 0.183905 0.208725 0.206891 0.184263 0.201371
312500 0.208004 0.182271 0.211127 3.20548 -2.34022 3.46274 0.206433 0.183905 0.208725 0.209434 0.180783 0.213314
312500 0.204039 0.182287 0.210326 -2.88543 -1.3556 2.1516 0.206433 0.183905 0.208725 0.20067 0.180009 0.212581
312500 0.210456 0.186228 0.20149 -5.81532 -2.3688 -0.866039 0.21517 0.188826 0.201648 0.206891 0.184263 0.201371
312500 0.20692 0.18709 0.207997 1.61927 6.1788 -2.29563 0.206433 0.183905 0.208725 0.207549 0.191195 0.20706
312500 0.209924 0.183384 0.214743 0.0111083 1.8844 1.05428 0.209434 0.180783 0.213314 0.2107 0.187504 0.217005
312500 0.216517 0.179743 0.199279 -1.15423 -0.144853 0.723681 0.222309 0.180816 0.196743 0.212968 0.179085 0.200832
312500 0.212207 0.180663 0.214472 1.89228 -0.120627 1.17011 0.209434 0.180783 0.213314 0.215919 0.180502 0.216022
312500 0.20273 0.192134 0.19515 -0.272429 -0.196031 0.627368 0.203636 0.193266 0.191526 0.201678 0.190821 0.199355
312500 0.205071 0.193733 0.198637 -2.28014 -1.69046 0.0494632 0.208619 0.19678 0.197886 0.201678 0.190821 0.199355
312500 0.205038 0.189839 0.190293 0.238391 -0.425177 -0.224742 0.203636 0.193266 0.191526 0.20654 0.186169 0.188972
312500 0.208599 0.188587 0.191688 -1.63288 -1.27004 -1.93559 0.210113 0.190366 0.193686 0.20654 0.186169 0.188972
312500 0.204523 0.196648 0.189792 0.282232 0.615328 -0.313198 0.203636 0.193266 0.191526 0.205269 0.199491 0.188335
312500 0.212617 0.192069 0.194216 1.23114 1.10051 0.4493 0.210113 0.190366 0.193686 0.215136 0.193782 0.194749
312500 0.209525 0.19289 0.195339 -0.840878 1.92546 1.48051 0.210113 0.190366 0.193686 0.208619 0.19678 0.197886
312500 0.212561 0.194966 0.195988 2.00351 -0.544775 -0.806045 0.208619 0.19678 0.197886 0.215136 0.193782 0.194749
312500 0.214639 0.195709 0.192381 0.157614 -0.559559 0.968271 0.213798 0.198973 0.18837 0.215136 0.193782 0.194749
312500 0.20949 0.19821 0.202316 -1.27348 -1.33746 -3.43093 0.210062 0.19915 0.205225 0.208619 0.19678 0.197886
312500 0.218019 0.192692 0.195004 -3.28398 1.41506 0.249604 0.221857 0.191241 0.195343 0.215136 0.193782 0.194749
312500 0.214938 0.193861 0.188255 -1.44808 3.73665 -0.115572 0.215996 0.189117 0.188147 0.213798 0.198973 0.18837
312500 0.204195 0.190396 0.209559 2.43121 0.997881 -2.35172 0.200424 0.189498 0.21237 0.207549 0.191195 0.20706
312500 0.204929 0.194472 0.206338 6.91791 -8.27032 0.14417 0.20166 0.198562 0.205437 0.207549 0.191195 0.20706
312500 0.210391 0.188315 0.208386 -2.38543 2.03273 -1.52854 0.212521 0.186157 0.20938 0.207549 0.191195 0.20706
312500 0.210914 0.190149 0.204671 -3.87887 0.786194 1.97774 0.21517 0.188826 0.201648 0.207549 0.191195 0.20706
312500 0.21179 0.186697 0.212439 -0.505568 0.524664 1.5623 0.212521 0.186157 0.20938 0.2107 0.187504 0.217005
312500 0.203369 0.202946 0.20297 4.8051 8.79973 -4.76856 0.20166 0.198562 0.205437 0.204667 0.206275 0.201097
312500 0.209341 0.201622 0.206968 -1.0038 2.25869 2.13635 0.210062 0.19915 0.205225 0.208047 0.206055 0.210094
312500 0.215005 0.18427 0.208705 -2.69449 2.15907 1.33786 0.218758 0.18142 0.207686 0.212521 0.186157 0.20938
312500 0.217063 0.184919 0.204834 -0.899927 1.93823 -2.16161 0.218758 0.18142 0.207686 0.21517 0.188826 0.201648
312500 0.218959 0.190194 0.198075 -1.71093 -0.752729 2.2477 0.221857 0.191241 0.195343 0.21517 0.188826 0.201648
312500 0.212112 0.197957 0.207237 1.64634 -1.37934 2.22305 0.210062 0.19915 0.205225 0.216391 0.195466 0.211438
312500 0.216548 0.193984 0.200946 -2.67021 -6.85794 1.85478 0.217726 0.19839 0.200346 0.21517 0.188826 0.201648
312500 0.207047 0.190098 0.21862 6.9076 -3.40163 -3.25834 0.203931 0.192312 0.219998 0.2107 0.187504 0.217005
312500 0.215506 0.201197 0.197456 -2.04453 4.07834 -3.79272 0.217726 0.19839 0.200346 0.214047 0.203042 0.195556
312500 0.182602 0.180403 0.195999 -1.51428 -0.0446192 0.854036 0.18607 0.18105 0.193572 0.177658 0.179482 0.199459
312500 0.194726 0.194108 0.206795 1.22108 -1.73284 -1.33075 0.192323 0.197582 0.208591 0.196507 0.191534 0.205464
312500 0.206313 0.181085 0.18376 -0.701112 0.101777 0.171561 0.211573 0.181184 0.182514 0.202893 0.18102 0.18457
312500 0.211051 0.192886 0.208794 -2.57564 -1.40658 -1.88866 0.216391 0.195466 0.211438 0.207549 0.191195 0.20706
312500 0.201106 0.180823 0.203497 1.10153 -1.57371 -0.813822 0.199356 0.184436 0.204939 0.202681 0.177572 0.202198
312500 0.193706 0.198716 0.184181 -1.08711 0.62856 -0.822067 0.197504 0.196454 0.186163 0.190858 0.200411 0.182696
312500 0.217863 0.202679 0.202006 0.444949 2.85924 1.51309 0.217726 0.19839 0.200346 0.218023 0.207732 0.20396
312500 0.210983 0.196337 0.184824 1.51812 1.3689 2.20113 0.207338 0.192923 0.18023 0.213798 0.198973 0.18837
312500 0.210028 0.195943 0.212648 0.117257 -0.00782139 -0.00340218 0.206165 0.196233 0.213382 0.216391 0.195466 0.211438
312500 0.198518 0.194276 0.205453 -2.25872 -2.7641 -0.527364 0.20166 0.198562 0.205437 0.196507 0.191534 0.205464
312500 0.19034 0.180395 0.204344 -0.615117 0.360288 -0.466823 0.193534 0.177686 0.206753 0.187354 0.182927 0.202092
312500 0.183231 0.181462 0.200972 0.157872 0.0363392 0.0619311 0.177658 0.179482 0.199459 0.187354 0.182927 0.202092
312500 0.187246 0.186197 0.198979 -0.0986736 -0.588429 0.506008 0.187138 0.18946 0.195873 0.187354 0.182927 0.202092
312500 0.20683 0.193811 0.210343 0.0090658 -0.0385588 -0.0670753 0.206165 0.196233 0.213382 0.207549 0.191195 0.20706
312500 0.205065 0.194303 0.216639 0.0268133 0.0289204 -0.0733792 0.203931 0.192312 0.219998 0.206165 0.196233 0.213382
312500 0.20366 0.180586 0.216097 0.00385774 0.00151578 0.00394857 0.20067 0.180009 0.212581 0.20588 0.181015 0.218707
312500 0.181779 0.199109 0.200563 0.624927 0.0564051 -0.721591 0.178731 0.198076 0.204657 0.184714 0.200105 0.196621
312500 0.202321 0.19102 0.216496 0.209615 0.318575 0.642395 0.200424 0.189498 0.21237 0.203931 0.192312 0.219998
312500 0.194478 0.189225 0.20692 1.80869 1.64011 -1.552 0.191968 0.186368 0.208721 0.196507 0.191534 0.205464
312500 0.20696 0.198933 0.205303 -0.548268 -0.104425 0.0737161 0.210062 0.19915 0.205225 0.20166 0.198562 0.205437
312500 0.207453 0.180827 0.208092 0.578398 -1.13922 -0.332817 0.206433 0.183905 0.208725 0.208717 0.177017 0.20731
312500 0.192697 0.182327 0.207805 0.121506 -3.98306 -1.17972 0.191968 0.186368 0.208721 0.193534 0.177686 0.206753
312500 0.189026 0.189195 0.209751 -2.61115 2.15185 0.365213 0.191968 0.186368 0.208721 0.18621 0.191902 0.210738
312500 0.208734 0.183996 0.186156 -0.160576 0.239215 0.302724 0.211573 0.181184 0.182514 0.20654 0.186169 0.188972
312500 0.198546 0.19174 0.185767 0.999244 -2.7048 -0.479295 0.197504 0.196454 0.186163 0.1994 0.187879 0.185443
312500 0.191856 0.184128 0.212282 -0.0581559 -0.430974 1.00548 0.191968 0.186368 0.208721 0.191715 0.181293 0.21679
312500 0.218429 0.18517 0.199409 -1.47644 1.41169 1.31273 0.222309 0.180816 0.196743 0.21517 0.188826 0.201648
312500 0.183987 0.185532 0.203602 0.16656 -0.172069 -0.0638494 0.18044 0.188275 0.205193 0.187354 0.182927 0.202092
312500 0.189836 0.188651 0.205937 0.0 0.0 0.0 0.191968 0.186368 0.208721 0.188165 0.190521 0.203759
312500 0.194825 0.19704 0.212403 0.107325 -0.0125495 0.118694 0.192323 0.197582 0.208591 0.19687 0.196598 0.215519
312500 0.182436 0.179584 0.191301 0.0 0.0 0.0 0.18607 0.18105 0.193572 0.178515 0.178096 0.188852
312500 0.182866 0.185552 0.208349 0.0 0.0 0.0 0.18044 0.188275 0.205193 0.184793 0.183472 0.210853
312500 0.18596 0.183178 0.206863 0.0 0.0 0.0 0.187354 0.182927 0.202092 0.184793 0.183472 0.210853
312500 0.185091 0.179712 0.211503 0.0 0.0 0.0 0.185434 0.175466 0.212251 0.184793 0.183472 0.210853
312500 0.187666 0.182521 0.213319 0.0 0.0 0.0 0.191715 0.181293 0.21679 0.184793 0.183472 0.210853
312500 0.188189 0.184796 0.209846 0.0 0.0 0.0 0.191968 0.186368 0.208721 0.184793 0.183472 0.210853
312500 0.185479 0.187506 0.210799 0.0 0.0 0.0 0.18621 0.191902 0.210738 0.184793 0.183472 0.210853
312500 0.180505 0.191047 0.200969 0.0 0.0 0.0 0.18044 0.188275 0.205193 0.180549 0.193047 0.198037
312500 0.182833 0.183845 0.192656 0.0 0.0 0.0 0.18607 0.18105 0.193572 0.179195 0.18708 0.191627
312500 0.183858 0.186721 0.188981 0.0 0.0 0.0 0.189165 0.186409 0.185968 0.179195 0.18708 0.191627
312500 0.185991 0.194454 0.196227 0.0 0.0 0.0 0.187138 0.18946 0.195873 0.184714 0.200105 0.196621
312500 0.1872 0.197447 0.192899 0.0 0.0 0.0 0.189283 0.195301 0.18978 0.184714 0.200105 0.196621
312500 0.185005 0.189555 0.204345 0.0 0.0 0.0 0.18044 0.188275 0.205193 0.188165 0.190521 0.203759
312500 0.197922 0.178677 0.182097 0.0 0.0 0.0 0.199425 0.173353 0.183074 0.196924 0.182286 0.181447
312500 0.196267 0.181059 0.18451 0.0 0.0 0.0 0.195478 0.179683 0.188193 0.196924 0.182286 0.181447
312500 0.193984 0.183804 0.18316 0.0 0.0 0.0 0.189165 0.186409 0.185968 0.196924 0.182286 0.181447
312500 0.190409 0.181191 0.183441 0.0 0.0 0.0 0.189165 0.186409 0.185968 0.191343 0.17735 0.181543
312500 0.189907 0.182475 0.194778 0.0 0.0 0.0 0.19269 0.183587 0.195653 0.18607 0.18105 0.193572
312500 0.192536 0.180781 0.197159 0.0 0.0 0.0 0.19269 0.183587 0.195653 0.192373 0.177926 0.198746
312500 0.189648 0.179232 0.196506 0.0 0.0 0.0 0.18607 0.18105 0.193572 0.192373 0.177926 0.198746
312500 0.190516 0.183273 0.198277 0.0 0.0 0.0 0.19269 0.183587 0.195653 0.187354 0.182927 0.202092
312500 0.186696 0.181919 0.197718 0.0 0.0 0.0 0.18607 0.18105 0.193572 0.187354 0.182927 0.202092
312500 0.190269 0.179979 0.200146 0.0 0.0 0.0 0.192373 0.177926 0.198746 0.187354 0.182927 0.202092
312500 0.190425 0.185938 0.195743 0.0 0.0 0.0 0.19269 0.183587 0.195653 0.187138 0.18946 0.195873
312500 0.193872 0.186172 0.194454 0.0 0.0 0.0 0.19269 0.183587 0.195653 0.19559 0.190043 0.192709
312500 0.187429 0.183357 0.190235 0.0 0.0 0.0 0.18607 0.18105 0.193572 0.189165 0.186409 0.185968
312500 0.193169 0.1854 0.198096 0.0 0.0 0.0 0.19269 0.183587 0.195653 0.193692 0.187479 0.200766
312500 0.199433 0.180351 0.186261 0.0 0.0 0.0 0.195478 0.179683 0.188193 0.202893 0.18102 0.18457
312500 0.195752 0.18307 0.195422 0.0 0.0 0.0 0.19269 0.183587 0.195653 0.200675 0.182357 0.195051
312500 0.192669 0.179356 0.211527 0.0 0.0 0.0 0.191715 0.181293 0.21679 0.193534 0.177686 0.206753
312500 0.190972 0.18548 0.201335 0.0 0.0 0.0 0.187354 0.182927 0.202092 0.193692 0.187479 0.200766
312500 0.187824 0.187271 0.203055 0.0 0.0 0.0 0.187354 0.182927 0.202092 0.188165 0.190521 0.203759
312500 0.189743 0.184664 0.205523 0.0 0.0 0.0 0.191968 0.186368 0.208721 0.187354 0.182927 0.202092
312500 0.196203 0.186085 0.202616 0.0 0.0 0.0 0.199356 0.184436 0.204939 0.193692 0.187479 0.200766
312500 0.195637 0.185364 0.206843 0.0 0.0 0.0 0.191968 0.186368 0.208721 0.199356 0.184436 0.204939
312500 0.199963 0.183434 0.200384 0.0 0.0 0.0 0.200675 0.182357 0.195051 0.199356 0.184436 0.204939
312500 0.197171 0.178824 0.209722 0.0 0.0 0.0 0.20067 0.180009 0.212581 0.193534 0.177686 0.206753
312500 0.203344 0.184093 0.207073 0.0 0.0 0.0 0.206433 0.183905 0.208725 0.199356 0.184436 0.204939
312500 0.199985 0.182273 0.208595 0.0 0.0 0.0 0.20067 0.180009 0.212581 0.199356 0.184436 0.204939
312500 0.192306 0.186505 0.216031 0.0 0.0 0.0 0.191715 0.181293 0.21679 0.192702 0.190074 0.215523
312500 0.203074 0.17869 0.219591 0.0 0.0 0.0 0.199107 0.175513 0.22084 0.20588 0.181015 0.218707
312500 0.198083 0.188114 0.181577 0.0 0.0 0.0 0.1994 0.187879 0.185443 0.196893 0.188413 0.178086
312500 0.1977 0.195814 0.181364 0.0 -0.0 0.0 0.197831 0.195384 0.178142 0.197504 0.196454 0.186163
312500 0.195099 0.187217 0.185664 0.0 0.0 0.0 0.1994 0.187879 0.185443 0.189165 0.186409 0.185968
312500 0.188053 0.188038 0.191401 0.0 0.0 0.0 0.187138 0.18946 0.195873 0.189165 0.186409 0.185968
312500 0.192686 0.188355 0.189662 0.0 0.0 0.0 0.189165 0.186409 0.185968 0.19559 0.190043 0.192709
312500 0.191359 0.189707 0.194293 0.0 0.0 0.0 0.187138 0.18946 0.195873 0.19559 0.190043 0.192709
312500 0.193102 0.195792 0.188099 0.0 0.0 0.0 0.197504 0.196454 0.186163 0.189283 0.195301 0.18978
312500 0.190984 0.195438 0.19436 0.0 0.0 0.0 0.192891 0.195685 0.199499 0.189283 0.195301 0.18978
312500 0.190875 0.188285 0.198663 0.0 0.0 0.0 0.187138 0.18946 0.195873 0.193692 0.187479 0.200766
312500 0.187732 0.190026 0.200427 0.0 0.0 0.0 0.187138 0.18946 0.195873 0.188165 0.190521 0.203759
312500 0.194507 0.188534 0.197308 0.0 0.0 0.0 0.19559 0.190043 0.192709 0.193692 0.187479 0.200766
312500 0.193357 0.19087 0.200236 0.0 0.0 0.0 0.192891 0.195685 0.199499 0.193692 0.187479 0.200766
312500 0.190109 0.192598 0.202006 0.0 0.0 0.0 0.192891 0.195685 0.199499 0.188165 0.190521 0.203759
312500 0.190128 0.197997 0.18598 0.0 0.0 0.0 0.189283 0.195301 0.18978 0.190858 0.200411 0.182696
312500 0.194358 0.200174 0.188204 0.0 0.0 0.0 0.197504 0.196454 0.186163 0.191446 0.203702 0.190092
312500 0.19866 0.198644 0.190314 0.0 0.0 0.0 0.197504 0.196454 0.186163 0.199931 0.201142 0.194873
312500 0.201037 0.185946 0.181647 0.0 0.0 0.0 0.1994 0.187879 0.185443 0.202336 0.184493 0.178636
312500 0.201252 0.184197 0.18498 0.0 0.0 0.0 0.1994 0.187879 0.185443 0.202893 0.18102 0.18457
312500 0.201601 0.194939 0.183692 0.0 0.0 0.0 0.197504 0.196454 0.186163 0.207338 0.192923 0.18023
312500 0.201535 0.19055 0.18851 0.0 0.0 0.0 0.203636 0.193266 0.191526 0.1994 0.187879 0.185443
312500 0.199907 0.191727 0.192075 0.0 0.0 0.0 0.203636 0.193266 0.191526 0.19559 0.190043 0.192709
312500 0.202134 0.19822 0.187458 0.0 0.0 0.0 0.197504 0.196454 0.186163 0.205269 0.199491 0.188335
312500 0.197374 0.193159 0.199426 0.0 0.0 0.0 0.192891 0.195685 0.199499 0.201678 0.190821 0.199355
312500 0.197014 0.196993 0.202291 0.0 0.0 0.0 0.192891 0.195685 0.199499 0.20166 0.198562 0.205437
312500 0.190887 0.188976 0.202285 0.0 0.0 0.0 0.188165 0.190521 0.203759 0.193692 0.187479 0.200766
312500 0.192923 0.186938 0.204319 0.0 0.0 0.0 0.191968 0.186368 0.208721 0.193692 0.187479 0.200766
312500 0.195099 0.18946 0.203114 0.0 0.0 0.0 0.196507 0.191534 0.205464 0.193692 0.187479 0.200766
312500 0.187286 0.191095 0.206898 0.0 0.0 0.0 0.18621 0.191902 0.210738 0.188165 0.190521 0.203759
312500 0.192365 0.188327 0.212401 0.0 0.0 0.0 0.191968 0.186368 0.208721 0.192702 0.190074 0.215523
312500 0.189652 0.190887 0.213275 0.0 0.0 0.0 0.18621 0.191902 0.210738 0.192702 0.190074 0.215523
312500 0.194734 0.193209 0.215521 0.0 0.0 0.0 0.192702 0.190074 0.215523 0.19687 0.196598 0.215519
312500 0.186278 0.194049 0.214235 0.0 0.0 0.0 0.18621 0.191902 0.210738 0.186376 0.197274 0.21931
312500 0.194618 0.191187 0.21849 0.0 0.0 0.0 0.196497 0.192368 0.221401 0.192702 0.190074 0.215523
312500 0.190303 0.192758 0.216958 0.0 0.0 0.0 0.192702 0.190074 0.215523 0.186376 0.197274 0.21931
312500 0.195714 0.187938 0.21761 0.0 0.0 0.0 0.192702 0.190074 0.215523 0.198688 0.185921 0.21967
312500 0.197115 0.188866 0.200161 0.0 0.0 0.0 0.201678 0.190821 0.199355 0.193692 0.187479 0.200766
312500 0.198725 0.191184 0.202844 0.0 0.0 0.0 0.201678 0.190821 0.199355 0.196507 0.191534 0.205464
312500 0.195923 0.187788 0.210428 0.0 0.0 0.0 0.191968 0.186368 0.208721 0.200424 0.189498 0.21237
312500 0.198133 0.190644 0.208332 0.0 0.0 0.0 0.200424 0.189498 0.21237 0.196507 0.191534 0.205464
312500 0.196 0.189783 0.214176 0.0 0.0 0.0 0.200424 0.189498 0.21237 0.192702 0.190074 0.215523
312500 0.199542 0.183328 0.216614 0.0 0.0 0.0 0.20067 0.180009 0.212581 0.198688 0.185921 0.21967
312500 0.201122 0.188844 0.219822 0.0 0.0 0.0 0.203931 0.192312 0.219998 0.198688 0.185921 0.21967
312500 0.202068 0.196555 0.192942 0.0 0.0 0.0 0.203636 0.193266 0.191526 0.199931 0.201142 0.194873
312500 0.204527 0.19879 0.196466 0.0 0.0 0.0 0.208619 0.19678 0.197886 0.199931 0.201142 0.194873
312500 0.202599 0.182808 0.181439 0.0 0.0 0.0 0.202893 0.18102 0.18457 0.202336 0.184493 0.178636
312500 0.209269 0.179348 0.187077 0.0 0.0 0.0 0.207474 0.177996 0.190632 0.211573 0.181184 0.182514
312500 0.204977 0.1796 0.187328 0.0 0.0 0.0 0.207474 0.177996 0.190632 0.202893 0.18102 0.18457
312500 0.209652 0.18389 0.197809 0.0 0.0 0.0 0.212425 0.183606 0.194231 0.206891 0.184263 0.201371
312500 0.209514 0.184829 0.19163 0.0 0.0 0.0 0.212425 0.183606 0.194231 0.20654 0.186169 0.188972
312500 0.201201 0.186751 0.197308 0.0 0.0 0.0 0.200675 0.182357 0.195051 0.201678 0.190821 0.199355
312500 0.203868 0.184388 0.191741 0.0 0.0 0.0 0.200675 0.182357 0.195051 0.20654 0.186169 0.188972
312500 0.216274 0.182474 0.19521 0.0 0.0 0.0 0.222309 0.180816 0.196743 0.212425 0.183606 0.194231
312500 0.204723 0.180773 0.201797 0.0 0.0 0.0 0.206891 0.184263 0.201371 0.202681 0.177572 0.202198
312500 0.207801 0.180602 0.204335 0.0 0.0 0.0 0.208717 0.177017 0.20731 0.206891 0.184263 0.201371
312500 0.20913 0.179142 0.21077 0.0 0.0 0.0 0.209434 0.180783 0.213314 0.208717 0.177017 0.20731
312500 0.205992 0.180434 0.213026 0.0 0.0 0.0 0.209434 0.180783 0.213314 0.20067 0.180009 0.212581
312500 0.207779 0.180845 0.215825 0.0 0.0 0.0 0.209434 0.180783 0.213314 0.20588 0.181015 0.218707
312500 0.204422 0.187324 0.200416 0.0 0.0 0.0 0.201678 0.190821 0.199355 0.206891 0.184263 0.201371
312500 0.213897 0.18315 0.201177 0.0 0.0 0.0 0.212968 0.179085 0.200832 0.21517 0.188826 0.201648
312500 0.207212 0.187608 0.204153 0.0 0.0 0.0 0.206891 0.184263 0.201371 0.207549 0.191195 0.20706
312500 0.20398 0.186144 0.210213 0.0 0.0 0.0 0.206433 0.183905 0.208725 0.200424 0.189498 0.21237
312500 0.20953 0.185006 0.209058 0.0 0.0 0.0 0.206433 0.183905 0.208725 0.212521 0.186157 0.20938
312500 0.210932 0.183346 0.211405 0.0 0.0 0.0 0.209434 0.180783 0.213314 0.212521 0.186157 0.20938
312500 0.200549 0.184639 0.212477 0.0 0.0 0.0 0.200424 0.189498 0.21237 0.20067 0.180009 0.212581
312500 0.215568 0.180088 0.20391 0.0 0.0 0.0 0.218758 0.18142 0.207686 0.212968 0.179085 0.200832
312500 0.207905 0.183696 0.217992 0.0 0.0 0.0 0.20588 0.181015 0.218707 0.2107 0.187504 0.217005
312500 0.206844 0.188698 0.18564 0.0 0.0 0.0 0.207338 0.192923 0.18023 0.20654 0.186169 0.188972
312500 0.204988 0.193096 0.187402 0.0 0.0 0.0 0.203636 0.193266 0.191526 0.207338 0.192923 0.18023
312500 0.205944 0.197306 0.185694 0.0 0.0 0.0 0.205269 0.199491 0.188335 0.207338 0.192923 0.18023
312500 0.212382 0.190661 0.184843 0.0 0.0 0.0 0.215996 0.189117 0.188147 0.207338 0.192923 0.18023
312500 0.207259 0.191599 0.192735 0.0 0.0 0.0 0.210113 0.190366 0.193686 0.203636 0.193266 0.191526
312500 0.205887 0.194809 0.194399 0.0 0.0 0.0 0.203636 0.193266 0.191526 0.208619 0.19678 0.197886
312500 0.211078 0.197776 0.193368 0.0 0.0 0.0 0.208619 0.19678 0.197886 0.213798 0.198973 0.18837
312500 0.208553 0.199247 0.188349 0.0 0.0 0.0 0.205269 0.199491 0.188335 0.213798 0.198973 0.18837
312500 0.20167 0.194338 0.202153 0.0 0.0 0.0 0.20166 0.198562 0.205437 0.201678 0.190821 0.199355
312500 0.204704 0.190969 0.203326 0.0 0.0 0.0 0.201678 0.190821 0.199355 0.207549 0.191195 0.20706
312500 0.211951 0.189762 0.19658 0.0 0.0 0.0 0.210113 0.190366 0.193686 0.21517 0.188826 0.201648
312500 0.215148 0.191929 0.197266 0.0 0.0 0.0 0.21517 0.188826 0.201648 0.215136 0.193782 0.194749
312500 0.20534 0.197575 0.201444 0.0 0.0 0.0 0.208619 0.19678 0.197886 0.20166 0.198562 0.205437
312500 0.211684 0.193013 0.199647 0.0 0.0 0.0 0.208619 0.19678 0.197886 0.21517 0.188826 0.201648
312500 0.211931 0.200557 0.196464 0.0 0.0 0.0 0.208619 0.19678 0.197886 0.214047 0.203042 0.195556
312500 0.210301 0.200763 0.199772 0.0 0.0 0.0 0.208619 0.19678 0.197886 0.211375 0.203384 0.200976
312500 0.210911 0.187487 0.188591 0.0 0.0 0.0 0.215996 0.189117 0.188147 0.20654 0.186169 0.188972
312500 0.212392 0.189837 0.191541 0.0 0.0 0.0 0.210113 0.190366 0.193686 0.215996 0.189117 0.188147
312500 0.21547 0.191923 0.192183 0.0 0.0 0.0 0.215996 0.189117 0.188147 0.215136 0.193782 0.194749
312500 0.216177 0.19559 0.197 0.0 0.0 0.0 0.217726 0.19839 0.200346 0.215136 0.193782 0.194749
312500 0.213239 0.197552 0.199134 0.0 0.0 0.0 0.217726 0.19839 0.200346 0.208619 0.19678 0.197886
312500 0.217808 0.201818 0.19096 0.0 0.0 0.0 0.213798 0.198973 0.18837 0.221666 0.204643 0.19345
312500 0.20101 0.19375 0.209084 0.0 0.0 0.0 0.200424 0.189498 0.21237 0.20166 0.198562 0.205437
312500 0.203573 0.193148 0.212925 0.0 0.0 0.0 0.200424 0.189498 0.21237 0.206165 0.196233 0.213382
312500 0.204246 0.19718 0.209998 0.0 0.0 0.0 0.206165 0.196233 0.213382 0.20166 0.198562 0.205437
312500 0.213507 0.187106 0.206503 0.0 0.0 0.0 0.212521 0.186157 0.20938 0.21517 0.188826 0.201648
312500 0.209001 0.195747 0.206 0.0 0.0 0.0 0.210062 0.19915 0.205225 0.207549 0.191195 0.20706
312500 0.20799 0.197395 0.216699 0.0 0.0 0.0 0.210557 0.199136 0.221364 0.206165 0.196233 0.213382
312500 0.210728 0.20125 0.203072 0.0 0.0 0.0 0.210062 0.19915 0.205225 0.211375 0.203384 0.200976
312500 0.213796 0.18918 0.210058 0.0 0.0 0.0 0.212521 0.186157 0.20938 0.216391 0.195466 0.211438
312500 0.213153 0.198799 0.203257 0.0 0.0 0.0 0.210062 0.19915 0.205225 0.217726 0.19839 0.200346
312500 0.215723 0.191792 0.206087 0.0 0.0 0.0 0.216391 0.195466 0.211438 0.21517 0.188826 0.201648
312500 0.213108 0.190828 0.214649 0.0 0.0 0.0 0.2107 0.187504 0.217005 0.216391 0.195466 0.211438
312500 0.213895 0.201357 0.200727 0.0 0.0 0.0 0.217726 0.19839 0.200346 0.211375 0.203384 0.200976
312500 0.217172 0.197133 0.204946 0.0 0.0 0.0 0.217726 0.19839 0.200346 0.216391 0.195466 0.211438
312500 0.219606 0.20133 0.197055 0.0 0.0 0.0 0.217726 0.19839 0.200346 0.221666 0.204643 0.19345
312500 0.185624 0.204788 0.195078 -0.564349 -4.41445 2.20308 0.186221 0.207861 0.194066 0.184714 0.200105 0.196621
312500 0.185605 0.203029 0.200596 -0.898399 -2.43714 -4.75433 0.186774 0.206864 0.205808 0.184714 0.200105 0.196621
312500 0.182981 0.207296 0.194183 -1.88753 -0.130431 0.297749 0.186221 0.207861 0.194066 0.17922 0.206641 0.194318
312500 0.185587 0.214 0.195212 -1.0184 0.151821 -0.565247 0.1895 0.214092 0.197663 0.182112 0.213917 0.193036
312500 0.181129 0.205935 0.202563 0.0518482 -0.000981102 0.0289488 0.17851 0.205505 0.201058 0.186774 0.206864 0.205808
312500 0.184826 0.212974 0.204352 1.87196 -3.76784 0.723133 0.183685 0.216554 0.203499 0.186774 0.206864 0.205808
312500 0.19033 0.199366 0.189931 -6.01612 -16.5677 1.59332 0.191446 0.203702 0.190092 0.189283 0.195301 0.18978
312500 0.192721 0.200819 0.21182 -1.66987 -5.67276 -4.77105 0.193123 0.204088 0.21508 0.192323 0.197582 0.208591
312500 0.194503 0.201597 0.208156 -2.47946 -4.37638 1.29833 0.195991 0.204337 0.207859 0.192323 0.197582 0.208591
312500 0.190042 0.201397 0.207447 1.43559 -2.36065 1.20208 0.186774 0.206864 0.205808 0.192323 0.197582 0.208591
312500 0.195193 0.199949 0.215323 4.8653 -6.87358 0.0574216 0.193123 0.204088 0.21508 0.19687 0.196598 0.215519
312500 0.199394 0.19935 0.215908 -0.220606 -0.312412 -0.0776955 0.202015 0.202209 0.216311 0.19687 0.196598 0.215519
312500 0.194391 0.20216 0.219099 0.603179 -1.08337 3.23882 0.193123 0.204088 0.21508 0.19565 0.200246 0.223088
312500 0.188163 0.208926 0.185796 -0.630771 -2.31006 -2.27975 0.189489 0.212473 0.188491 0.187189 0.20632 0.183816
312500 0.198073 0.206034 0.193914 0.0955197 -0.459753 0.0719147 0.196637 0.209814 0.193173 0.199931 0.201142 0.194873
312500 0.188433 0.2061 0.192384 2.53043 -1.3508 -1.849 0.186221 0.207861 0.194066 0.191446 0.203702 0.190092
312500 0.194154 0.20689 0.191699 4.60761 4.48641 3.51575 0.191446 0.203702 0.190092 0.196637 0.209814 0.193173
312500 0.190486 0.208008 0.189306 -2.13519 7.82324 -0.199954 0.191446 0.203702 0.190092 0.189489 0.212473 0.188491
312500 0.187585 0.210453 0.195563 2.45742 4.29885 3.59652 0.186221 0.207861 0.194066 0.1895 0.214092 0.197663
312500 0.19676 0.210048 0.197274 -0.33054 0.601485 3.66829 0.196637 0.209814 0.193173 0.196903 0.21032 0.202034
312500 0.193141 0.212237 0.199813 -3.04939 1.01694 -1.36166 0.196903 0.21032 0.202034 0.1895 0.214092 0.197663
312500 0.191776 0.214866 0.185227 -1.14966 -1.11663 2.17258 0.194156 0.217357 0.18183 0.189489 0.212473 0.188491
312500 0.197099 0.213781 0.192207 0.776883 5.78868 -2.43515 0.196637 0.209814 0.193173 0.197635 0.218386 0.191086
312500 0.187848 0.216736 0.189349 4.50191 -8.12823 -0.979826 0.186301 0.220752 0.190158 0.189489 0.212473 0.188491
312500 0.190657 0.215657 0.201852 -0.0570526 -0.211561 -0.458921 0.191853 0.217275 0.206181 0.1895 0.214092 0.197663
312500 0.200195 0.21032 0.191179 1.76176 0.4455 -1.34685 0.196637 0.209814 0.193173 0.205617 0.211093 0.18814
312500 0.202624 0.204061 0.198413 0.0944771 0.157988 0.154629 0.199931 0.201142 0.194873 0.204667 0.206275 0.201097
312500 0.195878 0.207403 0.213378 0.677223 0.835126 -0.238034 0.193123 0.204088 0.21508 0.198826 0.210952 0.211556
312500 0.195619 0.203494 0.204866 -0.936881 -1.29042 -3.40173 0.195991 0.204337 0.207859 0.195256 0.202671 0.201944
312500 0.197088 0.206898 0.20929 -2.41197 -5.46366 -4.38068 0.198826 0.210952 0.211556 0.195991 0.204337 0.207859
312500 0.1959 0.205658 0.20198 -3.32636 -10.8354 1.3906 0.196903 0.21032 0.202034 0.195256 0.202671 0.201944
312500 0.192645 0.208867 0.203621 0.450152 0.225159 -0.235066 0.186774 0.206864 0.205808 0.196903 0.21032 0.202034
312500 0.191417 0.208385 0.215368 -8.27098 14.0924 1.75285 0.193123 0.204088 0.21508 0.189307 0.2137 0.215725
312500 0.188127 0.210517 0.211107 0.384281 1.86637 3.51008 0.186774 0.206864 0.205808 0.189307 0.2137 0.215725
312500 0.198399 0.214612 0.200584 0.777308 1.51603 -0.386989 0.196903 0.21032 0.202034 0.199591 0.218034 0.199427
312500 0.194379 0.213797 0.204107 5.70624 -5.68009 -4.63186 0.191853 0.217275 0.206181 0.196903 0.21032 0.202034
312500 0.197595 0.20117 0.20322 1.32728 -0.706317 0.450517 0.195256 0.202671 0.201944 0.20166 0.198562 0.205437
312500 0.202821 0.213555 0.21292 2.29437 1.7611 0.404669 0.198826 0.210952 0.211556 0.206414 0.215897 0.214146
312500 0.20111 0.208128 0.201527 4.39368 -2.03598 0.218539 0.196903 0.21032 0.202034 0.204667 0.206275 0.201097
312500 0.200969 0.212351 0.203485 5.55367 1.86033 2.46358 0.196903 0.21032 0.202034 0.204954 0.214341 0.204907
312500 0.190696 0.215651 0.210518 -2.40356 -1.77598 5.42636 0.191853 0.217275 0.206181 0.189307 0.2137 0.215725
312500 0.200675 0.204772 0.218928 -0.0969476 0.169708 0.242326 0.202015 0.202209 0.216311 0.199502 0.207012 0.221215
312500 0.198723 0.21819 0.195727 0.206871 0.0548616 2.42901 0.197635 0.218386 0.191086 0.199591 0.218034 0.199427
312500 0.201622 0.215022 0.198302 -2.0563 2.31721 1.30494 0.203377 0.212418 0.19733 0.199591 0.218034 0.199427
312500 0.20662 0.20104 0.185778 -0.375958 -0.618803 0.721264 0.208009 0.202634 0.183147 0.205269 0.199491 0.188335
312500 0.210278 0.201199 0.185194 3.37669 -2.41929 2.27176 0.208009 0.202634 0.183147 0.213798 0.198973 0.18837
312500 0.208346 0.200609 0.195114 -0.313031 -3.53367 3.13574 0.208153 0.203309 0.193159 0.208619 0.19678 0.197886
312500 0.213956 0.201553 0.192926 -1.15254 -3.04212 -5.22348 0.214047 0.203042 0.195556 0.213798 0.198973 0.18837
312500 0.204079 0.199237 0.214854 0.0809588 -0.121355 -0.0875423 0.202015 0.202209 0.216311 0.206165 0.196233 0.213382
312500 0.204902 0.202874 0.181849 -1.79629 -0.105282 -0.972466 0.208009 0.202634 0.183147 0.200506 0.203214 0.180013
312500 0.203033 0.211795 0.182477 1.95072 -0.611045 2.99256 0.20119 0.212295 0.178438 0.205617 0.211093 0.18814
312500 0.211674 0.210125 0.189411 -2.93345 0.813915 -1.00975 0.215243 0.209555 0.19016 0.205617 0.211093 0.18814
312500 0.213378 0.209597 0.193344 -1.94121 0.11429 2.36985 0.215243 0.209555 0.19016 0.211188 0.209647 0.197084
312500 0.212872 0.205757 0.196184 -4.01104 6.24798 1.59507 0.214047 0.203042 0.195556 0.211188 0.209647 0.197084
312500 0.207272 0.206016 0.191414 -0.985871 3.59167 -3.16319 0.208153 0.203309 0.193159 0.205617 0.211093 0.18814
312500 0.204148 0.211962 0.194167 -0.211273 0.161542 2.22826 0.205617 0.211093 0.18814 0.203377 0.212418 0.19733
312500 0.207811 0.2079 0.199163 -7.10304 -3.4564 6.10047 0.211188 0.209647 0.197084 0.204667 0.206275 0.201097
312500 0.212672 0.212979 0.199425 -2.7284 -3.92882 -3.03626 0.214102 0.216192 0.201682 0.211188 0.209647 0.197084
312500 0.203956 0.20966 0.199021 0.217477 -2.19831 1.75745 0.203377 0.212418 0.19733 0.204667 0.206275 0.201097
312500 0.209229 0.216096 0.18707 2.72384 5.00004 -0.424978 0.205617 0.211093 0.18814 0.211336 0.219015 0.186446
312500 0.21199 0.21351 0.195292 2.44852 6.25022 -3.43017 0.211188 0.209647 0.197084 0.212722 0.217033 0.193657
312500 0.217958 0.207478 0.191551 3.40965 -2.17033 1.0337 0.215243 0.209555 0.19016 0.221666 0.204643 0.19345
312500 0.206365 0.210562 0.207273 -0.635829 1.59047 -1.40796 0.208047 0.206055 0.210094 0.204954 0.214341 0.204907
312500 0.207687 0.207564 0.215451 -0.527374 0.517863 2.41554 0.208047 0.206055 0.210094 0.207379 0.208854 0.22003
312500 0.206881 0.212493 0.216991 -0.0617262 -3.59146 3.72435 0.206414 0.215897 0.214146 0.207379 0.208854 0.22003
312500 0.209964 0.21568 0.216839 -1.36254 0.00455061 -1.4049 0.213226 0.215481 0.219314 0.206414 0.215897 0.214146
312500 0.205991 0.218156 0.20241 -0.887937 -1.96898 1.65774 0.207 0.221871 0.19998 0.204954 0.214341 0.204907
312500 0.212765 0.214742 0.20926 -0.68509 1.43028 -0.707187 0.214153 0.212149 0.210063 0.211297 0.217484 0.208411
312500 0.208708 0.216201 0.206981 4.77834 2.39578 1.65941 0.204954 0.214341 0.204907 0.211297 0.217484 0.208411
312500 0.212519 0.216921 0.20548 -0.887426 0.608652 1.68965 0.214102 0.216192 0.201682 0.211297 0.217484 0.208411
312500 0.216548 0.214404 0.198804 1.23 -1.36972 -1.97949 0.214102 0.216192 0.201682 0.218845 0.212725 0.196102
312500 0.215546 0.210559 0.207866 0.364076 -0.271764 -0.424288 0.214153 0.212149 0.210063 0.218023 0.207732 0.20396
312500 0.215346 0.210366 0.212228 0.63394 -0.729604 1.28521 0.214153 0.212149 0.210063 0.217706 0.206839 0.216511
312500 0.212002 0.218063 0.189909 1.00401 -1.14205 2.94634 0.211336 0.219015 0.186446 0.212722 0.217033 0.193657
312500 0.215795 0.214871 0.194884 -3.48044 2.79704 -2.22844 0.218845 0.212725 0.196102 0.212722 0.217033 0.193657
312500 0.214886 0.218246 0.186836 -4.86206 1.72823 -0.0699507 0.220594 0.217011 0.187465 0.211336 0.219015 0.186446
312500 0.214151 0.217828 0.20987 -5.144 -0.423715 -3.72557 0.217917 0.218282 0.211797 0.211297 0.217484 0.208411
312500 0.183001 0.21731 0.210034 2.88425 3.73568 0.478861 0.180906 0.214177 0.210193 0.184991 0.220287 0.209882
312500 0.187333 0.216876 0.204697 1.32463 -0.00712392 0.638369 0.183685 0.216554 0.203499 0.191853 0.217275 0.206181
312500 0.19881 0.215815 0.212527 -0.102694 5.74092 0.224407 0.198826 0.210952 0.211556 0.198798 0.219459 0.213254
312500 0.184391 0.210557 0.193607 -1.21554 1.78081 0.0406041 0.186221 0.207861 0.194066 0.182112 0.213917 0.193036
312500 0.21035 0.201621 0.191295 0.177514 -0.1248 -0.201084 0.208153 0.203309 0.193159 0.213798 0.198973 0.18837
312500 0.194053 0.20629 0.187524 1.95858 2.06486 -1.38766 0.191446 0.203702 0.190092 0.196278 0.2085 0.185331
312500 0.182281 0.215353 0.206881 -0.140515 -0.128403 0.246421 0.183685 0.216554 0.203499 0.180906 0.214177 0.210193
312500 0.203125 0.215421 0.217123 0.20907 -0.00968125 -0.220835 0.199745 0.214933 0.22018 0.206414 0.215897 0.214146
312500 0.187575 0.209773 0.191755 0.0405492 0.0598126 -0.0516483 0.186221 0.207861 0.194066 0.189489 0.212473 0.188491
312500 0.199821 0.209483 0.186396 3.94494 0.86715 0.538868 0.196278 0.2085 0.185331 0.205617 0.211093 0.18814
312500 0.204498 0.203792 0.213753 0.191749 0.129243 -0.275826 0.202015 0.202209 0.216311 0.208047 0.206055 0.210094
312500 0.199304 0.213021 0.216038 0.0698805 0.46606 0.694334 0.198826 0.210952 0.211556 0.199745 0.214933 0.22018
312500 0.194666 0.208708 0.181866 1.33559 0.332856 3.45843 0.192969 0.208926 0.178219 0.196278 0.2085 0.185331
312500 0.207787 0.199408 0.182178 -0.0208699 -1.04681 -0.4968 0.208009 0.202634 0.183147 0.207338 0.192923 0.18023
312500 0.198094 0.202195 0.206961 0.933066 -0.985224 -0.181816 0.195991 0.204337 0.207859 0.20166 0.198562 0.205437
312500 0.183045 0.211511 0.208594 -0.610648 0.545585 0.336415 0.186774 0.206864 0.205808 0.180906 0.214177 0.210193
312500 0.216905 0.203643 0.194766 0.242486 0.0199481 -0.0942309 0.214047 0.203042 0.195556 0.221666 0.204643 0.19345
312500 0.215809 0.212509 0.202674 1.68317 -2.60809 1.04746 0.214102 0.216192 0.201682 0.218023 0.207732 0.20396
312500 0.180774 0.216862 0.200992 -0.520668 0.0577622 -0.616885 0.183685 0.216554 0.203499 0.178242 0.217129 0.198812
312500 0.211995 0.209995 0.210074 -0.0695747 -0.0522274 0.00676788 0.214153 0.212149 0.210063 0.208047 0.206055 0.210094
312500 0.190139 0.201074 0.216951 -1.66903 -1.20979 1.05978 0.193123 0.204088 0.21508 0.186376 0.197274 0.21931
312500 0.204777 0.202218 0.207709 -0.0880309 -0.0984977 -0.0902154 0.208047 0.206055 0.210094 0.20166 0.198562 0.205437
312500 0.181596 0.20377 0.195314 0.0 0.0 0.0 0.17922 0.206641 0.194318 0.184714 0.200105 0.196621
312500 0.180857 0.203417 0.19938 0.0 0.0 0.0 0.17851 0.205505 0.201058 0.184714 0.200105 0.196621
312500 0.188269 0.20196 0.193173 0.0 0.0 0.0 0.191446 0.203702 0.190092 0.184714 0.200105 0.196621
312500 0.189113 0.203494 0.197173 0.0 0.0 0.0 0.191969 0.205768 0.197532 0.184714 0.200105 0.196621
312500 0.182286 0.201914 0.205166 0.0 0.0 0.0 0.186774 0.206864 0.205808 0.178731 0.198076 0.204657
312500 0.18135 0.212177 0.19671 0.0 0.0 0.0 0.180783 0.210955 0.199455 0.182112 0.213917 0.193036
312500 0.183092 0.217467 0.195481 0.0 0.0 0.0 0.183886 0.220419 0.197461 0.182112 0.213917 0.193036
312500 0.182068 0.213391 0.201247 0.0 0.0 0.0 0.180783 0.210955 0.199455 0.183685 0.216554 0.203499
312500 0.187414 0.200588 0.184964 0.0 0.0 0.0 0.190858 0.200411 0.182696 0.183466 0.200887 0.187563
312500 0.18557 0.213196 0.190905 0.0 0.0 0.0 0.189489 0.212473 0.188491 0.182112 0.213917 0.193036
312500 0.187309 0.202198 0.188781 0.0 0.0 0.0 0.191446 0.203702 0.190092 0.183466 0.200887 0.187563
312500 0.182687 0.209609 0.201476 0.0 0.0 0.0 0.180783 0.210955 0.199455 0.186774 0.206864 0.205808
312500 0.184137 0.217178 0.191644 0.0 0.0 0.0 0.186301 0.220752 0.190158 0.182112 0.213917 0.193036
312500 0.186233 0.21773 0.197545 0.0 0.0 0.0 0.1895 0.214092 0.197663 0.183886 0.220419 0.197461
312500 0.18633 0.21539 0.200844 0.0 0.0 0.0 0.183685 0.216554 0.203499 0.1895 0.214092 0.197663
312500 0.184362 0.218444 0.206806 0.0 0.0 0.0 0.183685 0.216554 0.203499 0.184991 0.220287 0.209882
312500 0.194084 0.200592 0.204602 0.0 0.0 0.0 0.195256 0.202671 0.201944 0.192323 0.197582 0.208591
312500 0.196322 0.198193 0.21892 0.0 0.0 0.0 0.19565 0.200246 0.223088 0.19687 0.196598 0.215519
312500 0.18903 0.205144 0.18653 0.0 0.0 0.0 0.191446 0.203702 0.190092 0.187189 0.20632 0.183816
312500 0.191121 0.201839 0.186007 0.0 0.0 0.0 0.191446 0.203702 0.190092 0.190858 0.200411 0.182696
312500 0.191749 0.204854 0.194402 0.0 0.0 0.0 0.191446 0.203702 0.190092 0.191969 0.205768 0.197532
312500 0.195326 0.202487 0.192278 0.0 0.0 0.0 0.191446 0.203702 0.190092 0.199931 0.201142 0.194873
312500 0.196451 0.209089 0.189112 0.0 0.0 0.0 0.196637 0.209814 0.193173 0.196278 0.2085 0.185331
312500 0.193213 0.21025 0.186758 0.0 0.0 0.0 0.196278 0.2085 0.185331 0.189489 0.212473 0.188491
312500 0.18911 0.206764 0.195808 0.0 0.0 0.0 0.186221 0.207861 0.194066 0.191969 0.205768 0.197532
312500 0.194032 0.207511 0.195605 0.0 0.0 0.0 0.191969 0.205768 0.197532 0.196637 0.209814 0.193173
312500 0.190948 0.209165 0.197586 0.0 0.0 0.0 0.191969 0.205768 0.197532 0.1895 0.214092 0.197663
312500 0.194992 0.203967 0.196522 0.0 0.0 0.0 0.191969 0.205768 0.197532 0.199931 0.201142 0.194873
312500 0.193283 0.211018 0.190976 0.0 0.0 0.0 0.196637 0.209814 0.193173 0.189489 0.212473 0.188491
312500 0.193276 0.211785 0.195287 0.0 0.0 0.0 0.196637 0.209814 0.193173 0.1895 0.214092 0.197663
312500 0.189495 0.213241 0.193092 0.0 0.0 0.0 0.189489 0.212473 0.188491 0.1895 0.214092 0.197663
312500 0.193665 0.204126 0.199807 0.0 0.0 0.0 0.191969 0.205768 0.197532 0.195256 0.202671 0.201944
312500 0.190249 0.206131 0.200272 -0.000128675 -1.13843e-05 0.000204905 0.191969 0.205768 0.197532 0.186774 0.206864 0.205808
312500 0.19397 0.207569 0.199358 0.0 0.0 0.0 0.191969 0.205768 0.197532 0.196903 0.21032 0.202034
312500 0.188376 0.211067 0.201023 0.0 0.0 0.0 0.186774 0.206864 0.205808 0.1895 0.214092 0.197663
312500 0.196962 0.202069 0.199363 0.0 0.0 0.0 0.195256 0.202671 0.201944 0.199931 0.201142 0.194873
312500 0.195341 0.212368 0.183784 0.0 0.0 0.0 0.194156 0.217357 0.18183 0.196278 0.2085 0.185331
312500 0.193509 0.215347 0.189772 0.0 0.0 0.0 0.197635 0.218386 0.191086 0.189489 0.212473 0.188491
312500 0.200795 0.199807 0.200157 0.0 0.0 0.0 0.199931 0.201142 0.194873 0.20166 0.198562 0.205437
312500 0.198159 0.206104 0.182965 0.0 0.0 0.0 0.196278 0.2085 0.185331 0.200506 0.203214 0.180013
312500 0.198545 0.210207 0.18215 0.0 0.0 0.0 0.20119 0.212295 0.178438 0.196278 0.2085 0.185331
312500 0.200381 0.211217 0.195482 0.0 0.0 0.0 0.196637 0.209814 0.193173 0.203377 0.212418 0.19733
312500 0.204982 0.202429 0.19382 0.0 0.0 0.0 0.208153 0.203309 0.193159 0.199931 0.201142 0.194873
312500 0.194835 0.204192 0.210772 0.0 0.0 0.0 0.193123 0.204088 0.21508 0.195991 0.204337 0.207859
312500 0.190499 0.205191 0.211247 0.0 0.0 0.0 0.193123 0.204088 0.21508 0.186774 0.206864 0.205808
312500 0.193018 0.205108 0.207198 0.0 0.0 0.0 0.195991 0.204337 0.207859 0.186774 0.206864 0.205808
312500 0.196353 0.206664 0.20555 0.0 0.0 0.0 0.195991 0.204337 0.207859 0.196903 0.21032 0.202034
312500 0.192565 0.203958 0.203171 0.0 0.0 0.0 0.186774 0.206864 0.205808 0.195256 0.202671 0.201944
312500 0.197846 0.210586 0.206702 0.0 0.0 0.0 0.198826 0.210952 0.211556 0.196903 0.21032 0.202034
312500 0.196798 0.205728 0.218615 0.0 0.0 0.0 0.193123 0.204088 0.21508 0.199502 0.207012 0.221215
312500 0.19441 0.212183 0.21349 0.0 0.0 0.0 0.198826 0.210952 0.211556 0.189307 0.2137 0.215725
312500 0.189717 0.212852 0.206024 0.0 0.0 0.0 0.191853 0.217275 0.206181 0.186774 0.206864 0.205808
312500 0.195273 0.21413 0.208817 0.0 0.0 0.0 0.198826 0.210952 0.211556 0.191853 0.217275 0.206181
312500 0.200736 0.211518 0.199249 0.0 0.0 0.0 0.196903 0.21032 0.202034 0.203377 0.212418 0.19733
312500 0.203166 0.208603 0.210867 0.0 0.0 0.0 0.198826 0.210952 0.211556 0.208047 0.206055 0.210094
312500 0.20198 0.212652 0.208133 0.0 0.0 0.0 0.198826 0.210952 0.211556 0.204954 0.214341 0.204907
312500 0.197952 0.203023 0.215748 0.0 0.0 0.0 0.193123 0.204088 0.21508 0.202015 0.202209 0.216311
312500 0.195107 0.214341 0.2182 0.0 0.0 0.0 0.199745 0.214933 0.22018 0.189307 0.2137 0.215725
312500 0.199222 0.217388 0.216355 0.0 0.0 0.0 0.199745 0.214933 0.22018 0.198798 0.219459 0.213254
312500 0.186652 0.217709 0.21213 0.0 0.0 0.0 0.189307 0.2137 0.215725 0.184991 0.220287 0.209882
312500 0.199095 0.201264 0.21942 0.0 0.0 0.0 0.202015 0.202209 0.216311 0.19565 0.200246 0.223088
312500 0.195908 0.217832 0.186491 0.0 0.0 0.0 0.194156 0.217357 0.18183 0.197635 0.218386 0.191086
312500 0.199533 0.218379 0.182623 0.0 0.0 0.0 0.194156 0.217357 0.18183 0.203399 0.219191 0.183193
312500 0.201086 0.215189 0.189812 0.0 0.0 0.0 0.197635 0.218386 0.191086 0.205617 0.211093 0.18814
312500 0.201996 0.216333 0.201885 0.0 0.0 0.0 0.204954 0.214341 0.204907 0.199591 0.218034 0.199427
312500 0.202259 0.217796 0.213659 0.0 0.0 0.0 0.206414 0.215897 0.214146 0.198798 0.219459 0.213254
312500 0.206698 0.201339 0.190726 0.0 0.0 0.0 0.208153 0.203309 0.193159 0.205269 0.199491 0.188335
312500 0.206945 0.200257 0.21202 0.0 0.0 0.0 0.208047 0.206055 0.210094 0.206165 0.196233 0.213382
312500 0.205542 0.200896 0.218397 0.0 0.0 0.0 0.202015 0.202209 0.216311 0.210557 0.199136 0.221364
312500 0.202717 0.206578 0.183529 0.0 0.0 0.0 0.205617 0.211093 0.18814 0.200506 0.203214 0.180013
312500 0.207172 0.205552 0.184895 0.0 0.0 0.0 0.208009 0.202634 0.183147 0.205617 0.211093 0.18814
312500 0.211058 0.208528 0.18481 0.0 0.0 0.0 0.205617 0.211093 0.18814 0.215065 0.206717 0.182358
312500 0.207061 0.209079 0.182224 0.0 0.0 0.0 0.205617 0.211093 0.18814 0.20786 0.208034 0.178951
312500 0.202432 0.216127 0.181112 0.0 0.0 0.0 0.20119 0.212295 0.178438 0.203399 0.219191 0.183193
312500 0.211246 0.203125 0.194417 0.0 0.0 0.0 0.208153 0.203309 0.193159 0.214047 0.203042 0.195556
312500 0.209474 0.206023 0.194867 0.0 0.0 0.0 0.208153 0.203309 0.193159 0.211188 0.209647 0.197084
312500 0.20891 0.210194 0.193426 0.0 0.0 0.0 0.205617 0.211093 0.18814 0.211188 0.209647 0.197084
312500 0.206746 0.211179 0.197224 0.0 0.0 0.0 0.203377 0.212418 0.19733 0.211188 0.209647 0.197084
312500 0.212712 0.203186 0.198266 0.0 0.0 0.0 0.214047 0.203042 0.195556 0.211375 0.203384 0.200976
312500 0.211299 0.205914 0.199377 0.0 0.0 0.0 0.211188 0.209647 0.197084 0.211375 0.203384 0.200976
312500 0.204028 0.213168 0.200458 0.0 0.0 0.0 0.204954 0.214341 0.204907 0.203377 0.212418 0.19733
312500 0.204191 0.216254 0.18496 0.0 0.0 0.0 0.205617 0.211093 0.18814 0.203399 0.219191 0.183193
312500 0.214025 0.213122 0.191848 0.0 0.0 0.0 0.215243 0.209555 0.19016 0.212722 0.217033 0.193657
312500 0.209973 0.21469 0.191522 0.0 0.0 0.0 0.205617 0.211093 0.18814 0.212722 0.217033 0.193657
312500 0.205867 0.216935 0.190272 0.0 0.0 0.0 0.205617 0.211093 0.18814 0.206025 0.220685 0.191614
312500 0.216989 0.211047 0.19304 0.0 0.0 0.0 0.218845 0.212725 0.196102 0.215243 0.209555 0.19016
312500 0.215207 0.211218 0.196569 0.0 0.0 0.0 0.218845 0.212725 0.196102 0.211188 0.209647 0.197084
312500 0.214225 0.208752 0.20014 0.0 0.0 0.0 0.218023 0.207732 0.20396 0.211188 0.209647 0.197084
312500 0.210205 0.204278 0.204185 0.0 0.0 0.0 0.208047 0.206055 0.210094 0.211375 0.203384 0.200976
312500 0.2085 0.204578 0.201029 0.0 0.0 0.0 0.211375 0.203384 0.200976 0.204667 0.206275 0.201097
312500 0.206086 0.206138 0.204874 0.0 0.0 0.0 0.208047 0.206055 0.210094 0.204667 0.206275 0.201097
312500 0.2048 0.209966 0.202862 0.0 0.0 0.0 0.204954 0.214341 0.204907 0.204667 0.206275 0.201097
312500 0.20714 0.211479 0.212345 0.0 0.0 0.0 0.208047 0.206055 0.210094 0.206414 0.215897 0.214146
312500 0.205701 0.215093 0.209635 0.0 0.0 0.0 0.206414 0.215897 0.214146 0.204954 0.214341 0.204907
312500 0.209784 0.215274 0.203204 0.0 0.0 0.0 0.214102 0.216192 0.201682 0.204954 0.214341 0.204907
312500 0.211902 0.201118 0.210715 0.0 0.0 0.0 0.208047 0.206055 0.210094 0.216391 0.195466 0.211438
312500 0.213757 0.204896 0.202046 0.0 0.0 0.0 0.218023 0.207732 0.20396 0.211375 0.203384 0.200976
312500 0.213106 0.206861 0.206984 0.0 0.0 0.0 0.208047 0.206055 0.210094 0.218023 0.207732 0.20396
312500 0.212689 0.206388 0.213177 0.0 0.0 0.0 0.208047 0.206055 0.210094 0.217706 0.206839 0.216511
312500 0.215724 0.214665 0.210787 0.0 0.0 0.0 0.214153 0.212149 0.210063 0.217917 0.218282 0.211797
312500 0.204429 0.205155 0.217984 0.0 0.0 0.0 0.202015 0.202209 0.216311 0.207379 0.208854 0.22003
312500 0.213392 0.21658 0.197558 0.0 0.0 0.0 0.214102 0.216192 0.201682 0.212722 0.217033 0.193657
312500 0.215888 0.21698 0.191167 0.0 0.0 0.0 0.220594 0.217011 0.187465 0.212722 0.217033 0.193657
312500 0.209248 0.216774 0.210817 0.0 0.0 0.0 0.206414 0.215897 0.214146 0.211297 0.217484 0.208411
312500 0.218191 0.216792 0.202276 0.0 0.0 0.0 0.214102 0.216192 0.201682 0.224624 0.217847 0.20321
312500 0.21991 0.206087 0.198514 0.0 0.0 0.0 0.218023 0.207732 0.20396 0.221666 0.204643 0.19345
312500 0.2185 0.210584 0.199402 0.0 0.0 0.0 0.218845 0.212725 0.196102 0.218023 0.207732 0.20396
