# ts x y z Fx Fy Fz x1 y1 z1 x2 y2 z2
518750 0.181766 0.199183 0.193842 0.420946 0.316601 0.271695 0.179962 0.197399 0.192165 0.18474 0.202125 0.196607
518750 0.182203 0.197891 0.197478 9.63793 12.1338 -1.30443 0.180531 0.195102 0.198051 0.18474 0.202125 0.196607
518750 0.183276 0.190396 0.193822 -1.40762 -0.176406 -0.874742 0.187121 0.19152 0.195886 0.179173 0.189197 0.191619
518750 0.185729 0.196193 0.187857 9.91509 3.01334 7.64714 0.182409 0.195107 0.186047 0.189275 0.197353 0.18979
518750 0.183319 0.193586 0.197136 -9.02243 4.24596 1.333 0.187121 0.19152 0.195886 0.180531 0.195102 0.198051
518750 0.18895 0.199849 0.198103 -6.55496 2.44922 -1.54154 0.19291 0.19771 0.19951 0.18474 0.202125 0.196607
518750 0.186377 0.200181 0.188668 -5.61008 7.0476 -3.55454 0.189275 0.197353 0.18979 0.183507 0.202982 0.187556
518750 0.18353 0.192342 0.208195 11.0166 4.42547 8.35468 0.180409 0.190385 0.205187 0.186173 0.193999 0.210743
518750 0.194415 0.182201 0.181445 15.5836 9.82604 -0.760742 0.19132 0.179497 0.181485 0.196928 0.184397 0.181413
518750 0.197236 0.179008 0.185882 3.58391 -7.21406 -7.52456 0.195507 0.18181 0.188181 0.199402 0.175498 0.183002
518750 0.198071 0.18694 0.18325 -2.47942 -10.2362 -7.66012 0.199429 0.189961 0.185431 0.196928 0.184397 0.181413
518750 0.199845 0.183786 0.182923 -1.34481 0.0577139 -0.801189 0.202913 0.183143 0.184511 0.196928 0.184397 0.181413
518750 0.201469 0.179999 0.18389 1.05029 1.65332 0.532372 0.199402 0.175498 0.183002 0.202913 0.183143 0.184511
518750 0.19405 0.178723 0.190296 -3.12743 -4.43442 2.97407 0.195507 0.18181 0.188181 0.192783 0.176041 0.192134
518750 0.185895 0.179633 0.191114 1.28012 17.1094 16.9692 0.185767 0.176899 0.189149 0.186057 0.183105 0.193609
518750 0.19282 0.184635 0.187224 -10.0215 7.69667 -3.80522 0.195507 0.18181 0.188181 0.189156 0.188487 0.18592
518750 0.186575 0.187205 0.194719 -1.79673 -24.2214 -2.73097 0.187121 0.19152 0.195886 0.186057 0.183105 0.193609
518750 0.197831 0.182986 0.191238 2.94576 0.778231 4.33842 0.195507 0.18181 0.188181 0.200721 0.184448 0.195039
518750 0.196653 0.183346 0.205793 -13.0307 -10.6784 3.53328 0.199413 0.186479 0.204926 0.193527 0.179797 0.206775
518750 0.188254 0.180266 0.214304 9.66612 6.036 6.39162 0.185405 0.177675 0.212241 0.191728 0.183424 0.216819
518750 0.197822 0.190424 0.205224 -5.48163 9.59226 -0.131733 0.199413 0.186479 0.204926 0.196554 0.19357 0.205462
518750 0.203265 0.186412 0.203097 9.43459 1.07843 -5.85124 0.199413 0.186479 0.204926 0.206944 0.186347 0.201351
518750 0.200509 0.189588 0.202219 0.564104 4.20431 -3.48269 0.199413 0.186479 0.204926 0.201672 0.192889 0.199345
518750 0.199922 0.188866 0.208424 -0.317482 -4.762 -5.22223 0.200494 0.191546 0.21235 0.199413 0.186479 0.204926
518750 0.195948 0.186186 0.218533 4.95629 2.17178 1.75219 0.191728 0.183424 0.216819 0.19874 0.188012 0.219666
518750 0.19651 0.182727 0.214576 -1.0038 0.280358 0.355615 0.200685 0.182118 0.212618 0.191728 0.183424 0.216819
518750 0.189223 0.193503 0.188109 -0.161878 14.1024 9.01399 0.189156 0.188487 0.18592 0.189275 0.197353 0.18979
518750 0.197636 0.190961 0.188826 -4.14869 0.905923 6.55911 0.199429 0.189961 0.185431 0.195596 0.192101 0.19269
518750 0.188235 0.194538 0.192732 0.985649 2.94704 -2.21206 0.187121 0.19152 0.195886 0.189275 0.197353 0.18979
518750 0.189949 0.194544 0.197657 16.367 13.1106 6.93351 0.187121 0.19152 0.195886 0.19291 0.19771 0.19951
518750 0.192321 0.194821 0.191188 -16.5123 14.5571 -4.07704 0.195596 0.192101 0.19269 0.189275 0.197353 0.18979
518750 0.196524 0.195203 0.189542 -3.04982 -8.8789 6.64065 0.197519 0.19853 0.186167 0.195596 0.192101 0.19269
518750 0.194282 0.194845 0.196027 2.44147 -10.8024 -13.7974 0.19291 0.19771 0.19951 0.195596 0.192101 0.19269
518750 0.195027 0.195304 0.202968 3.00892 -5.63459 6.72144 0.19291 0.19771 0.19951 0.196554 0.19357 0.205462
518750 0.19263 0.198667 0.204119 -0.128095 0.319976 6.28189 0.19291 0.19771 0.19951 0.192359 0.199599 0.208604
518750 0.196243 0.200255 0.197353 0.20763 0.115734 -0.0962763 0.19291 0.19771 0.19951 0.200003 0.203127 0.19492
518750 0.19435 0.201945 0.200991 8.59178 25.6221 14.0152 0.19291 0.19771 0.19951 0.195283 0.20469 0.201952
518750 0.19803 0.188466 0.193806 -22.9466 25.1072 -11.1023 0.200721 0.184448 0.195039 0.195596 0.192101 0.19269
518750 0.202358 0.191808 0.183497 4.71654 1.92902 -3.20401 0.199429 0.189961 0.185431 0.207368 0.194968 0.180188
518750 0.202914 0.189133 0.187134 4.96493 -1.21469 1.49851 0.199429 0.189961 0.185431 0.206586 0.188261 0.188928
518750 0.19863 0.192494 0.196014 1.26553 0.451983 1.70815 0.195596 0.192101 0.19269 0.201672 0.192889 0.199345
518750 0.200916 0.196759 0.189132 0.0581526 -0.0457843 0.051437 0.197519 0.19853 0.186167 0.203653 0.195332 0.191521
518750 0.199033 0.201912 0.183048 4.1557 8.47881 -10.8886 0.197519 0.19853 0.186167 0.200526 0.205245 0.179974
518750 0.189065 0.196617 0.209743 25.0834 17.2927 -4.88676 0.186173 0.193999 0.210743 0.192359 0.199599 0.208604
518750 0.196721 0.196471 0.218553 4.69362 15.6806 -18.0335 0.19649 0.19444 0.221394 0.196969 0.198649 0.215509
518750 0.198518 0.195528 0.214121 -11.4588 31.403 18.3598 0.200494 0.191546 0.21235 0.196969 0.198649 0.215509
518750 0.199483 0.18951 0.216565 -0.414446 -1.04729 3.18984 0.200494 0.191546 0.21235 0.19874 0.188012 0.219666
518750 0.204591 0.185481 0.186529 1.14203 1.07305 1.13197 0.202913 0.183143 0.184511 0.206586 0.188261 0.188928
518750 0.20064 0.179985 0.192802 -0.650989 -10.5543 -7.5298 0.200721 0.184448 0.195039 0.200584 0.176915 0.191264
518750 0.210026 0.182928 0.192431 9.20842 7.28823 5.53212 0.207508 0.18009 0.190602 0.212471 0.185683 0.194207
518750 0.204403 0.182084 0.192632 -6.61405 4.72326 6.25708 0.207508 0.18009 0.190602 0.200721 0.184448 0.195039
518750 0.212766 0.183398 0.197585 -0.236699 6.33453 -13.2403 0.213049 0.181202 0.20083 0.212471 0.185683 0.194207
518750 0.201886 0.181733 0.199065 1.903 -3.42302 3.97976 0.200721 0.184448 0.195039 0.202781 0.179646 0.202159
518750 0.204149 0.185494 0.198515 13.495 4.55239 10.0212 0.200721 0.184448 0.195039 0.206944 0.186347 0.201351
518750 0.207045 0.184192 0.189762 0.16905 3.82232 -0.951794 0.207508 0.18009 0.190602 0.206586 0.188261 0.188928
518750 0.211139 0.189539 0.193903 1.38295 -2.61355 0.104629 0.210138 0.192436 0.193675 0.212471 0.185683 0.194207
518750 0.213661 0.187934 0.197409 0.78673 3.10865 4.68955 0.212471 0.185683 0.194207 0.215229 0.190897 0.201623
518750 0.214103 0.18819 0.191419 -6.00623 -9.26549 14.1722 0.216044 0.191169 0.188105 0.212471 0.185683 0.194207
518750 0.205693 0.179386 0.204647 -1.47483 -0.0747114 -1.60806 0.208795 0.179109 0.207298 0.202781 0.179646 0.202159
518750 0.210052 0.183729 0.201086 -6.6681 5.91039 -0.817976 0.213049 0.181202 0.20083 0.206944 0.186347 0.201351
518750 0.210965 0.180177 0.203999 -1.31684 -1.16101 2.32472 0.213049 0.181202 0.20083 0.208795 0.179109 0.207298
518750 0.214401 0.178507 0.203346 7.63911 -11.4517 8.85314 0.213049 0.181202 0.20083 0.215627 0.176064 0.205626
518750 0.206661 0.186141 0.205408 1.01822 1.17261 -6.30841 0.206432 0.185973 0.208699 0.206944 0.186347 0.201351
518750 0.208023 0.184372 0.211109 4.80702 -3.1263 7.1532 0.206432 0.185973 0.208699 0.209471 0.182913 0.213304
518750 0.204045 0.184372 0.210327 -3.22719 -2.16088 3.10203 0.206432 0.185973 0.208699 0.200685 0.182118 0.212618
518750 0.209409 0.180094 0.21435 -2.07655 -10.881 3.80711 0.209471 0.182913 0.213304 0.209271 0.173843 0.21667
518750 0.210512 0.188307 0.201468 -16.3735 -5.89192 -0.942448 0.215229 0.190897 0.201623 0.206944 0.186347 0.201351
518750 0.206946 0.189154 0.207972 2.38992 8.40494 -0.988598 0.206432 0.185973 0.208699 0.207609 0.193253 0.207036
518750 0.20995 0.185509 0.214745 0.0187624 6.10403 3.23479 0.209471 0.182913 0.213304 0.21071 0.189619 0.217028
518750 0.216592 0.181852 0.199257 -0.788578 -0.110979 0.50601 0.222372 0.182911 0.196692 0.213049 0.181202 0.20083
518750 0.212243 0.182797 0.214467 1.11745 -0.127513 0.291394 0.209471 0.182913 0.213304 0.215952 0.182643 0.216022
518750 0.202736 0.194201 0.195143 -0.0643215 -0.0359973 0.158637 0.203653 0.195332 0.191521 0.201672 0.192889 0.199345
518750 0.205072 0.195794 0.198636 -5.84086 -3.56725 0.925257 0.208629 0.198832 0.197895 0.201672 0.192889 0.199345
518750 0.205069 0.191917 0.190269 0.0674488 -0.124682 -0.0691407 0.203653 0.195332 0.191521 0.206586 0.188261 0.188928
518750 0.208632 0.190666 0.191663 -2.49743 -4.05154 -5.19297 0.210138 0.192436 0.193675 0.206586 0.188261 0.188928
518750 0.20455 0.198712 0.189788 0.076595 0.172855 -0.112723 0.203653 0.195332 0.191521 0.205304 0.201553 0.188331
518750 0.212636 0.194146 0.194205 3.46525 1.93337 1.24927 0.210138 0.192436 0.193675 0.21515 0.195866 0.194739
518750 0.209544 0.194954 0.195336 -0.929626 4.23816 3.87535 0.210138 0.192436 0.193675 0.208629 0.198832 0.197895
518750 0.212574 0.197038 0.195985 4.98756 -1.3008 -2.1619 0.208629 0.198832 0.197895 0.21515 0.195866 0.194739
518750 0.218034 0.194779 0.194972 -9.74 3.73217 0.868135 0.221874 0.19333 0.195283 0.21515 0.195866 0.194739
518750 0.214977 0.195909 0.188212 -6.85538 17.7928 1.59787 0.216044 0.191169 0.188105 0.213827 0.201017 0.188326
518750 0.20426 0.19245 0.209537 15.3209 3.78365 -8.00847 0.200494 0.191546 0.21235 0.207609 0.193253 0.207036
518750 0.210445 0.190385 0.208398 -3.10081 4.35408 -2.09537 0.212571 0.188236 0.209418 0.207609 0.193253 0.207036
518750 0.210973 0.192213 0.204646 -13.5718 4.91668 13.4614 0.215229 0.190897 0.201623 0.207609 0.193253 0.207036
518750 0.211824 0.18879 0.212471 -0.537669 0.574882 1.66686 0.212571 0.188236 0.209418 0.21071 0.189619 0.217028
518750 0.215061 0.186361 0.208734 -4.78535 2.69733 1.76455 0.218824 0.18353 0.207701 0.212571 0.188236 0.209418
518750 0.217125 0.18701 0.20483 -4.29971 7.09926 -8.22964 0.218824 0.18353 0.207701 0.215229 0.190897 0.201623
518750 0.218995 0.192276 0.19803 -2.90367 -1.49344 3.82044 0.221874 0.19333 0.195283 0.215229 0.190897 0.201623
518750 0.207047 0.192204 0.218628 19.4603 -10.3754 -10.7139 0.203921 0.19441 0.219994 0.21071 0.189619 0.217028
518750 0.182568 0.18249 0.196013 -4.18763 -0.219467 2.16739 0.186057 0.183105 0.193609 0.177594 0.181614 0.199441
518750 0.194769 0.196136 0.206799 3.24797 -5.29514 -3.84643 0.192359 0.199599 0.208604 0.196554 0.19357 0.205462
518750 0.206333 0.183193 0.183701 -0.963174 0.0861202 0.359874 0.211593 0.183271 0.182454 0.202913 0.183143 0.184511
518750 0.211105 0.194947 0.208778 -6.29275 -3.98126 -4.51192 0.216436 0.197529 0.211434 0.207609 0.193253 0.207036
518750 0.201186 0.182882 0.20347 0.866537 -1.58062 -0.989286 0.199413 0.186479 0.204926 0.202781 0.179646 0.202159
518750 0.193737 0.2008 0.184165 -3.18414 2.07981 -2.49781 0.197519 0.19853 0.186167 0.190902 0.202501 0.182665
518750 0.211013 0.198382 0.18478 4.59839 6.43615 8.43851 0.207368 0.194968 0.180188 0.213827 0.201017 0.188326
518750 0.210071 0.197995 0.212635 0.28513 0.0125894 -0.0222507 0.206207 0.198277 0.213365 0.216436 0.197529 0.211434
518750 0.190311 0.182481 0.204365 -0.00670352 0.00389542 -0.00390622 0.193527 0.179797 0.206775 0.187305 0.184989 0.202113
518750 0.183176 0.183554 0.200977 0.00332015 0.000756084 0.00133267 0.177594 0.181614 0.199441 0.187305 0.184989 0.202113
518750 0.206881 0.195862 0.210322 0.109345 -0.194351 -0.253885 0.206207 0.198277 0.213365 0.207609 0.193253 0.207036
518750 0.205081 0.196373 0.216629 0.0276546 0.0310658 -0.0817682 0.203921 0.19441 0.219994 0.206207 0.198277 0.213365
518750 0.203683 0.182722 0.216122 0.58185 0.274805 0.762149 0.200685 0.182118 0.212618 0.205909 0.18317 0.218724
518750 0.181782 0.201173 0.200543 1.91946 0.140282 -2.21825 0.17871 0.200184 0.204628 0.18474 0.202125 0.196607
518750 0.202347 0.193095 0.216485 0.937389 1.08846 3.52292 0.200494 0.191546 0.21235 0.203921 0.19441 0.219994
518750 0.194495 0.191294 0.206926 4.62298 3.76252 -3.48765 0.191947 0.188478 0.208737 0.196554 0.19357 0.205462
518750 0.207488 0.182906 0.208073 0.725118 -1.39113 -0.206744 0.206432 0.185973 0.208699 0.208795 0.179109 0.207298
518750 0.192683 0.184437 0.207824 1.68227 -5.45318 -0.643314 0.191947 0.188478 0.208737 0.193527 0.179797 0.206775
518750 0.188998 0.191298 0.209762 -3.32453 3.15532 0.40166 0.191947 0.188478 0.208737 0.186173 0.193999 0.210743
518750 0.208769 0.186085 0.186105 -0.529327 0.623093 1.00874 0.211593 0.183271 0.182454 0.206586 0.188261 0.188928
518750 0.198569 0.193819 0.185762 0.934773 -6.01819 -1.41698 0.197519 0.19853 0.186167 0.199429 0.189961 0.185431
518750 0.191851 0.186248 0.212303 0.461828 -1.99354 4.00068 0.191947 0.188478 0.208737 0.191728 0.183424 0.216819
518750 0.193943 0.178947 0.214965 -0.792342 1.09178 0.482011 0.195307 0.17619 0.213824 0.191728 0.183424 0.216819
518750 0.199915 0.179946 0.216657 2.3555 3.17395 -8.46267 0.199107 0.177666 0.220896 0.200685 0.182118 0.212618
518750 0.21849 0.187251 0.199372 -9.62361 8.63666 8.06009 0.222372 0.182911 0.196692 0.215229 0.190897 0.201623
518750 0.199101 0.179981 0.196572 -6.46214 -13.2307 2.85219 0.200721 0.184448 0.195039 0.198053 0.177091 0.197564
518750 0.216985 0.179236 0.206508 -1.04976 -3.17366 -1.3611 0.218824 0.18353 0.207701 0.215627 0.176064 0.205626
518750 0.213133 0.192966 0.214661 7.70564 7.46517 -6.94431 0.21071 0.189619 0.217028 0.216436 0.197529 0.211434
518750 0.182835 0.187761 0.208328 0.00237251 -0.00199797 0.00355341 0.180409 0.190385 0.205187 0.184763 0.185676 0.210823
518750 0.185061 0.181965 0.211481 -0.000469962 0.0074007 -0.000126063 0.185405 0.177675 0.212241 0.184763 0.185676 0.210823
518750 0.189919 0.184526 0.194794 -0.00241129 -0.000459528 -0.000673083 0.19272 0.185556 0.195654 0.186057 0.183105 0.193609
518750 0.192838 0.179921 0.201993 8.76466e-05 5.11795e-05 0.000416941 0.192374 0.180005 0.198765 0.193527 0.179797 0.206775
518750 0.193189 0.187416 0.198097 7.26048e-05 0.000919965 0.000934411 0.19272 0.185556 0.195654 0.193702 0.189451 0.200769
518750 0.195788 0.185131 0.195418 0.00359061 7.40763e-05 -0.000335811 0.19272 0.185556 0.195654 0.200721 0.184448 0.195039
518750 0.192349 0.18866 0.216051 0.000668084 0.00276003 -0.000730412 0.191728 0.183424 0.216819 0.192765 0.192169 0.215536
518750 0.197709 0.197844 0.181374 0.0 0.0 -0.0 0.197837 0.197383 0.178156 0.197519 0.19853 0.186167
518750 0.196233 0.188133 0.202611 -0.0 -0.0 0.0 0.199413 0.186479 0.204926 0.193702 0.189451 0.200769
518750 0.189789 0.19078 0.205952 -0.0 -0.0 -0.0 0.191947 0.188478 0.208737 0.188099 0.192582 0.203771
518750 0.200591 0.186763 0.212486 -0.29269 -31.6589 5.90336 0.200494 0.191546 0.21235 0.200685 0.182118 0.212618
518750 0.207056 0.179989 0.218023 0.339778 -1.19734 -0.451795 0.205909 0.18317 0.218724 0.209271 0.173843 0.21667
518750 0.210356 0.202829 0.199759 0.0 -0.0 -0.0 0.208629 0.198832 0.197895 0.21146 0.205384 0.200951
518750 0.188163 0.187002 0.209836 -0.00141247 -0.000343223 0.000546009 0.191947 0.188478 0.208737 0.184763 0.185676 0.210823
518750 0.195226 0.178541 0.198162 0.0 0.0 -0.0 0.192374 0.180005 0.198765 0.198053 0.177091 0.197564
518750 0.195579 0.180419 0.218947 -2.3919 2.02339 -1.98874 0.199107 0.177666 0.220896 0.191728 0.183424 0.216819
518750 0.20122 0.188875 0.197297 -0.10078 1.58665 0.76612 0.200721 0.184448 0.195039 0.201672 0.192889 0.199345
518750 0.19819 0.192729 0.208322 -2.32839 0.577998 -3.10333 0.200494 0.191546 0.21235 0.196554 0.19357 0.205462
518750 0.207927 0.18588 0.218011 0.431553 0.503887 -0.243961 0.205909 0.18317 0.218724 0.21071 0.189619 0.217028
518750 0.182426 0.181646 0.191308 0.0 0.0 0.0 0.186057 0.183105 0.193609 0.178507 0.180218 0.188827
518750 0.180482 0.193099 0.200975 0.0 0.0 0.0 0.180409 0.190385 0.205187 0.180531 0.195102 0.198051
518750 0.182815 0.185904 0.192671 0.0 0.0 0.0 0.186057 0.183105 0.193609 0.179173 0.189197 0.191619
518750 0.183841 0.188794 0.188955 0.0 0.0 0.0 0.189156 0.188487 0.18592 0.179173 0.189197 0.191619
518750 0.187654 0.184668 0.213309 0.0 0.0 0.0 0.191728 0.183424 0.216819 0.184763 0.185676 0.210823
518750 0.185923 0.185291 0.206852 0.0 0.0 0.0 0.187305 0.184989 0.202113 0.184763 0.185676 0.210823
518750 0.185447 0.189632 0.210783 0.0 0.0 0.0 0.186173 0.193999 0.210743 0.184763 0.185676 0.210823
518750 0.183948 0.187547 0.203609 0.0 0.0 0.0 0.180409 0.190385 0.205187 0.187305 0.184989 0.202113
518750 0.184954 0.191613 0.204351 0.0 0.0 0.0 0.180409 0.190385 0.205187 0.188099 0.192582 0.203771
518750 0.185994 0.196471 0.196227 0.0 0.0 0.0 0.187121 0.19152 0.195886 0.18474 0.202125 0.196607
518750 0.187207 0.19946 0.192898 0.0 0.0 0.0 0.189275 0.197353 0.18979 0.18474 0.202125 0.196607
518750 0.197915 0.180776 0.182049 0.0 0.0 0.0 0.199402 0.175498 0.183002 0.196928 0.184397 0.181413
518750 0.196282 0.183151 0.184487 0.0 0.0 0.0 0.195507 0.18181 0.188181 0.196928 0.184397 0.181413
518750 0.193438 0.180595 0.184874 0.0 0.0 0.0 0.195507 0.18181 0.188181 0.19132 0.179497 0.181485
518750 0.193983 0.185876 0.183122 0.0 0.0 0.0 0.189156 0.188487 0.18592 0.196928 0.184397 0.181413
518750 0.190392 0.183282 0.183389 0.0 0.0 0.0 0.189156 0.188487 0.18592 0.19132 0.179497 0.181485
518750 0.186084 0.179111 0.195369 0.0 0.0 0.0 0.186057 0.183105 0.193609 0.186115 0.174373 0.197526
518750 0.189642 0.181276 0.196534 0.0 0.0 0.0 0.186057 0.183105 0.193609 0.192374 0.180005 0.198765
518750 0.197479 0.18584 0.186798 0.0 0.0 0.0 0.195507 0.18181 0.188181 0.199429 0.189961 0.185431
518750 0.187417 0.185397 0.190235 0.0 0.0 0.0 0.186057 0.183105 0.193609 0.189156 0.188487 0.18592
518750 0.19255 0.182782 0.19717 0.0 0.0 0.0 0.19272 0.185556 0.195654 0.192374 0.180005 0.198765
518750 0.186664 0.184022 0.197748 -6.60732e-05 0.000917915 0.00398741 0.186057 0.183105 0.193609 0.187305 0.184989 0.202113
518750 0.190249 0.182026 0.200168 0.0 0.0 0.0 0.192374 0.180005 0.198765 0.187305 0.184989 0.202113
518750 0.199456 0.182449 0.186225 0.0 0.0 0.0 0.195507 0.18181 0.188181 0.202913 0.183143 0.184511
518750 0.198242 0.1791 0.189844 0.0 0.0 0.0 0.195507 0.18181 0.188181 0.200584 0.176915 0.191264
518750 0.189262 0.17861 0.209645 0.0 0.0 0.0 0.185405 0.177675 0.212241 0.193527 0.179797 0.206775
518750 0.19267 0.181451 0.211551 0.0 0.0 0.0 0.191728 0.183424 0.216819 0.193527 0.179797 0.206775
518750 0.197529 0.17857 0.213324 0.0 0.0 0.0 0.195307 0.17619 0.213824 0.200685 0.182118 0.212618
518750 0.197173 0.18091 0.209751 0.0 0.0 0.0 0.200685 0.182118 0.212618 0.193527 0.179797 0.206775
518750 0.203091 0.180818 0.219622 0.0 0.0 0.0 0.199107 0.177666 0.220896 0.205909 0.18317 0.218724
518750 0.198105 0.190178 0.181542 0.0 0.0 0.0 0.199429 0.189961 0.185431 0.196912 0.190508 0.178028
518750 0.190435 0.187923 0.195747 0.0 0.0 0.0 0.19272 0.185556 0.195654 0.187121 0.19152 0.195886
518750 0.193891 0.188156 0.194445 0.0 0.0 0.0 0.19272 0.185556 0.195654 0.195596 0.192101 0.19269
518750 0.195112 0.189272 0.185637 0.0 0.0 0.0 0.199429 0.189961 0.185431 0.189156 0.188487 0.18592
518750 0.18804 0.190081 0.191387 0.0 0.0 0.0 0.187121 0.19152 0.195886 0.189156 0.188487 0.18592
518750 0.192685 0.190398 0.18963 0.0 0.0 0.0 0.189156 0.188487 0.18592 0.195596 0.192101 0.19269
518750 0.191353 0.191741 0.19429 0.0 0.0 0.0 0.187121 0.19152 0.195886 0.195596 0.192101 0.19269
518750 0.193104 0.19783 0.188106 0.0 0.0 0.0 0.197519 0.19853 0.186167 0.189275 0.197353 0.18979
518750 0.190987 0.197453 0.19437 0.0 0.0 0.0 0.19291 0.19771 0.19951 0.189275 0.197353 0.18979
518750 0.190513 0.185259 0.198284 0.0 0.0 0.0 0.19272 0.185556 0.195654 0.187305 0.184989 0.202113
518750 0.187214 0.18819 0.198995 0.0 0.0 0.0 0.187121 0.19152 0.195886 0.187305 0.184989 0.202113
518750 0.190873 0.190273 0.198669 0.0 0.0 0.0 0.187121 0.19152 0.195886 0.193702 0.189451 0.200769
518750 0.187687 0.192064 0.200441 0.0 0.0 0.0 0.187121 0.19152 0.195886 0.188099 0.192582 0.203771
518750 0.194514 0.190521 0.197301 0.0 0.0 0.0 0.195596 0.192101 0.19269 0.193702 0.189451 0.200769
518750 0.19337 0.192842 0.200241 0.0 0.0 0.0 0.19291 0.19771 0.19951 0.193702 0.189451 0.200769
518750 0.190079 0.194622 0.202018 0.0 0.0 0.0 0.19291 0.19771 0.19951 0.188099 0.192582 0.203771
518750 0.190146 0.200045 0.185968 0.0 0.0 0.0 0.189275 0.197353 0.18979 0.190902 0.202501 0.182665
518750 0.194389 0.202204 0.1882 0.0 0.0 0.0 0.197519 0.19853 0.186167 0.191496 0.205736 0.190081
518750 0.198701 0.200653 0.190337 0.0 0.0 0.0 0.197519 0.19853 0.186167 0.200003 0.203127 0.19492
518750 0.201275 0.186275 0.184944 0.0 0.0 0.0 0.199429 0.189961 0.185431 0.202913 0.183143 0.184511
518750 0.20105 0.187996 0.181605 0.0 0.0 0.0 0.199429 0.189961 0.185431 0.202337 0.186563 0.178569
518750 0.20162 0.196977 0.183676 0.0 0.0 0.0 0.197519 0.19853 0.186167 0.207368 0.194968 0.180188
518750 0.201557 0.192599 0.188501 0.0 0.0 0.0 0.203653 0.195332 0.191521 0.199429 0.189961 0.185431
518750 0.199918 0.193765 0.192063 0.0 0.0 0.0 0.203653 0.195332 0.191521 0.195596 0.192101 0.19269
518750 0.19738 0.195181 0.199425 0.0 0.0 0.0 0.19291 0.19771 0.19951 0.201672 0.192889 0.199345
518750 0.202159 0.200264 0.187457 0.0 0.0 0.0 0.197519 0.19853 0.186167 0.205304 0.201553 0.188331
518750 0.197039 0.199003 0.202306 0.0 0.0 0.0 0.19291 0.19771 0.19951 0.201694 0.200606 0.205459
518750 0.190956 0.187536 0.201346 0.000930181 0.000448938 -0.000204792 0.187305 0.184989 0.202113 0.193702 0.189451 0.200769
518750 0.187764 0.189379 0.203071 6.90731e-05 0.00155396 0.000103933 0.187305 0.184989 0.202113 0.188099 0.192582 0.203771
518750 0.189709 0.186726 0.205541 0.0 0.0 0.0 0.191947 0.188478 0.208737 0.187305 0.184989 0.202113
518750 0.195654 0.187416 0.206844 0.0 0.0 0.0 0.191947 0.188478 0.208737 0.199413 0.186479 0.204926
518750 0.190859 0.190973 0.202292 0.0 0.0 0.0 0.188099 0.192582 0.203771 0.193702 0.189451 0.200769
518750 0.192918 0.188949 0.204327 0.0 0.0 0.0 0.191947 0.188478 0.208737 0.193702 0.189451 0.200769
518750 0.195126 0.191442 0.203113 0.0 0.0 0.0 0.196554 0.19357 0.205462 0.193702 0.189451 0.200769
518750 0.187235 0.19315 0.206907 0.0 0.0 0.0 0.186173 0.193999 0.210743 0.188099 0.192582 0.203771
518750 0.192389 0.190415 0.212416 0.0 0.0 0.0 0.191947 0.188478 0.208737 0.192765 0.192169 0.215536
518750 0.189667 0.192958 0.213285 0.0 0.0 0.0 0.186173 0.193999 0.210743 0.192765 0.192169 0.215536
518750 0.194892 0.199008 0.212402 0.0 0.0 0.0 0.192359 0.199599 0.208604 0.196969 0.198649 0.215509
518750 0.194811 0.195257 0.215523 0.0 0.0 0.0 0.192765 0.192169 0.215536 0.196969 0.198649 0.215509
518750 0.186243 0.196131 0.214263 0.0 0.0 0.0 0.186173 0.193999 0.210743 0.186342 0.199397 0.219372
518750 0.194644 0.193245 0.218494 0.0 0.0 0.0 0.19649 0.19444 0.221394 0.192765 0.192169 0.215536
518750 0.190328 0.194838 0.216991 0.0 0.0 0.0 0.192765 0.192169 0.215536 0.186342 0.199397 0.219372
518750 0.195769 0.190006 0.217615 0.0 0.0 0.0 0.192765 0.192169 0.215536 0.19874 0.188012 0.219666
518750 0.200014 0.185474 0.200371 0.0 0.0 0.0 0.200721 0.184448 0.195039 0.199413 0.186479 0.204926
518750 0.20002 0.184324 0.208605 0.0 0.0 0.0 0.200685 0.182118 0.212618 0.199413 0.186479 0.204926
518750 0.197118 0.190857 0.200158 0.0 0.0 0.0 0.201672 0.192889 0.199345 0.193702 0.189451 0.200769
518750 0.198749 0.193209 0.202838 0.0 0.0 0.0 0.201672 0.192889 0.199345 0.196554 0.19357 0.205462
518750 0.203368 0.186125 0.207053 0.0 0.0 0.0 0.206432 0.185973 0.208699 0.199413 0.186479 0.204926
518750 0.195944 0.189843 0.210427 0.0 0.0 0.0 0.191947 0.188478 0.208737 0.200494 0.191546 0.21235
518750 0.196063 0.191832 0.214176 0.0 0.0 0.0 0.200494 0.191546 0.21235 0.192765 0.192169 0.215536
518750 0.200304 0.196543 0.217662 0.0 0.0 0.0 0.203921 0.19441 0.219994 0.196969 0.198649 0.215509
518750 0.199576 0.185402 0.216627 0.0 0.0 0.0 0.200685 0.182118 0.212618 0.19874 0.188012 0.219666
518750 0.201144 0.190913 0.219818 0.0 0.0 0.0 0.203921 0.19441 0.219994 0.19874 0.188012 0.219666
518750 0.202107 0.198563 0.192958 0.0 0.0 0.0 0.203653 0.195332 0.191521 0.200003 0.203127 0.19492
518750 0.204565 0.200787 0.196492 0.0 0.0 0.0 0.208629 0.198832 0.197895 0.200003 0.203127 0.19492
518750 0.209296 0.181413 0.187036 0.0 0.0 0.0 0.207508 0.18009 0.190602 0.211593 0.183271 0.182454
518750 0.205002 0.181684 0.187283 0.0 0.0 0.0 0.207508 0.18009 0.190602 0.202913 0.183143 0.184511
518750 0.202609 0.184878 0.181377 0.0 0.0 0.0 0.202913 0.183143 0.184511 0.202337 0.186563 0.178569
518750 0.207597 0.17872 0.19464 0.0 0.0 0.0 0.207508 0.18009 0.190602 0.207663 0.177845 0.197571
518750 0.205495 0.178574 0.199608 0.0 0.0 0.0 0.207663 0.177845 0.197571 0.202781 0.179646 0.202159
518750 0.21002 0.179245 0.198999 0.0 0.0 0.0 0.207663 0.177845 0.197571 0.213049 0.181202 0.20083
518750 0.203912 0.186453 0.191713 0.0 0.0 0.0 0.200721 0.184448 0.195039 0.206586 0.188261 0.188928
518750 0.209182 0.18123 0.210759 0.0 0.0 0.0 0.209471 0.182913 0.213304 0.208795 0.179109 0.207298
518750 0.204998 0.180447 0.209787 0.0 0.0 0.0 0.200685 0.182118 0.212618 0.208795 0.179109 0.207298
518750 0.206019 0.18253 0.213034 0.0 0.0 0.0 0.209471 0.182913 0.213304 0.200685 0.182118 0.212618
518750 0.207811 0.182961 0.215827 0.0 0.0 0.0 0.209471 0.182913 0.213304 0.205909 0.18317 0.218724
518750 0.204211 0.178649 0.214281 0.0 0.0 0.0 0.200685 0.182118 0.212618 0.209271 0.173843 0.21667
518750 0.204798 0.182827 0.201768 0.0 0.0 0.0 0.206944 0.186347 0.201351 0.202781 0.179646 0.202159
518750 0.213966 0.185222 0.201165 0.0 0.0 0.0 0.213049 0.181202 0.20083 0.215229 0.190897 0.201623
518750 0.207865 0.182665 0.204319 0.0 0.0 0.0 0.208795 0.179109 0.207298 0.206944 0.186347 0.201351
518750 0.210973 0.185425 0.211418 0.0 0.0 0.0 0.209471 0.182913 0.213304 0.212571 0.188236 0.209418
518750 0.215639 0.182177 0.203915 0.0 0.0 0.0 0.218824 0.18353 0.207701 0.213049 0.181202 0.20083
518750 0.206882 0.190748 0.185598 0.0 0.0 0.0 0.207368 0.194968 0.180188 0.206586 0.188261 0.188928
518750 0.205009 0.19513 0.187383 0.0 0.0 0.0 0.203653 0.195332 0.191521 0.207368 0.194968 0.180188
518750 0.212421 0.192686 0.184802 0.0 0.0 0.0 0.216044 0.191169 0.188105 0.207368 0.194968 0.180188
518750 0.209558 0.186888 0.191597 0.0 0.0 0.0 0.212471 0.185683 0.194207 0.206586 0.188261 0.188928
518750 0.20728 0.193643 0.192726 0.0 0.0 0.0 0.210138 0.192436 0.193675 0.203653 0.195332 0.191521
518750 0.2059 0.196844 0.1944 0.0 0.0 0.0 0.203653 0.195332 0.191521 0.208629 0.198832 0.197895
518750 0.2097 0.185946 0.197787 0.0 0.0 0.0 0.212471 0.185683 0.194207 0.206944 0.186347 0.201351
518750 0.204447 0.189375 0.200401 0.0 0.0 0.0 0.201672 0.192889 0.199345 0.206944 0.186347 0.201351
518750 0.204731 0.193007 0.203309 0.0 0.0 0.0 0.201672 0.192889 0.199345 0.207609 0.193253 0.207036
518750 0.211987 0.191807 0.196564 0.0 0.0 0.0 0.210138 0.192436 0.193675 0.215229 0.190897 0.201623
518750 0.215178 0.193984 0.19725 0.0 0.0 0.0 0.215229 0.190897 0.201623 0.21515 0.195866 0.194739
518750 0.211716 0.195049 0.199639 0.0 0.0 0.0 0.208629 0.198832 0.197895 0.215229 0.190897 0.201623
518750 0.211972 0.202569 0.196445 0.0 0.0 0.0 0.208629 0.198832 0.197895 0.21411 0.205067 0.195518
518750 0.211096 0.199801 0.193351 0.0 0.0 0.0 0.208629 0.198832 0.197895 0.213827 0.201017 0.188326
518750 0.20536 0.199599 0.201458 0.0 0.0 0.0 0.208629 0.198832 0.197895 0.201694 0.200606 0.205459
518750 0.216326 0.184533 0.195176 0.0 0.0 0.0 0.222372 0.182911 0.196692 0.212471 0.185683 0.194207
518750 0.210956 0.189535 0.188549 0.0 0.0 0.0 0.216044 0.191169 0.188105 0.206586 0.188261 0.188928
518750 0.212424 0.191876 0.191518 0.0 0.0 0.0 0.210138 0.192436 0.193675 0.216044 0.191169 0.188105
518750 0.215496 0.193971 0.19216 0.0 0.0 0.0 0.216044 0.191169 0.188105 0.21515 0.195866 0.194739
518750 0.207267 0.189654 0.204131 0.0 0.0 0.0 0.206944 0.186347 0.201351 0.207609 0.193253 0.207036
518750 0.204007 0.188179 0.21019 0.0 0.0 0.0 0.206432 0.185973 0.208699 0.200494 0.191546 0.21235
518750 0.209554 0.187055 0.209064 0.0 0.0 0.0 0.206432 0.185973 0.208699 0.212571 0.188236 0.209418
518750 0.203625 0.195169 0.212907 0.0 0.0 0.0 0.200494 0.191546 0.21235 0.206207 0.198277 0.213365
518750 0.213558 0.189156 0.206517 0.0 0.0 0.0 0.212571 0.188236 0.209418 0.215229 0.190897 0.201623
518750 0.20106 0.195772 0.209083 0.0 0.0 0.0 0.200494 0.191546 0.21235 0.201694 0.200606 0.205459
518750 0.204283 0.199201 0.209997 0.0 0.0 0.0 0.206207 0.198277 0.213365 0.201694 0.200606 0.205459
518750 0.213843 0.191229 0.210081 0.0 0.0 0.0 0.212571 0.188236 0.209418 0.216436 0.197529 0.211434
518750 0.215774 0.193834 0.206072 0.0 0.0 0.0 0.216436 0.197529 0.211434 0.215229 0.190897 0.201623
518750 0.184067 0.202593 0.191661 -1.28967 3.2042 -12.5403 0.18474 0.202125 0.196607 0.183507 0.202982 0.187556
518750 0.185638 0.206803 0.195045 -1.96016 -8.90412 4.67192 0.186228 0.209873 0.19402 0.18474 0.202125 0.196607
518750 0.18563 0.205041 0.200587 -2.25375 -6.16548 -12.0782 0.186797 0.208866 0.205806 0.18474 0.202125 0.196607
518750 0.182989 0.209312 0.194148 -5.76299 -0.689606 1.10811 0.186228 0.209873 0.19402 0.179228 0.208662 0.194295
518750 0.185598 0.215996 0.195246 -5.23708 0.863107 -3.01745 0.189524 0.216059 0.197675 0.182112 0.21594 0.193088
518750 0.181141 0.208017 0.202558 0.118456 -0.00399048 0.0678151 0.178517 0.207624 0.201051 0.186797 0.208866 0.205806
518750 0.184829 0.21497 0.204356 4.7423 -9.2468 2.5281 0.183677 0.218547 0.203506 0.186797 0.208866 0.205806
518750 0.19035 0.20141 0.189931 -12.3936 -30.2926 1.91431 0.191496 0.205736 0.190081 0.189275 0.197353 0.18979
518750 0.192759 0.202835 0.211833 -0.554547 -10.7931 -7.90389 0.193163 0.206102 0.215093 0.192359 0.199599 0.208604
518750 0.194524 0.20362 0.208165 -4.85267 -9.91418 2.81813 0.196002 0.206365 0.207865 0.192359 0.199599 0.208604
518750 0.190072 0.203408 0.207454 6.51682 -8.71526 4.33819 0.186797 0.208866 0.205806 0.192359 0.199599 0.208604
518750 0.195266 0.201984 0.215323 26.4057 -38.4921 6.70614 0.193163 0.206102 0.215093 0.196969 0.198649 0.215509
518750 0.196685 0.200066 0.207147 -10.9771 -2.15922 5.54571 0.201694 0.200606 0.205459 0.192359 0.199599 0.208604
518750 0.199491 0.201396 0.215934 -0.912262 -1.0409 0.0603805 0.202112 0.204251 0.216375 0.196969 0.198649 0.215509
518750 0.194406 0.204196 0.219131 0.247244 -0.346312 1.14573 0.193163 0.206102 0.215093 0.19564 0.202304 0.223138
518750 0.1882 0.210987 0.185774 -2.47921 -6.88462 -7.28713 0.189539 0.214509 0.188493 0.187215 0.2084 0.183775
518750 0.198153 0.208019 0.193945 0.0302764 -0.136174 0.0371634 0.196724 0.211799 0.193193 0.200003 0.203127 0.19492
518750 0.188458 0.208122 0.192353 5.84129 -4.17516 -2.85242 0.186228 0.209873 0.19402 0.191496 0.205736 0.190081
518750 0.194224 0.208899 0.191705 9.11431 8.2575 6.45305 0.191496 0.205736 0.190081 0.196724 0.211799 0.193193
518750 0.190536 0.210043 0.189302 -2.84476 13.0259 -0.217251 0.191496 0.205736 0.190081 0.189539 0.214509 0.188493
518750 0.187599 0.212446 0.195541 5.4104 9.11588 7.80057 0.186228 0.209873 0.19402 0.189524 0.216059 0.197675
518750 0.196826 0.212046 0.197293 -0.636558 1.3248 7.45289 0.196724 0.211799 0.193193 0.196944 0.212333 0.202053
518750 0.193174 0.214226 0.199828 -8.96707 2.87032 -4.10149 0.196944 0.212333 0.202053 0.189524 0.216059 0.197675
518750 0.191815 0.21689 0.185214 -2.53946 -2.56456 4.95633 0.194184 0.219369 0.181801 0.189539 0.214509 0.188493
518750 0.197186 0.21576 0.192208 1.40644 10.3262 -4.40187 0.196724 0.211799 0.193193 0.197723 0.22036 0.191065
518750 0.190664 0.217626 0.201867 -0.0926347 -0.333166 -0.948374 0.191842 0.219245 0.206201 0.189524 0.216059 0.197675
518750 0.203282 0.202153 0.190844 -0.105653 0.0103097 0.159191 0.205304 0.201553 0.188331 0.200003 0.203127 0.19492
518750 0.200267 0.212319 0.191177 3.86329 0.8549 -3.06931 0.196724 0.211799 0.193193 0.205667 0.213113 0.188104
518750 0.202684 0.206074 0.198445 0.00102689 0.00115966 0.000984521 0.200003 0.203127 0.19492 0.204718 0.208309 0.20112
518750 0.195924 0.209412 0.213391 4.95754 4.97453 -1.73053 0.193163 0.206102 0.215093 0.198879 0.212954 0.21157
518750 0.195638 0.205517 0.204872 -1.61563 -3.89419 -8.56139 0.196002 0.206365 0.207865 0.195283 0.20469 0.201952
518750 0.197116 0.208915 0.209299 -6.41324 -12.0244 -9.72442 0.198879 0.212954 0.21157 0.196002 0.206365 0.207865
518750 0.195932 0.207675 0.201991 -6.32579 -25.997 3.87449 0.196944 0.212333 0.202053 0.195283 0.20469 0.201952
518750 0.191429 0.210386 0.215385 -29.1924 50.1172 7.78439 0.193163 0.206102 0.215093 0.189285 0.215684 0.215745
518750 0.188126 0.212509 0.211117 0.573007 5.51376 9.03811 0.186797 0.208866 0.205806 0.189285 0.215684 0.215745
518750 0.198453 0.216613 0.200583 2.33516 4.32852 -1.30861 0.196944 0.212333 0.202053 0.199656 0.220025 0.19941
518750 0.194394 0.215788 0.204126 12.9066 -12.4125 -9.80324 0.191842 0.219245 0.206201 0.196944 0.212333 0.202053
518750 0.197624 0.203198 0.203233 2.77195 -1.55137 0.923331 0.195283 0.20469 0.201952 0.201694 0.200606 0.205459
518750 0.20287 0.215558 0.212941 6.7671 5.31792 1.2726 0.198879 0.212954 0.21157 0.20646 0.2179 0.214174
518750 0.201156 0.210153 0.201547 10.894 -5.17672 0.588553 0.196944 0.212333 0.202053 0.204718 0.208309 0.20112
518750 0.201016 0.214359 0.20349 11.7677 3.93735 5.19638 0.196944 0.212333 0.202053 0.205007 0.216345 0.204898
518750 0.19068 0.217627 0.210538 -4.55459 -2.98741 14.6969 0.191842 0.219245 0.206201 0.189285 0.215684 0.215745
518750 0.200727 0.20681 0.218971 -0.588105 0.807074 0.696732 0.202112 0.204251 0.216375 0.199516 0.209048 0.221241
518750 0.201696 0.217022 0.19828 -3.88822 5.64509 3.40036 0.20346 0.214427 0.197302 0.199656 0.220025 0.19941
518750 0.214659 0.197778 0.192358 0.913852 -2.55512 4.49862 0.213827 0.201017 0.188326 0.21515 0.195866 0.194739
518750 0.209513 0.20026 0.202321 -2.99 -3.69931 -8.45187 0.210094 0.201199 0.205228 0.208629 0.198832 0.197895
518750 0.206644 0.203092 0.185763 -0.0697562 -0.138163 0.217922 0.208024 0.204676 0.183119 0.205304 0.201553 0.188331
518750 0.210298 0.203242 0.18516 5.38091 -4.72588 4.47334 0.208024 0.204676 0.183119 0.213827 0.201017 0.188326
518750 0.208378 0.202651 0.195108 -1.03695 -8.49832 7.02453 0.208201 0.205344 0.193144 0.208629 0.198832 0.197895
518750 0.214006 0.203585 0.192886 -3.47906 -10.1981 -15.8907 0.21411 0.205067 0.195518 0.213827 0.201017 0.188326
518750 0.204978 0.196524 0.206335 17.4769 -15.7227 3.82705 0.201694 0.200606 0.205459 0.207609 0.193253 0.207036
518750 0.203413 0.204985 0.202992 12.0594 20.5687 -10.3577 0.201694 0.200606 0.205459 0.204718 0.208309 0.20112
518750 0.209386 0.203667 0.206982 -1.53275 5.54081 5.44008 0.210094 0.201199 0.205228 0.208115 0.208092 0.210128
518750 0.204148 0.20128 0.214878 0.179279 -0.319968 -0.215185 0.202112 0.204251 0.216375 0.206207 0.198277 0.213365
518750 0.212148 0.20001 0.207238 4.52786 -4.07714 5.25381 0.210094 0.201199 0.205228 0.216436 0.197529 0.211434
518750 0.216623 0.196048 0.200918 -9.0703 -23.2169 0.369387 0.217814 0.200448 0.200316 0.215229 0.190897 0.201623
518750 0.204918 0.204912 0.181816 -4.42092 -0.422869 -1.9738 0.208024 0.204676 0.183119 0.200526 0.205245 0.179974
518750 0.203076 0.21382 0.182446 2.51387 -1.80149 6.06599 0.201228 0.214325 0.17841 0.205667 0.213113 0.188104
518750 0.21172 0.21213 0.189379 -8.58115 1.1475 -3.2725 0.215286 0.211552 0.19013 0.205667 0.213113 0.188104
518750 0.213412 0.211597 0.193309 -1.6831 0.0519831 2.03472 0.215286 0.211552 0.19013 0.211211 0.211651 0.197043
518750 0.212919 0.207773 0.196145 -12.6034 19.3786 4.73554 0.21411 0.205067 0.195518 0.211211 0.211651 0.197043
518750 0.20732 0.208045 0.191391 -3.09177 8.6504 -7.89115 0.208201 0.205344 0.193144 0.205667 0.213113 0.188104
518750 0.20422 0.213975 0.194136 -0.422107 0.494897 5.15889 0.205667 0.213113 0.188104 0.20346 0.214427 0.197302
518750 0.207848 0.20992 0.199154 -16.3817 -9.74344 14.774 0.211211 0.211651 0.197043 0.204718 0.208309 0.20112
518750 0.212707 0.214977 0.199384 -6.3629 -9.09222 -7.00989 0.214149 0.218183 0.201641 0.211211 0.211651 0.197043
518750 0.204025 0.21168 0.199016 1.25808 -4.51625 3.92559 0.20346 0.214427 0.197302 0.204718 0.208309 0.20112
518750 0.209281 0.218112 0.187025 6.68589 12.742 -1.45839 0.205667 0.213113 0.188104 0.211388 0.221027 0.186396
518750 0.212038 0.215501 0.195238 8.07188 19.9077 -10.4412 0.211211 0.211651 0.197043 0.212792 0.219013 0.193592
518750 0.215579 0.203235 0.197421 -6.55916 12.1662 -13.2093 0.217814 0.200448 0.200316 0.21411 0.205067 0.195518
518750 0.21801 0.209484 0.191517 7.18218 -4.97024 2.06506 0.215286 0.211552 0.19013 0.221729 0.206662 0.19341
518750 0.206424 0.212581 0.207283 -1.49834 2.87737 -2.51356 0.208115 0.208092 0.210128 0.205007 0.216345 0.204898
518750 0.207729 0.209586 0.215486 -0.914017 0.831346 4.28329 0.208115 0.208092 0.210128 0.2074 0.210864 0.220067
518750 0.206914 0.214498 0.217023 0.268365 -8.46108 9.3278 0.20646 0.2179 0.214174 0.2074 0.210864 0.220067
518750 0.209998 0.217684 0.216881 -3.58887 0.0536576 -3.74863 0.21325 0.217487 0.219369 0.20646 0.2179 0.214174
518750 0.212843 0.216748 0.209247 -1.85992 3.58405 -1.85614 0.214238 0.214166 0.210068 0.211366 0.219479 0.208377
518750 0.208771 0.2182 0.206957 10.0213 5.4866 3.56644 0.205007 0.216345 0.204898 0.211366 0.219479 0.208377
518750 0.216614 0.21641 0.198769 2.73649 -1.38906 -2.33452 0.214149 0.218183 0.201641 0.218928 0.214746 0.196073
518750 0.215643 0.212584 0.207873 0.942981 -0.666458 -1.24363 0.214238 0.214166 0.210068 0.21814 0.209771 0.203971
518750 0.215428 0.212392 0.212243 1.35407 -1.88172 3.25139 0.214238 0.214166 0.210068 0.21778 0.208882 0.216543
518750 0.215872 0.216871 0.194837 -6.69941 4.90219 -4.29685 0.218928 0.214746 0.196073 0.212792 0.219013 0.193592
518750 0.198858 0.217818 0.212528 -0.836217 16.5988 0.7058 0.198879 0.212954 0.21157 0.198842 0.221462 0.213245
518750 0.184395 0.212573 0.193605 -1.6157 2.31869 0.0896888 0.186228 0.209873 0.19402 0.182112 0.21594 0.193088
518750 0.210391 0.20366 0.191268 1.12926 -1.19425 -1.36465 0.208201 0.205344 0.193144 0.213827 0.201017 0.188326
518750 0.217964 0.204729 0.201994 1.80759 9.2858 4.44148 0.217814 0.200448 0.200316 0.21814 0.209771 0.203971
518750 0.194098 0.208326 0.187511 4.3047 5.7597 -4.03337 0.191496 0.205736 0.190081 0.196319 0.210537 0.185316
518750 0.182259 0.217331 0.206877 -0.725753 -0.745777 1.34908 0.183677 0.218547 0.203506 0.18087 0.216139 0.210177
518750 0.19856 0.196315 0.205461 -5.19969 -6.51925 -1.28229 0.201694 0.200606 0.205459 0.196554 0.19357 0.205462
518750 0.203158 0.217438 0.217139 0.732032 -0.0476421 -0.606803 0.199766 0.216964 0.220184 0.20646 0.2179 0.214174
518750 0.1876 0.211794 0.19173 2.09004 2.87698 -2.49422 0.186228 0.209873 0.19402 0.189539 0.214509 0.188493
518750 0.199865 0.211514 0.186373 12.904 1.98561 2.22488 0.196319 0.210537 0.185316 0.205667 0.213113 0.188104
518750 0.204582 0.205831 0.213804 0.538457 0.40005 -0.796404 0.202112 0.204251 0.216375 0.208115 0.208092 0.210128
518750 0.19934 0.215038 0.216047 0.0099786 0.457845 0.710971 0.198879 0.212954 0.21157 0.199766 0.216964 0.220184
518750 0.19471 0.210742 0.181851 4.00134 0.968455 10.7585 0.193017 0.210958 0.178203 0.196319 0.210537 0.185316
518750 0.207806 0.201451 0.182145 0.133268 -1.44816 -0.515489 0.208024 0.204676 0.183119 0.207368 0.194968 0.180188
518750 0.198113 0.204229 0.206972 2.07086 -2.27888 -0.419877 0.196002 0.206365 0.207865 0.201694 0.200606 0.205459
518750 0.206993 0.20098 0.205313 -1.52588 -0.354259 0.0719674 0.210094 0.201199 0.205228 0.201694 0.200606 0.205459
518750 0.183031 0.213488 0.208584 -1.83735 1.66911 0.927514 0.186797 0.208866 0.205806 0.18087 0.216139 0.210177
518750 0.216968 0.205665 0.194728 1.11856 0.0709103 -0.403523 0.21411 0.205067 0.195518 0.221729 0.206662 0.19341
518750 0.215886 0.214521 0.202655 5.18063 -8.21255 3.60197 0.214149 0.218183 0.201641 0.21814 0.209771 0.203971
518750 0.212074 0.212019 0.210089 -0.626223 -0.502258 0.10144 0.214238 0.214166 0.210068 0.208115 0.208092 0.210128
518750 0.190147 0.203137 0.216986 -7.92489 -5.92094 5.71814 0.193163 0.206102 0.215093 0.186342 0.199397 0.219372
518750 0.216221 0.197708 0.196981 -0.154911 -0.172107 -0.21551 0.217814 0.200448 0.200316 0.21515 0.195866 0.194739
518750 0.197893 0.212637 0.206719 -0.0856228 0.0438514 -0.456973 0.198879 0.212954 0.21157 0.196944 0.212333 0.202053
518750 0.203226 0.210665 0.210891 1.84487 -0.620515 -0.279952 0.198879 0.212954 0.21157 0.208115 0.208092 0.210128
518750 0.181367 0.214308 0.196777 0.000376775 0.000759103 -0.00279539 0.180811 0.213088 0.199534 0.182112 0.21594 0.193088
518750 0.182714 0.211746 0.201528 0.000482366 -0.000478623 0.000484563 0.180811 0.213088 0.199534 0.186797 0.208866 0.205806
518750 0.191785 0.206916 0.194397 -0.0 -0.0 0.0 0.191496 0.205736 0.190081 0.191994 0.207772 0.197531
518750 0.204211 0.218281 0.184876 -0.000111016 0.000252674 -0.000209996 0.205667 0.213113 0.188104 0.203402 0.221151 0.183084
518750 0.188399 0.213092 0.201029 2.93483 4.34326 -5.76176 0.186797 0.208866 0.205806 0.189524 0.216059 0.197675
518750 0.190273 0.208134 0.200271 -0.000956162 -4.75191e-06 0.00120514 0.191994 0.207772 0.197531 0.186797 0.208866 0.205806
518750 0.210786 0.20332 0.20306 0.000742821 0.00127666 -0.00161714 0.210094 0.201199 0.205228 0.21146 0.205384 0.200951
518750 0.193258 0.212331 0.186751 -1.68567 0.81707 1.08854 0.196319 0.210537 0.185316 0.189539 0.214509 0.188493
518750 0.191168 0.203949 0.185984 -0.12065 -0.27149 -1.03341 0.191496 0.205736 0.190081 0.190902 0.202501 0.182665
518750 0.182284 0.203951 0.205149 0.0 0.0 0.0 0.186797 0.208866 0.205806 0.17871 0.200184 0.204628
518750 0.181611 0.205767 0.195295 0.0 0.0 0.0 0.179228 0.208662 0.194295 0.18474 0.202125 0.196607
518750 0.180871 0.205474 0.19937 0.0 0.0 0.0 0.178517 0.207624 0.201051 0.18474 0.202125 0.196607
518750 0.18208 0.215438 0.201293 0.0 0.0 0.0 0.180811 0.213088 0.199534 0.183677 0.218547 0.203506
518750 0.187455 0.202655 0.184944 0.0 0.0 0.0 0.190902 0.202501 0.182665 0.183507 0.202982 0.187556
518750 0.187352 0.204239 0.188772 0.0 0.0 0.0 0.191496 0.205736 0.190081 0.183507 0.202982 0.187556
518750 0.188306 0.203964 0.193161 0.0 0.0 0.0 0.191496 0.205736 0.190081 0.18474 0.202125 0.196607
518750 0.189138 0.205482 0.197167 0.0 0.0 0.0 0.191994 0.207772 0.197531 0.18474 0.202125 0.196607
518750 0.185591 0.215201 0.190934 0.0 0.0 0.0 0.189539 0.214509 0.188493 0.182112 0.21594 0.193088
518750 0.186336 0.217349 0.200854 0.0 0.0 0.0 0.183677 0.218547 0.203506 0.189524 0.216059 0.197675
518750 0.194113 0.202587 0.204611 0.0 0.0 0.0 0.195283 0.20469 0.201952 0.192359 0.199599 0.208604
518750 0.19637 0.200222 0.218936 0.0 0.0 0.0 0.19564 0.202304 0.223138 0.196969 0.198649 0.215509
518750 0.189065 0.207179 0.186503 0.0 0.0 0.0 0.191496 0.205736 0.190081 0.187215 0.2084 0.183775
518750 0.195384 0.204476 0.192293 0.0 0.0 0.0 0.191496 0.205736 0.190081 0.200003 0.203127 0.19492
518750 0.196512 0.211079 0.189114 0.0 0.0 0.0 0.196724 0.211799 0.193193 0.196319 0.210537 0.185316
518750 0.189126 0.20875 0.195786 0.0 0.0 0.0 0.186228 0.209873 0.19402 0.191994 0.207772 0.197531
518750 0.194083 0.209485 0.195613 0.0 0.0 0.0 0.191994 0.207772 0.197531 0.196724 0.211799 0.193193
518750 0.195033 0.205942 0.196539 0.0 0.0 0.0 0.191994 0.207772 0.197531 0.200003 0.203127 0.19492
518750 0.19335 0.213004 0.190987 0.0 0.0 0.0 0.196724 0.211799 0.193193 0.189539 0.214509 0.188493
518750 0.19369 0.206183 0.199811 0.0 0.0 0.0 0.191994 0.207772 0.197531 0.195283 0.20469 0.201952
518750 0.194001 0.209555 0.199364 0.0 0.0 0.0 0.191994 0.207772 0.197531 0.196944 0.212333 0.202053
518750 0.197004 0.204053 0.199384 0.0 0.0 0.0 0.195283 0.20469 0.201952 0.200003 0.203127 0.19492
518750 0.195374 0.214371 0.183764 0.0 0.0 0.0 0.194184 0.219369 0.181801 0.196319 0.210537 0.185316
518750 0.190971 0.211132 0.19759 0.0 0.0 0.0 0.191994 0.207772 0.197531 0.189524 0.216059 0.197675
518750 0.193331 0.213739 0.195303 0.0 0.0 0.0 0.196724 0.211799 0.193193 0.189524 0.216059 0.197675
518750 0.18953 0.21522 0.193099 0.0 0.0 0.0 0.189539 0.214509 0.188493 0.189524 0.216059 0.197675
518750 0.193575 0.21733 0.189763 0.0 0.0 0.0 0.197723 0.22036 0.191065 0.189539 0.214509 0.188493
518750 0.200904 0.197529 0.197309 0.0 0.0 0.0 0.200003 0.203127 0.19492 0.201672 0.192889 0.199345
518750 0.198189 0.208115 0.18294 0.0 0.0 0.0 0.196319 0.210537 0.185316 0.200526 0.205245 0.179974
518750 0.198583 0.212217 0.18213 0.0 0.0 0.0 0.201228 0.214325 0.17841 0.196319 0.210537 0.185316
518750 0.200463 0.213192 0.195476 0.0 0.0 0.0 0.196724 0.211799 0.193193 0.20346 0.214427 0.197302
518750 0.205038 0.204422 0.193828 0.0 0.0 0.0 0.208201 0.205344 0.193144 0.200003 0.203127 0.19492
518750 0.200847 0.201799 0.20019 0.0 0.0 0.0 0.200003 0.203127 0.19492 0.201694 0.200606 0.205459
518750 0.194856 0.206191 0.21078 0.0 0.0 0.0 0.193163 0.206102 0.215093 0.196002 0.206365 0.207865
518750 0.19053 0.207178 0.211254 0.0 0.0 0.0 0.193163 0.206102 0.215093 0.186797 0.208866 0.205806
518750 0.193031 0.207104 0.2072 0.0 0.0 0.0 0.196002 0.206365 0.207865 0.186797 0.208866 0.205806
518750 0.196375 0.208663 0.20556 0.0 0.0 0.0 0.196002 0.206365 0.207865 0.196944 0.212333 0.202053
518750 0.192589 0.205948 0.203175 0.0 0.0 0.0 0.186797 0.208866 0.205806 0.195283 0.20469 0.201952
518750 0.192677 0.210808 0.20363 0.0 0.0 0.0 0.186797 0.208866 0.205806 0.196944 0.212333 0.202053
518750 0.196823 0.207731 0.218634 0.0 0.0 0.0 0.193163 0.206102 0.215093 0.199516 0.209048 0.221241
518750 0.18972 0.214814 0.206035 0.0 0.0 0.0 0.191842 0.219245 0.206201 0.186797 0.208866 0.205806
518750 0.195292 0.216094 0.208834 0.0 0.0 0.0 0.198879 0.212954 0.21157 0.191842 0.219245 0.206201
518750 0.194427 0.214154 0.213506 0.0 0.0 0.0 0.198879 0.212954 0.21157 0.189285 0.215684 0.215745
518750 0.200799 0.213506 0.199241 0.0 0.0 0.0 0.196944 0.212333 0.202053 0.20346 0.214427 0.197302
518750 0.198019 0.205029 0.215787 0.0 0.0 0.0 0.193163 0.206102 0.215093 0.202112 0.204251 0.216375
518750 0.20203 0.214633 0.208136 0.0 0.0 0.0 0.198879 0.212954 0.21157 0.205007 0.216345 0.204898
518750 0.19914 0.203289 0.219475 0.0 0.0 0.0 0.202112 0.204251 0.216375 0.19564 0.202304 0.223138
518750 0.201154 0.21716 0.189786 0.0 0.0 0.0 0.197723 0.22036 0.191065 0.205667 0.213113 0.188104
518750 0.202053 0.218308 0.201872 0.0 0.0 0.0 0.205007 0.216345 0.204898 0.199656 0.220025 0.19941
518750 0.195109 0.216328 0.218211 0.0 0.0 0.0 0.199766 0.216964 0.220184 0.189285 0.215684 0.215745
518750 0.205975 0.199339 0.185678 0.0 0.0 0.0 0.205304 0.201553 0.188331 0.207368 0.194968 0.180188
518750 0.201682 0.19637 0.202157 0.0 0.0 0.0 0.201694 0.200606 0.205459 0.201672 0.192889 0.199345
518750 0.213287 0.199583 0.199123 0.0 0.0 0.0 0.217814 0.200448 0.200316 0.208629 0.198832 0.197895
518750 0.209043 0.197776 0.205991 0.0 0.0 0.0 0.210094 0.201199 0.205228 0.207609 0.193253 0.207036
518750 0.206994 0.202274 0.212023 0.0 0.0 0.0 0.208115 0.208092 0.210128 0.206207 0.198277 0.213365
518750 0.208037 0.199406 0.216692 0.0 0.0 0.0 0.210618 0.201158 0.221374 0.206207 0.198277 0.213365
518750 0.202749 0.208581 0.183492 0.0 0.0 0.0 0.205667 0.213113 0.188104 0.200526 0.205245 0.179974
518750 0.207197 0.207563 0.184866 0.0 0.0 0.0 0.208024 0.204676 0.183119 0.205667 0.213113 0.188104
518750 0.211101 0.210517 0.184778 0.0 0.0 0.0 0.205667 0.213113 0.188104 0.215106 0.208722 0.182325
518750 0.207106 0.211091 0.182196 0.0 0.0 0.0 0.205667 0.213113 0.188104 0.207906 0.210078 0.178926
518750 0.20245 0.218096 0.18104 0.0 0.0 0.0 0.201228 0.214325 0.17841 0.203402 0.221151 0.183084
518750 0.211299 0.205131 0.19439 0.0 0.0 0.0 0.208201 0.205344 0.193144 0.21411 0.205067 0.195518
518750 0.20951 0.208021 0.194841 0.0 0.0 0.0 0.208201 0.205344 0.193144 0.211211 0.211651 0.197043
518750 0.206738 0.203364 0.190716 0.0 0.0 0.0 0.208201 0.205344 0.193144 0.205304 0.201553 0.188331
518750 0.208943 0.212182 0.193389 0.0 0.0 0.0 0.205667 0.213113 0.188104 0.211211 0.211651 0.197043
518750 0.206801 0.213163 0.197192 0.0 0.0 0.0 0.20346 0.214427 0.197302 0.211211 0.211651 0.197043
518750 0.208584 0.201278 0.18833 0.0 0.0 0.0 0.205304 0.201553 0.188331 0.213827 0.201017 0.188326
518750 0.212785 0.205225 0.198233 0.0 0.0 0.0 0.21411 0.205067 0.195518 0.21146 0.205384 0.200951
518750 0.211354 0.207894 0.199345 0.0 0.0 0.0 0.211211 0.211651 0.197043 0.21146 0.205384 0.200951
518750 0.214079 0.215088 0.191804 0.0 0.0 0.0 0.215286 0.211552 0.19013 0.212792 0.219013 0.193592
518750 0.210032 0.216663 0.191471 0.0 0.0 0.0 0.205667 0.213113 0.188104 0.212792 0.219013 0.193592
518750 0.204096 0.215152 0.200439 0.0 0.0 0.0 0.205007 0.216345 0.204898 0.20346 0.214427 0.197302
518750 0.217048 0.213033 0.193012 0.0 0.0 0.0 0.218928 0.214746 0.196073 0.215286 0.211552 0.19013
518750 0.215259 0.213208 0.196536 0.0 0.0 0.0 0.218928 0.214746 0.196073 0.211211 0.211651 0.197043
518750 0.214288 0.210748 0.200122 0.0 0.0 0.0 0.21814 0.209771 0.203971 0.211211 0.211651 0.197043
518750 0.208566 0.20657 0.201023 0.0 0.0 0.0 0.21146 0.205384 0.200951 0.204718 0.208309 0.20112
518750 0.206141 0.20815 0.2049 0.0 0.0 0.0 0.208115 0.208092 0.210128 0.204718 0.208309 0.20112
518750 0.204824 0.20419 0.207736 0.0 0.0 0.0 0.208115 0.208092 0.210128 0.201694 0.200606 0.205459
518750 0.207193 0.213473 0.212374 0.0 0.0 0.0 0.208115 0.208092 0.210128 0.20646 0.2179 0.214174
518750 0.204849 0.211964 0.20287 0.0 0.0 0.0 0.205007 0.216345 0.204898 0.204718 0.208309 0.20112
518750 0.211957 0.203143 0.21073 0.0 0.0 0.0 0.208115 0.208092 0.210128 0.216436 0.197529 0.211434
518750 0.213849 0.206889 0.202033 0.0 0.0 0.0 0.21814 0.209771 0.203971 0.21146 0.205384 0.200951
518750 0.213977 0.203357 0.200699 0.0 0.0 0.0 0.217814 0.200448 0.200316 0.21146 0.205384 0.200951
518750 0.213195 0.208875 0.207004 0.0 0.0 0.0 0.208115 0.208092 0.210128 0.21814 0.209771 0.203971
518750 0.213206 0.200827 0.203247 0.0 0.0 0.0 0.210094 0.201199 0.205228 0.217814 0.200448 0.200316
518750 0.212756 0.208403 0.213208 0.0 0.0 0.0 0.208115 0.208092 0.210128 0.21778 0.208882 0.216543
518750 0.215793 0.216658 0.210784 0.0 0.0 0.0 0.214238 0.214166 0.210068 0.217971 0.220297 0.211784
518750 0.204488 0.207159 0.218033 0.0 0.0 0.0 0.202112 0.204251 0.216375 0.2074 0.210864 0.220067
518750 0.20562 0.202906 0.218436 0.0 0.0 0.0 0.202112 0.204251 0.216375 0.210618 0.201158 0.221374
518750 0.205748 0.217074 0.209645 0.0 0.0 0.0 0.20646 0.2179 0.214174 0.205007 0.216345 0.204898
518750 0.209832 0.217249 0.203179 0.0 0.0 0.0 0.214149 0.218183 0.201641 0.205007 0.216345 0.204898
518750 0.21724 0.199169 0.204927 0.0 0.0 0.0 0.217814 0.200448 0.200316 0.216436 0.197529 0.211434
518750 0.21968 0.203345 0.197022 0.0 0.0 0.0 0.217814 0.200448 0.200316 0.221729 0.206662 0.19341
518750 0.218593 0.212589 0.19939 0.0 0.0 0.0 0.218928 0.214746 0.196073 0.21814 0.209771 0.203971
