# ts x y z Fx Fy Fz x1 y1 z1 x2 y2 z2
5418750 0.182156 0.18084 0.198318 -24.0509 23.7645 11.458 0.186025 0.177424 0.197391 0.177654 0.184815 0.199396
5418750 0.183402 0.196658 0.197038 -25.8704 13.8023 14.0255 0.187176 0.194565 0.195759 0.180635 0.198193 0.197976
5418750 0.198234 0.190029 0.183268 -4.77798 -14.9265 -8.75083 0.199603 0.19294 0.185585 0.197082 0.187578 0.181317
5418750 0.200196 0.179619 0.187484 4.13395 1.95878 12.7725 0.199437 0.178813 0.182577 0.200713 0.18017 0.190834
5418750 0.189991 0.178611 0.194168 5.88711 2.02341 -3.45265 0.186025 0.177424 0.197391 0.192629 0.179401 0.192024
5418750 0.194072 0.181992 0.190185 -3.36 -5.22615 2.67664 0.195733 0.184972 0.188068 0.192629 0.179401 0.192024
5418750 0.185876 0.182687 0.191027 1.2258 25.5351 25.6383 0.185675 0.179972 0.189044 0.186131 0.186135 0.193545
5418750 0.192967 0.187751 0.187203 -14.2466 10.4707 -4.90127 0.195733 0.184972 0.188068 0.189197 0.191539 0.186025
5418750 0.198085 0.186119 0.191113 6.18544 3.39246 11.4118 0.195733 0.184972 0.188068 0.20101 0.187545 0.1949
5418750 0.186675 0.178905 0.208601 11.8824 -16.0274 -19.6372 0.185278 0.181116 0.212096 0.187767 0.177177 0.205869
5418750 0.190189 0.179552 0.206238 -15.7742 -20.3654 -0.678783 0.193616 0.182914 0.206762 0.187767 0.177177 0.205869
5418750 0.188228 0.183561 0.214194 13.0989 7.89574 10.3594 0.185278 0.181116 0.212096 0.191824 0.186542 0.216753
5418750 0.197044 0.179939 0.216774 6.70437 5.38652 12.6567 0.195609 0.179278 0.2139 0.199179 0.180921 0.221051
5418750 0.197237 0.17978 0.207396 -9.34251 8.73174 -3.75861 0.20108 0.176453 0.208069 0.193616 0.182914 0.206762
5418750 0.197766 0.193958 0.188949 -6.65565 6.19433 12.2488 0.199603 0.19294 0.185585 0.195674 0.195116 0.192779
5418750 0.192463 0.197881 0.191222 -23.0548 18.754 -5.8987 0.195674 0.195116 0.192779 0.189476 0.200453 0.189773
5418750 0.198208 0.191521 0.193787 -26.1626 44.8849 -19.5951 0.20101 0.187545 0.1949 0.195674 0.195116 0.192779
5418750 0.202502 0.19477 0.18359 7.86036 6.43744 -4.55879 0.199603 0.19294 0.185585 0.20746 0.197901 0.180178
5418750 0.203134 0.192156 0.187214 4.72358 -1.78773 2.87407 0.199603 0.19294 0.185585 0.206853 0.191331 0.18893
5418750 0.189135 0.199608 0.209842 29.0264 32.1964 -16.255 0.186186 0.197061 0.210852 0.192494 0.202509 0.208691
5418750 0.1997 0.192511 0.216436 -1.35712 -2.10676 3.33394 0.200763 0.194509 0.212216 0.198918 0.191041 0.219541
5418750 0.209449 0.180113 0.188063 -12.0072 30.2035 28.6811 0.211411 0.176624 0.185299 0.207752 0.183132 0.190455
5418750 0.200834 0.183175 0.192491 1.34328 -10.7429 -7.03448 0.20101 0.187545 0.1949 0.200713 0.18017 0.190834
5418750 0.210304 0.185924 0.192304 8.2867 12.9091 6.79455 0.207752 0.183132 0.190455 0.212783 0.188635 0.1941
5418750 0.202193 0.184825 0.198916 7.68297 -12.5939 15.2738 0.20101 0.187545 0.1949 0.203103 0.182735 0.202002
5418750 0.204391 0.188621 0.198411 23.5678 6.85185 17.616 0.20101 0.187545 0.1949 0.207148 0.1895 0.201274
5418750 0.211262 0.19243 0.194075 3.85113 -16.9164 0.453193 0.210119 0.195282 0.194055 0.212783 0.188635 0.1941
5418750 0.214342 0.191186 0.191309 -4.20111 -4.44522 5.33051 0.216194 0.194218 0.187991 0.212783 0.188635 0.1941
5418750 0.202237 0.180046 0.204599 2.9636 5.70661 -7.3326 0.20108 0.176453 0.208069 0.203103 0.182735 0.202002
5418750 0.205977 0.182479 0.204531 -9.4721 -0.0505058 -11.0937 0.209039 0.182205 0.207226 0.203103 0.182735 0.202002
5418750 0.20677 0.189223 0.205318 -0.720942 -0.0181612 -14.5253 0.206464 0.188998 0.208598 0.207148 0.1895 0.201274
5418750 0.20812 0.187444 0.210995 5.56235 -8.08054 9.39876 0.206464 0.188998 0.208598 0.209629 0.18603 0.213177
5418750 0.204131 0.187374 0.210278 -18.2171 -12.3431 8.67307 0.206464 0.188998 0.208598 0.200847 0.185088 0.212642
5418750 0.209179 0.180224 0.2108 -2.20813 15.0655 -19.5979 0.209407 0.176993 0.216628 0.209039 0.182205 0.207226
5418750 0.21075 0.191395 0.201377 -22.7304 -11.3708 -4.69374 0.215512 0.1939 0.201513 0.207148 0.1895 0.201274
5418750 0.207079 0.192156 0.207857 1.92919 19.5306 -7.32107 0.206464 0.188998 0.208598 0.207873 0.196226 0.206901
5418750 0.216861 0.179575 0.208844 1.0514 1.24795 4.18766 0.216067 0.179135 0.2054 0.217578 0.179971 0.211948
5418750 0.208735 0.193607 0.191883 -11.0208 -9.93628 -11.7582 0.210119 0.195282 0.194055 0.206853 0.191331 0.18893
5418750 0.21264 0.197019 0.194322 8.48799 8.10578 1.13839 0.210119 0.195282 0.194055 0.215176 0.198766 0.194591
5418750 0.209622 0.197891 0.195599 -8.19868 21.0242 13.4114 0.210119 0.195282 0.194055 0.208857 0.201911 0.197976
5418750 0.21809 0.197751 0.194769 -16.8913 3.03032 -1.32053 0.221969 0.196399 0.195006 0.215176 0.198766 0.194591
5418750 0.211246 0.195199 0.204522 -52.2318 12.1439 25.641 0.215512 0.1939 0.201513 0.207873 0.196226 0.206901
5418750 0.21739 0.190054 0.204772 -19.493 56.8616 -35.2282 0.219072 0.186611 0.207691 0.215512 0.1939 0.201513
5418750 0.207075 0.195202 0.21858 39.5421 -28.5735 -10.1605 0.203904 0.197299 0.220006 0.210791 0.192745 0.216908
5418750 0.205235 0.199184 0.216661 4.75398 4.87583 -7.61935 0.203904 0.197299 0.220006 0.206526 0.201011 0.213417
5418750 0.203827 0.185784 0.21614 10.2515 2.62698 16.8579 0.200847 0.185088 0.212642 0.20604 0.1863 0.218737
5418750 0.194565 0.194332 0.206866 8.48183 7.26423 -7.23445 0.191934 0.191586 0.208664 0.196691 0.196552 0.205414
5418750 0.188998 0.194383 0.209782 -10.2099 8.97488 6.12285 0.191934 0.191586 0.208664 0.186186 0.197061 0.210852
5418750 0.20893 0.189191 0.186003 -1.10512 0.810503 1.10439 0.211617 0.186423 0.182216 0.206853 0.191331 0.18893
5418750 0.191885 0.18936 0.212233 -1.60637 -6.09856 8.39105 0.191934 0.191586 0.208664 0.191824 0.186542 0.216753
5418750 0.199214 0.183181 0.196527 -4.79989 -20.1043 5.8788 0.20101 0.187545 0.1949 0.198051 0.180357 0.197581
5418750 0.195662 0.183609 0.218995 -13.3642 7.02241 -6.33982 0.199179 0.180921 0.221051 0.191824 0.186542 0.216753
5418750 0.211302 0.183433 0.204051 -12.6765 -5.11847 12.7545 0.213476 0.184612 0.201 0.209039 0.182205 0.207226
5418750 0.219171 0.195316 0.197825 -5.80903 -2.63757 8.17899 0.221969 0.196399 0.195006 0.215512 0.1939 0.201513
5418750 0.205389 0.195001 0.19029 0.584574 -2.69296 -0.884645 0.204022 0.198428 0.191561 0.206853 0.191331 0.18893
5418750 0.215172 0.18926 0.208694 -8.73462 7.6015 3.81923 0.219072 0.186611 0.207691 0.212591 0.191013 0.209357
5418750 0.210369 0.187012 0.201134 -8.25265 5.5872 -1.11736 0.213476 0.184612 0.201 0.207148 0.1895 0.201274
5418750 0.217344 0.182311 0.206373 -13.8268 -33.7581 -4.34218 0.219072 0.186611 0.207691 0.216067 0.179135 0.2054
5418750 0.211069 0.201365 0.184757 25.3184 19.9313 22.679 0.20746 0.197901 0.180178 0.213855 0.20404 0.188293
5418750 0.203013 0.197311 0.195161 -1.39992 -0.770317 3.12759 0.204022 0.198428 0.191561 0.201842 0.196014 0.199339
5418750 0.20475 0.201853 0.189838 0.807197 2.74279 -0.933015 0.204022 0.198428 0.191561 0.205362 0.204732 0.188389
5418750 0.203875 0.1815 0.190664 -9.53332 -4.07798 -1.13319 0.207752 0.183132 0.190455 0.200713 0.18017 0.190834
5418750 0.211509 0.181267 0.183838 0.259612 1.97973 -0.377297 0.211411 0.176624 0.185299 0.211617 0.186423 0.182216
5418750 0.213137 0.186583 0.19762 -2.99933 5.80284 -10.6343 0.213476 0.184612 0.201 0.212783 0.188635 0.1941
5418750 0.194973 0.181037 0.181926 -15.2581 9.04235 -4.93996 0.199437 0.178813 0.182577 0.191325 0.182854 0.181394
5418750 0.196785 0.186403 0.205708 -11.4657 -11.9208 1.05487 0.199584 0.189484 0.204779 0.193616 0.182914 0.206762
5418750 0.203453 0.189492 0.202986 8.63169 0.00914091 -5.81103 0.199584 0.189484 0.204779 0.207148 0.1895 0.201274
5418750 0.200139 0.191851 0.208283 -1.56763 -3.39136 -7.04709 0.200763 0.194509 0.212216 0.199584 0.189484 0.204779
5418750 0.204667 0.185151 0.192489 -17.4308 8.74831 7.87251 0.207752 0.183132 0.190455 0.20101 0.187545 0.1949
5418750 0.216968 0.185138 0.19928 -18.1933 -2.50823 12.8767 0.222666 0.185997 0.196474 0.213476 0.184612 0.201
5418750 0.212386 0.18593 0.214372 5.40344 0.743288 2.39657 0.209629 0.18603 0.213177 0.216077 0.185796 0.215971
5418750 0.202462 0.196018 0.21643 5.52467 6.53581 11.6409 0.200763 0.194509 0.212216 0.203904 0.197299 0.220006
5418750 0.219225 0.180594 0.19625 -17.7424 -31.0855 2.0805 0.222666 0.185997 0.196474 0.215608 0.174913 0.196014
5418750 0.216633 0.187607 0.195025 -12.197 3.4979 -0.89533 0.222666 0.185997 0.196474 0.212783 0.188635 0.1941
5418750 0.200958 0.180981 0.210467 0.456994 -29.4251 -10.0331 0.200847 0.185088 0.212642 0.20108 0.176453 0.208069
5418750 0.215299 0.196991 0.197116 -10.3384 28.862 -47.4754 0.215512 0.1939 0.201513 0.215176 0.198766 0.194591
5418750 0.194502 0.185461 0.181351 21.0983 14.7263 3.31378 0.191325 0.182854 0.181394 0.197082 0.187578 0.181317
5418750 0.214835 0.181739 0.203308 2.83969 -9.83762 9.082 0.213476 0.184612 0.201 0.216067 0.179135 0.2054
5418750 0.200679 0.192651 0.20214 0.577768 3.09634 -3.11777 0.199584 0.189484 0.204779 0.201842 0.196014 0.199339
5418750 0.201537 0.183238 0.183729 2.69065 3.91022 0.971132 0.199437 0.178813 0.182577 0.203003 0.186328 0.184534
5418750 0.196983 0.199523 0.218326 2.90547 8.12691 -15.2022 0.196422 0.197428 0.221073 0.197584 0.201768 0.215382
5418750 0.198981 0.198579 0.213991 -19.6522 43.5583 10.7763 0.200763 0.194509 0.212216 0.197584 0.201768 0.215382
5418750 0.206781 0.178921 0.198201 -3.57804 -8.94496 1.41527 0.208268 0.181509 0.197524 0.204696 0.175294 0.19915
5418750 0.204762 0.188614 0.186542 2.18539 3.73774 3.89176 0.203003 0.186328 0.184534 0.206853 0.191331 0.18893
5418750 0.208051 0.182192 0.194549 -0.519694 -1.2236 9.47641 0.207752 0.183132 0.190455 0.208268 0.181509 0.197524
5418750 0.210549 0.182868 0.199046 7.43124 2.77168 4.32806 0.208268 0.181509 0.197524 0.213476 0.184612 0.201
5418750 0.183586 0.195468 0.208221 14.7417 5.39855 15.3293 0.180517 0.193587 0.205115 0.186186 0.197061 0.210852
5418750 0.188366 0.197612 0.192661 3.83868 11.0948 -8.07452 0.187176 0.194565 0.195759 0.189476 0.200453 0.189773
5418750 0.213305 0.196023 0.214542 10.2021 18.3537 -14.9797 0.210791 0.192745 0.216908 0.216733 0.200493 0.211317
5418750 0.18664 0.190243 0.194623 -5.98843 -52.4739 -5.11627 0.187176 0.194565 0.195759 0.186131 0.186135 0.193545
5418750 0.182311 0.200967 0.197353 14.8874 27.05 -11.0588 0.180635 0.198193 0.197976 0.184856 0.205178 0.196406
5418750 0.185914 0.19939 0.187816 9.07474 3.36016 7.1062 0.182577 0.198394 0.185984 0.189476 0.200453 0.189773
5418750 0.203855 0.179222 0.200655 -4.81753 12.3676 5.83199 0.204696 0.175294 0.19915 0.203103 0.182735 0.202002
5418750 0.189968 0.197565 0.197623 23.635 24.5475 22.5645 0.187176 0.194565 0.195759 0.192891 0.200705 0.199574
5418750 0.207085 0.193835 0.185594 -3.83848 -13.9237 15.2993 0.20746 0.197901 0.180178 0.206853 0.191331 0.18893
5418750 0.20956 0.183221 0.21425 1.41017 -10.5502 4.86697 0.209629 0.18603 0.213177 0.209407 0.176993 0.216628
5418750 0.204191 0.189606 0.19165 4.98735 2.23708 -5.89264 0.20101 0.187545 0.1949 0.206853 0.191331 0.18893
5418750 0.215068 0.198946 0.188136 -0.158415 2.09587 0.0874987 0.216194 0.194218 0.187991 0.213855 0.20404 0.188293
5418750 0.191104 0.179166 0.183195 0.682156 10.3629 -7.29301 0.190845 0.174841 0.185308 0.191325 0.182854 0.181394
5418750 0.204527 0.195418 0.209403 18.6173 4.44604 -19.2019 0.200763 0.194509 0.212216 0.207873 0.196226 0.206901
5418750 0.197974 0.193416 0.205132 -5.79797 15.5888 -1.20517 0.199584 0.189484 0.204779 0.196691 0.196552 0.205414
5418750 0.210079 0.188629 0.214621 1.74319 5.37205 3.89324 0.209629 0.18603 0.213177 0.210791 0.192745 0.216908
5418750 0.192717 0.187549 0.207778 2.06578 -14.7001 -0.920857 0.191934 0.191586 0.208664 0.193616 0.182914 0.206762
5418750 0.200033 0.183055 0.216744 0.775873 1.88887 -5.9296 0.199179 0.180921 0.221051 0.200847 0.185088 0.212642
5418750 0.189355 0.196582 0.188145 -0.207435 17.4066 10.716 0.189197 0.191539 0.186025 0.189476 0.200453 0.189773
5418750 0.201436 0.185931 0.203317 5.59115 -8.69461 -5.44949 0.199584 0.189484 0.204779 0.203103 0.182735 0.202002
5418750 0.207614 0.185963 0.207985 0.963894 -4.14697 -1.21071 0.206464 0.188998 0.208598 0.209039 0.182205 0.207226
5418750 0.200806 0.18973 0.212432 0.0907358 -47.3835 -5.39237 0.200763 0.194509 0.212216 0.200847 0.185088 0.212642
5418750 0.207301 0.187248 0.189689 -4.53508 17.268 -4.5371 0.207752 0.183132 0.190455 0.206853 0.191331 0.18893
5418750 0.218778 0.190292 0.199213 -22.3717 30.7869 24.3688 0.222666 0.185997 0.196474 0.215512 0.1939 0.201513
5418750 0.197377 0.182238 0.185631 4.04498 -11.3506 -9.7008 0.195733 0.184972 0.188068 0.199437 0.178813 0.182577
5418750 0.197775 0.181681 0.21338 25.4732 33.0724 -12.8738 0.195609 0.179278 0.2139 0.200847 0.185088 0.212642
5418750 0.198417 0.182384 0.189559 1.25045 -1.34237 0.429856 0.195733 0.184972 0.188068 0.200713 0.18017 0.190834
5418750 0.186084 0.182221 0.195273 -1.20738 -27.8663 7.41424 0.186131 0.186135 0.193545 0.186025 0.177424 0.197391
5418750 0.196094 0.18925 0.218431 3.45272 1.80576 0.724514 0.191824 0.186542 0.216753 0.198918 0.191041 0.219541
5418750 0.208036 0.189009 0.217969 9.55209 9.55448 -2.25144 0.20604 0.1863 0.218737 0.210791 0.192745 0.216908
5418750 0.211869 0.191708 0.212387 -1.5624 0.396264 6.28012 0.212591 0.191013 0.209357 0.210791 0.192745 0.216908
5418750 0.202379 0.201636 0.193059 -0.196221 0.569787 0.191448 0.204022 0.198428 0.191561 0.200138 0.206008 0.1951
5418750 0.21057 0.193246 0.208305 -5.9039 5.07966 -3.71542 0.212591 0.191013 0.209357 0.207873 0.196226 0.206901
5418750 0.207188 0.183126 0.218018 7.54351 -13.5658 -3.744 0.20604 0.1863 0.218737 0.209407 0.176993 0.216628
5418750 0.182636 0.185591 0.195957 -6.79777 -0.573953 3.31191 0.186131 0.186135 0.193545 0.177654 0.184815 0.199396
5418750 0.199967 0.186969 0.182884 -2.39769 0.230495 -0.925976 0.203003 0.186328 0.184534 0.197082 0.187578 0.181317
5418750 0.187477 0.188507 0.190245 1.56594 4.4505 -7.34466 0.186131 0.186135 0.193545 0.189197 0.191539 0.186025
5418750 0.198382 0.195703 0.208239 -4.73654 2.45227 -11.5821 0.200763 0.194509 0.212216 0.196691 0.196552 0.205414
5418750 0.183281 0.193568 0.193726 -3.43692 -1.23525 -1.27283 0.187176 0.194565 0.195759 0.179124 0.192504 0.191556
5418750 0.209379 0.184409 0.210655 0.146811 -1.22423 -2.25601 0.209629 0.18603 0.213177 0.209039 0.182205 0.207226
5418750 0.206397 0.186365 0.183621 -1.37416 0.165698 0.236121 0.211617 0.186423 0.182216 0.203003 0.186328 0.184534
5418750 0.20958 0.190023 0.208984 3.5301 1.38551 -0.118174 0.206464 0.188998 0.208598 0.212591 0.191013 0.209357
5418750 0.185023 0.194866 0.204284 3.67399 0.583096 -1.08426 0.180517 0.193587 0.205115 0.188143 0.195753 0.203709
5418750 0.189808 0.193923 0.205885 -1.64482 1.19023 -1.96565 0.191934 0.191586 0.208664 0.188143 0.195753 0.203709
5418750 0.189743 0.189905 0.205488 -0.0694058 -0.0862711 -0.123422 0.191934 0.191586 0.208664 0.187391 0.188101 0.20208
5418750 0.182468 0.185055 0.191257 0.0 0.0 0.0 0.186131 0.186135 0.193545 0.178518 0.183505 0.18879
5418750 0.182787 0.179067 0.208248 0.0 0.0 0.0 0.180607 0.176986 0.20491 0.185278 0.181116 0.212096
5418750 0.180585 0.196491 0.200901 0.0 0.0 0.0 0.180517 0.193587 0.205115 0.180635 0.198193 0.197976
5418750 0.182831 0.189325 0.192605 0.0 0.0 0.0 0.186131 0.186135 0.193545 0.179124 0.192504 0.191556
5418750 0.183834 0.192242 0.188965 0.0 0.0 0.0 0.189197 0.191539 0.186025 0.179124 0.192504 0.191556
5418750 0.183251 0.186704 0.200939 0.218152 0.0744778 0.0224003 0.177654 0.184815 0.199396 0.187391 0.188101 0.20208
5418750 0.182856 0.191279 0.208472 0.0 0.0 0.0 0.180517 0.193587 0.205115 0.184713 0.189191 0.211139
5418750 0.184975 0.185446 0.211583 -0.00832507 0.0380853 -0.00730561 0.185278 0.181116 0.212096 0.184713 0.189191 0.211139
5418750 0.185931 0.188879 0.207008 0.0 0.0 0.0 0.187391 0.188101 0.20208 0.184713 0.189191 0.211139
5418750 0.188131 0.190463 0.209969 0.0 0.0 0.0 0.191934 0.191586 0.208664 0.184713 0.189191 0.211139
5418750 0.185424 0.193186 0.210994 0.0 0.0 0.0 0.186186 0.197061 0.210852 0.184713 0.189191 0.211139
5418750 0.184044 0.190957 0.20356 0.0 0.0 0.0 0.180517 0.193587 0.205115 0.187391 0.188101 0.20208
5418750 0.187662 0.188276 0.213464 0.0 0.0 0.0 0.191824 0.186542 0.216753 0.184713 0.189191 0.211139
5418750 0.19802 0.184262 0.181819 0.0 0.0 0.0 0.199437 0.178813 0.182577 0.197082 0.187578 0.181317
5418750 0.193554 0.184108 0.184768 0.0 0.0 0.0 0.195733 0.184972 0.188068 0.191325 0.182854 0.181394
5418750 0.190411 0.186762 0.183377 0.0 0.0 0.0 0.189197 0.191539 0.186025 0.191325 0.182854 0.181394
5418750 0.185812 0.179162 0.192309 0.0 0.0 0.0 0.185675 0.179972 0.189044 0.186025 0.177424 0.197391
5418750 0.189868 0.18091 0.198183 0.00569016 0.00479122 0.00235013 0.186025 0.177424 0.197391 0.192256 0.183076 0.198675
5418750 0.189093 0.179877 0.190508 0.0 0.0 0.0 0.185675 0.179972 0.189044 0.192629 0.179401 0.192024
5418750 0.195445 0.18008 0.194907 0.0 0.0 0.0 0.192629 0.179401 0.192024 0.198051 0.180357 0.197581
5418750 0.192439 0.181485 0.195466 0.0 0.0 0.0 0.192629 0.179401 0.192024 0.192256 0.183076 0.198675
5418750 0.195167 0.18171 0.198125 0.0024628 -0.000975842 -6.07667e-05 0.192256 0.183076 0.198675 0.198051 0.180357 0.197581
5418750 0.192805 0.183196 0.201937 0.0 0.0 0.0 0.192256 0.183076 0.198675 0.193616 0.182914 0.206762
5418750 0.192614 0.185804 0.196922 -0.00172063 -0.00706212 0.00611904 0.192956 0.188402 0.195254 0.192256 0.183076 0.198675
5418750 0.189609 0.184584 0.19646 0.0 0.0 0.0 0.186131 0.186135 0.193545 0.192256 0.183076 0.198675
5418750 0.190216 0.185183 0.200103 -0.0642973 0.0942404 0.050582 0.192256 0.183076 0.198675 0.187391 0.188101 0.20208
5418750 0.196705 0.179972 0.191424 0.0 0.0 0.0 0.192629 0.179401 0.192024 0.200713 0.18017 0.190834
5418750 0.199342 0.180448 0.194305 0.0 0.0 0.0 0.200713 0.18017 0.190834 0.198051 0.180357 0.197581
5418750 0.200359 0.181627 0.199598 0.0 0.0 0.0 0.203103 0.182735 0.202002 0.198051 0.180357 0.197581
5418750 0.194103 0.178688 0.203827 0.0 0.0 0.0 0.19456 0.174359 0.201071 0.193616 0.182914 0.206762
5418750 0.189238 0.182155 0.209561 0.0 0.0 0.0 0.185278 0.181116 0.212096 0.193616 0.182914 0.206762
5418750 0.194798 0.180937 0.211014 0.0 0.0 0.0 0.195609 0.179278 0.2139 0.193616 0.182914 0.206762
5418750 0.190398 0.18578 0.204343 0.0 0.0 0.0 0.193616 0.182914 0.206762 0.187391 0.188101 0.20208
5418750 0.194161 0.182235 0.21499 0.0 0.0 0.0 0.195609 0.179278 0.2139 0.191824 0.186542 0.216753
5418750 0.192764 0.184823 0.211514 0.0 0.0 0.0 0.191824 0.186542 0.216753 0.193616 0.182914 0.206762
5418750 0.197299 0.184207 0.209758 0.0 0.0 0.0 0.200847 0.185088 0.212642 0.193616 0.182914 0.206762
5418750 0.203503 0.179444 0.219182 0.0 0.0 0.0 0.199179 0.180921 0.221051 0.209407 0.176993 0.216628
5418750 0.203199 0.184255 0.219696 0.0 0.0 0.0 0.199179 0.180921 0.221051 0.20604 0.1863 0.218737
5418750 0.196469 0.186576 0.184381 0.0 0.0 0.0 0.195733 0.184972 0.188068 0.197082 0.187578 0.181317
5418750 0.194094 0.18926 0.1831 0.0 0.0 0.0 0.189197 0.191539 0.186025 0.197082 0.187578 0.181317
5418750 0.198325 0.193463 0.181533 0.0 0.0 0.0 0.199603 0.19294 0.185585 0.19715 0.193652 0.177893
5418750 0.194169 0.187086 0.192116 0.0 0.0 0.0 0.192956 0.188402 0.195254 0.195733 0.184972 0.188068
5418750 0.19768 0.189164 0.186816 0.0 0.0 0.0 0.195733 0.184972 0.188068 0.199603 0.19294 0.185585
5418750 0.190082 0.187468 0.194542 0.0 0.0 0.0 0.192956 0.188402 0.195254 0.186131 0.186135 0.193545
5418750 0.190599 0.191097 0.195457 0.0 0.0 0.0 0.192956 0.188402 0.195254 0.187176 0.194565 0.195759
5418750 0.194064 0.191302 0.194247 0.0 0.0 0.0 0.192956 0.188402 0.195254 0.195674 0.195116 0.192779
5418750 0.195231 0.192535 0.185767 0.0 0.0 0.0 0.199603 0.19294 0.185585 0.189197 0.191539 0.186025
5418750 0.188088 0.193383 0.191364 0.0 0.0 0.0 0.187176 0.194565 0.195759 0.189197 0.191539 0.186025
5418750 0.192748 0.193683 0.189724 0.0 0.0 0.0 0.189197 0.191539 0.186025 0.195674 0.195116 0.192779
5418750 0.19142 0.19484 0.194271 6.93933 0.547452 -1.25569 0.187176 0.194565 0.195759 0.195674 0.195116 0.192779
5418750 0.190691 0.188459 0.198033 0.0 0.0 0.0 0.192956 0.188402 0.195254 0.187391 0.188101 0.20208
5418750 0.193422 0.190415 0.19771 0.0 0.0 0.0 0.192956 0.188402 0.195254 0.193932 0.192331 0.200418
5418750 0.186745 0.187277 0.197701 0.0 0.0 0.0 0.186131 0.186135 0.193545 0.187391 0.188101 0.20208
5418750 0.187281 0.191486 0.198913 0.0 0.0 0.0 0.187176 0.194565 0.195759 0.187391 0.188101 0.20208
5418750 0.191025 0.193423 0.198407 0.0 0.0 0.0 0.187176 0.194565 0.195759 0.193932 0.192331 0.200418
5418750 0.187735 0.195435 0.200352 0.0 0.0 0.0 0.187176 0.194565 0.195759 0.188143 0.195753 0.203709
5418750 0.194679 0.193659 0.19713 0.0 0.0 0.0 0.195674 0.195116 0.192779 0.193932 0.192331 0.200418
5418750 0.186077 0.199773 0.196066 0.0 0.0 0.0 0.187176 0.194565 0.195759 0.184856 0.205178 0.196406
5418750 0.19961 0.185877 0.186182 0.0 0.0 0.0 0.195733 0.184972 0.188068 0.203003 0.186328 0.184534
5418750 0.201311 0.191127 0.181661 0.0 0.0 0.0 0.199603 0.19294 0.185585 0.202663 0.189364 0.178545
5418750 0.201406 0.189616 0.185026 0.0 0.0 0.0 0.199603 0.19294 0.185585 0.203003 0.186328 0.184534
5418750 0.196047 0.188252 0.195113 0.0 0.0 0.0 0.192956 0.188402 0.195254 0.20101 0.187545 0.1949
5418750 0.20183 0.19589 0.188595 0.0 0.0 0.0 0.204022 0.198428 0.191561 0.199603 0.19294 0.185585
5418750 0.198757 0.195748 0.196054 0.0 0.0 0.0 0.195674 0.195116 0.192779 0.201842 0.196014 0.199339
5418750 0.200153 0.197077 0.192124 0.0 0.0 0.0 0.204022 0.198428 0.191561 0.195674 0.195116 0.192779
5418750 0.191122 0.190647 0.201125 0.0 0.0 0.0 0.187391 0.188101 0.20208 0.193932 0.192331 0.200418
5418750 0.187827 0.192709 0.203024 0.0 0.0 0.0 0.187391 0.188101 0.20208 0.188143 0.195753 0.203709
5418750 0.196435 0.191202 0.202344 0.0 0.0 0.0 0.199584 0.189484 0.204779 0.193932 0.192331 0.200418
5418750 0.195734 0.190727 0.206737 0.0 0.0 0.0 0.191934 0.191586 0.208664 0.199584 0.189484 0.204779
5418750 0.190993 0.194206 0.202082 0.0 0.0 0.0 0.188143 0.195753 0.203709 0.193932 0.192331 0.200418
5418750 0.193038 0.192132 0.204094 0.0 0.0 0.0 0.191934 0.191586 0.208664 0.193932 0.192331 0.200418
5418750 0.195309 0.194578 0.202908 0.0 0.0 0.0 0.196691 0.196552 0.205414 0.193932 0.192331 0.200418
5418750 0.187264 0.196525 0.206922 0.0 0.0 0.0 0.186186 0.197061 0.210852 0.188143 0.195753 0.203709
5418750 0.19234 0.193623 0.212325 0.00121908 0.00392826 0.0108156 0.191934 0.191586 0.208664 0.192684 0.19535 0.215431
5418750 0.189625 0.196315 0.213295 0.0 0.0 0.0 0.186186 0.197061 0.210852 0.192684 0.19535 0.215431
5418750 0.192331 0.191973 0.215981 0.0 0.0 0.0 0.191824 0.186542 0.216753 0.192684 0.19535 0.215431
5418750 0.19457 0.196528 0.218285 0.0 0.0 0.0 0.196422 0.197428 0.221073 0.192684 0.19535 0.215431
5418750 0.195815 0.193344 0.217516 0.0 0.0 0.0 0.192684 0.19535 0.215431 0.198918 0.191041 0.219541
5418750 0.195066 0.198642 0.215423 0.0 0.0 0.0 0.192684 0.19535 0.215431 0.197584 0.201768 0.215382
5418750 0.186223 0.199498 0.214364 0.0 0.0 0.0 0.186186 0.197061 0.210852 0.186273 0.202583 0.219465
5418750 0.190246 0.198249 0.216979 0.0 0.0 0.0 0.192684 0.19535 0.215431 0.186273 0.202583 0.219465
5418750 0.200241 0.188774 0.200228 0.0 0.0 0.0 0.20101 0.187545 0.1949 0.199584 0.189484 0.204779
5418750 0.197321 0.19404 0.199947 0.0 0.0 0.0 0.201842 0.196014 0.199339 0.193932 0.192331 0.200418
5418750 0.198901 0.196504 0.202809 0.0 0.0 0.0 0.201842 0.196014 0.199339 0.196691 0.196552 0.205414
5418750 0.203461 0.189394 0.206932 0.0 0.0 0.0 0.206464 0.188998 0.208598 0.199584 0.189484 0.204779
5418750 0.200187 0.187566 0.208543 0.0 0.0 0.0 0.200847 0.185088 0.212642 0.199584 0.189484 0.204779
5418750 0.196064 0.193138 0.210328 0.0 0.0 0.0 0.191934 0.191586 0.208664 0.200763 0.194509 0.212216
5418750 0.196127 0.19515 0.214077 0.0 0.0 0.0 0.200763 0.194509 0.212216 0.192684 0.19535 0.215431
5418750 0.196641 0.18595 0.21456 0.0 0.0 0.0 0.200847 0.185088 0.212642 0.191824 0.186542 0.216753
5418750 0.199748 0.18866 0.216569 0.0 0.0 0.0 0.200847 0.185088 0.212642 0.198918 0.191041 0.219541
5418750 0.201234 0.194132 0.219758 0.0 0.0 0.0 0.203904 0.197299 0.220006 0.198918 0.191041 0.219541
5418750 0.200619 0.199809 0.217602 0.0 0.0 0.0 0.203904 0.197299 0.220006 0.197584 0.201768 0.215382
5418750 0.206289 0.178649 0.190726 0.0 0.0 0.0 0.207752 0.183132 0.190455 0.204914 0.174067 0.190978
5418750 0.205977 0.182229 0.199506 0.0 0.0 0.0 0.208268 0.181509 0.197524 0.203103 0.182735 0.202002
5418750 0.209445 0.184758 0.186842 0.0 0.0 0.0 0.207752 0.183132 0.190455 0.211617 0.186423 0.182216
5418750 0.205163 0.185057 0.187224 0.0 0.0 0.0 0.207752 0.183132 0.190455 0.203003 0.186328 0.184534
5418750 0.21466 0.179931 0.187138 0.0 0.0 0.0 0.211411 0.176624 0.185299 0.217179 0.182223 0.188569
5418750 0.210561 0.179623 0.197047 0.0 0.0 0.0 0.208268 0.181509 0.197524 0.215608 0.174913 0.196014
5418750 0.205507 0.179838 0.207601 0.0 0.0 0.0 0.20108 0.176453 0.208069 0.209039 0.182205 0.207226
5418750 0.205064 0.1862 0.201649 0.0 0.0 0.0 0.207148 0.1895 0.201274 0.203103 0.182735 0.202002
5418750 0.214331 0.18871 0.201212 0.0 0.0 0.0 0.213476 0.184612 0.201 0.215512 0.1939 0.201513
5418750 0.208091 0.186043 0.204243 0.0 0.0 0.0 0.209039 0.182205 0.207226 0.207148 0.1895 0.201274
5418750 0.205204 0.183739 0.209761 0.0 0.0 0.0 0.200847 0.185088 0.212642 0.209039 0.182205 0.207226
5418750 0.214258 0.18122 0.199161 0.0 0.0 0.0 0.213476 0.184612 0.201 0.215608 0.174913 0.196014
5418750 0.212794 0.180748 0.20625 0.0 0.0 0.0 0.209039 0.182205 0.207226 0.216067 0.179135 0.2054
5418750 0.215986 0.18569 0.203999 0.0 0.0 0.0 0.219072 0.186611 0.207691 0.213476 0.184612 0.201
5418750 0.204363 0.181948 0.214281 0.0 0.0 0.0 0.200847 0.185088 0.212642 0.209407 0.176993 0.216628
5418750 0.202825 0.188111 0.181378 0.0 0.0 0.0 0.203003 0.186328 0.184534 0.202663 0.189364 0.178545
5418750 0.205277 0.198419 0.187402 0.0 0.0 0.0 0.204022 0.198428 0.191561 0.20746 0.197901 0.180178
5418750 0.212549 0.195938 0.184727 0.0 0.0 0.0 0.216194 0.194218 0.187991 0.20746 0.197901 0.180178
5418750 0.209848 0.190153 0.19154 0.0 0.0 0.0 0.212783 0.188635 0.1941 0.206853 0.191331 0.18893
5418750 0.201448 0.192168 0.197226 0.0 0.0 0.0 0.20101 0.187545 0.1949 0.201842 0.196014 0.199339
5418750 0.20743 0.196852 0.192954 0.0 0.0 0.0 0.210119 0.195282 0.194055 0.204022 0.198428 0.191561
5418750 0.209958 0.189251 0.197694 0.0 0.0 0.0 0.212783 0.188635 0.1941 0.207148 0.1895 0.201274
5418750 0.213959 0.191093 0.197299 0.0 0.0 0.0 0.212783 0.188635 0.1941 0.215512 0.1939 0.201513
5418750 0.204636 0.192766 0.200357 0.0 0.0 0.0 0.201842 0.196014 0.199339 0.207148 0.1895 0.201274
5418750 0.204952 0.196306 0.203238 0.0 0.0 0.0 0.201842 0.196014 0.199339 0.207873 0.196226 0.206901
5418750 0.212076 0.194964 0.196764 0.0 0.0 0.0 0.210119 0.195282 0.194055 0.215512 0.1939 0.201513
5418750 0.206205 0.200185 0.194457 0.0 0.0 0.0 0.204022 0.198428 0.191561 0.208857 0.201911 0.197976
5418750 0.21117 0.192849 0.188494 0.0 0.0 0.0 0.216194 0.194218 0.187991 0.206853 0.191331 0.18893
5418750 0.21247 0.195053 0.191704 0.0 0.0 0.0 0.210119 0.195282 0.194055 0.216194 0.194218 0.187991
5418750 0.215571 0.19718 0.192022 0.0 0.0 0.0 0.216194 0.194218 0.187991 0.215176 0.198766 0.194591
5418750 0.207502 0.192971 0.204027 0.0 0.0 0.0 0.207148 0.1895 0.201274 0.207873 0.196226 0.206901
5418750 0.204135 0.191432 0.210076 0.0 0.0 0.0 0.206464 0.188998 0.208598 0.200763 0.194509 0.212216
5418750 0.206181 0.185845 0.212966 0.0 0.0 0.0 0.209629 0.18603 0.213177 0.200847 0.185088 0.212642
5418750 0.211067 0.188631 0.211322 0.0 0.0 0.0 0.209629 0.18603 0.213177 0.212591 0.191013 0.209357
5418750 0.213676 0.192271 0.206437 0.0 0.0 0.0 0.212591 0.191013 0.209357 0.215512 0.1939 0.201513
5418750 0.20796 0.18634 0.215764 0.0 0.0 0.0 0.209629 0.18603 0.213177 0.20604 0.1863 0.218737
5418750 0.201283 0.198984 0.209107 0.0 0.0 0.0 0.200763 0.194509 0.212216 0.20186 0.20356 0.205659
5418750 0.203924 0.198262 0.212876 0.0 0.0 0.0 0.200763 0.194509 0.212216 0.206526 0.201011 0.213417
5418750 0.213955 0.19432 0.210002 0.0 0.0 0.0 0.212591 0.191013 0.209357 0.216733 0.200493 0.211317
5418750 0.216613 0.179748 0.191236 0.0 0.0 0.0 0.215608 0.174913 0.196014 0.217179 0.182223 0.188569
5418750 0.188997 0.202872 0.198038 -15.2947 9.81778 -9.45395 0.192891 0.200705 0.199574 0.184856 0.205178 0.196406
5418750 0.183135 0.21235 0.193923 -11.8397 -2.47797 -0.978152 0.186374 0.212872 0.19369 0.179374 0.211745 0.194194
5418750 0.189534 0.208685 0.182975 -3.54704 8.06545 1.99469 0.19143 0.205635 0.182445 0.187752 0.211554 0.183474
5418750 0.196683 0.19821 0.189649 -3.56276 -14.5954 10.691 0.197765 0.201528 0.186292 0.195674 0.195116 0.192779
5418750 0.194312 0.19785 0.196103 10.207 -14.678 -25.4136 0.192891 0.200705 0.199574 0.195674 0.195116 0.192779
5418750 0.19269 0.201619 0.204194 -1.51716 6.48021 17.7591 0.192891 0.200705 0.199574 0.192494 0.202509 0.208691
5418750 0.190607 0.204497 0.189838 -11.5949 -31.8348 4.20118 0.191813 0.208809 0.189908 0.189476 0.200453 0.189773
5418750 0.19918 0.204827 0.183042 2.89946 15.0451 -14.1792 0.197765 0.201528 0.186292 0.200575 0.208079 0.179838
5418750 0.192925 0.20574 0.21192 -2.85668 -13.0129 -17.8508 0.19336 0.209002 0.21518 0.192494 0.202509 0.208691
5418750 0.188653 0.214113 0.185546 -1.51417 -10.5533 -7.76146 0.189879 0.217596 0.188367 0.187752 0.211554 0.183474
5418750 0.188676 0.211152 0.192089 3.45249 -2.63192 -3.41617 0.186374 0.212872 0.19369 0.191813 0.208809 0.189908
5418750 0.19458 0.211895 0.191607 11.0617 15.6651 10.6798 0.191813 0.208809 0.189908 0.197118 0.214725 0.193164
5418750 0.187776 0.215378 0.195292 8.17773 14.3187 6.02664 0.186374 0.212872 0.19369 0.189745 0.218896 0.197541
5418750 0.197129 0.214968 0.197265 1.62879 -0.376238 12.1403 0.197118 0.214725 0.193164 0.197142 0.215251 0.202026
5418750 0.193383 0.217103 0.199747 -7.09123 3.72492 -6.1567 0.197142 0.215251 0.202026 0.189745 0.218896 0.197541
5418750 0.19606 0.212339 0.213435 5.49651 7.16066 -5.44991 0.19336 0.209002 0.21518 0.19895 0.215909 0.211567
5418750 0.19153 0.213248 0.215433 -31.2183 60.5301 -6.01476 0.19336 0.209002 0.21518 0.189267 0.218498 0.215746
5418750 0.203038 0.218329 0.212986 17.0913 6.65212 5.0296 0.19895 0.215909 0.211567 0.206714 0.220506 0.214262
5418750 0.201355 0.213057 0.2016 11.9284 -6.5226 -3.42594 0.197142 0.215251 0.202026 0.204918 0.211202 0.201239
5418750 0.201257 0.217226 0.203406 22.3775 12.3549 3.7356 0.197142 0.215251 0.202026 0.20529 0.219161 0.204759
5418750 0.201123 0.209585 0.219277 -14.1659 17.5792 11.3237 0.202946 0.206967 0.21704 0.19953 0.211874 0.221234
5418750 0.205271 0.198896 0.198673 -1.37697 -0.975679 0.0201388 0.208857 0.201911 0.197976 0.201842 0.196014 0.199339
5418750 0.214686 0.200724 0.192253 0.575975 -44.5674 48.1166 0.213855 0.20404 0.188293 0.215176 0.198766 0.194591
5418750 0.209697 0.203329 0.202412 -9.07387 -11.188 -26.213 0.210248 0.204261 0.205326 0.208857 0.201911 0.197976
5418750 0.210328 0.206225 0.185098 13.4787 -5.09195 10.346 0.208055 0.207633 0.183039 0.213855 0.20404 0.188293
5418750 0.208568 0.205726 0.195188 -1.34138 -11.738 7.99671 0.208365 0.208416 0.193222 0.208857 0.201911 0.197976
5418750 0.214152 0.206646 0.192823 3.17879 -15.1628 -28.8106 0.214324 0.208151 0.195438 0.213855 0.20404 0.188293
5418750 0.205198 0.199488 0.206349 23.4047 -33.2688 -0.422602 0.20186 0.20356 0.205659 0.207873 0.196226 0.206901
5418750 0.203598 0.207904 0.203147 6.59338 25.9651 -18.5141 0.20186 0.20356 0.205659 0.204918 0.211202 0.201239
5418750 0.209523 0.206697 0.207115 -8.27815 16.0026 14.0166 0.210248 0.204261 0.205326 0.208224 0.211066 0.210322
5418750 0.204726 0.204005 0.215238 11.4088 -16.6449 -14.7424 0.202946 0.206967 0.21704 0.206526 0.201011 0.213417
5418750 0.212348 0.20304 0.207266 13.0108 -11.1706 16.0292 0.210248 0.204261 0.205326 0.216733 0.200493 0.211317
5418750 0.204957 0.207818 0.181713 -11.4283 2.26644 -3.72608 0.208055 0.207633 0.183039 0.200575 0.208079 0.179838
5418750 0.203311 0.216684 0.182272 11.8107 -4.71045 41.0107 0.20142 0.217143 0.178254 0.205962 0.21604 0.187906
5418750 0.211974 0.21502 0.18932 -36.1643 7.62898 -2.74123 0.215517 0.214418 0.190153 0.205962 0.21604 0.187906
5418750 0.213057 0.210819 0.196074 -11.1713 38.6522 9.27117 0.214324 0.208151 0.195438 0.211242 0.214643 0.196985
5418750 0.207529 0.211067 0.191373 -6.08739 11.8903 -7.6081 0.208365 0.208416 0.193222 0.205962 0.21604 0.187906
5418750 0.207967 0.212861 0.199188 -26.2802 -11.4056 11.9874 0.211242 0.214643 0.196985 0.204918 0.211202 0.201239
5418750 0.212858 0.217891 0.199351 -8.24007 -28.3897 -17.4307 0.214416 0.221023 0.201632 0.211242 0.214643 0.196985
5418750 0.212164 0.218415 0.195065 1.53136 20.4725 -11.8162 0.211242 0.214643 0.196985 0.213005 0.221855 0.193314
5418750 0.215998 0.215351 0.207904 4.26 -7.3659 -10.4758 0.214593 0.216874 0.210139 0.218497 0.212644 0.203931
5418750 0.207174 0.198711 0.210284 0.291641 -10.9875 -16.6617 0.206526 0.201011 0.213417 0.207873 0.196226 0.206901
5418750 0.200144 0.214526 0.186157 19.12 2.18879 7.45084 0.196589 0.2136 0.185087 0.205962 0.21604 0.187906
5418750 0.194817 0.213772 0.181699 2.48678 0.0469434 3.40861 0.192953 0.213952 0.178134 0.196589 0.2136 0.185087
5418750 0.207151 0.204002 0.205449 -3.95187 -0.663969 0.708747 0.210248 0.204261 0.205326 0.20186 0.20356 0.205659
5418750 0.212342 0.214821 0.210203 -11.5588 -7.58642 0.407877 0.214593 0.216874 0.210139 0.208224 0.211066 0.210322
5418750 0.181797 0.202247 0.193724 4.56192 4.41016 2.72641 0.179942 0.200471 0.192098 0.184856 0.205178 0.196406
5418750 0.207858 0.2044 0.182089 0.240362 -2.46609 -0.612625 0.208055 0.207633 0.183039 0.20746 0.197901 0.180178
5418750 0.215705 0.215131 0.212378 2.82716 -7.94111 10.2388 0.214593 0.216874 0.210139 0.217904 0.211686 0.216807
5418750 0.21692 0.199033 0.200721 -6.69357 -39.7807 11.2527 0.218122 0.203419 0.200044 0.215512 0.1939 0.201513
5418750 0.21583 0.206274 0.197265 -20.989 18.2387 -18.4939 0.218122 0.203419 0.200044 0.214324 0.208151 0.195438
5418750 0.210382 0.200816 0.212623 12.1092 -0.537099 -4.57935 0.206526 0.201011 0.213417 0.216733 0.200493 0.211317
5418750 0.204453 0.216747 0.193944 -0.386486 0.65641 4.30987 0.205962 0.21604 0.187906 0.203661 0.217117 0.197113
5418750 0.201231 0.199811 0.18921 1.22967 -0.519305 0.722465 0.197765 0.201528 0.186292 0.204022 0.198428 0.191561
5418750 0.206689 0.206162 0.185753 -1.43022 -1.59821 4.13335 0.208055 0.207633 0.183039 0.205362 0.204732 0.188389
5418750 0.200622 0.215246 0.191081 4.77361 0.0595382 -2.17512 0.197118 0.214725 0.193164 0.205962 0.21604 0.187906
5418750 0.1958 0.208439 0.204905 -0.7933 -1.01083 -8.43485 0.196084 0.209296 0.207902 0.195522 0.207602 0.201979
5418750 0.197193 0.211856 0.209321 -12.0342 -29.2371 -10.2205 0.19895 0.215909 0.211567 0.196084 0.209296 0.207902
5418750 0.187827 0.21483 0.191484 7.05268 10.7712 -15.8642 0.186374 0.212872 0.19369 0.189879 0.217596 0.188367
5418750 0.185772 0.209823 0.194766 -6.04504 -27.4795 5.00618 0.186374 0.212872 0.19369 0.184856 0.205178 0.196406
5418750 0.194487 0.204889 0.201033 15.832 44.9944 7.61626 0.192891 0.200705 0.199574 0.195522 0.207602 0.201979
5418750 0.196835 0.202996 0.207286 -21.2065 -1.68405 3.34095 0.20186 0.20356 0.205659 0.192494 0.202509 0.208691
5418750 0.196297 0.203197 0.197472 6.6349 5.35385 -6.02978 0.192891 0.200705 0.199574 0.200138 0.206008 0.1951
5418750 0.20337 0.205219 0.190949 -1.85357 0.320494 1.72987 0.205362 0.204732 0.188389 0.200138 0.206008 0.1951
5418750 0.202856 0.208962 0.198591 0.468741 0.794518 0.828397 0.200138 0.206008 0.1951 0.204918 0.211202 0.201239
5418750 0.218883 0.215516 0.19935 0.100988 -0.645696 1.18856 0.219163 0.217596 0.196034 0.218497 0.212644 0.203931
5418750 0.194144 0.203875 0.184093 -4.38563 3.78862 -3.76678 0.197765 0.201528 0.186292 0.19143 0.205635 0.182445
5418750 0.186708 0.203366 0.18855 -14.7857 15.3236 -10.3903 0.189476 0.200453 0.189773 0.183966 0.206251 0.187338
5418750 0.198226 0.207169 0.20707 9.58664 -8.21414 -5.51215 0.196084 0.209296 0.207902 0.20186 0.20356 0.205659
5418750 0.204225 0.214462 0.198966 0.138172 -3.7554 2.22949 0.203661 0.217117 0.197113 0.204918 0.211202 0.201239
5418750 0.198708 0.199286 0.20551 -8.39466 -12.1372 -2.74522 0.20186 0.20356 0.205659 0.196691 0.196552 0.205414
5418750 0.207817 0.212426 0.215713 1.43857 3.62576 19.4997 0.208224 0.211066 0.210322 0.207469 0.213589 0.220322
5418750 0.2172 0.208667 0.194656 2.73229 0.697527 -0.338646 0.214324 0.208151 0.195438 0.221991 0.209526 0.193355
5418750 0.198776 0.196807 0.185903 1.30749 -5.80863 -1.44821 0.197765 0.201528 0.186292 0.199603 0.19294 0.185585
5418750 0.205118 0.208654 0.214275 2.80512 3.33278 -5.02072 0.202946 0.206967 0.21704 0.208224 0.211066 0.210322
5418750 0.18437 0.205764 0.191451 -2.74192 -0.607387 -18.2549 0.184856 0.205178 0.196406 0.183966 0.206251 0.187338
5418750 0.206628 0.215469 0.207296 -1.46052 8.8029 -6.38166 0.208224 0.211066 0.210322 0.20529 0.219161 0.204759
5418750 0.193135 0.210083 0.2072 -9.27638 3.00878 -3.85612 0.196084 0.209296 0.207902 0.186945 0.211737 0.205727
5418750 0.190226 0.206164 0.217075 -12.789 -10.5374 4.56566 0.19336 0.209002 0.21518 0.186273 0.202583 0.219465
5418750 0.200214 0.204318 0.216195 -10.0189 -9.03871 -5.28492 0.202946 0.206967 0.21704 0.197584 0.201768 0.215382
5418750 0.194389 0.211393 0.187308 6.90146 7.83408 -5.29708 0.191813 0.208809 0.189908 0.196589 0.2136 0.185087
5418750 0.211492 0.208277 0.194384 2.80376 -0.46182 1.44798 0.208365 0.208416 0.193222 0.214324 0.208151 0.195438
5418750 0.193559 0.215405 0.186568 -23.5062 10.3263 7.63912 0.196589 0.2136 0.185087 0.189879 0.217596 0.188367
5418750 0.196155 0.210589 0.201997 -10.894 -43.7082 -7.29913 0.197142 0.215251 0.202026 0.195522 0.207602 0.201979
5418750 0.184564 0.215601 0.19338 -4.37004 6.32623 -1.97961 0.186374 0.212872 0.19369 0.182308 0.219002 0.192993
5418750 0.195099 0.198292 0.202967 15.3328 -15.0028 16.3245 0.192891 0.200705 0.199574 0.196691 0.196552 0.205414
5418750 0.185759 0.208015 0.200438 -4.838 -9.55151 -19.4723 0.186945 0.211737 0.205727 0.184856 0.205178 0.196406
5418750 0.195694 0.205006 0.215292 25.0194 -42.3746 -6.65699 0.19336 0.209002 0.21518 0.197584 0.201768 0.215382
5418750 0.198362 0.211144 0.182752 7.67051 -16.9411 -15.0262 0.196589 0.2136 0.185087 0.200575 0.208079 0.179838
5418750 0.198434 0.210926 0.194008 6.26364 -12.8386 1.45902 0.197118 0.214725 0.193164 0.200138 0.206008 0.1951
5418750 0.197837 0.206126 0.203323 4.44391 -2.95012 3.753 0.195522 0.207602 0.201979 0.20186 0.20356 0.205659
5418750 0.204965 0.207223 0.207935 -4.70319 -6.99929 -2.81511 0.208224 0.211066 0.210322 0.20186 0.20356 0.205659
5418750 0.190863 0.213123 0.189152 -3.79195 9.58027 -1.62708 0.191813 0.208809 0.189908 0.189879 0.217596 0.188367
5418750 0.188186 0.215349 0.21108 0.581526 1.32797 1.49621 0.186945 0.211737 0.205727 0.189267 0.218498 0.215746
5418750 0.181621 0.217421 0.196714 0.308083 0.77464 -1.24011 0.181106 0.216239 0.199495 0.182308 0.219002 0.192993
5418750 0.181262 0.211127 0.202473 2.46735 0.00122875 1.01679 0.178626 0.210845 0.200963 0.186945 0.211737 0.205727
5418750 0.216066 0.196889 0.205957 0.427126 -5.08747 -6.90329 0.216733 0.200493 0.211317 0.215512 0.1939 0.201513
5418750 0.218294 0.207654 0.201828 1.86426 15.1215 9.11811 0.218122 0.203419 0.200044 0.218497 0.212644 0.203931
5418750 0.194905 0.199087 0.206809 1.57707 -1.73177 -1.39201 0.192494 0.202509 0.208691 0.196691 0.196552 0.205414
5418750 0.194628 0.206543 0.208222 -10.8397 -18.2899 -1.03629 0.196084 0.209296 0.207902 0.192494 0.202509 0.208691
5418750 0.20509 0.214888 0.20287 -0.939001 -4.19354 -1.9107 0.20529 0.219161 0.204759 0.204918 0.211202 0.201239
5418750 0.204981 0.209947 0.218516 6.63516 8.74039 2.65207 0.202946 0.206967 0.21704 0.207469 0.213589 0.220322
5418750 0.207079 0.217162 0.217191 0.893361 -3.21944 3.61514 0.206714 0.220506 0.214262 0.207469 0.213589 0.220322
5418750 0.183043 0.216278 0.208448 -0.559537 0.937236 0.465602 0.186945 0.211737 0.205727 0.180805 0.218884 0.21001
5418750 0.189758 0.217672 0.205983 -9.4273 -31.1973 0.495465 0.1918 0.22198 0.206169 0.186945 0.211737 0.205727
5418750 0.209083 0.215214 0.193272 12.2981 -2.65797 14.9981 0.205962 0.21604 0.187906 0.211242 0.214643 0.196985
5418750 0.210502 0.206712 0.191303 1.19687 -0.719317 -0.761933 0.208365 0.208416 0.193222 0.213855 0.20404 0.188293
5418750 0.203315 0.213629 0.210981 3.31263 -2.11925 0.0542723 0.19895 0.215909 0.211567 0.208224 0.211066 0.210322
5418750 0.20475 0.203841 0.196622 -10.297 6.94063 -4.56799 0.208857 0.201911 0.197976 0.200138 0.206008 0.1951
5418750 0.190213 0.206308 0.207473 0.0 0.0 0.0 0.186945 0.211737 0.205727 0.192494 0.202509 0.208691
5418750 0.21268 0.200009 0.195928 3.78219 -2.66073 -2.72923 0.208857 0.201911 0.197976 0.215176 0.198766 0.194591
5418750 0.182371 0.207065 0.205019 -5.68822 -5.93217 -2.24064 0.186945 0.211737 0.205727 0.17875 0.203367 0.204459
5418750 0.190096 0.197789 0.202008 -3.11151 -3.04795 1.77129 0.192891 0.200705 0.199574 0.188143 0.195753 0.203709
5418750 0.207403 0.214136 0.182116 1.84545 -1.29885 -4.31248 0.205962 0.21604 0.187906 0.208199 0.213083 0.178913
5418750 0.217284 0.215958 0.193004 -0.306296 -0.334594 -0.75113 0.219163 0.217596 0.196034 0.215517 0.214418 0.190153
5418750 0.198896 0.203663 0.19049 1.48396 2.44704 3.55677 0.197765 0.201528 0.186292 0.200138 0.206008 0.1951
5418750 0.20185 0.199486 0.202247 -0.0854235 -0.689961 -0.760076 0.20186 0.20356 0.205659 0.201842 0.196014 0.199339
5418750 0.216192 0.217375 0.202633 1.15109 -2.15383 0.214363 0.214416 0.221023 0.201632 0.218497 0.212644 0.203931
5418750 0.187745 0.207483 0.188576 -4.65299 -1.15007 -2.28797 0.191813 0.208809 0.189908 0.183966 0.206251 0.187338
5418750 0.214168 0.210082 0.202088 0.0 0.0 0.0 0.218497 0.212644 0.203931 0.211721 0.208441 0.201049
5418750 0.180335 0.214422 0.197135 0.0 0.0 0.0 0.181106 0.216239 0.199495 0.179374 0.211745 0.194194
5418750 0.18795 0.206101 0.184724 0.0 0.0 0.0 0.19143 0.205635 0.182445 0.183966 0.206251 0.187338
5418750 0.181745 0.208905 0.19515 1.04064 -0.897421 0.346379 0.179374 0.211745 0.194194 0.184856 0.205178 0.196406
5418750 0.181861 0.204474 0.200358 0.0 0.0 0.0 0.17875 0.203367 0.204459 0.184856 0.205178 0.196406
5418750 0.182964 0.214992 0.201478 0.0 0.0 0.0 0.181106 0.216239 0.199495 0.186945 0.211737 0.205727
5418750 0.184873 0.217989 0.204251 0.0 0.0 0.0 0.183658 0.221361 0.203384 0.186945 0.211737 0.205727
5418750 0.193494 0.195967 0.200056 0.0 0.0 0.0 0.192891 0.200705 0.199574 0.193932 0.192331 0.200418
5418750 0.189504 0.210546 0.186257 0.0 0.0 0.0 0.191813 0.208809 0.189908 0.187752 0.211554 0.183474
5418750 0.191599 0.207236 0.185784 0.0 0.0 0.0 0.191813 0.208809 0.189908 0.19143 0.205635 0.182445
5418750 0.190523 0.203413 0.185839 0.0 0.0 0.0 0.189476 0.200453 0.189773 0.19143 0.205635 0.182445
5418750 0.197822 0.201011 0.181491 0.0 0.0 0.0 0.197859 0.200443 0.178254 0.197765 0.201528 0.186292
5418750 0.195379 0.206872 0.181315 0.0 0.0 0.0 0.19143 0.205635 0.182445 0.200575 0.208079 0.179838
5418750 0.191998 0.209781 0.194281 0.0 0.0 0.0 0.191813 0.208809 0.189908 0.192134 0.210483 0.197457
5418750 0.195618 0.20771 0.192281 0.0 0.0 0.0 0.191813 0.208809 0.189908 0.200138 0.206008 0.1951
5418750 0.188528 0.207278 0.192976 0.0 0.0 0.0 0.191813 0.208809 0.189908 0.184856 0.205178 0.196406
5418750 0.194672 0.205493 0.188169 0.0 0.0 0.0 0.197765 0.201528 0.186292 0.191813 0.208809 0.189908
5418750 0.196843 0.214322 0.18898 0.0 0.0 0.0 0.197118 0.214725 0.193164 0.196589 0.2136 0.185087
5418750 0.189262 0.211828 0.195589 0.0 0.0 0.0 0.186374 0.212872 0.19369 0.192134 0.210483 0.197457
5418750 0.194329 0.212512 0.195565 0.0 0.0 0.0 0.192134 0.210483 0.197457 0.197118 0.214725 0.193164
5418750 0.195164 0.208935 0.196569 0.0 0.0 0.0 0.192134 0.210483 0.197457 0.200138 0.206008 0.1951
5418750 0.189261 0.208547 0.197051 0.0 0.0 0.0 0.192134 0.210483 0.197457 0.184856 0.205178 0.196406
5418750 0.18737 0.20279 0.192797 0.0 0.0 0.0 0.189476 0.200453 0.189773 0.184856 0.205178 0.196406
5418750 0.193327 0.201135 0.188153 0.0 0.0 0.0 0.197765 0.201528 0.186292 0.189476 0.200453 0.189773
5418750 0.191086 0.200753 0.19439 0.0 0.0 0.0 0.192891 0.200705 0.199574 0.189476 0.200453 0.189773
5418750 0.193875 0.209156 0.199793 0.0 0.0 0.0 0.192134 0.210483 0.197457 0.195522 0.207602 0.201979
5418750 0.19041 0.211026 0.200201 0.0 0.0 0.0 0.192134 0.210483 0.197457 0.186945 0.211737 0.205727
5418750 0.194158 0.21257 0.199316 0.0 0.0 0.0 0.192134 0.210483 0.197457 0.197142 0.215251 0.202026
5418750 0.197207 0.207204 0.199465 0.0 0.0 0.0 0.195522 0.207602 0.201979 0.200138 0.206008 0.1951
5418750 0.195685 0.217668 0.183569 0.0 0.0 0.0 0.194543 0.222405 0.181652 0.196589 0.2136 0.185087
5418750 0.191138 0.214114 0.197498 0.0 0.0 0.0 0.192134 0.210483 0.197457 0.189745 0.218896 0.197541
5418750 0.193719 0.216253 0.190909 0.0 0.0 0.0 0.197118 0.214725 0.193164 0.189879 0.217596 0.188367
5418750 0.193645 0.216871 0.195222 0.0 0.0 0.0 0.197118 0.214725 0.193164 0.189745 0.218896 0.197541
5418750 0.201805 0.200201 0.183741 0.0 0.0 0.0 0.197765 0.201528 0.186292 0.20746 0.197901 0.180178
5418750 0.201059 0.200792 0.197388 0.0 0.0 0.0 0.200138 0.206008 0.1951 0.201842 0.196014 0.199339
5418750 0.197459 0.198494 0.199453 0.0 0.0 0.0 0.192891 0.200705 0.199574 0.201842 0.196014 0.199339
5418750 0.205193 0.20767 0.193942 0.0 0.0 0.0 0.208365 0.208416 0.193222 0.200138 0.206008 0.1951
5418750 0.202294 0.203621 0.187539 0.0 0.0 0.0 0.197765 0.201528 0.186292 0.205362 0.204732 0.188389
5418750 0.201 0.204967 0.200379 0.0 0.0 0.0 0.200138 0.206008 0.1951 0.20186 0.20356 0.205659
5418750 0.197109 0.20223 0.202433 0.0 0.0 0.0 0.192891 0.200705 0.199574 0.20186 0.20356 0.205659
5418750 0.198819 0.215415 0.181932 0.0 0.0 0.0 0.20142 0.217143 0.178254 0.196589 0.2136 0.185087
5418750 0.200747 0.216235 0.195353 0.0 0.0 0.0 0.197118 0.214725 0.193164 0.203661 0.217117 0.197113
5418750 0.194986 0.209363 0.210834 0.0 0.0 0.0 0.19336 0.209002 0.21518 0.196084 0.209296 0.207902
5418750 0.190708 0.210318 0.211272 0.0 0.0 0.0 0.19336 0.209002 0.21518 0.186945 0.211737 0.205727
5418750 0.196505 0.211841 0.205568 0.0 0.0 0.0 0.196084 0.209296 0.207902 0.197142 0.215251 0.202026
5418750 0.192801 0.209098 0.203166 0.0 0.0 0.0 0.186945 0.211737 0.205727 0.195522 0.207602 0.201979
5418750 0.194313 0.205751 0.204659 0.0 0.0 0.0 0.195522 0.207602 0.201979 0.192494 0.202509 0.208691
5418750 0.192856 0.213958 0.20358 0.0 0.0 0.0 0.186945 0.211737 0.205727 0.197142 0.215251 0.202026
5418750 0.195295 0.202288 0.212371 0.0 0.0 0.0 0.192494 0.202509 0.208691 0.197584 0.201768 0.215382
5418750 0.196915 0.210843 0.218668 0.0 0.0 0.0 0.19336 0.209002 0.21518 0.19953 0.211874 0.221234
5418750 0.196712 0.203489 0.218926 0.0 0.0 0.0 0.195643 0.205183 0.22327 0.197584 0.201768 0.215382
5418750 0.188589 0.216126 0.200917 0.0 0.0 0.0 0.186945 0.211737 0.205727 0.189745 0.218896 0.197541
5418750 0.198029 0.215758 0.2067 0.0 0.0 0.0 0.19895 0.215909 0.211567 0.197142 0.215251 0.202026
5418750 0.201946 0.201586 0.214424 0.0 0.0 0.0 0.206526 0.201011 0.213417 0.197584 0.201768 0.215382
5418750 0.198565 0.208083 0.21619 0.0 0.0 0.0 0.19336 0.209002 0.21518 0.202946 0.206967 0.21704
5418750 0.200997 0.216538 0.199112 0.0 0.0 0.0 0.197142 0.215251 0.202026 0.203661 0.217117 0.197113
5418750 0.199595 0.206335 0.219898 0.0 0.0 0.0 0.202946 0.206967 0.21704 0.195643 0.205183 0.22327
5418750 0.189811 0.218248 0.192969 0.15437 0.138359 1.05692 0.189879 0.217596 0.188367 0.189745 0.218896 0.197541
5418750 0.199419 0.218113 0.216085 0.0 0.0 0.0 0.19895 0.215909 0.211567 0.199853 0.219793 0.220261
5418750 0.194459 0.217295 0.213504 0.0 0.0 0.0 0.19895 0.215909 0.211567 0.189267 0.218498 0.215746
5418750 0.202215 0.217766 0.20806 0.0 0.0 0.0 0.19895 0.215909 0.211567 0.20529 0.219161 0.204759
5418750 0.206045 0.202688 0.18571 0.0 0.0 0.0 0.205362 0.204732 0.188389 0.20746 0.197901 0.180178
5418750 0.216359 0.20082 0.196781 0.0 0.0 0.0 0.218122 0.203419 0.200044 0.215176 0.198766 0.194591
5418750 0.21197 0.198347 0.19963 0.0 0.0 0.0 0.208857 0.201911 0.197976 0.215512 0.1939 0.201513
5418750 0.209246 0.201053 0.205991 0.0 0.0 0.0 0.210248 0.204261 0.205326 0.207873 0.196226 0.206901
5418750 0.211382 0.1981 0.208652 0.0 0.0 0.0 0.216733 0.200493 0.211317 0.207873 0.196226 0.206901
5418750 0.208459 0.197454 0.214998 0.0 0.0 0.0 0.206526 0.201011 0.213417 0.210791 0.192745 0.216908
5418750 0.207322 0.21076 0.184741 0.0 0.0 0.0 0.208055 0.207633 0.183039 0.205962 0.21604 0.187906
5418750 0.211398 0.21372 0.184673 0.0 0.0 0.0 0.205962 0.21604 0.187906 0.215401 0.211695 0.182298
5418750 0.213551 0.214705 0.193293 0.0 0.0 0.0 0.215517 0.214418 0.190153 0.211242 0.214643 0.196985
5418750 0.212194 0.205902 0.196425 0.0 0.0 0.0 0.208857 0.201911 0.197976 0.214324 0.208151 0.195438
5418750 0.209618 0.211308 0.194855 0.0 0.0 0.0 0.208365 0.208416 0.193222 0.211242 0.214643 0.196985
5418750 0.20685 0.20674 0.19078 0.0 0.0 0.0 0.208365 0.208416 0.193222 0.205362 0.204732 0.188389
5418750 0.208632 0.204648 0.188348 0.0 0.0 0.0 0.205362 0.204732 0.188389 0.213855 0.20404 0.188293
5418750 0.211231 0.203106 0.193376 0.0 0.0 0.0 0.208857 0.201911 0.197976 0.213855 0.20404 0.188293
5418750 0.213046 0.208465 0.198249 0.0 0.0 0.0 0.214324 0.208151 0.195438 0.211721 0.208441 0.201049
5418750 0.211552 0.211158 0.199386 0.0 0.0 0.0 0.211242 0.214643 0.196985 0.211721 0.208441 0.201049
5418750 0.210605 0.205895 0.199851 0.0 -0.0 0.0 0.208857 0.201911 0.197976 0.211721 0.208441 0.201049
5418750 0.20556 0.202872 0.201594 0.0 0.0 0.0 0.208857 0.201911 0.197976 0.20186 0.20356 0.205659
5418750 0.214305 0.218194 0.191679 0.0 0.0 0.0 0.215517 0.214418 0.190153 0.213005 0.221855 0.193314
5418750 0.206926 0.216232 0.197052 0.0 0.0 0.0 0.203661 0.217117 0.197113 0.211242 0.214643 0.196985
5418750 0.213556 0.202861 0.199025 0.0 0.0 0.0 0.218122 0.203419 0.200044 0.208857 0.201911 0.197976
5418750 0.214466 0.213939 0.200068 0.0 0.0 0.0 0.218497 0.212644 0.203931 0.211242 0.214643 0.196985
5418750 0.2154 0.216377 0.196483 0.0 0.0 0.0 0.219163 0.217596 0.196034 0.211242 0.214643 0.196985
5418750 0.208832 0.209792 0.201138 0.0 0.0 0.0 0.211721 0.208441 0.201049 0.204918 0.211202 0.201239
5418750 0.211018 0.206548 0.203166 0.0 0.0 0.0 0.210248 0.204261 0.205326 0.211721 0.208441 0.201049
5418750 0.206307 0.211328 0.205049 0.0 0.0 0.0 0.208224 0.211066 0.210322 0.204918 0.211202 0.201239
5418750 0.20723 0.205361 0.212135 0.0 0.0 0.0 0.208224 0.211066 0.210322 0.206526 0.201011 0.213417
5418750 0.20454 0.202283 0.210112 0.0 0.0 0.0 0.206526 0.201011 0.213417 0.20186 0.20356 0.205659
5418750 0.20828 0.202392 0.216765 0.0 0.0 0.0 0.210744 0.203883 0.221473 0.206526 0.201011 0.213417
5418750 0.207383 0.216497 0.21251 0.0 0.0 0.0 0.208224 0.211066 0.210322 0.206714 0.220506 0.214262
5418750 0.214289 0.206615 0.200661 0.0 0.0 0.0 0.218122 0.203419 0.200044 0.211721 0.208441 0.201049
5418750 0.213432 0.212051 0.20708 0.0 0.0 0.0 0.208224 0.211066 0.210322 0.218497 0.212644 0.203931
5418750 0.212876 0.211548 0.213435 0.0 0.0 0.0 0.208224 0.211066 0.210322 0.217904 0.211686 0.216807
5418750 0.206165 0.205881 0.21887 0.0 0.0 0.0 0.202946 0.206967 0.21704 0.210744 0.203883 0.221473
5418750 0.204329 0.218142 0.200265 0.0 0.0 0.0 0.20529 0.219161 0.204759 0.203661 0.217117 0.197113
5418750 0.217546 0.20239 0.204719 0.0 0.0 0.0 0.218122 0.203419 0.200044 0.216733 0.200493 0.211317
