# ts x y z Fx Fy Fz x1 y1 z1 x2 y2 z2
2112500 0.182164 0.17901 0.198378 -23.4714 21.7608 0.826123 0.186083 0.175652 0.197441 0.177605 0.182916 0.199468
2112500 0.185787 0.197535 0.18785 14.8348 4.83808 11.6711 0.182468 0.196482 0.186021 0.189332 0.198659 0.189804
2112500 0.183381 0.19485 0.197129 -21.1473 11.9661 3.23163 0.187163 0.192774 0.19584 0.180608 0.196371 0.198074
2112500 0.188968 0.201107 0.198091 -10.4147 4.4416 -2.13616 0.192902 0.198956 0.199549 0.184784 0.203393 0.196541
2112500 0.183561 0.193653 0.208168 11.403 8.65917 9.02102 0.180468 0.191743 0.205102 0.186181 0.19527 0.210765
2112500 0.194406 0.183567 0.181373 17.4238 17.4449 3.23758 0.191312 0.180864 0.181426 0.19692 0.185763 0.18133
2112500 0.198062 0.188275 0.183207 -10.8669 -15.2771 -12.5628 0.19942 0.191259 0.185437 0.19692 0.185763 0.18133
2112500 0.199829 0.185137 0.182845 -3.22116 0.851687 -1.0966 0.202891 0.184477 0.184439 0.19692 0.185763 0.18133
2112500 0.194061 0.180112 0.190196 -2.11789 -2.75277 1.92414 0.19564 0.18315 0.188096 0.192689 0.177473 0.192021
2112500 0.185891 0.180893 0.191091 2.51076 29.565 15.0127 0.185766 0.178162 0.189124 0.186049 0.184362 0.193588
2112500 0.1929 0.185948 0.187211 -9.21108 7.43665 -4.11261 0.19564 0.18315 0.188096 0.189165 0.189763 0.186005
2112500 0.197959 0.184316 0.19116 3.82333 1.49353 3.62373 0.19564 0.18315 0.188096 0.200843 0.185767 0.19497
2112500 0.188229 0.18166 0.214197 15.0239 8.98304 10.1544 0.185336 0.179134 0.212118 0.191757 0.18474 0.216733
2112500 0.196549 0.184006 0.214523 -3.60005 0.940234 1.15835 0.200732 0.183366 0.212595 0.191757 0.18474 0.216733
2112500 0.197645 0.192252 0.188841 -8.94143 2.82426 12.3518 0.19942 0.191259 0.185437 0.195624 0.193382 0.192718
2112500 0.192364 0.196115 0.191208 -21.1896 21.6821 -6.58932 0.195624 0.193382 0.192718 0.189332 0.198659 0.189804
2112500 0.196557 0.196495 0.189584 -5.48169 -13.6028 10.5791 0.197558 0.199834 0.186223 0.195624 0.193382 0.192718
2112500 0.194292 0.196109 0.19606 4.34134 -19.6909 -23.0494 0.192902 0.198956 0.199549 0.195624 0.193382 0.192718
2112500 0.195082 0.196543 0.202962 4.09522 -5.51847 9.7387 0.192902 0.198956 0.199549 0.196653 0.194803 0.205424
2112500 0.19266 0.199899 0.204162 -1.58616 0.783933 15.4287 0.192902 0.198956 0.199549 0.192424 0.200816 0.208651
2112500 0.196249 0.2015 0.19741 1.69088 0.981958 -0.734646 0.192902 0.198956 0.199549 0.200024 0.204369 0.194998
2112500 0.198103 0.189765 0.193787 -34.4288 36.3442 -14.6454 0.200843 0.185767 0.19497 0.195624 0.193382 0.192718
2112500 0.202365 0.193063 0.183487 9.06256 4.62057 -7.87477 0.19942 0.191259 0.185437 0.207403 0.196149 0.180151
2112500 0.202916 0.190425 0.187115 7.83558 -0.632882 3.00599 0.19942 0.191259 0.185437 0.206598 0.189545 0.188883
2112500 0.199036 0.203164 0.183033 5.7768 12.4125 -16.4699 0.197558 0.199834 0.186223 0.200494 0.206447 0.179889
2112500 0.1891 0.197863 0.209777 26.3018 16.6106 -7.49204 0.186181 0.19527 0.210765 0.192424 0.200816 0.208651
2112500 0.199575 0.190759 0.216504 -0.506251 -1.81916 4.95482 0.200623 0.192795 0.212299 0.198804 0.189261 0.219599
2112500 0.219025 0.178781 0.196345 -23.4852 -27.9355 1.88616 0.222461 0.184187 0.196571 0.215411 0.173098 0.196107
2112500 0.204584 0.186793 0.186469 2.01556 3.82825 2.45834 0.202891 0.184477 0.184439 0.206598 0.189545 0.188883
2112500 0.200712 0.181343 0.192657 -0.531488 -4.71762 -3.41685 0.200843 0.185767 0.19497 0.200622 0.1783 0.191067
2112500 0.210131 0.184204 0.192356 6.59123 7.13593 6.76247 0.207601 0.181379 0.190524 0.212588 0.186947 0.194135
2112500 0.212884 0.184683 0.197526 -4.92525 11.2867 -20.3676 0.213168 0.182509 0.200784 0.212588 0.186947 0.194135
2112500 0.202018 0.18303 0.198977 1.85698 -7.82311 8.57403 0.200843 0.185767 0.19497 0.202921 0.180926 0.202057
2112500 0.20426 0.186796 0.198462 15.1247 1.39017 13.217 0.200843 0.185767 0.19497 0.207046 0.187635 0.20131
2112500 0.211153 0.19077 0.193915 1.75895 -8.65295 0.386429 0.210074 0.193643 0.193749 0.212588 0.186947 0.194135
2112500 0.214182 0.189453 0.191325 -10.4444 -10.688 16.0128 0.216077 0.192432 0.187986 0.212588 0.186947 0.194135
2112500 0.205814 0.18069 0.204569 -3.73194 -0.483563 -3.36796 0.208896 0.180438 0.207246 0.202921 0.180926 0.202057
2112500 0.214552 0.179789 0.203255 4.74595 -17.3738 14.4904 0.213168 0.182509 0.200784 0.215806 0.177324 0.205495
2112500 0.206706 0.187431 0.205362 2.03816 -0.423082 -9.47814 0.206429 0.187264 0.208649 0.207046 0.187635 0.20131
2112500 0.200873 0.179222 0.210493 -0.279269 -20.1217 -14.4441 0.200732 0.183366 0.212595 0.201029 0.174653 0.208174
2112500 0.208033 0.185668 0.211053 8.92715 -7.56287 9.23993 0.206429 0.187264 0.208649 0.209493 0.184215 0.213243
2112500 0.204063 0.185645 0.210288 -7.45362 -7.19035 6.93013 0.206429 0.187264 0.208649 0.200732 0.183366 0.212595
2112500 0.210621 0.189583 0.20142 -18.9505 -11.6175 -3.98418 0.215346 0.192157 0.201565 0.207046 0.187635 0.20131
2112500 0.206995 0.190434 0.207916 5.74911 17.4065 -5.73811 0.206429 0.187264 0.208649 0.207724 0.194518 0.20697
2112500 0.212266 0.18411 0.214402 4.37952 0.101846 2.65349 0.209493 0.184215 0.213243 0.215977 0.183969 0.215953
2112500 0.205125 0.197077 0.19864 -8.11958 -4.94758 1.78159 0.208684 0.200111 0.197895 0.201722 0.194177 0.199351
2112500 0.208601 0.191906 0.191687 -6.85011 -5.24623 -8.2585 0.210074 0.193643 0.193749 0.206598 0.189545 0.188883
2112500 0.212592 0.195347 0.194202 4.77296 4.43812 0.689448 0.210074 0.193643 0.193749 0.215125 0.197061 0.194656
2112500 0.209527 0.196189 0.195381 -4.62509 11.0476 7.185 0.210074 0.193643 0.193749 0.208684 0.200111 0.197895
2112500 0.218023 0.196002 0.194853 -13.6304 2.79815 -1.7195 0.221881 0.194593 0.195114 0.215125 0.197061 0.194656
2112500 0.204382 0.193707 0.209479 10.3196 0.451872 -7.28149 0.200623 0.192795 0.212299 0.207724 0.194518 0.20697
2112500 0.211089 0.193475 0.204584 -25.555 2.78926 18.0492 0.215346 0.192157 0.201565 0.207724 0.194518 0.20697
2112500 0.217237 0.188272 0.204777 -8.47563 12.6559 -14.4352 0.21893 0.184795 0.207653 0.215346 0.192157 0.201565
2112500 0.207062 0.193457 0.218582 23.8078 -17.4725 -16.8474 0.20392 0.195588 0.220026 0.210744 0.190959 0.21689
2112500 0.211373 0.17944 0.183963 -0.534393 5.82133 -2.52226 0.211204 0.174798 0.185418 0.211562 0.184595 0.182348
2112500 0.206307 0.184524 0.183615 -2.48597 -0.0239167 1.03705 0.211562 0.184595 0.182348 0.202891 0.184477 0.184439
2112500 0.203757 0.179683 0.190823 -2.27689 -0.995699 0.580891 0.207601 0.181379 0.190524 0.200622 0.1783 0.191067
2112500 0.194952 0.179056 0.182051 -7.15567 2.79885 -2.25854 0.199406 0.176845 0.182815 0.191312 0.180864 0.181426
2112500 0.207014 0.19705 0.210317 0.766604 -5.934 -10.2194 0.206356 0.199395 0.213416 0.207724 0.194518 0.20697
2112500 0.205157 0.19752 0.21667 0.377306 0.334139 -0.827133 0.20392 0.195588 0.220026 0.206356 0.199395 0.213416
2112500 0.203741 0.183994 0.216086 0.00624185 0.00237522 0.00603846 0.200732 0.183366 0.212595 0.205975 0.18446 0.218677
2112500 0.202406 0.194305 0.216478 0.984313 0.999282 3.77549 0.200623 0.192795 0.212299 0.20392 0.195588 0.220026
2112500 0.194545 0.192557 0.206861 11.3933 10.2201 -4.72964 0.191937 0.189778 0.20864 0.196653 0.194803 0.205424
2112500 0.188997 0.192584 0.209725 -6.50282 8.49954 3.48381 0.191937 0.189778 0.20864 0.186181 0.19527 0.210765
2112500 0.208762 0.187387 0.186034 -1.28264 1.9296 2.49713 0.211562 0.184595 0.182348 0.206598 0.189545 0.188883
2112500 0.191858 0.187555 0.212211 0.960224 -3.70515 7.16516 0.191937 0.189778 0.20864 0.191757 0.18474 0.216733
2112500 0.199165 0.181332 0.196527 -12.2922 -24.1881 5.44318 0.200843 0.185767 0.19497 0.198079 0.178461 0.197534
2112500 0.195601 0.181776 0.218931 -0.888178 0.793313 -0.764448 0.199122 0.17906 0.220944 0.191757 0.18474 0.216733
2112500 0.215206 0.195272 0.197177 -1.7677 5.4735 -9.15092 0.215346 0.192157 0.201565 0.215125 0.197061 0.194656
2112500 0.207752 0.180206 0.194567 0.3347 -0.549824 4.23531 0.207601 0.181379 0.190524 0.207862 0.179354 0.197505
2112500 0.211075 0.181494 0.20395 -4.36627 -2.27091 4.86474 0.213168 0.182509 0.200784 0.208896 0.180438 0.207246
2112500 0.181795 0.200422 0.193824 2.3527 1.6056 1.71553 0.179983 0.198621 0.192177 0.184784 0.203393 0.196541
2112500 0.198669 0.193779 0.19603 1.50067 0.571995 1.79044 0.195624 0.193382 0.192718 0.201722 0.194177 0.199351
2112500 0.219049 0.193537 0.19791 -6.60629 -3.36221 9.05397 0.221881 0.194593 0.195114 0.215346 0.192157 0.201565
2112500 0.216699 0.183146 0.199183 -4.75456 -0.306197 2.86701 0.222461 0.184187 0.196571 0.213168 0.182509 0.200784
2112500 0.202796 0.195488 0.195151 -0.737809 -0.45867 1.72004 0.203721 0.196618 0.191532 0.201722 0.194177 0.199351
2112500 0.20511 0.193202 0.190253 0.792379 -1.69949 -0.99028 0.203721 0.196618 0.191532 0.206598 0.189545 0.188883
2112500 0.204578 0.200016 0.189815 0.480282 1.58879 -1.15756 0.203721 0.196618 0.191532 0.205298 0.202873 0.188373
2112500 0.183196 0.184848 0.20098 0.0294037 0.00718094 0.0121612 0.177605 0.182916 0.199468 0.187332 0.186276 0.202099
2112500 0.189945 0.179111 0.198249 0.00663394 0.00425812 0.00110982 0.186083 0.175652 0.197441 0.192346 0.181262 0.198751
2112500 0.190344 0.183772 0.204347 -0.143614 0.0847905 -0.114932 0.193567 0.181092 0.206752 0.187332 0.186276 0.202099
2112500 0.187247 0.189529 0.198966 -0.0195666 -0.201751 0.150372 0.187163 0.192774 0.19584 0.187332 0.186276 0.202099
2112500 0.195226 0.179855 0.19814 0.00334552 -0.00156241 -0.00133246 0.192346 0.181262 0.198751 0.198079 0.178461 0.197534
2112500 0.213208 0.194286 0.214537 11.2104 10.4989 -9.38153 0.210744 0.190959 0.21689 0.216566 0.19882 0.211328
2112500 0.186483 0.201518 0.18864 -9.28095 11.6944 -6.28553 0.189332 0.198659 0.189804 0.18366 0.20435 0.187487
2112500 0.194392 0.203176 0.201019 13.3632 40.3658 21.8648 0.192902 0.198956 0.199549 0.195357 0.205912 0.201971
2112500 0.210185 0.180736 0.198941 4.25482 1.58524 2.49004 0.207862 0.179354 0.197505 0.213168 0.182509 0.200784
2112500 0.188285 0.195819 0.192717 4.7407 11.1162 -8.4889 0.187163 0.192774 0.19584 0.189332 0.198659 0.189804
2112500 0.201458 0.181339 0.183771 2.63792 3.99494 1.15902 0.199406 0.176845 0.182815 0.202891 0.184477 0.184439
2112500 0.196726 0.184608 0.205762 -13.4114 -10.9303 4.51908 0.199516 0.187713 0.204888 0.193567 0.181092 0.206752
2112500 0.200037 0.190107 0.20838 -1.06963 -4.30516 -4.57932 0.200623 0.192795 0.212299 0.199516 0.187713 0.204888
2112500 0.200586 0.190849 0.202202 0.960388 7.61763 -6.1294 0.199516 0.187713 0.204888 0.201722 0.194177 0.199351
2112500 0.189967 0.185711 0.194668 -0.0106994 -0.00186876 -0.00239851 0.192809 0.186689 0.195452 0.186049 0.184362 0.193588
2112500 0.193297 0.188527 0.197908 0.000476062 0.00116562 0.00221616 0.192809 0.186689 0.195452 0.19383 0.190536 0.200595
2112500 0.197722 0.199037 0.181447 0.0 0.0 -0.0 0.197832 0.198502 0.178239 0.197558 0.199834 0.186223
2112500 0.211829 0.189999 0.212353 -0.782557 0.555482 1.92398 0.212556 0.189356 0.209313 0.210744 0.190959 0.21689
2112500 0.186592 0.188461 0.194686 -7.40145 -44.1281 -19.6988 0.187163 0.192774 0.19584 0.186049 0.184362 0.193588
2112500 0.19589 0.186335 0.195267 0.0 0.0 0.0 0.192809 0.186689 0.195452 0.200843 0.185767 0.19497
2112500 0.185014 0.183445 0.211474 -0.000590686 0.015213 0.000103306 0.185336 0.179134 0.212118 0.184736 0.187174 0.210917
2112500 0.19104 0.188708 0.20124 0.0025112 0.00118331 -0.000776114 0.187332 0.186276 0.202099 0.19383 0.190536 0.200595
2112500 0.187775 0.190678 0.20301 0.000594017 0.00336329 0.000214377 0.187332 0.186276 0.202099 0.188098 0.193889 0.203674
2112500 0.19635 0.189285 0.202498 -0.00314433 0.000998551 -0.0027543 0.199516 0.187713 0.204888 0.19383 0.190536 0.200595
2112500 0.189784 0.192084 0.205855 -0.00189125 0.0017825 -0.00311543 0.191937 0.189778 0.20864 0.188098 0.193889 0.203674
2112500 0.196832 0.197748 0.218444 3.84819 11.0926 -12.1527 0.196458 0.195675 0.22124 0.197233 0.199969 0.215447
2112500 0.198722 0.196816 0.214064 -11.6607 25.784 16.7936 0.200623 0.192795 0.212299 0.197233 0.199969 0.215447
2112500 0.207097 0.185478 0.1897 -0.80253 7.27045 -0.283194 0.207601 0.181379 0.190524 0.206598 0.189545 0.188883
2112500 0.215094 0.187539 0.208652 -4.75956 2.67604 1.85556 0.21893 0.184795 0.207653 0.212556 0.189356 0.209313
2112500 0.192384 0.189973 0.215951 0.00173211 0.00680084 -0.00172932 0.191757 0.18474 0.216733 0.192805 0.19348 0.215427
2112500 0.192704 0.191746 0.189683 0.510419 0.196407 0.635117 0.189165 0.189763 0.186005 0.195624 0.193382 0.192718
2112500 0.200971 0.198053 0.189163 1.11513 -0.570684 0.674172 0.197558 0.199834 0.186223 0.203721 0.196618 0.191532
2112500 0.210383 0.20413 0.199739 0.193012 0.301174 0.142475 0.208684 0.200111 0.197895 0.211468 0.206699 0.200918
2112500 0.192583 0.184042 0.197061 -0.000234883 -0.00161996 0.0013673 0.192809 0.186689 0.195452 0.192346 0.181262 0.198751
2112500 0.189259 0.194796 0.188154 -0.073755 14.9232 9.37174 0.189165 0.189763 0.186005 0.189332 0.198659 0.189804
2112500 0.193855 0.20214 0.184118 -5.53436 4.04789 -4.63624 0.197558 0.199834 0.186223 0.19108 0.203867 0.18254
2112500 0.209448 0.181396 0.214286 -2.13914 -15.6166 7.97929 0.209493 0.184215 0.213243 0.209349 0.175143 0.2166
2112500 0.214979 0.197165 0.188133 -6.25791 15.5492 -0.0894288 0.216077 0.192432 0.187986 0.213796 0.202264 0.188292
2112500 0.189967 0.195795 0.197652 26.114 22.6078 10.4115 0.187163 0.192774 0.19584 0.192902 0.198956 0.199549
2112500 0.182266 0.19916 0.197466 14.6553 21.3296 -1.05753 0.180608 0.196371 0.198074 0.184784 0.203393 0.196541
2112500 0.197312 0.180351 0.185752 3.76737 -7.73589 -8.31114 0.19564 0.18315 0.188096 0.199406 0.176845 0.182815
2112500 0.192838 0.181193 0.201976 -0.0 0.0 0.0 0.192346 0.181262 0.198751 0.193567 0.181092 0.206752
2112500 0.197923 0.191658 0.205186 -4.22465 8.34201 1.93862 0.199516 0.187713 0.204888 0.196653 0.194803 0.205424
2112500 0.198582 0.19512 0.185791 2.62529 -7.23622 -1.36754 0.197558 0.199834 0.186223 0.19942 0.191259 0.185437
2112500 0.204509 0.183386 0.192558 -13.8835 9.82351 13.1816 0.207601 0.181379 0.190524 0.200843 0.185767 0.19497
2112500 0.210162 0.185026 0.201042 -4.39839 2.71025 0.00537674 0.213168 0.182509 0.200784 0.207046 0.187635 0.20131
2112500 0.183304 0.191708 0.193772 -0.918188 -0.115705 -0.599805 0.187163 0.192774 0.19584 0.179186 0.19057 0.191565
2112500 0.203368 0.187673 0.203058 6.2786 -0.615277 -4.1593 0.199516 0.187713 0.204888 0.207046 0.187635 0.20131
2112500 0.217133 0.180498 0.206412 -4.84819 -9.58496 -1.27937 0.21893 0.184795 0.207653 0.215806 0.177324 0.205495
2112500 0.212581 0.198266 0.195936 4.0517 -2.5104 -2.92517 0.208684 0.200111 0.197895 0.215125 0.197061 0.194656
2112500 0.204923 0.184181 0.201695 -3.00377 -3.81091 1.00412 0.207046 0.187635 0.20131 0.202921 0.180926 0.202057
2112500 0.218594 0.188518 0.199286 -11.45 13.562 11.9891 0.222461 0.184187 0.196571 0.215346 0.192157 0.201565
2112500 0.183989 0.188939 0.203561 0.0480141 -0.034815 -0.0310995 0.180468 0.191743 0.205102 0.187332 0.186276 0.202099
2112500 0.195999 0.187461 0.218458 8.75164 3.94337 2.51764 0.191757 0.18474 0.216733 0.198804 0.189261 0.219599
2112500 0.20567 0.180052 0.199525 -1.47465 0.142312 1.33548 0.207862 0.179354 0.197505 0.202921 0.180926 0.202057
2112500 0.192696 0.185734 0.207761 4.57652 -13.6653 -1.85915 0.191937 0.189778 0.20864 0.193567 0.181092 0.206752
2112500 0.209977 0.186826 0.214655 0.183787 8.5111 5.38306 0.209493 0.184215 0.213243 0.210744 0.190959 0.21689
2112500 0.207531 0.184214 0.208022 1.95942 -3.67048 -1.13362 0.206429 0.187264 0.208649 0.208896 0.180438 0.207246
2112500 0.207126 0.181282 0.217969 0.00314495 -0.0167585 -0.00350151 0.205975 0.18446 0.218677 0.209349 0.175143 0.2166
2112500 0.197653 0.179954 0.2133 7.1451 5.73402 -1.37799 0.195481 0.177547 0.213797 0.200732 0.183366 0.212595
2112500 0.186064 0.180449 0.195319 -0.726861 -18.7709 12.0564 0.186049 0.184362 0.193588 0.186083 0.175652 0.197441
2112500 0.200293 0.179588 0.199602 -1.79822 -0.488487 -1.64658 0.202921 0.180926 0.202057 0.198079 0.178461 0.197534
2112500 0.201304 0.190177 0.197268 -0.12087 1.65738 0.825127 0.200843 0.185767 0.19497 0.201722 0.194177 0.199351
2112500 0.182846 0.189197 0.208343 0.00288308 -0.00229906 0.00438784 0.180468 0.191743 0.205102 0.184736 0.187174 0.210917
2112500 0.211011 0.1996 0.184745 7.45252 7.47831 7.01246 0.207403 0.196149 0.180151 0.213796 0.202264 0.188292
2112500 0.210486 0.191568 0.208309 -3.53567 3.63181 -2.6227 0.212556 0.189356 0.209313 0.207724 0.194518 0.20697
2112500 0.199947 0.181265 0.216668 2.06937 2.50075 -6.15746 0.199122 0.17906 0.220944 0.200732 0.183366 0.212595
2112500 0.200678 0.188011 0.212449 -1.17422 -28.132 5.14921 0.200623 0.192795 0.212299 0.200732 0.183366 0.212595
2112500 0.188143 0.188406 0.20984 -0.00385576 -0.000933449 0.0017239 0.191937 0.189778 0.20864 0.184736 0.187174 0.210917
2112500 0.184976 0.193011 0.204259 -0.0 -0.0 -0.0 0.180468 0.191743 0.205102 0.188098 0.193889 0.203674
2112500 0.201308 0.184141 0.203398 1.28858 -3.17323 -1.8629 0.199516 0.187713 0.204888 0.202921 0.180926 0.202057
2112500 0.198302 0.193969 0.208279 -2.56816 0.979372 -3.1326 0.200623 0.192795 0.212299 0.196653 0.194803 0.205424
2112500 0.202678 0.186158 0.181359 -0.0757874 0.297844 -0.835409 0.202891 0.184477 0.184439 0.202487 0.187663 0.178603
2112500 0.182442 0.183009 0.191302 0.0 0.0 0.0 0.186049 0.184362 0.193588 0.17855 0.181569 0.188835
2112500 0.182568 0.183757 0.196012 0.0 0.0 0.0 0.186049 0.184362 0.193588 0.177605 0.182916 0.199468
2112500 0.180551 0.194465 0.200954 0.0 0.0 0.0 0.180468 0.191743 0.205102 0.180608 0.196371 0.198074
2112500 0.182817 0.187276 0.192635 0.0 0.0 0.0 0.186049 0.184362 0.193588 0.179186 0.19057 0.191565
2112500 0.183852 0.190183 0.188965 0.0 0.0 0.0 0.189165 0.189763 0.186005 0.179186 0.19057 0.191565
2112500 0.18765 0.186154 0.213331 0.0 0.0 0.0 0.191757 0.18474 0.216733 0.184736 0.187174 0.210917
2112500 0.185919 0.186755 0.206899 0.0 0.0 0.0 0.187332 0.186276 0.202099 0.184736 0.187174 0.210917
2112500 0.185436 0.191083 0.210843 0.0 0.0 0.0 0.186181 0.19527 0.210765 0.184736 0.187174 0.210917
2112500 0.186037 0.19779 0.196172 0.0 0.0 0.0 0.187163 0.192774 0.19584 0.184784 0.203393 0.196541
2112500 0.187258 0.200808 0.192876 0.0 0.0 0.0 0.189332 0.198659 0.189804 0.184784 0.203393 0.196541
2112500 0.193502 0.18201 0.184801 0.0 0.0 0.0 0.19564 0.18315 0.188096 0.191312 0.180864 0.181426
2112500 0.197912 0.182196 0.181923 0.0 0.0 0.0 0.199406 0.176845 0.182815 0.19692 0.185763 0.18133
2112500 0.190391 0.184671 0.183391 0.0 0.0 0.0 0.189165 0.189763 0.186005 0.191312 0.180864 0.181426
2112500 0.192512 0.179422 0.1955 0.0 0.0 0.0 0.192689 0.177473 0.192021 0.192346 0.181262 0.198751
2112500 0.189624 0.182593 0.196519 0.0 0.0 0.0 0.186049 0.184362 0.193588 0.192346 0.181262 0.198751
2112500 0.196338 0.184567 0.184402 0.0 0.0 0.0 0.19564 0.18315 0.188096 0.19692 0.185763 0.18133
2112500 0.197541 0.18722 0.186758 0.0 0.0 0.0 0.19564 0.18315 0.188096 0.19942 0.191259 0.185437
2112500 0.187417 0.186723 0.190261 0.0 0.0 0.0 0.186049 0.184362 0.193588 0.189165 0.189763 0.186005
2112500 0.186674 0.185284 0.19773 0.0 0.0 0.0 0.186049 0.184362 0.193588 0.187332 0.186276 0.202099
2112500 0.190244 0.183355 0.200155 0.0 0.0 0.0 0.192346 0.181262 0.198751 0.187332 0.186276 0.202099
2112500 0.199507 0.183848 0.186146 0.0 0.0 0.0 0.19564 0.18315 0.188096 0.202891 0.184477 0.184439
2112500 0.198325 0.180526 0.189697 0.0 0.0 0.0 0.19564 0.18315 0.188096 0.200622 0.1783 0.191067
2112500 0.189244 0.180054 0.20957 0.0 0.0 0.0 0.185336 0.179134 0.212118 0.193567 0.181092 0.206752
2112500 0.194707 0.178971 0.210948 0.0 0.0 0.0 0.195481 0.177547 0.213797 0.193567 0.181092 0.206752
2112500 0.194062 0.180279 0.214916 0.0 0.0 0.0 0.195481 0.177547 0.213797 0.191757 0.18474 0.216733
2112500 0.192706 0.182817 0.211499 0.0 0.0 0.0 0.191757 0.18474 0.216733 0.193567 0.181092 0.206752
2112500 0.197218 0.182241 0.209729 0.0 0.0 0.0 0.200732 0.183366 0.212595 0.193567 0.181092 0.206752
2112500 0.203136 0.182213 0.219616 0.0 0.0 0.0 0.199122 0.17906 0.220944 0.205975 0.18446 0.218677
2112500 0.193981 0.187269 0.183102 0.0 0.0 0.0 0.189165 0.189763 0.186005 0.19692 0.185763 0.18133
2112500 0.198194 0.191486 0.181416 0.0 0.0 0.0 0.19942 0.191259 0.185437 0.197086 0.191709 0.177786
2112500 0.190505 0.189163 0.195611 0.0 0.0 0.0 0.192809 0.186689 0.195452 0.187163 0.192774 0.19584
2112500 0.193956 0.189407 0.194339 0.0 0.0 0.0 0.192809 0.186689 0.195452 0.195624 0.193382 0.192718
2112500 0.195111 0.190621 0.185676 0.0 0.0 0.0 0.19942 0.191259 0.185437 0.189165 0.189763 0.186005
2112500 0.188067 0.191405 0.1914 0.0 0.0 0.0 0.187163 0.192774 0.19584 0.189165 0.189763 0.186005
2112500 0.191388 0.193068 0.194281 0.0 0.0 0.0 0.187163 0.192774 0.19584 0.195624 0.193382 0.192718
2112500 0.191014 0.19879 0.194396 0.0 0.0 0.0 0.192902 0.198956 0.199549 0.189332 0.198659 0.189804
2112500 0.193153 0.199196 0.18814 0.0 0.0 0.0 0.197558 0.199834 0.186223 0.189332 0.198659 0.189804
2112500 0.190577 0.186512 0.198161 0.0 0.0 0.0 0.192809 0.186689 0.195452 0.187332 0.186276 0.202099
2112500 0.190964 0.191489 0.198552 0.0 0.0 0.0 0.187163 0.192774 0.19584 0.19383 0.190536 0.200595
2112500 0.187703 0.193409 0.200365 0.0 0.0 0.0 0.187163 0.192774 0.19584 0.188098 0.193889 0.203674
2112500 0.1946 0.191749 0.197214 0.0 0.0 0.0 0.195624 0.193382 0.192718 0.19383 0.190536 0.200595
2112500 0.193441 0.194053 0.200157 0.0 0.0 0.0 0.192902 0.198956 0.199549 0.19383 0.190536 0.200595
2112500 0.190074 0.195964 0.201978 0.0 0.0 0.0 0.192902 0.198956 0.199549 0.188098 0.193889 0.203674
2112500 0.190269 0.201444 0.185907 0.0 0.0 0.0 0.189332 0.198659 0.189804 0.19108 0.203867 0.18254
2112500 0.194489 0.203556 0.188185 0.0 0.0 0.0 0.197558 0.199834 0.186223 0.191649 0.207018 0.19
2112500 0.198733 0.201986 0.190405 0.0 0.0 0.0 0.197558 0.199834 0.186223 0.200024 0.204369 0.194998
2112500 0.20126 0.187654 0.184908 0.0 0.0 0.0 0.19942 0.191259 0.185437 0.202891 0.184477 0.184439
2112500 0.20113 0.189244 0.181625 0.0 0.0 0.0 0.19942 0.191259 0.185437 0.202487 0.187663 0.178603
2112500 0.201659 0.19829 0.183694 0.0 0.0 0.0 0.197558 0.199834 0.186223 0.207403 0.196149 0.180151
2112500 0.201588 0.193951 0.188509 0.0 0.0 0.0 0.203721 0.196618 0.191532 0.19942 0.191259 0.185437
2112500 0.199968 0.195108 0.192082 0.0 0.0 0.0 0.203721 0.196618 0.191532 0.195624 0.193382 0.192718
2112500 0.197402 0.196509 0.199448 0.0 0.0 0.0 0.192902 0.198956 0.199549 0.201722 0.194177 0.199351
2112500 0.202173 0.201637 0.187505 0.0 0.0 0.0 0.197558 0.199834 0.186223 0.205298 0.202873 0.188373
2112500 0.197068 0.200311 0.202357 0.0 0.0 0.0 0.192902 0.198956 0.199549 0.201762 0.201858 0.205522
2112500 0.189716 0.188079 0.205485 0.0 0.0 0.0 0.191937 0.189778 0.20864 0.187332 0.186276 0.202099
2112500 0.1957 0.188743 0.206777 0.0 0.0 0.0 0.191937 0.189778 0.20864 0.199516 0.187713 0.204888
2112500 0.19092 0.192229 0.202158 0.0 0.0 0.0 0.188098 0.193889 0.203674 0.19383 0.190536 0.200595
2112500 0.192984 0.190188 0.204189 0.0 0.0 0.0 0.191937 0.189778 0.20864 0.19383 0.190536 0.200595
2112500 0.19524 0.192659 0.203008 0.0 0.0 0.0 0.196653 0.194803 0.205424 0.19383 0.190536 0.200595
2112500 0.187236 0.194501 0.206864 0.0 0.0 0.0 0.186181 0.19527 0.210765 0.188098 0.193889 0.203674
2112500 0.192406 0.191781 0.212312 0.0 0.0 0.0 0.191937 0.189778 0.20864 0.192805 0.19348 0.215427
2112500 0.189693 0.194312 0.213236 0.0 0.0 0.0 0.186181 0.19527 0.210765 0.192805 0.19348 0.215427
2112500 0.194963 0.196634 0.215436 0.0 0.0 0.0 0.192805 0.19348 0.215427 0.197233 0.199969 0.215447
2112500 0.194649 0.194579 0.218361 0.0 0.0 0.0 0.196458 0.195675 0.22124 0.192805 0.19348 0.215427
2112500 0.195824 0.191347 0.217526 0.0 0.0 0.0 0.192805 0.19348 0.215427 0.198804 0.189261 0.219599
2112500 0.186244 0.197481 0.21429 0.0 0.0 0.0 0.186181 0.19527 0.210765 0.186334 0.200712 0.219404
2112500 0.190351 0.196213 0.216935 0.0 0.0 0.0 0.192805 0.19348 0.215427 0.186334 0.200712 0.219404
2112500 0.200097 0.185624 0.208575 0.0 0.0 0.0 0.200732 0.183366 0.212595 0.199516 0.187713 0.204888
2112500 0.200127 0.186807 0.200319 0.0 0.0 0.0 0.200843 0.185767 0.19497 0.199516 0.187713 0.204888
2112500 0.197212 0.192088 0.200062 0.0 0.0 0.0 0.201722 0.194177 0.199351 0.19383 0.190536 0.200595
2112500 0.198827 0.194525 0.202819 0.0 0.0 0.0 0.201722 0.194177 0.199351 0.196653 0.194803 0.205424
2112500 0.203412 0.187451 0.207008 0.0 0.0 0.0 0.206429 0.187264 0.208649 0.199516 0.187713 0.204888
2112500 0.195999 0.191179 0.210352 0.0 0.0 0.0 0.191937 0.189778 0.20864 0.200623 0.192795 0.212299
2112500 0.196144 0.193178 0.214091 0.0 0.0 0.0 0.200623 0.192795 0.212299 0.192805 0.19348 0.215427
2112500 0.200443 0.197856 0.217645 0.0 0.0 0.0 0.20392 0.195588 0.220026 0.197233 0.199969 0.215447
2112500 0.199635 0.18671 0.216579 0.0 0.0 0.0 0.200732 0.183366 0.212595 0.198804 0.189261 0.219599
2112500 0.20118 0.192189 0.219797 0.0 0.0 0.0 0.20392 0.195588 0.220026 0.198804 0.189261 0.219599
2112500 0.202156 0.199889 0.192999 0.0 0.0 0.0 0.203721 0.196618 0.191532 0.200024 0.204369 0.194998
2112500 0.204605 0.202107 0.196531 0.0 0.0 0.0 0.208684 0.200111 0.197895 0.200024 0.204369 0.194998
2112500 0.209336 0.182778 0.186943 0.0 0.0 0.0 0.207601 0.181379 0.190524 0.211562 0.184595 0.182348
2112500 0.205033 0.183058 0.187207 0.0 0.0 0.0 0.207601 0.181379 0.190524 0.202891 0.184477 0.184439
2112500 0.213994 0.179034 0.199062 0.0 0.0 0.0 0.213168 0.182509 0.200784 0.215411 0.173098 0.196107
2112500 0.20924 0.182605 0.210701 0.0 0.0 0.0 0.209493 0.184215 0.213243 0.208896 0.180438 0.207246
2112500 0.205075 0.181799 0.209749 0.0 0.0 0.0 0.200732 0.183366 0.212595 0.208896 0.180438 0.207246
2112500 0.206052 0.183872 0.212988 0.0 0.0 0.0 0.209493 0.184215 0.213243 0.200732 0.183366 0.212595
2112500 0.207855 0.184319 0.215773 0.0 0.0 0.0 0.209493 0.184215 0.213243 0.205975 0.18446 0.218677
2112500 0.204272 0.179978 0.21424 0.0 0.0 0.0 0.200732 0.183366 0.212595 0.209349 0.175143 0.2166
2112500 0.214086 0.186569 0.201114 0.0 0.0 0.0 0.213168 0.182509 0.200784 0.215346 0.192157 0.201565
2112500 0.207969 0.184035 0.204272 0.0 0.0 0.0 0.208896 0.180438 0.207246 0.207046 0.187635 0.20131
2112500 0.210979 0.1867 0.211336 0.0 0.0 0.0 0.209493 0.184215 0.213243 0.212556 0.189356 0.209313
2112500 0.215755 0.183525 0.203868 0.0 0.0 0.0 0.21893 0.184795 0.207653 0.213168 0.182509 0.200784
2112500 0.212589 0.178764 0.20631 0.0 0.0 0.0 0.208896 0.180438 0.207246 0.215806 0.177324 0.205495
2112500 0.207979 0.187182 0.217926 0.0 0.0 0.0 0.205975 0.18446 0.218677 0.210744 0.190959 0.21689
2112500 0.206904 0.192053 0.185555 0.0 0.0 0.0 0.207403 0.196149 0.180151 0.206598 0.189545 0.188883
2112500 0.205065 0.196437 0.187376 0.0 0.0 0.0 0.203721 0.196618 0.191532 0.207403 0.196149 0.180151
2112500 0.212456 0.193975 0.184716 0.0 0.0 0.0 0.216077 0.192432 0.187986 0.207403 0.196149 0.180151
2112500 0.209624 0.188223 0.191537 0.0 0.0 0.0 0.212588 0.186947 0.194135 0.206598 0.189545 0.188883
2112500 0.203976 0.187814 0.191656 0.0 0.0 0.0 0.200843 0.185767 0.19497 0.206598 0.189545 0.188883
2112500 0.207275 0.194945 0.192772 0.0 0.0 0.0 0.210074 0.193643 0.193749 0.203721 0.196618 0.191532
2112500 0.205963 0.198186 0.194407 0.0 0.0 0.0 0.203721 0.196618 0.191532 0.208684 0.200111 0.197895
2112500 0.209811 0.187282 0.19773 0.0 0.0 0.0 0.212588 0.186947 0.194135 0.207046 0.187635 0.20131
2112500 0.213778 0.189186 0.197343 0.0 0.0 0.0 0.212588 0.186947 0.194135 0.215346 0.192157 0.201565
2112500 0.204525 0.190724 0.200382 0.0 0.0 0.0 0.201722 0.194177 0.199351 0.207046 0.187635 0.20131
2112500 0.204815 0.194343 0.203278 0.0 0.0 0.0 0.201722 0.194177 0.199351 0.207724 0.194518 0.20697
2112500 0.21199 0.193094 0.19659 0.0 0.0 0.0 0.210074 0.193643 0.193749 0.215346 0.192157 0.201565
2112500 0.211801 0.196379 0.199613 0.0 0.0 0.0 0.208684 0.200111 0.197895 0.215346 0.192157 0.201565
2112500 0.212055 0.203932 0.196394 0.0 0.0 0.0 0.208684 0.200111 0.197895 0.214208 0.206388 0.195435
2112500 0.211111 0.201124 0.193335 0.0 0.0 0.0 0.208684 0.200111 0.197895 0.213796 0.202264 0.188292
2112500 0.205422 0.200925 0.20149 0.0 0.0 0.0 0.208684 0.200111 0.197895 0.201762 0.201858 0.205522
2112500 0.216433 0.185862 0.195084 0.0 0.0 0.0 0.222461 0.184187 0.196571 0.212588 0.186947 0.194135
2112500 0.210979 0.19087 0.188469 0.0 0.0 0.0 0.216077 0.192432 0.187986 0.206598 0.189545 0.188883
2112500 0.212399 0.193165 0.191517 0.0 0.0 0.0 0.210074 0.193643 0.193749 0.216077 0.192432 0.187986
2112500 0.215495 0.195252 0.192063 0.0 0.0 0.0 0.216077 0.192432 0.187986 0.215125 0.197061 0.194656
2112500 0.207377 0.190991 0.204077 0.0 0.0 0.0 0.207046 0.187635 0.20131 0.207724 0.194518 0.20697
2112500 0.204059 0.189513 0.210139 0.0 0.0 0.0 0.206429 0.187264 0.208649 0.200623 0.192795 0.212299
2112500 0.209545 0.188319 0.208986 0.0 0.0 0.0 0.206429 0.187264 0.208649 0.212556 0.189356 0.209313
2112500 0.203767 0.196405 0.212912 0.0 0.0 0.0 0.200623 0.192795 0.212299 0.206356 0.199395 0.213416
2112500 0.213594 0.190389 0.20643 0.0 0.0 0.0 0.212556 0.189356 0.209313 0.215346 0.192157 0.201565
2112500 0.208343 0.195565 0.214989 0.0 0.0 0.0 0.206356 0.199395 0.213416 0.210744 0.190959 0.21689
2112500 0.201162 0.197081 0.209087 0.0 0.0 0.0 0.200623 0.192795 0.212299 0.201762 0.201858 0.205522
2112500 0.204399 0.200435 0.210054 0.0 0.0 0.0 0.206356 0.199395 0.213416 0.201762 0.201858 0.205522
2112500 0.213877 0.192466 0.209977 0.0 0.0 0.0 0.212556 0.189356 0.209313 0.216566 0.19882 0.211328
2112500 0.211226 0.196213 0.208696 0.0 0.0 0.0 0.216566 0.19882 0.211328 0.207724 0.194518 0.20697
2112500 0.215899 0.195168 0.205992 0.0 0.0 0.0 0.216566 0.19882 0.211328 0.215346 0.192157 0.201565
2112500 0.210213 0.199169 0.212627 0.0 0.0 0.0 0.206356 0.199395 0.213416 0.216566 0.19882 0.211328
2112500 0.183086 0.210578 0.194067 -3.74113 -0.298516 0.690237 0.186328 0.211115 0.193912 0.179321 0.209956 0.194246
2112500 0.190453 0.202704 0.189898 -15.5295 -39.0347 3.94084 0.191649 0.207018 0.19 0.189332 0.198659 0.189804
2112500 0.19283 0.204057 0.211873 -0.966184 -14.9855 -10.87 0.193239 0.20733 0.215126 0.192424 0.200816 0.208651
2112500 0.19457 0.204845 0.208196 -6.92985 -13.7682 4.04059 0.196035 0.207595 0.207886 0.192424 0.200816 0.208651
2112500 0.196752 0.201299 0.207201 -6.52432 -1.83991 2.04275 0.201762 0.201858 0.205522 0.192424 0.200816 0.208651
2112500 0.194459 0.205408 0.219162 1.925 -4.02664 11.7484 0.193239 0.20733 0.215126 0.19567 0.203501 0.223167
2112500 0.188293 0.212286 0.185629 -5.56402 -9.64541 -10.1641 0.189626 0.215772 0.188396 0.187313 0.209725 0.183596
2112500 0.188581 0.20938 0.192256 2.30144 -1.19944 -1.37483 0.186328 0.211115 0.193912 0.191649 0.207018 0.19
2112500 0.194369 0.210171 0.191652 13.3901 13.0708 10.6235 0.191649 0.207018 0.19 0.196862 0.213062 0.193167
2112500 0.187728 0.213678 0.195424 4.44886 9.09017 7.40675 0.186328 0.211115 0.193912 0.189693 0.217275 0.197547
2112500 0.196949 0.213286 0.197268 -1.07293 1.81317 11.0626 0.196862 0.213062 0.193167 0.197049 0.213546 0.20203
2112500 0.193311 0.215441 0.199752 -10.5512 3.84071 -4.51359 0.197049 0.213546 0.20203 0.189693 0.217275 0.197547
2112500 0.191924 0.218159 0.185138 -4.70352 -4.37087 8.63491 0.194316 0.220644 0.181746 0.189626 0.215772 0.188396
2112500 0.197371 0.217014 0.192169 2.57236 16.5913 -7.1377 0.196862 0.213062 0.193167 0.197962 0.221603 0.191012
2112500 0.195975 0.210649 0.213404 8.29527 8.21001 -3.03595 0.193239 0.20733 0.215126 0.198903 0.214201 0.211561
2112500 0.195692 0.206743 0.204892 -2.61961 -6.42374 -14.1356 0.196035 0.207595 0.207886 0.195357 0.205912 0.201971
2112500 0.197145 0.210152 0.209309 -11.2419 -22.4923 -18.0947 0.198903 0.214201 0.211561 0.196035 0.207595 0.207886
2112500 0.191482 0.211606 0.215394 -28.8055 49.8915 8.37468 0.193239 0.20733 0.215126 0.189308 0.216893 0.215724
2112500 0.19859 0.217811 0.20055 4.68824 8.55465 -2.5826 0.197049 0.213546 0.20203 0.199818 0.221211 0.199371
2112500 0.19444 0.216965 0.204088 18.6055 -18.6888 -16.3666 0.19183 0.220387 0.206147 0.197049 0.213546 0.20203
2112500 0.202947 0.216721 0.212933 13.5581 9.03241 2.03708 0.198903 0.214201 0.211561 0.206584 0.218988 0.214166
2112500 0.201264 0.211367 0.201553 14.0745 -7.1945 0.926344 0.197049 0.213546 0.20203 0.204829 0.209524 0.20115
2112500 0.201125 0.215561 0.203467 18.8172 6.99382 9.26359 0.197049 0.213546 0.20203 0.205121 0.217535 0.204875
2112500 0.200886 0.207985 0.219113 -4.83967 6.47763 8.47024 0.2025 0.205373 0.216711 0.199474 0.210268 0.221213
2112500 0.214632 0.198993 0.192294 0.0828145 -10.5044 13.7162 0.213796 0.202264 0.188292 0.215125 0.197061 0.194656
2112500 0.209572 0.201563 0.202313 -2.87017 -2.66735 -16.7551 0.210154 0.202517 0.205214 0.208684 0.200111 0.197895
2112500 0.210257 0.204455 0.185114 10.6511 -5.60509 6.6467 0.207976 0.205867 0.183066 0.213796 0.202264 0.188292
2112500 0.208437 0.203945 0.19513 -1.81478 -14.3626 11.4957 0.208263 0.206648 0.193181 0.208684 0.200111 0.197895
2112500 0.214057 0.204879 0.19282 1.96476 -9.14463 -18.5452 0.214208 0.206388 0.195435 0.213796 0.202264 0.188292
2112500 0.205072 0.197783 0.206326 21.0179 -23.2489 0.0718844 0.201762 0.201858 0.205522 0.207724 0.194518 0.20697
2112500 0.203505 0.206216 0.203037 8.58252 25.1391 -16.2321 0.201762 0.201858 0.205522 0.204829 0.209524 0.20115
2112500 0.209438 0.204956 0.207005 -1.20188 11.2558 7.09564 0.210154 0.202517 0.205214 0.208154 0.209328 0.210216
2112500 0.204418 0.2024 0.215072 4.85244 -6.74554 -2.41112 0.2025 0.205373 0.216711 0.206356 0.199395 0.213416
2112500 0.212231 0.20132 0.207194 12.0879 -4.47651 8.92532 0.210154 0.202517 0.205214 0.216566 0.19882 0.211328
2112500 0.204877 0.206107 0.18175 -6.45158 -0.0893206 -3.83896 0.207976 0.205867 0.183066 0.200494 0.206447 0.179889
2112500 0.203169 0.21504 0.182388 4.38939 -2.28344 15.4365 0.201304 0.215522 0.178358 0.205783 0.214365 0.188038
2112500 0.211823 0.213358 0.189357 -3.95898 1.26236 -1.23397 0.215382 0.212765 0.190134 0.205783 0.214365 0.188038
2112500 0.21299 0.209077 0.196081 -7.18704 26.7182 6.29334 0.214208 0.206388 0.195435 0.211245 0.212931 0.197007
2112500 0.207401 0.209332 0.191392 -7.6967 14.1806 -10.9348 0.208263 0.206648 0.193181 0.205783 0.214365 0.188038
2112500 0.207922 0.211167 0.199153 -22.685 -8.09414 17.167 0.211245 0.212931 0.197007 0.204829 0.209524 0.20115
2112500 0.212798 0.216248 0.199323 -4.61825 -13.7691 -12.0559 0.214295 0.219445 0.201555 0.211245 0.212931 0.197007
2112500 0.212156 0.216737 0.195151 1.942 24.1699 -13.9791 0.211245 0.212931 0.197007 0.212987 0.220208 0.193458
2112500 0.206504 0.213792 0.207311 -4.09693 7.09974 -5.8578 0.208154 0.209328 0.210216 0.205121 0.217535 0.204875
2112500 0.215706 0.213769 0.207861 1.19521 -0.876272 -1.4658 0.214335 0.215343 0.210083 0.218144 0.210972 0.203909
2112500 0.199978 0.2128 0.186286 7.23367 0.711302 2.13204 0.19643 0.211844 0.185215 0.205783 0.214365 0.188038
2112500 0.204827 0.207001 0.214038 3.59338 1.91365 -2.94804 0.2025 0.205373 0.216711 0.208154 0.209328 0.210216
2112500 0.194729 0.212034 0.181792 1.7385 0.441567 3.92188 0.192938 0.212235 0.17819 0.19643 0.211844 0.185215
2112500 0.207056 0.202274 0.205328 -4.58249 0.363424 0.0797599 0.210154 0.202517 0.205214 0.201762 0.201858 0.205522
2112500 0.217075 0.206937 0.194644 2.50494 0.67768 -0.323939 0.214208 0.206388 0.195435 0.221852 0.207851 0.193326
2112500 0.21215 0.213217 0.21013 -1.15247 -0.810744 0.0217473 0.214335 0.215343 0.210083 0.208154 0.209328 0.210216
2112500 0.193357 0.213617 0.186652 -2.00889 1.25024 1.42021 0.19643 0.211844 0.185215 0.189626 0.215772 0.188396
2112500 0.198238 0.209443 0.182846 1.22202 -2.51519 -2.03434 0.19643 0.211844 0.185215 0.200494 0.206447 0.179889
2112500 0.213479 0.212842 0.193295 -1.78552 0.186935 4.41725 0.215382 0.212765 0.190134 0.211245 0.212931 0.197007
2112500 0.204344 0.215171 0.19408 -0.424115 0.497233 5.379 0.205783 0.214365 0.188038 0.203588 0.215594 0.197251
2112500 0.204145 0.212869 0.199002 0.380858 -4.81782 3.95129 0.203588 0.215594 0.197251 0.204829 0.209524 0.20115
2112500 0.203286 0.203443 0.1909 -0.982315 0.101592 1.54243 0.205298 0.202873 0.188373 0.200024 0.204369 0.194998
2112500 0.206618 0.204348 0.185757 -0.714047 -1.26975 2.39679 0.207976 0.205867 0.183066 0.205298 0.202873 0.188373
2112500 0.207786 0.202638 0.182097 0.117932 -1.5079 -0.609339 0.207976 0.205867 0.183066 0.207403 0.196149 0.180151
2112500 0.191906 0.208123 0.194336 -0.0 -0.0 0.0 0.191649 0.207018 0.19 0.192092 0.208926 0.197486
2112500 0.190373 0.209312 0.200224 -0.00106641 0.00058624 0.00176799 0.192092 0.208926 0.197486 0.186901 0.210093 0.205755
2112500 0.215497 0.213581 0.212282 1.22738 -2.90183 4.05703 0.214335 0.215343 0.210083 0.217796 0.210096 0.216631
2112500 0.218681 0.213844 0.199343 0.0 0.0 0.0 0.21907 0.215924 0.196038 0.218144 0.210972 0.203909
2112500 0.198647 0.197556 0.205462 -12.0078 -12.7955 1.47932 0.201762 0.201858 0.205522 0.196653 0.194803 0.205424
2112500 0.200397 0.213578 0.191135 5.82486 1.33676 -4.64873 0.196862 0.213062 0.193167 0.205783 0.214365 0.188038
2112500 0.21082 0.204636 0.203036 0.43715 0.769364 -0.804507 0.210154 0.202517 0.205214 0.211468 0.206699 0.200918
2112500 0.201841 0.218198 0.198234 -4.82249 5.36205 2.96893 0.203588 0.215594 0.197251 0.199818 0.221211 0.199371
2112500 0.211377 0.209261 0.19931 0.32135 -1.46185 1.04715 0.211245 0.212931 0.197007 0.211468 0.206699 0.200918
2112500 0.212963 0.217923 0.20922 -2.09262 4.4979 -2.32258 0.214335 0.215343 0.210083 0.211512 0.220654 0.208307
2112500 0.190185 0.204403 0.217018 -13.0351 -8.9823 8.36404 0.193239 0.20733 0.215126 0.186334 0.200712 0.219404
2112500 0.181816 0.202482 0.20048 0.17356 0.016604 -0.185037 0.178734 0.201536 0.204569 0.184784 0.203393 0.196541
2112500 0.184857 0.216171 0.204307 8.10787 -15.4839 3.30728 0.183659 0.219733 0.203458 0.186901 0.210093 0.205755
2112500 0.216741 0.197298 0.200796 -10.4817 -23.1863 4.09917 0.217932 0.201691 0.200139 0.215346 0.192157 0.201565
2112500 0.211382 0.206512 0.194364 3.30166 -0.621127 1.63339 0.208263 0.206648 0.193181 0.214208 0.206388 0.195435
2112500 0.215685 0.204525 0.197301 -14.0812 11.8937 -13.9195 0.217932 0.201691 0.200139 0.214208 0.206388 0.195435
2112500 0.1857 0.206292 0.200527 -6.47655 -10.6499 -19.3397 0.186901 0.210093 0.205755 0.184784 0.203393 0.196541
2112500 0.182861 0.213037 0.201481 0.000910671 -0.000859673 0.000829673 0.180978 0.21441 0.199488 0.186901 0.210093 0.205755
2112500 0.218029 0.205952 0.20187 0.764675 4.53262 2.3647 0.217932 0.201691 0.200139 0.218144 0.210972 0.203909
2112500 0.18417 0.203916 0.191594 -0.99995 4.62298 -18.231 0.184784 0.203393 0.196541 0.18366 0.20435 0.187487
2112500 0.194228 0.209621 0.187419 3.17487 4.45407 -3.21434 0.191649 0.207018 0.19 0.19643 0.211844 0.185215
2112500 0.202756 0.207301 0.198497 0.310936 0.517541 0.515507 0.200024 0.204369 0.194998 0.204829 0.209524 0.20115
2112500 0.196018 0.208893 0.201994 -9.98107 -40.9417 6.36122 0.197049 0.213546 0.20203 0.195357 0.205912 0.201971
2112500 0.209011 0.213518 0.193339 1.00701 -0.31266 1.20631 0.205783 0.214365 0.188038 0.211245 0.212931 0.197007
2112500 0.19824 0.209273 0.193965 0.256711 -1.35615 0.282059 0.196862 0.213062 0.193167 0.200024 0.204369 0.194998
2112500 0.206972 0.215623 0.217068 -0.652307 -6.91538 6.22867 0.206584 0.218988 0.214166 0.207388 0.212029 0.22017
2112500 0.197696 0.204432 0.203268 4.74597 -2.59988 1.61962 0.195357 0.205912 0.201971 0.201762 0.201858 0.205522
2112500 0.184511 0.213828 0.193512 -1.49615 2.122 0.0910306 0.186328 0.211115 0.193912 0.182247 0.217211 0.193014
2112500 0.199816 0.20262 0.216067 -4.31536 -4.61817 -0.0551625 0.2025 0.205373 0.216711 0.197233 0.199969 0.215447
2112500 0.198159 0.205467 0.207009 10.8564 -11.3451 -1.99528 0.196035 0.207595 0.207886 0.201762 0.201858 0.205522
2112500 0.207741 0.210784 0.215582 -1.81311 1.54446 8.33502 0.208154 0.209328 0.210216 0.207388 0.212029 0.22017
2112500 0.21604 0.218058 0.194753 -6.78657 3.2457 -2.54658 0.21907 0.215924 0.196038 0.212987 0.220208 0.193458
2112500 0.193088 0.208401 0.207198 -10.4878 2.19241 -0.799627 0.196035 0.207595 0.207886 0.186901 0.210093 0.205755
2112500 0.185716 0.208056 0.194954 -3.69624 -13.4352 7.02091 0.186328 0.211115 0.193912 0.184784 0.203393 0.196541
2112500 0.195446 0.203263 0.215303 20.5489 -29.8135 5.71302 0.193239 0.20733 0.215126 0.197233 0.199969 0.215447
2112500 0.188187 0.213727 0.211082 1.0223 6.56465 12.0978 0.186901 0.210093 0.205755 0.189308 0.216893 0.215724
2112500 0.208137 0.200611 0.216716 -2.27116 -1.21829 -5.64209 0.210642 0.202321 0.221358 0.206356 0.199395 0.213416
2112500 0.181521 0.215608 0.196719 0.00168618 0.00283804 -0.0110773 0.180978 0.21441 0.199488 0.182247 0.217211 0.193014
2112500 0.190656 0.211315 0.189212 -4.154 19.8246 -0.390336 0.191649 0.207018 0.19 0.189626 0.215772 0.188396
2112500 0.194907 0.207488 0.210806 0.718286 0.434573 -2.28806 0.193239 0.20733 0.215126 0.196035 0.207595 0.207886
2112500 0.185749 0.217241 0.195146 -5.71387 1.00584 -3.36283 0.189693 0.217275 0.197547 0.182247 0.217211 0.193014
2112500 0.187695 0.213045 0.191626 3.50894 5.35113 -4.49256 0.186328 0.211115 0.193912 0.189626 0.215772 0.188396
2112500 0.181229 0.209335 0.202513 0.372464 -0.0185403 0.216557 0.178597 0.208984 0.201009 0.186901 0.210093 0.205755
2112500 0.216758 0.217629 0.19871 4.82426 -2.14868 -4.87657 0.214295 0.219445 0.201555 0.21907 0.215924 0.196038
2112500 0.20857 0.202638 0.188341 0.344041 -0.0566038 -0.0488755 0.205298 0.202873 0.188373 0.213796 0.202264 0.188292
2112500 0.192782 0.212094 0.203596 0.0223957 0.00838228 -0.012777 0.186901 0.210093 0.205755 0.197049 0.213546 0.20203
2112500 0.215971 0.215756 0.20258 2.0494 -3.08656 1.08661 0.214295 0.219445 0.201555 0.218144 0.210972 0.203909
2112500 0.212787 0.209697 0.213298 0.384111 -0.0363744 0.298132 0.208154 0.209328 0.210216 0.217796 0.210096 0.216631
2112500 0.18024 0.212417 0.197155 0.0 0.0 0.0 0.180978 0.21441 0.199488 0.179321 0.209956 0.194246
2112500 0.181683 0.207109 0.195239 0.0 0.0 0.0 0.179321 0.209956 0.194246 0.184784 0.203393 0.196541
2112500 0.180937 0.206859 0.199319 0.0 0.0 0.0 0.178597 0.208984 0.201009 0.184784 0.203393 0.196541
2112500 0.182166 0.216759 0.201247 0.0 0.0 0.0 0.180978 0.21441 0.199488 0.183659 0.219733 0.203458
2112500 0.187623 0.204083 0.184845 0.0 0.0 0.0 0.19108 0.203867 0.18254 0.18366 0.20435 0.187487
2112500 0.187507 0.205625 0.188697 0.0 0.0 0.0 0.191649 0.207018 0.19 0.18366 0.20435 0.187487
2112500 0.188409 0.205298 0.193087 0.0 0.0 0.0 0.191649 0.207018 0.19 0.184784 0.203393 0.196541
2112500 0.189215 0.206739 0.197114 0.0 0.0 0.0 0.192092 0.208926 0.197486 0.184784 0.203393 0.196541
2112500 0.182343 0.205307 0.205093 0.0 0.0 0.0 0.186901 0.210093 0.205755 0.178734 0.201536 0.204569
2112500 0.185706 0.216527 0.19085 0.0 0.0 0.0 0.189626 0.215772 0.188396 0.182247 0.217211 0.193014
2112500 0.183093 0.214678 0.208547 0.0 0.0 0.0 0.186901 0.210093 0.205755 0.180907 0.217323 0.210149
2112500 0.194853 0.197353 0.206797 0.0 0.0 0.0 0.192424 0.200816 0.208651 0.196653 0.194803 0.205424
2112500 0.195069 0.20034 0.212389 0.0 0.0 0.0 0.192424 0.200816 0.208651 0.197233 0.199969 0.215447
2112500 0.19653 0.201546 0.218916 0.0 0.0 0.0 0.19567 0.203501 0.223167 0.197233 0.199969 0.215447
2112500 0.189188 0.208545 0.186365 0.0 0.0 0.0 0.191649 0.207018 0.19 0.187313 0.209725 0.183596
2112500 0.191334 0.205268 0.185879 0.0 0.0 0.0 0.191649 0.207018 0.19 0.19108 0.203867 0.18254
2112500 0.195478 0.205798 0.192285 0.0 0.0 0.0 0.191649 0.207018 0.19 0.200024 0.204369 0.194998
2112500 0.196638 0.212422 0.18905 0.0 0.0 0.0 0.196862 0.213062 0.193167 0.19643 0.211844 0.185215
2112500 0.189225 0.210005 0.195709 0.0 0.0 0.0 0.186328 0.211115 0.193912 0.192092 0.208926 0.197486
2112500 0.1942 0.210745 0.195577 0.0 0.0 0.0 0.192092 0.208926 0.197486 0.196862 0.213062 0.193167
2112500 0.195103 0.207187 0.196542 0.0 0.0 0.0 0.192092 0.208926 0.197486 0.200024 0.204369 0.194998
2112500 0.193776 0.207372 0.199799 0.0 0.0 0.0 0.192092 0.208926 0.197486 0.195357 0.205912 0.201971
2112500 0.194103 0.210791 0.199329 0.0 0.0 0.0 0.192092 0.208926 0.197486 0.197049 0.213546 0.20203
2112500 0.19706 0.20534 0.199426 0.0 0.0 0.0 0.195357 0.205912 0.201971 0.200024 0.204369 0.194998
2112500 0.195496 0.215721 0.183683 0.0 0.0 0.0 0.194316 0.220644 0.181746 0.19643 0.211844 0.185215
2112500 0.1911 0.212369 0.197511 0.0 0.0 0.0 0.192092 0.208926 0.197486 0.189693 0.217275 0.197547
2112500 0.193466 0.214324 0.190928 0.0 0.0 0.0 0.196862 0.213062 0.193167 0.189626 0.215772 0.188396
2112500 0.193486 0.215037 0.195229 0.0 0.0 0.0 0.196862 0.213062 0.193167 0.189693 0.217275 0.197547
2112500 0.200941 0.198854 0.197349 0.0 0.0 0.0 0.200024 0.204369 0.194998 0.201722 0.194177 0.199351
2112500 0.198679 0.213531 0.182051 0.0 0.0 0.0 0.201304 0.215522 0.178358 0.19643 0.211844 0.185215
2112500 0.200599 0.21446 0.195436 0.0 0.0 0.0 0.196862 0.213062 0.193167 0.203588 0.215594 0.197251
2112500 0.205085 0.20576 0.193882 0.0 0.0 0.0 0.208263 0.206648 0.193181 0.200024 0.204369 0.194998
2112500 0.200893 0.203104 0.200263 0.0 0.0 0.0 0.200024 0.204369 0.194998 0.201762 0.201858 0.205522
2112500 0.190618 0.208463 0.211252 0.0 0.0 0.0 0.193239 0.20733 0.215126 0.186901 0.210093 0.205755
2112500 0.196437 0.209944 0.205564 0.0 0.0 0.0 0.196035 0.207595 0.207886 0.197049 0.213546 0.20203
2112500 0.192674 0.20723 0.203172 0.0 0.0 0.0 0.186901 0.210093 0.205755 0.195357 0.205912 0.201971
2112500 0.194185 0.203865 0.204642 0.0 0.0 0.0 0.195357 0.205912 0.201971 0.192424 0.200816 0.208651
2112500 0.190153 0.20462 0.207461 0.0 0.0 0.0 0.186901 0.210093 0.205755 0.192424 0.200816 0.208651
2112500 0.197958 0.213858 0.206703 0.0 0.0 0.0 0.198903 0.214201 0.211561 0.197049 0.213546 0.20203
2112500 0.196831 0.209014 0.218633 0.0 0.0 0.0 0.193239 0.20733 0.215126 0.199474 0.210268 0.221213
2112500 0.188541 0.214303 0.200933 0.0 0.0 0.0 0.186901 0.210093 0.205755 0.189693 0.217275 0.197547
2112500 0.189757 0.216048 0.205982 0.0 0.0 0.0 0.19183 0.220387 0.206147 0.186901 0.210093 0.205755
2112500 0.195299 0.217344 0.208802 0.0 0.0 0.0 0.198903 0.214201 0.211561 0.19183 0.220387 0.206147
2112500 0.199383 0.216262 0.216049 0.0 0.0 0.0 0.198903 0.214201 0.211561 0.199827 0.218184 0.220196
2112500 0.194452 0.215441 0.213493 0.0 0.0 0.0 0.198903 0.214201 0.211561 0.189308 0.216893 0.215724
2112500 0.20092 0.21475 0.199201 0.0 0.0 0.0 0.197049 0.213546 0.20203 0.203588 0.215594 0.197251
2112500 0.203257 0.211898 0.210928 0.0 0.0 0.0 0.198903 0.214201 0.211561 0.208154 0.209328 0.210216
2112500 0.198268 0.206258 0.215987 0.0 0.0 0.0 0.193239 0.20733 0.215126 0.2025 0.205373 0.216711
2112500 0.202103 0.215908 0.20812 0.0 0.0 0.0 0.198903 0.214201 0.211561 0.205121 0.217535 0.204875
2112500 0.199366 0.204505 0.219673 0.0 0.0 0.0 0.2025 0.205373 0.216711 0.19567 0.203501 0.223167
2112500 0.18966 0.216517 0.192986 0.0 0.0 0.0 0.189626 0.215772 0.188396 0.189693 0.217275 0.197547
2112500 0.201343 0.218464 0.189726 0.0 0.0 0.0 0.197962 0.221603 0.191012 0.205783 0.214365 0.188038
2112500 0.195153 0.217601 0.218209 0.0 0.0 0.0 0.199827 0.218184 0.220196 0.189308 0.216893 0.215724
2112500 0.205984 0.200672 0.185693 0.0 0.0 0.0 0.205298 0.202873 0.188373 0.207403 0.196149 0.180151
2112500 0.201741 0.197701 0.20219 0.0 0.0 0.0 0.201762 0.201858 0.205522 0.201722 0.194177 0.199351
2112500 0.216253 0.198913 0.196861 0.0 0.0 0.0 0.217932 0.201691 0.200139 0.215125 0.197061 0.194656
2112500 0.213375 0.200903 0.199034 0.0 0.0 0.0 0.217932 0.201691 0.200139 0.208684 0.200111 0.197895
2112500 0.209128 0.199131 0.205955 0.0 0.0 0.0 0.210154 0.202517 0.205214 0.207724 0.194518 0.20697
2112500 0.2071 0.2035 0.21209 0.0 0.0 0.0 0.208154 0.209328 0.210216 0.206356 0.199395 0.213416
2112500 0.202782 0.209863 0.183414 0.0 0.0 0.0 0.205783 0.214365 0.188038 0.200494 0.206447 0.179889
2112500 0.207208 0.208834 0.184807 0.0 0.0 0.0 0.207976 0.205867 0.183066 0.205783 0.214365 0.188038
2112500 0.211201 0.211824 0.184744 0.0 0.0 0.0 0.205783 0.214365 0.188038 0.215192 0.209968 0.182318
2112500 0.207204 0.212379 0.182159 0.0 0.0 0.0 0.205783 0.214365 0.188038 0.207991 0.211295 0.178907
2112500 0.20956 0.209373 0.194846 0.0 0.0 0.0 0.208263 0.206648 0.193181 0.211245 0.212931 0.197007
2112500 0.206767 0.204734 0.190755 0.0 0.0 0.0 0.208263 0.206648 0.193181 0.205298 0.202873 0.188373
2112500 0.210417 0.204933 0.191278 0.0 0.0 0.0 0.208263 0.206648 0.193181 0.213796 0.202264 0.188292
2112500 0.206891 0.214437 0.197146 0.0 0.0 0.0 0.203588 0.215594 0.197251 0.211245 0.212931 0.197007
2112500 0.212838 0.206534 0.198176 0.0 0.0 0.0 0.214208 0.206388 0.195435 0.211468 0.206699 0.200918
2112500 0.214225 0.21635 0.191739 0.0 0.0 0.0 0.215382 0.212765 0.190134 0.212987 0.220208 0.193458
2112500 0.2102 0.217938 0.191361 0.0 0.0 0.0 0.205783 0.214365 0.188038 0.212987 0.220208 0.193458
2112500 0.204221 0.216386 0.200398 0.0 0.0 0.0 0.205121 0.217535 0.204875 0.203588 0.215594 0.197251
2112500 0.21431 0.212052 0.200074 0.0 0.0 0.0 0.218144 0.210972 0.203909 0.211245 0.212931 0.197007
2112500 0.217169 0.214287 0.192996 0.0 0.0 0.0 0.21907 0.215924 0.196038 0.215382 0.212765 0.190134
2112500 0.215352 0.214493 0.196499 0.0 0.0 0.0 0.21907 0.215924 0.196038 0.211245 0.212931 0.197007
2112500 0.208622 0.207901 0.201017 0.0 0.0 0.0 0.211468 0.206699 0.200918 0.204829 0.209524 0.20115
2112500 0.206224 0.209433 0.204956 0.0 0.0 0.0 0.208154 0.209328 0.210216 0.204829 0.209524 0.20115
2112500 0.204881 0.205494 0.207812 0.0 0.0 0.0 0.208154 0.209328 0.210216 0.201762 0.201858 0.205522
2112500 0.207281 0.214686 0.21241 0.0 0.0 0.0 0.208154 0.209328 0.210216 0.206584 0.218988 0.214166
2112500 0.204964 0.213226 0.202876 0.0 0.0 0.0 0.205121 0.217535 0.204875 0.204829 0.209524 0.20115
2112500 0.21204 0.204464 0.21073 0.0 0.0 0.0 0.208154 0.209328 0.210216 0.216566 0.19882 0.211328
2112500 0.214033 0.204702 0.200609 0.0 0.0 0.0 0.217932 0.201691 0.200139 0.211468 0.206699 0.200918
2112500 0.21386 0.208221 0.20199 0.0 0.0 0.0 0.218144 0.210972 0.203909 0.211468 0.206699 0.200918
2112500 0.213219 0.210152 0.207018 0.0 0.0 0.0 0.208154 0.209328 0.210216 0.218144 0.210972 0.203909
2112500 0.215883 0.217875 0.210822 0.0 0.0 0.0 0.214335 0.215343 0.210083 0.218045 0.221431 0.211855
2112500 0.204699 0.208359 0.218267 0.0 0.0 0.0 0.2025 0.205373 0.216711 0.207388 0.212029 0.22017
2112500 0.205861 0.204104 0.218629 0.0 0.0 0.0 0.2025 0.205373 0.216711 0.210642 0.202321 0.221358
2112500 0.205869 0.21827 0.20963 0.0 0.0 0.0 0.206584 0.218988 0.214166 0.205121 0.217535 0.204875
2112500 0.217366 0.200491 0.204779 0.0 0.0 0.0 0.217932 0.201691 0.200139 0.216566 0.19882 0.211328
