# ts x y z Fx Fy Fz x1 y1 z1 x2 y2 z2
975000 0.18204 0.180695 0.198366 -44.4905 41.8214 1.24416 0.18598 0.177353 0.197475 0.177456 0.184583 0.199402
975000 0.182255 0.200693 0.197491 21.897 30.4766 -1.7626 0.18055 0.197937 0.198115 0.184844 0.204877 0.196545
975000 0.183239 0.193309 0.193793 -1.48838 -0.13632 -0.868388 0.187103 0.194351 0.195863 0.179115 0.192196 0.191584
975000 0.185721 0.199121 0.187852 8.3001 3.30099 6.26006 0.182361 0.198141 0.186054 0.189308 0.200168 0.189773
975000 0.183322 0.19642 0.197162 -28.7669 16.8296 4.58478 0.187103 0.194351 0.195863 0.18055 0.197937 0.198115
975000 0.186513 0.203088 0.188634 -23.9751 20.6157 -13.5262 0.189308 0.200168 0.189773 0.183745 0.205981 0.187506
975000 0.183441 0.195258 0.208173 20.5483 19.1203 21.4636 0.180318 0.193334 0.205148 0.186086 0.196888 0.210734
975000 0.191003 0.178808 0.183181 1.24276 18.066 -5.61895 0.190718 0.174497 0.185319 0.191245 0.182484 0.181358
975000 0.194375 0.185146 0.181357 24.0093 15.6532 -2.74601 0.191245 0.182484 0.181358 0.196917 0.187308 0.181356
975000 0.197284 0.181967 0.18574 8.4212 -9.84702 -11.4461 0.195634 0.184742 0.188127 0.19935 0.178491 0.182749
975000 0.19809 0.189825 0.183208 -5.01761 -20.0571 -14.2466 0.199483 0.192815 0.185407 0.196917 0.187308 0.181356
975000 0.199873 0.186705 0.182788 -3.84027 0.497934 -2.58578 0.202984 0.18607 0.184294 0.196917 0.187308 0.181356
975000 0.20149 0.182953 0.183659 1.53607 4.22006 1.43338 0.19935 0.178491 0.182749 0.202984 0.18607 0.184294
975000 0.200105 0.179331 0.187651 -0.0795673 1.63027 9.74261 0.19935 0.178491 0.182749 0.20062 0.179904 0.190998
975000 0.193984 0.181723 0.190195 -7.40813 -15.5581 7.09598 0.195634 0.184742 0.188127 0.192549 0.1791 0.191992
975000 0.18577 0.182566 0.190924 -3.90942 35.9519 34.3217 0.185695 0.179865 0.188915 0.185866 0.185996 0.193476
975000 0.192903 0.187525 0.187171 -13.6244 19.2835 -5.1655 0.195634 0.184742 0.188127 0.189181 0.191318 0.185869
975000 0.186469 0.190067 0.194639 -18.0236 -56.0635 -17.9418 0.187103 0.194351 0.195863 0.185866 0.185996 0.193476
975000 0.197961 0.18589 0.191189 16.9921 7.73239 16.0662 0.195634 0.184742 0.188127 0.200856 0.187319 0.194997
975000 0.186689 0.178638 0.20868 13.6217 -19.73 -23.6539 0.185314 0.180838 0.212192 0.187763 0.176919 0.205936
975000 0.190158 0.179322 0.206302 -17.6524 -23.8793 -1.38726 0.193546 0.182723 0.20682 0.187763 0.176919 0.205936
975000 0.196752 0.186192 0.205814 -13.4817 -11.3075 5.64794 0.199583 0.189255 0.204926 0.193546 0.182723 0.20682
975000 0.188243 0.183331 0.214261 14.4175 8.34826 9.24725 0.185314 0.180838 0.212192 0.191814 0.18637 0.216785
975000 0.196981 0.17976 0.216764 3.02068 2.73635 7.62106 0.195528 0.17914 0.213889 0.199144 0.180682 0.221041
975000 0.197974 0.193193 0.205225 -5.46633 9.42068 1.64771 0.199583 0.189255 0.204926 0.196691 0.196332 0.205463
975000 0.19716 0.179587 0.207484 -10.4605 9.8728 0.218958 0.200997 0.17626 0.208188 0.193546 0.182723 0.20682
975000 0.203421 0.18924 0.203069 17.7758 1.21804 -5.64864 0.199583 0.189255 0.204926 0.207086 0.189226 0.201295
975000 0.200112 0.191662 0.208408 -1.06293 -4.46988 -4.69922 0.200706 0.194363 0.212317 0.199583 0.189255 0.204926
975000 0.196067 0.189081 0.218501 3.35597 2.84021 1.99094 0.191814 0.18637 0.216785 0.19888 0.190874 0.219636
975000 0.196608 0.185606 0.21459 -7.35908 0.919287 2.04666 0.200792 0.184939 0.212674 0.191814 0.18637 0.216785
975000 0.189253 0.196325 0.188077 -2.14264 18.2525 10.5869 0.189181 0.191318 0.185869 0.189308 0.200168 0.189773
975000 0.197672 0.193785 0.188799 -8.52625 1.57881 15.462 0.199483 0.192815 0.185407 0.19561 0.19489 0.19266
975000 0.188244 0.197361 0.192712 2.21517 10.6226 -8.56284 0.187103 0.194351 0.195863 0.189308 0.200168 0.189773
975000 0.189965 0.197324 0.197662 30.6606 40.3627 15.4785 0.187103 0.194351 0.195863 0.192961 0.200435 0.199545
975000 0.192345 0.197624 0.191164 -24.9443 27.4764 -9.3878 0.19561 0.19489 0.19266 0.189308 0.200168 0.189773
975000 0.198101 0.191294 0.19377 -33.678 35.135 -10.4206 0.200856 0.187319 0.194997 0.19561 0.19489 0.19266
975000 0.202416 0.19462 0.18344 8.9402 3.45584 -5.57593 0.199483 0.192815 0.185407 0.207433 0.197709 0.180076
975000 0.202992 0.191977 0.187054 11.8872 -3.48306 3.52132 0.199483 0.192815 0.185407 0.206688 0.191095 0.188789
975000 0.189058 0.199419 0.209757 52.9059 33.6935 -10.301 0.186086 0.196888 0.210734 0.192443 0.202303 0.208644
975000 0.19687 0.199301 0.218539 4.34373 13.6677 -14.1596 0.196431 0.197238 0.221332 0.19734 0.201512 0.215545
975000 0.198819 0.198371 0.214126 -11.9422 27.9929 18.3718 0.200706 0.194363 0.212317 0.19734 0.201512 0.215545
975000 0.199654 0.192353 0.216533 -0.953597 -1.22552 4.22176 0.200706 0.194363 0.212317 0.19888 0.190874 0.219636
975000 0.219091 0.180406 0.196355 -24.1955 -43.4511 5.77266 0.222558 0.185792 0.196546 0.215444 0.174743 0.196155
975000 0.204676 0.188366 0.186348 3.20455 3.84666 2.56627 0.202984 0.18607 0.184294 0.206688 0.191095 0.188789
975000 0.209284 0.179907 0.188158 -18.5985 28.0969 31.3184 0.211207 0.176396 0.185395 0.20762 0.182946 0.190549
975000 0.200716 0.182925 0.192628 -1.6855 -8.14625 -4.05147 0.200856 0.187319 0.194997 0.20062 0.179904 0.190998
975000 0.210159 0.185782 0.192348 13.7635 14.179 5.84038 0.20762 0.182946 0.190549 0.212624 0.188537 0.194095
975000 0.204525 0.184946 0.192584 -22.2374 18.1843 11.5363 0.20762 0.182946 0.190549 0.200856 0.187319 0.194997
975000 0.212947 0.186304 0.197504 0.463581 11.645 -23.8595 0.213257 0.184158 0.200778 0.212624 0.188537 0.194095
975000 0.202075 0.184588 0.198995 1.49077 -7.68088 12.8319 0.200856 0.187319 0.194997 0.203012 0.18249 0.202068
975000 0.204287 0.188369 0.198466 18.2388 6.88957 25.6706 0.200856 0.187319 0.194997 0.207086 0.189226 0.201295
975000 0.207152 0.187037 0.189666 -0.514355 8.8865 -3.35726 0.20762 0.182946 0.190549 0.206688 0.191095 0.188789
975000 0.211192 0.192359 0.193844 5.88513 -11.1898 -0.44842 0.210116 0.195231 0.193655 0.212624 0.188537 0.194095
975000 0.21382 0.190776 0.197303 0.871909 3.60865 5.12622 0.212624 0.188537 0.194095 0.215395 0.193724 0.201525
975000 0.214238 0.191019 0.191275 -6.65423 -17.856 18.6171 0.216156 0.193968 0.187924 0.212624 0.188537 0.194095
975000 0.202149 0.179823 0.204688 4.83405 17.0595 -12.0151 0.200997 0.17626 0.208188 0.203012 0.18249 0.202068
975000 0.205914 0.182265 0.204569 -4.13428 0.328515 -2.54932 0.209007 0.182025 0.207235 0.203012 0.18249 0.202068
975000 0.210227 0.186646 0.201032 -5.39471 4.16912 1.52869 0.213257 0.184158 0.200778 0.207086 0.189226 0.201295
975000 0.2146 0.181441 0.203274 12.6149 -20.3136 14.694 0.213257 0.184158 0.200778 0.215817 0.178979 0.205536
975000 0.206726 0.188998 0.205344 0.754044 2.97568 -13.8877 0.206434 0.188814 0.208628 0.207086 0.189226 0.201295
975000 0.200889 0.180812 0.210541 0.215291 -31.4348 -23.1587 0.200792 0.184939 0.212674 0.200997 0.17626 0.208188
975000 0.208077 0.187296 0.211057 5.29606 -3.82661 9.46197 0.206434 0.188814 0.208628 0.209574 0.185915 0.213268
975000 0.20409 0.187205 0.210309 -10.2119 -5.73912 9.36331 0.206434 0.188814 0.208628 0.200792 0.184939 0.212674
975000 0.209114 0.180062 0.210821 -0.436125 4.86085 -6.30193 0.209289 0.17686 0.21667 0.209007 0.182025 0.207235
975000 0.209485 0.183101 0.214325 -0.316362 -10.3425 2.10372 0.209574 0.185915 0.213268 0.209289 0.17686 0.21667
975000 0.210665 0.191163 0.201394 -40.1573 -19.6254 5.78729 0.215395 0.193724 0.201525 0.207086 0.189226 0.201295
975000 0.20702 0.191979 0.207892 2.81449 14.7952 -1.00153 0.206434 0.188814 0.208628 0.207777 0.196058 0.206942
975000 0.210024 0.188495 0.214745 0.731316 5.57985 2.1148 0.209574 0.185915 0.213268 0.210738 0.192582 0.217084
975000 0.216703 0.179417 0.208954 2.88904 4.62749 30.0564 0.215817 0.178979 0.205536 0.2175 0.179812 0.212035
975000 0.212335 0.185802 0.214455 5.64049 -1.17571 2.18305 0.209574 0.185915 0.213268 0.21603 0.18565 0.216043
975000 0.208663 0.193478 0.191593 -8.15355 -11.2158 -17.0714 0.210116 0.195231 0.193655 0.206688 0.191095 0.188789
975000 0.212627 0.196933 0.194143 6.89981 4.77559 0.00792595 0.210116 0.195231 0.193655 0.215153 0.198646 0.194633
975000 0.209559 0.197746 0.195329 -2.16766 20.4038 9.93851 0.210116 0.195231 0.193655 0.208701 0.201621 0.197909
975000 0.218052 0.197593 0.194817 -34.4841 18.6675 -4.69501 0.221911 0.19619 0.195061 0.215153 0.198646 0.194633
975000 0.215042 0.198697 0.188068 -5.11521 13.2755 1.59297 0.216156 0.193968 0.187924 0.213841 0.203793 0.188224
975000 0.204449 0.19526 0.209472 21.1478 6.0261 -11.5028 0.200706 0.194363 0.212317 0.207777 0.196058 0.206942
975000 0.210552 0.193188 0.208414 -12.9259 16.7131 -5.05076 0.212632 0.191036 0.209518 0.207777 0.196058 0.206942
975000 0.211141 0.195027 0.20455 -31.6431 13.1404 31.0742 0.215395 0.193724 0.201525 0.207777 0.196058 0.206942
975000 0.211872 0.191656 0.212553 -2.13183 4.33456 12.1163 0.212632 0.191036 0.209518 0.210738 0.192582 0.217084
975000 0.215143 0.189205 0.208804 -22.7377 12.9438 2.94436 0.218938 0.186438 0.207726 0.212632 0.191036 0.209518
975000 0.217264 0.18988 0.204797 -7.52666 15.2612 -17.9438 0.218938 0.186438 0.207726 0.215395 0.193724 0.201525
975000 0.207038 0.195112 0.218682 34.2125 -21.2034 -21.7671 0.203881 0.197272 0.220046 0.210738 0.192582 0.217084
975000 0.182399 0.185414 0.195919 -5.86712 -0.889763 5.70274 0.185866 0.185996 0.193476 0.177456 0.184583 0.199402
975000 0.211424 0.181025 0.183905 0.12764 10.207 -1.6054 0.211207 0.176396 0.185395 0.211666 0.186165 0.182251
975000 0.206405 0.186107 0.183489 -2.83892 0.201309 0.26954 0.211666 0.186165 0.182251 0.202984 0.18607 0.184294
975000 0.201388 0.185694 0.203422 0.617247 -1.44873 -0.343927 0.199583 0.189255 0.204926 0.203012 0.18249 0.202068
975000 0.203764 0.18127 0.190797 -8.26856 -3.03733 -0.786389 0.20762 0.182946 0.190549 0.20062 0.179904 0.190998
975000 0.211049 0.201142 0.184674 10.9402 15.4831 20.3907 0.207433 0.197709 0.180076 0.213841 0.203793 0.188224
975000 0.19489 0.180688 0.181983 -12.9899 6.86085 0.0504377 0.19935 0.178491 0.182749 0.191245 0.182484 0.181358
975000 0.205133 0.199134 0.216657 0.30091 0.848503 -1.68298 0.203881 0.197272 0.220046 0.206347 0.200941 0.213371
975000 0.203737 0.185639 0.216201 12.9999 2.06692 11.3598 0.200792 0.184939 0.212674 0.205924 0.186159 0.21882
975000 0.202423 0.195936 0.216497 7.8393 5.11139 24.4829 0.200706 0.194363 0.212317 0.203881 0.197272 0.220046
975000 0.19454 0.19413 0.206905 7.35044 10.7827 -6.21607 0.191878 0.191405 0.208688 0.196691 0.196332 0.205463
975000 0.207583 0.185781 0.208006 1.31203 -3.06397 -0.122202 0.206434 0.188814 0.208628 0.209007 0.182025 0.207235
975000 0.192654 0.187363 0.207819 0.624882 -16.8435 -4.56102 0.191878 0.191405 0.208688 0.193546 0.182723 0.20682
975000 0.188919 0.194206 0.209733 -10.4227 10.574 1.43135 0.191878 0.191405 0.208688 0.186086 0.196888 0.210734
975000 0.208859 0.188945 0.185939 -4.10862 4.8824 4.44681 0.211666 0.186165 0.182251 0.206688 0.191095 0.188789
975000 0.19185 0.189183 0.212261 -0.631913 -3.93885 4.83055 0.191878 0.191405 0.208688 0.191814 0.18637 0.216785
975000 0.199988 0.182862 0.216756 0.512075 4.31061 -6.46773 0.199144 0.180682 0.221041 0.200792 0.184939 0.212674
975000 0.218665 0.190103 0.199252 -26.7295 31.8973 12.3555 0.222558 0.185792 0.196546 0.215395 0.193724 0.201525
975000 0.199168 0.182903 0.196599 -10.3101 -17.8995 8.36688 0.200856 0.187319 0.194997 0.198076 0.180045 0.197636
975000 0.200332 0.181163 0.199662 -2.63469 -0.797318 -1.85073 0.203012 0.18249 0.202068 0.198076 0.180045 0.197636
975000 0.217143 0.182148 0.206467 -6.82016 -25.5594 -9.86732 0.218938 0.186438 0.207726 0.215817 0.178979 0.205536
975000 0.213207 0.195866 0.214677 10.6855 11.5666 -6.64591 0.210738 0.192582 0.217084 0.216574 0.200342 0.211395
975000 0.200749 0.189582 0.212498 -0.694273 -48.5059 9.57349 0.200706 0.194363 0.212317 0.200792 0.184939 0.212674
975000 0.207072 0.182987 0.218087 3.91532 -18.9152 -5.79714 0.205924 0.186159 0.21882 0.209289 0.17686 0.21667
975000 0.210305 0.179002 0.197101 2.32953 -2.66261 -0.53653 0.207971 0.180936 0.197531 0.215444 0.174743 0.196155
975000 0.195639 0.183402 0.219006 -6.65631 4.22563 -5.00233 0.199144 0.180682 0.221041 0.191814 0.18637 0.216785
975000 0.201282 0.191747 0.197265 -0.739278 10.7316 6.41298 0.200856 0.187319 0.194997 0.201669 0.195762 0.199321
975000 0.198358 0.195515 0.208309 -19.4477 7.35061 -23.4151 0.200706 0.194363 0.212317 0.196691 0.196332 0.205463
975000 0.207947 0.188858 0.21809 7.58009 13.7794 -4.78492 0.205924 0.186159 0.21882 0.210738 0.192582 0.217084
975000 0.185917 0.182112 0.195273 2.53984 -15.4836 8.99345 0.185866 0.185996 0.193476 0.18598 0.177353 0.197475
975000 0.215241 0.19685 0.197147 2.39451 16.407 -18.7513 0.215395 0.193724 0.201525 0.215153 0.198646 0.194633
975000 0.204989 0.185758 0.201693 -4.58145 -8.29247 -0.529167 0.207086 0.189226 0.201295 0.203012 0.18249 0.202068
975000 0.198826 0.196088 0.202829 -8.33205 -0.297637 7.99461 0.201669 0.195762 0.199321 0.196691 0.196332 0.205463
975000 0.206972 0.193616 0.185468 0.250687 -1.96049 2.32597 0.207433 0.197709 0.180076 0.206688 0.191095 0.188789
975000 0.197705 0.181539 0.213387 16.0485 24.1705 -2.95418 0.195528 0.17914 0.213889 0.200792 0.184939 0.212674
975000 0.207823 0.181782 0.194593 0.87656 -0.905423 4.95093 0.20762 0.182946 0.190549 0.207971 0.180936 0.197531
975000 0.205771 0.181626 0.199544 -2.96493 0.335115 2.31167 0.207971 0.180936 0.197531 0.203012 0.18249 0.202068
975000 0.211175 0.183113 0.203941 -2.28267 -1.91102 3.51416 0.213257 0.184158 0.200778 0.209007 0.182025 0.207235
975000 0.203598 0.178915 0.200834 0.0 0.0 0.0 0.204255 0.174891 0.199455 0.203012 0.18249 0.202068
975000 0.196335 0.186143 0.18443 3.02733 2.54085 -9.31922 0.195634 0.184742 0.188127 0.196917 0.187308 0.181356
975000 0.2038 0.197971 0.212895 4.08379 5.5246 1.84915 0.200706 0.194363 0.212317 0.206347 0.200941 0.213371
975000 0.210286 0.182347 0.198953 1.50272 1.16629 1.32766 0.207971 0.180936 0.197531 0.213257 0.184158 0.200778
975000 0.212647 0.180396 0.206327 1.70286 -0.667366 -0.722071 0.209007 0.182025 0.207235 0.215817 0.178979 0.205536
975000 0.204579 0.201512 0.189759 0.0 0.0 0.0 0.203706 0.198114 0.191483 0.205312 0.204358 0.188312
975000 0.198635 0.195325 0.195986 0.653098 0.221044 0.625194 0.19561 0.19489 0.19266 0.201669 0.195762 0.199321
975000 0.182295 0.184687 0.191231 0.0 0.0 0.0 0.185866 0.185996 0.193476 0.178446 0.183211 0.188813
975000 0.183078 0.186426 0.200939 0.0 0.0 0.0 0.177456 0.184583 0.199402 0.18724 0.187747 0.202077
975000 0.182804 0.178702 0.208287 0.0 0.0 0.0 0.180618 0.176791 0.204884 0.185314 0.180838 0.212192
975000 0.180453 0.196081 0.200997 0.0 0.0 0.0 0.180318 0.193334 0.205148 0.18055 0.197937 0.198115
975000 0.182685 0.188946 0.192584 0.0 0.0 0.0 0.185866 0.185996 0.193476 0.179115 0.192196 0.191584
975000 0.183821 0.191815 0.18891 0.0 0.0 0.0 0.189181 0.191318 0.185869 0.179115 0.192196 0.191584
975000 0.182733 0.190883 0.208435 0.0 0.0 0.0 0.180318 0.193334 0.205148 0.184656 0.18889 0.211044
975000 0.18496 0.185182 0.211577 0.0 0.0 0.0 0.185314 0.180838 0.212192 0.184656 0.18889 0.211044
975000 0.185832 0.18839 0.206959 0.0 0.0 0.0 0.18724 0.187747 0.202077 0.184656 0.18889 0.211044
975000 0.188072 0.190106 0.20993 0.0 0.0 0.0 0.191878 0.191405 0.208688 0.184656 0.18889 0.211044
975000 0.185347 0.192787 0.210894 0.0 0.0 0.0 0.186086 0.196888 0.210734 0.184656 0.18889 0.211044
975000 0.183868 0.190493 0.203573 0.0 0.0 0.0 0.180318 0.193334 0.205148 0.18724 0.187747 0.202077
975000 0.184842 0.194558 0.204258 0.0 0.0 0.0 0.180318 0.193334 0.205148 0.187976 0.195365 0.203641
975000 0.187625 0.18787 0.213428 0.0 0.0 0.0 0.191814 0.18637 0.216785 0.184656 0.18889 0.211044
975000 0.193465 0.183656 0.184782 0.0 0.0 0.0 0.195634 0.184742 0.188127 0.191245 0.182484 0.181358
975000 0.197888 0.183821 0.181912 0.0 0.0 0.0 0.19935 0.178491 0.182749 0.196917 0.187308 0.181356
975000 0.190359 0.186303 0.183291 0.0 0.0 0.0 0.189181 0.191318 0.185869 0.191245 0.182484 0.181358
975000 0.185805 0.178914 0.192263 0.0 0.0 0.0 0.185695 0.179865 0.188915 0.18598 0.177353 0.197475
975000 0.1899 0.180772 0.198302 0.0 0.0 0.0 0.18598 0.177353 0.197475 0.192337 0.182858 0.198817
975000 0.189062 0.17952 0.190427 0.0 0.0 0.0 0.185695 0.179865 0.188915 0.192549 0.1791 0.191992
975000 0.195419 0.179621 0.194923 0.0 0.0 0.0 0.192549 0.1791 0.191992 0.198076 0.180045 0.197636
975000 0.19244 0.181068 0.195521 0.0 0.0 0.0 0.192549 0.1791 0.191992 0.192337 0.182858 0.198817
975000 0.195219 0.181471 0.198224 0.0 0.0 0.0 0.192337 0.182858 0.198817 0.198076 0.180045 0.197636
975000 0.193225 0.179233 0.199786 0.0 0.0 0.0 0.194462 0.174126 0.201136 0.192337 0.182858 0.198817
975000 0.192824 0.182828 0.202042 0.0 0.0 0.0 0.192337 0.182858 0.198817 0.193546 0.182723 0.20682
975000 0.194027 0.186613 0.192064 0.0 0.0 0.0 0.192784 0.188017 0.19511 0.195634 0.184742 0.188127
975000 0.19757 0.188833 0.186759 0.0 0.0 0.0 0.195634 0.184742 0.188127 0.199483 0.192815 0.185407
975000 0.192566 0.18552 0.196917 0.0 0.0 0.0 0.192784 0.188017 0.19511 0.192337 0.182858 0.198817
975000 0.189538 0.18424 0.196507 0.0 0.0 0.0 0.185866 0.185996 0.193476 0.192337 0.182858 0.198817
975000 0.190199 0.184929 0.200184 0.0 0.0 0.0 0.192337 0.182858 0.198817 0.18724 0.187747 0.202077
975000 0.196617 0.179535 0.191492 0.0 0.0 0.0 0.192549 0.1791 0.191992 0.20062 0.179904 0.190998
975000 0.199309 0.180007 0.194418 0.0 0.0 0.0 0.20062 0.179904 0.190998 0.198076 0.180045 0.197636
975000 0.198321 0.182164 0.189675 0.0 0.0 0.0 0.195634 0.184742 0.188127 0.20062 0.179904 0.190998
975000 0.199554 0.18548 0.186083 0.0 0.0 0.0 0.195634 0.184742 0.188127 0.202984 0.18607 0.184294
975000 0.189223 0.181764 0.20964 0.0 0.0 0.0 0.185314 0.180838 0.212192 0.193546 0.182723 0.20682
975000 0.194726 0.180619 0.21103 0.0 0.0 0.0 0.195528 0.17914 0.213889 0.193546 0.182723 0.20682
975000 0.190286 0.185344 0.204368 0.0 0.0 0.0 0.193546 0.182723 0.20682 0.18724 0.187747 0.202077
975000 0.194111 0.181927 0.214992 0.0 0.0 0.0 0.195528 0.17914 0.213889 0.191814 0.18637 0.216785
975000 0.192722 0.184488 0.211559 0.0 0.0 0.0 0.191814 0.18637 0.216785 0.193546 0.182723 0.20682
975000 0.197237 0.183883 0.209803 0.0 0.0 0.0 0.200792 0.184939 0.212674 0.193546 0.182723 0.20682
975000 0.20343 0.179097 0.219193 0.0 0.0 0.0 0.199144 0.180682 0.221041 0.209289 0.17686 0.21667
975000 0.203115 0.18392 0.219739 0.0 0.0 0.0 0.199144 0.180682 0.221041 0.205924 0.186159 0.21882
975000 0.193986 0.188857 0.183065 0.0 0.0 0.0 0.189181 0.191318 0.185869 0.196917 0.187308 0.181356
975000 0.198182 0.193125 0.181501 0.0 0.0 0.0 0.199483 0.192815 0.185407 0.197005 0.193361 0.177975
975000 0.197746 0.200657 0.181391 0.0 0.0 0.0 0.197877 0.20014 0.178172 0.197548 0.201372 0.186192
975000 0.189875 0.187191 0.194421 0.0 0.0 0.0 0.192784 0.188017 0.19511 0.185866 0.185996 0.193476
975000 0.190466 0.190625 0.195415 0.0 0.0 0.0 0.192784 0.188017 0.19511 0.187103 0.194351 0.195863
975000 0.193936 0.190841 0.19411 0.0 0.0 0.0 0.192784 0.188017 0.19511 0.19561 0.19489 0.19266
975000 0.18732 0.188362 0.190136 0.0 0.0 0.0 0.185866 0.185996 0.193476 0.189181 0.191318 0.185869
975000 0.195155 0.192216 0.1856 0.0 0.0 0.0 0.199483 0.192815 0.185407 0.189181 0.191318 0.185869
975000 0.18804 0.193012 0.19135 0.0 0.0 0.0 0.187103 0.194351 0.195863 0.189181 0.191318 0.185869
975000 0.192704 0.193306 0.189589 0.0 0.0 0.0 0.189181 0.191318 0.185869 0.19561 0.19489 0.19266
975000 0.191351 0.194651 0.194263 0.0 0.0 0.0 0.187103 0.194351 0.195863 0.19561 0.19489 0.19266
975000 0.190525 0.187926 0.197947 0.0 0.0 0.0 0.192784 0.188017 0.19511 0.18724 0.187747 0.202077
975000 0.193318 0.189777 0.197623 0.0 0.0 0.0 0.192784 0.188017 0.19511 0.193902 0.191665 0.200376
975000 0.186533 0.186874 0.197661 0.0 0.0 0.0 0.185866 0.185996 0.193476 0.18724 0.187747 0.202077
975000 0.18717 0.191078 0.198966 0.0 0.0 0.0 0.187103 0.194351 0.195863 0.18724 0.187747 0.202077
975000 0.190979 0.192843 0.198435 0.0 0.0 0.0 0.187103 0.194351 0.195863 0.193902 0.191665 0.200376
975000 0.187606 0.194961 0.200355 0.0 0.0 0.0 0.187103 0.194351 0.195863 0.187976 0.195365 0.203641
975000 0.194636 0.193072 0.197064 0.0 0.0 0.0 0.19561 0.19489 0.19266 0.193902 0.191665 0.200376
975000 0.190274 0.203038 0.185872 0.0 0.0 0.0 0.189308 0.200168 0.189773 0.191112 0.205465 0.182502
975000 0.186033 0.199363 0.196185 0.0 0.0 0.0 0.187103 0.194351 0.195863 0.184844 0.204877 0.196545
975000 0.187272 0.202344 0.19286 0.0 0.0 0.0 0.189308 0.200168 0.189773 0.184844 0.204877 0.196545
975000 0.201095 0.190894 0.181549 0.0 0.0 0.0 0.199483 0.192815 0.185407 0.202374 0.189316 0.178491
975000 0.20134 0.189268 0.184816 0.0 0.0 0.0 0.199483 0.192815 0.185407 0.202984 0.18607 0.184294
975000 0.195879 0.187772 0.195065 0.0 0.0 0.0 0.192784 0.188017 0.19511 0.200856 0.187319 0.194997
975000 0.201611 0.195512 0.188469 0.0 0.0 0.0 0.203706 0.198114 0.191483 0.199483 0.192815 0.185407
975000 0.199953 0.196647 0.192028 0.0 0.0 0.0 0.203706 0.198114 0.191483 0.19561 0.19489 0.19266
975000 0.191042 0.190001 0.201105 0.0 0.0 0.0 0.18724 0.187747 0.202077 0.193902 0.191665 0.200376
975000 0.187665 0.192171 0.202981 0.0 0.0 0.0 0.18724 0.187747 0.202077 0.187976 0.195365 0.203641
975000 0.18964 0.189666 0.205499 0.0 0.0 0.0 0.191878 0.191405 0.208688 0.18724 0.187747 0.202077
975000 0.19642 0.19062 0.202392 0.0 0.0 0.0 0.199583 0.189255 0.204926 0.193902 0.191665 0.200376
975000 0.195704 0.190367 0.20682 0.0 0.0 0.0 0.191878 0.191405 0.208688 0.199583 0.189255 0.204926
975000 0.190893 0.193562 0.202033 0.0 0.0 0.0 0.187976 0.195365 0.203641 0.193902 0.191665 0.200376
975000 0.192998 0.191572 0.204088 0.0 0.0 0.0 0.191878 0.191405 0.208688 0.193902 0.191665 0.200376
975000 0.195296 0.194021 0.202917 0.0 0.0 0.0 0.196691 0.196332 0.205463 0.193902 0.191665 0.200376
975000 0.189689 0.19365 0.205857 0.0 0.0 0.0 0.191878 0.191405 0.208688 0.187976 0.195365 0.203641
975000 0.187125 0.196074 0.206831 0.0 0.0 0.0 0.186086 0.196888 0.210734 0.187976 0.195365 0.203641
975000 0.192479 0.193429 0.212346 0.0 0.0 0.0 0.191878 0.191405 0.208688 0.192989 0.1951 0.215451
975000 0.189746 0.195965 0.213234 0.0 0.0 0.0 0.186086 0.196888 0.210734 0.192989 0.1951 0.215451
975000 0.192518 0.191622 0.215986 0.0 0.0 0.0 0.191814 0.18637 0.216785 0.192989 0.1951 0.215451
975000 0.194727 0.196205 0.21842 0.0 0.0 0.0 0.196431 0.197238 0.221332 0.192989 0.1951 0.215451
975000 0.195954 0.192999 0.217557 0.0 0.0 0.0 0.192989 0.1951 0.215451 0.19888 0.190874 0.219636
975000 0.19511 0.198251 0.215497 0.0 0.0 0.0 0.192989 0.1951 0.215451 0.19734 0.201512 0.215545
975000 0.186126 0.19915 0.214319 0.0 0.0 0.0 0.186086 0.196888 0.210734 0.186186 0.202358 0.219522
975000 0.19041 0.197876 0.216994 0.0 0.0 0.0 0.192989 0.1951 0.215451 0.186186 0.202358 0.219522
975000 0.20017 0.188393 0.200352 0.0 0.0 0.0 0.200856 0.187319 0.194997 0.199583 0.189255 0.204926
975000 0.200595 0.192441 0.202208 0.0 0.0 0.0 0.199583 0.189255 0.204926 0.201669 0.195762 0.199321
975000 0.196717 0.189928 0.198198 0.0 0.0 0.0 0.200856 0.187319 0.194997 0.193902 0.191665 0.200376
975000 0.197231 0.193443 0.199923 0.0 0.0 0.0 0.201669 0.195762 0.199321 0.193902 0.191665 0.200376
975000 0.203444 0.189037 0.207013 0.0 0.0 0.0 0.206434 0.188814 0.208628 0.199583 0.189255 0.204926
975000 0.200161 0.18722 0.208633 0.0 0.0 0.0 0.200792 0.184939 0.212674 0.199583 0.189255 0.204926
975000 0.196007 0.192819 0.210385 0.0 0.0 0.0 0.191878 0.191405 0.208688 0.200706 0.194363 0.212317
975000 0.196285 0.19481 0.214112 0.0 0.0 0.0 0.200706 0.194363 0.212317 0.192989 0.1951 0.215451
975000 0.199704 0.188346 0.216634 0.0 0.0 0.0 0.200792 0.184939 0.212674 0.19888 0.190874 0.219636
975000 0.201202 0.193875 0.219826 0.0 0.0 0.0 0.203881 0.197272 0.220046 0.19888 0.190874 0.219636
975000 0.202165 0.201385 0.192957 0.0 0.0 0.0 0.203706 0.198114 0.191483 0.200065 0.20584 0.194966
975000 0.20048 0.199506 0.217706 0.0 0.0 0.0 0.203881 0.197272 0.220046 0.19734 0.201512 0.215545
975000 0.214062 0.180721 0.199075 0.0 0.0 0.0 0.213257 0.184158 0.200778 0.215444 0.174743 0.196155
975000 0.209393 0.184385 0.186914 0.0 0.0 0.0 0.20762 0.182946 0.190549 0.211666 0.186165 0.182251
975000 0.205093 0.184679 0.187139 0.0 0.0 0.0 0.20762 0.182946 0.190549 0.202984 0.18607 0.184294
975000 0.216443 0.179378 0.191331 0.0 0.0 0.0 0.215444 0.174743 0.196155 0.217001 0.181929 0.188636
975000 0.214473 0.179541 0.187221 0.0 0.0 0.0 0.211207 0.176396 0.185395 0.217001 0.181929 0.188636
975000 0.205453 0.179497 0.207658 0.0 0.0 0.0 0.200997 0.17626 0.208188 0.209007 0.182025 0.207235
975000 0.214158 0.188223 0.201092 0.0 0.0 0.0 0.213257 0.184158 0.200778 0.215395 0.193724 0.201525
975000 0.208044 0.185663 0.204259 0.0 0.0 0.0 0.209007 0.182025 0.207235 0.207086 0.189226 0.201295
975000 0.209333 0.184296 0.210711 0.0 0.0 0.0 0.209574 0.185915 0.213268 0.209007 0.182025 0.207235
975000 0.21679 0.184808 0.199169 0.0 0.0 0.0 0.222558 0.185792 0.196546 0.213257 0.184158 0.200778
975000 0.215807 0.185211 0.203897 0.0 0.0 0.0 0.218938 0.186438 0.207726 0.213257 0.184158 0.200778
975000 0.204281 0.181651 0.214315 0.0 0.0 0.0 0.200792 0.184939 0.212674 0.209289 0.17686 0.21667
975000 0.202662 0.187814 0.181231 0.0 0.0 0.0 0.202984 0.18607 0.184294 0.202374 0.189316 0.178491
975000 0.205066 0.197992 0.187316 0.0 0.0 0.0 0.203706 0.198114 0.191483 0.207433 0.197709 0.180076
975000 0.212516 0.195559 0.184648 0.0 0.0 0.0 0.216156 0.193968 0.187924 0.207433 0.197709 0.180076
975000 0.209688 0.189832 0.19147 0.0 0.0 0.0 0.212624 0.188537 0.194095 0.206688 0.191095 0.188789
975000 0.204032 0.189405 0.191617 0.0 0.0 0.0 0.200856 0.187319 0.194997 0.206688 0.191095 0.188789
975000 0.202762 0.197051 0.19511 0.0 0.0 0.0 0.203706 0.198114 0.191483 0.201669 0.195762 0.199321
975000 0.205146 0.194751 0.190181 0.0 0.0 0.0 0.203706 0.198114 0.191483 0.206688 0.191095 0.188789
975000 0.207291 0.196529 0.192696 0.0 0.0 0.0 0.210116 0.195231 0.193655 0.203706 0.198114 0.191483
975000 0.209849 0.188912 0.197703 0.0 0.0 0.0 0.212624 0.188537 0.194095 0.207086 0.189226 0.201295
975000 0.204521 0.192351 0.20036 0.0 0.0 0.0 0.201669 0.195762 0.199321 0.207086 0.189226 0.201295
975000 0.204818 0.195944 0.203249 0.0 0.0 0.0 0.201669 0.195762 0.199321 0.207777 0.196058 0.206942
975000 0.212035 0.194714 0.196514 0.0 0.0 0.0 0.210116 0.195231 0.193655 0.215395 0.193724 0.201525
975000 0.205962 0.199725 0.194385 0.0 0.0 0.0 0.203706 0.198114 0.191483 0.208701 0.201621 0.197909
975000 0.216493 0.187498 0.19505 0.0 0.0 0.0 0.222558 0.185792 0.196546 0.212624 0.188537 0.194095
975000 0.211066 0.192453 0.188389 0.0 0.0 0.0 0.216156 0.193968 0.187924 0.206688 0.191095 0.188789
975000 0.212457 0.194772 0.191434 0.0 0.0 0.0 0.210116 0.195231 0.193655 0.216156 0.193968 0.187924
975000 0.215545 0.196857 0.192025 0.0 0.0 0.0 0.216156 0.193968 0.187924 0.215153 0.198646 0.194633
975000 0.207424 0.192596 0.204056 0.0 0.0 0.0 0.207086 0.189226 0.201295 0.207777 0.196058 0.206942
975000 0.204095 0.19111 0.210134 0.0 0.0 0.0 0.206434 0.188814 0.208628 0.200706 0.194363 0.212317
975000 0.209587 0.189975 0.20908 0.0 0.0 0.0 0.206434 0.188814 0.208628 0.212632 0.191036 0.209518
975000 0.206124 0.185562 0.213034 0.0 0.0 0.0 0.209574 0.185915 0.213268 0.200792 0.184939 0.212674
975000 0.211058 0.18843 0.211448 0.0 0.0 0.0 0.209574 0.185915 0.213268 0.212632 0.191036 0.209518
975000 0.213661 0.192067 0.206543 0.0 0.0 0.0 0.212632 0.191036 0.209518 0.215395 0.193724 0.201525
975000 0.207874 0.186059 0.215852 0.0 0.0 0.0 0.209574 0.185915 0.213268 0.205924 0.186159 0.21882
975000 0.201222 0.198675 0.209127 0.0 0.0 0.0 0.200706 0.194363 0.212317 0.201794 0.203396 0.205588
975000 0.219088 0.195122 0.197862 -0.835089 -0.39041 0.631497 0.221911 0.19619 0.195061 0.215395 0.193724 0.201525
975000 0.213932 0.194134 0.210136 0.0 0.0 0.0 0.212632 0.191036 0.209518 0.216574 0.200342 0.211395
975000 0.184244 0.20548 0.191606 -7.18437 2.25214 -25.3181 0.184844 0.204877 0.196545 0.183745 0.205981 0.187506
975000 0.189027 0.202587 0.198091 -19.2413 9.1126 -3.55296 0.192961 0.200435 0.199545 0.184844 0.204877 0.196545
975000 0.185707 0.209541 0.19493 -2.88674 -26.3804 5.00748 0.186273 0.212602 0.19387 0.184844 0.204877 0.196545
975000 0.185718 0.207763 0.200549 -2.64177 -20.1282 -21.194 0.186864 0.211547 0.2058 0.184844 0.204877 0.196545
975000 0.183032 0.212072 0.19405 -19.4495 -5.20342 -1.39123 0.186273 0.212602 0.19387 0.17927 0.211457 0.194259
975000 0.181189 0.210894 0.202544 4.94806 0.374496 1.88672 0.178556 0.210591 0.201034 0.186864 0.211547 0.2058
975000 0.184806 0.21762 0.204342 1.32309 -4.69551 1.91593 0.183599 0.221178 0.203488 0.186864 0.211547 0.2058
975000 0.196545 0.198018 0.189539 -1.81161 -5.06804 3.75852 0.197548 0.201372 0.186192 0.19561 0.19489 0.19266
975000 0.194314 0.197603 0.196029 5.89501 -20.105 -18.7813 0.192961 0.200435 0.199545 0.19561 0.19489 0.19266
975000 0.195128 0.198051 0.202983 10.5653 -17.3931 26.5653 0.192961 0.200435 0.199545 0.196691 0.196332 0.205463
975000 0.192698 0.201382 0.204156 -0.0482295 0.559625 10.6945 0.192961 0.200435 0.199545 0.192443 0.202303 0.208644
975000 0.190434 0.204212 0.189881 -10.1305 -31.9517 4.3418 0.191634 0.208526 0.189997 0.189308 0.200168 0.189773
975000 0.196299 0.202975 0.197393 11.5869 9.03243 -4.79825 0.192961 0.200435 0.199545 0.200065 0.20584 0.194966
975000 0.194428 0.204656 0.20103 16.6401 46.1981 25.5151 0.192961 0.200435 0.199545 0.195379 0.207393 0.201993
975000 0.199042 0.204702 0.183008 2.89191 10.2029 -11.7741 0.197548 0.201372 0.186192 0.200515 0.207984 0.17987
975000 0.192824 0.205533 0.211881 -0.0521959 -18.1553 -13.7994 0.193209 0.208793 0.215149 0.192443 0.202303 0.208644
975000 0.194568 0.206344 0.208204 -9.22327 -20.9608 5.58333 0.196019 0.209102 0.207904 0.192443 0.202303 0.208644
975000 0.19015 0.206103 0.207475 4.49731 -6.56952 3.4291 0.186864 0.211547 0.2058 0.192443 0.202303 0.208644
975000 0.195492 0.20477 0.215368 20.8826 -32.2946 7.60234 0.193209 0.208793 0.215149 0.19734 0.201512 0.215545
975000 0.196777 0.20281 0.207228 -30.5724 -4.95209 15.6218 0.201794 0.203396 0.205588 0.192443 0.202303 0.208644
975000 0.19992 0.204172 0.21614 -6.27195 -5.54054 -0.169782 0.2026 0.206935 0.216758 0.19734 0.201512 0.215545
975000 0.188348 0.213867 0.185643 -3.24648 -19.1979 -15.3358 0.189675 0.21731 0.188465 0.187374 0.211337 0.183569
975000 0.19824 0.210742 0.194009 9.3672 -17.8193 1.71322 0.19683 0.214528 0.193271 0.200065 0.20584 0.194966
975000 0.188542 0.210876 0.19223 6.05661 -5.19633 -6.35948 0.186273 0.212602 0.19387 0.191634 0.208526 0.189997
975000 0.194345 0.211657 0.191705 9.04433 12.8782 9.03749 0.191634 0.208526 0.189997 0.19683 0.214528 0.193271
975000 0.190672 0.212838 0.189245 -1.95311 5.1738 -0.523168 0.191634 0.208526 0.189997 0.189675 0.21731 0.188465
975000 0.187692 0.215121 0.195435 12.412 17.7147 8.25614 0.186273 0.212602 0.19387 0.189685 0.218657 0.197631
975000 0.196944 0.214758 0.197371 2.21112 0.641525 11.7086 0.19683 0.214528 0.193271 0.197076 0.215024 0.202132
975000 0.19332 0.21687 0.199845 -12.7784 8.72617 -10.6491 0.197076 0.215024 0.202132 0.189685 0.218657 0.197631
975000 0.197375 0.218456 0.192201 8.84533 28.8524 -9.50139 0.19683 0.214528 0.193271 0.198008 0.223015 0.190959
975000 0.196005 0.212084 0.213468 4.64828 5.3574 -1.5326 0.193209 0.208793 0.215149 0.198997 0.215606 0.21167
975000 0.195695 0.208237 0.204913 -1.93688 -7.47082 -15.8303 0.196019 0.209102 0.207904 0.195379 0.207393 0.201993
975000 0.197172 0.21162 0.209362 -14.4573 -28.7742 -23.9884 0.198997 0.215606 0.21167 0.196019 0.209102 0.207904
975000 0.196042 0.210373 0.202047 -10.0594 -47.9669 6.93297 0.197076 0.215024 0.202132 0.195379 0.207393 0.201993
975000 0.19141 0.21305 0.215445 -14.8349 53.033 8.88813 0.193209 0.208793 0.215149 0.189186 0.218314 0.215811
975000 0.188105 0.215163 0.211149 7.19144 11.251 22.9037 0.186864 0.211547 0.2058 0.189186 0.218314 0.215811
975000 0.194415 0.218404 0.204185 25.2841 -25.6448 -23.1219 0.191752 0.221786 0.20624 0.197076 0.215024 0.202132
975000 0.197722 0.205933 0.203306 6.90343 -4.08125 2.36494 0.195379 0.207393 0.201993 0.201794 0.203396 0.205588
975000 0.202979 0.21822 0.213045 14.5255 9.33953 2.12854 0.198997 0.215606 0.21167 0.206561 0.220571 0.214282
975000 0.201308 0.212881 0.201653 22.5545 -11.0533 1.44539 0.197076 0.215024 0.202132 0.204887 0.211068 0.201247
975000 0.201152 0.217046 0.203557 20.5469 11.041 11.5408 0.197076 0.215024 0.202132 0.205147 0.219029 0.204955
975000 0.200938 0.209499 0.219176 -13.0631 17.0124 12.4232 0.2026 0.206935 0.216758 0.199485 0.211742 0.221289
975000 0.205106 0.198626 0.198631 -12.5018 -7.76163 3.50736 0.208701 0.201621 0.197909 0.201669 0.195762 0.199321
975000 0.212604 0.199821 0.195927 19.8567 -5.27407 -8.96714 0.208701 0.201621 0.197909 0.215153 0.198646 0.194633
975000 0.214666 0.200557 0.192254 12.8954 -23.6761 32.5835 0.213841 0.203793 0.188224 0.215153 0.198646 0.194633
975000 0.209599 0.203054 0.202328 -11.6166 -15.2064 -33.4871 0.210189 0.203994 0.20523 0.208701 0.201621 0.197909
975000 0.210288 0.205996 0.185074 14.2541 -12.4656 17.3881 0.207997 0.207416 0.183043 0.213841 0.203793 0.188224
975000 0.208476 0.205438 0.195117 0.339842 -17.4361 8.98067 0.208317 0.208129 0.19315 0.208701 0.201621 0.197909
975000 0.2141 0.206337 0.192792 -5.76509 -15.0268 -24.0978 0.214249 0.207806 0.195429 0.213841 0.203793 0.188224
975000 0.205116 0.199322 0.20634 32.449 -34.9786 14.1304 0.201794 0.203396 0.205588 0.207777 0.196058 0.206942
975000 0.203552 0.207757 0.203121 14.8158 31.7398 -12.09 0.201794 0.203396 0.205588 0.204887 0.211068 0.201247
975000 0.209503 0.206438 0.207024 -10.6267 21.3174 18.568 0.210189 0.203994 0.20523 0.208273 0.21082 0.210239
975000 0.204464 0.203954 0.215073 6.36684 -13.2856 -9.48558 0.2026 0.206935 0.216758 0.206347 0.200941 0.213371
975000 0.212257 0.202811 0.207227 16.0136 -14.0222 19.8709 0.210189 0.203994 0.20523 0.216574 0.200342 0.211395
975000 0.216813 0.198869 0.200833 -9.80283 -38.1674 -1.13305 0.218024 0.203264 0.200242 0.215395 0.193724 0.201525
975000 0.204899 0.207651 0.181729 -17.7642 -0.769786 -5.26097 0.207997 0.207416 0.183043 0.200515 0.207984 0.17987
975000 0.203179 0.216526 0.182306 5.32713 -3.90607 16.7182 0.201321 0.217051 0.178279 0.205785 0.215791 0.187953
975000 0.211821 0.214774 0.18927 -21.0643 0.422246 -6.10483 0.215377 0.214175 0.190046 0.205785 0.215791 0.187953
975000 0.213014 0.210495 0.196042 -19.4095 28.8494 6.9449 0.214249 0.207806 0.195429 0.211245 0.214348 0.19692
975000 0.207437 0.210793 0.191342 -5.24345 15.5199 -14.6813 0.208317 0.208129 0.19315 0.205785 0.215791 0.187953
975000 0.207952 0.212649 0.199161 -30.1463 -18.3456 29.2476 0.211245 0.214348 0.19692 0.204887 0.211068 0.201247
975000 0.212766 0.217642 0.199285 -13.2585 -18.4816 -14.9535 0.214233 0.220818 0.201566 0.211245 0.214348 0.19692
975000 0.212153 0.218157 0.19507 11.174 27.7744 -11.2857 0.211245 0.214348 0.19692 0.212981 0.221631 0.193383
975000 0.215746 0.206004 0.197338 -11.4198 20.6822 -22.2061 0.218024 0.203264 0.200242 0.214249 0.207806 0.195429
975000 0.206573 0.215285 0.207365 -3.29752 10.2085 -4.4061 0.208273 0.21082 0.210239 0.205147 0.219029 0.204955
975000 0.207793 0.212279 0.215598 1.195 4.06519 16.2808 0.208273 0.21082 0.210239 0.207383 0.213526 0.22018
975000 0.206959 0.217165 0.217133 2.83965 -8.92954 8.95108 0.206561 0.220571 0.214282 0.207383 0.213526 0.22018
975000 0.215844 0.215308 0.207934 2.68001 -3.92278 -6.39365 0.214414 0.216873 0.210124 0.218386 0.212527 0.20404
975000 0.215587 0.215112 0.212318 2.06742 -5.5131 6.1572 0.214414 0.216873 0.210124 0.217909 0.21163 0.216656
975000 0.194883 0.198874 0.206817 4.31468 -8.93585 -4.80822 0.192443 0.202303 0.208644 0.196691 0.196332 0.205463
975000 0.211261 0.197755 0.208706 -4.35532 -1.74614 -1.36667 0.216574 0.200342 0.211395 0.207777 0.196058 0.206942
975000 0.184462 0.21533 0.193553 -4.69921 6.38502 -2.0053 0.186273 0.212602 0.19387 0.182205 0.21873 0.193158
975000 0.193869 0.203711 0.184083 -6.70585 5.18512 -5.6497 0.197548 0.201372 0.186192 0.191112 0.205465 0.182502
975000 0.210468 0.206441 0.191232 1.14421 -1.28813 -1.39577 0.208317 0.208129 0.19315 0.213841 0.203793 0.188224
975000 0.21819 0.207517 0.201985 0.918755 16.7983 3.95487 0.218024 0.203264 0.200242 0.218386 0.212527 0.20404
975000 0.210211 0.200715 0.212624 13.5382 -0.956589 -0.437983 0.206347 0.200941 0.213371 0.216574 0.200342 0.211395
975000 0.194204 0.211122 0.187404 7.44054 9.16662 -6.185 0.191634 0.208526 0.189997 0.1964 0.21334 0.185189
975000 0.198683 0.199089 0.205512 -1.57209 -1.77896 0.26336 0.201794 0.203396 0.205588 0.196691 0.196332 0.205463
975000 0.187683 0.214553 0.19163 7.88809 10.4034 -16.7002 0.186273 0.212602 0.19387 0.189675 0.21731 0.188465
975000 0.207034 0.198593 0.21028 2.92446 -5.93715 -6.69539 0.206347 0.200941 0.213371 0.207777 0.196058 0.206942
975000 0.199959 0.214269 0.186237 27.6155 2.54146 8.61063 0.1964 0.21334 0.185189 0.205785 0.215791 0.187953
975000 0.204935 0.208534 0.214075 4.15466 3.90833 -6.86581 0.2026 0.206935 0.216758 0.208273 0.21082 0.210239
975000 0.19475 0.21354 0.181742 3.6555 0.470145 5.95299 0.193014 0.21375 0.178114 0.1964 0.21334 0.185189
975000 0.198161 0.206986 0.207045 10.6844 -12.0098 -2.13768 0.196019 0.209102 0.207904 0.201794 0.203396 0.205588
975000 0.20709 0.203773 0.205362 -4.07191 -0.952694 0.153122 0.210189 0.203994 0.20523 0.201794 0.203396 0.205588
975000 0.18299 0.216096 0.208547 -1.22051 1.84399 1.35142 0.186864 0.211547 0.2058 0.180767 0.218706 0.210124
975000 0.198612 0.196668 0.18576 1.16509 -13.529 -2.36147 0.197548 0.201372 0.186192 0.199483 0.192815 0.185407
975000 0.21711 0.208393 0.194644 5.84843 0.224112 -1.6192 0.214249 0.207806 0.195429 0.221876 0.209372 0.193336
975000 0.216041 0.217209 0.202643 2.84722 -8.58783 1.71394 0.214233 0.220818 0.201566 0.218386 0.212527 0.20404
975000 0.212243 0.214734 0.210165 -8.61837 -6.44988 -0.744661 0.214414 0.216873 0.210124 0.208273 0.21082 0.210239
975000 0.190104 0.205948 0.217083 -0.924936 -1.16467 0.818741 0.193209 0.208793 0.215149 0.186186 0.202358 0.219522
975000 0.203364 0.213354 0.210996 6.31152 -3.96743 -2.07461 0.198997 0.215606 0.21167 0.208273 0.21082 0.210239
975000 0.188522 0.215724 0.201001 6.81016 9.92899 -12.042 0.186864 0.211547 0.2058 0.189685 0.218657 0.197631
975000 0.193363 0.215132 0.186669 -32.0054 12.2265 13.2579 0.1964 0.21334 0.185189 0.189675 0.21731 0.188465
975000 0.204633 0.203608 0.196523 -17.4665 12.3727 -5.83031 0.208701 0.201621 0.197909 0.200065 0.20584 0.194966
975000 0.209012 0.214938 0.193252 3.1007 -1.03573 7.60203 0.205785 0.215791 0.187953 0.211245 0.214348 0.19692
975000 0.198748 0.203502 0.190374 2.50936 4.52126 6.29695 0.197548 0.201372 0.186192 0.200065 0.20584 0.194966
975000 0.18968 0.217986 0.193063 1.68435 2.02481 10.6465 0.189675 0.21731 0.188465 0.189685 0.218657 0.197631
975000 0.21143 0.207959 0.194346 3.04813 -0.0718894 0.651499 0.208317 0.208129 0.19315 0.214249 0.207806 0.195429
975000 0.19823 0.210957 0.182822 11.133 -21.5779 -16.6271 0.1964 0.21334 0.185189 0.200515 0.207984 0.17987
975000 0.182071 0.218347 0.201369 1.66453 2.91846 1.52062 0.180855 0.216094 0.199683 0.183599 0.221178 0.203488
975000 0.181433 0.217221 0.196892 0.173601 1.11388 -3.45298 0.180855 0.216094 0.199683 0.182205 0.21873 0.193158
975000 0.181757 0.201977 0.193861 3.41039 3.15276 1.99834 0.179885 0.20022 0.192234 0.184844 0.204877 0.196545
975000 0.213477 0.214255 0.193207 -7.96245 -0.658634 9.80755 0.215377 0.214175 0.190046 0.211245 0.214348 0.19692
975000 0.191346 0.206835 0.185856 -0.362555 -0.665931 -2.69197 0.191634 0.208526 0.189997 0.191112 0.205465 0.182502
975000 0.193065 0.209891 0.207225 -15.587 3.1952 -1.12925 0.196019 0.209102 0.207904 0.186864 0.211547 0.2058
975000 0.212903 0.21121 0.213323 4.65222 -0.00105879 2.21909 0.208273 0.21082 0.210239 0.217909 0.21163 0.216656
975000 0.199436 0.21771 0.216139 1.77064 2.74723 6.75356 0.198997 0.215606 0.21167 0.199842 0.219654 0.220268
975000 0.204437 0.216621 0.194014 -0.0173463 0.0393926 0.150484 0.205785 0.215791 0.187953 0.20373 0.217057 0.197195
975000 0.20425 0.214368 0.199014 0.0123173 -0.0412511 0.0380867 0.20373 0.217057 0.197195 0.204887 0.211068 0.201247
975000 0.190311 0.210726 0.200259 -0.0 -0.0 0.0 0.192017 0.21032 0.197516 0.186864 0.211547 0.2058
975000 0.200958 0.199574 0.189122 0.0 0.0 0.0 0.197548 0.201372 0.186192 0.203706 0.198114 0.191483
975000 0.206635 0.205865 0.185715 0.0 0.0 0.0 0.207997 0.207416 0.183043 0.205312 0.204358 0.188312
975000 0.206309 0.210964 0.205022 -0.833414 0.308582 -3.91514 0.208273 0.21082 0.210239 0.204887 0.211068 0.201247
975000 0.187678 0.205733 0.184834 0.0 0.0 0.0 0.191112 0.205465 0.182502 0.183745 0.205981 0.187506
975000 0.181679 0.208641 0.195247 0.0 0.0 0.0 0.17927 0.211457 0.194259 0.184844 0.204877 0.196545
975000 0.187543 0.207235 0.188706 0.0 0.0 0.0 0.191634 0.208526 0.189997 0.183745 0.205981 0.187506
975000 0.181797 0.204051 0.200482 0.0 0.0 0.0 0.178635 0.203134 0.204569 0.184844 0.204877 0.196545
975000 0.18227 0.206881 0.205113 0.0 0.0 0.0 0.186864 0.211547 0.2058 0.178635 0.203134 0.204569
975000 0.182766 0.214678 0.201628 0.0 0.0 0.0 0.180855 0.216094 0.199683 0.186864 0.211547 0.2058
975000 0.185706 0.218093 0.190959 0.0 0.0 0.0 0.189675 0.21731 0.188465 0.182205 0.21873 0.193158
975000 0.193136 0.200757 0.188108 0.0 0.0 0.0 0.197548 0.201372 0.186192 0.189308 0.200168 0.189773
975000 0.193508 0.195359 0.200027 0.0 0.0 0.0 0.192961 0.200435 0.199545 0.193902 0.191665 0.200376
975000 0.190025 0.197474 0.201956 0.0 0.0 0.0 0.192961 0.200435 0.199545 0.187976 0.195365 0.203641
975000 0.189216 0.21015 0.18635 0.0 0.0 0.0 0.191634 0.208526 0.189997 0.187374 0.211337 0.183569
975000 0.191856 0.20959 0.194354 0.0 0.0 0.0 0.191634 0.208526 0.189997 0.192017 0.21032 0.197516
975000 0.195489 0.207326 0.192269 0.0 0.0 0.0 0.191634 0.208526 0.189997 0.200065 0.20584 0.194966
975000 0.188429 0.206833 0.193088 0.0 0.0 0.0 0.191634 0.208526 0.189997 0.184844 0.204877 0.196545
975000 0.194476 0.205117 0.188168 0.0 0.0 0.0 0.197548 0.201372 0.186192 0.191634 0.208526 0.189997
975000 0.196608 0.213941 0.189086 0.0 0.0 0.0 0.19683 0.214528 0.193271 0.1964 0.21334 0.185189
975000 0.18916 0.211481 0.195703 0.0 0.0 0.0 0.186273 0.212602 0.19387 0.192017 0.21032 0.197516
975000 0.194145 0.212205 0.19564 0.0 0.0 0.0 0.192017 0.21032 0.197516 0.19683 0.214528 0.193271
975000 0.195073 0.208644 0.196548 0.0 0.0 0.0 0.192017 0.21032 0.197516 0.200065 0.20584 0.194966
975000 0.189193 0.208203 0.197135 0.0 0.0 0.0 0.192017 0.21032 0.197516 0.184844 0.204877 0.196545
975000 0.193751 0.208837 0.199826 0.0 0.0 0.0 0.192017 0.21032 0.197516 0.195379 0.207393 0.201993
975000 0.194069 0.212253 0.199388 0.0 0.0 0.0 0.192017 0.21032 0.197516 0.197076 0.215024 0.202132
975000 0.19709 0.206855 0.199428 0.0 0.0 0.0 0.195379 0.207393 0.201993 0.200065 0.20584 0.194966
975000 0.195468 0.217233 0.183648 0.0 0.0 0.0 0.194291 0.222092 0.1817 0.1964 0.21334 0.185189
975000 0.191053 0.213792 0.197564 0.0 0.0 0.0 0.192017 0.21032 0.197516 0.189685 0.218657 0.197631
975000 0.193474 0.215862 0.191015 0.0 0.0 0.0 0.19683 0.214528 0.193271 0.189675 0.21731 0.188465
975000 0.193466 0.216501 0.195323 0.0 0.0 0.0 0.19683 0.214528 0.193271 0.189685 0.218657 0.197631
975000 0.201666 0.199876 0.183643 0.0 0.0 0.0 0.197548 0.201372 0.186192 0.207433 0.197709 0.180076
975000 0.200932 0.200425 0.197318 0.0 0.0 0.0 0.200065 0.20584 0.194966 0.201669 0.195762 0.199321
975000 0.197403 0.198081 0.199431 0.0 0.0 0.0 0.192961 0.200435 0.199545 0.201669 0.195762 0.199321
975000 0.205135 0.207275 0.193849 0.0 0.0 0.0 0.208317 0.208129 0.19315 0.200065 0.20584 0.194966
975000 0.203314 0.204945 0.190846 0.0 0.0 0.0 0.205312 0.204358 0.188312 0.200065 0.20584 0.194966
975000 0.20218 0.203176 0.187452 0.0 0.0 0.0 0.197548 0.201372 0.186192 0.205312 0.204358 0.188312
975000 0.202808 0.208842 0.198538 0.0 0.0 0.0 0.200065 0.20584 0.194966 0.204887 0.211068 0.201247
975000 0.20093 0.204646 0.20028 0.0 0.0 0.0 0.200065 0.20584 0.194966 0.201794 0.203396 0.205588
975000 0.197114 0.201857 0.202386 0.0 0.0 0.0 0.192961 0.200435 0.199545 0.201794 0.203396 0.205588
975000 0.198671 0.215081 0.182 0.0 0.0 0.0 0.201321 0.217051 0.178279 0.1964 0.21334 0.185189
975000 0.200379 0.215057 0.191163 0.0 0.0 0.0 0.19683 0.214528 0.193271 0.205785 0.215791 0.187953
975000 0.200663 0.215962 0.19545 0.0 0.0 0.0 0.19683 0.214528 0.193271 0.20373 0.217057 0.197195
975000 0.194885 0.209007 0.210826 0.0 0.0 0.0 0.193209 0.208793 0.215149 0.196019 0.209102 0.207904
975000 0.190586 0.209961 0.211284 0.0 0.0 0.0 0.193209 0.208793 0.215149 0.186864 0.211547 0.2058
975000 0.196438 0.211479 0.205615 0.0 0.0 0.0 0.196019 0.209102 0.207904 0.197076 0.215024 0.202132
975000 0.192677 0.208741 0.203202 0.0 0.0 0.0 0.186864 0.211547 0.2058 0.195379 0.207393 0.201993
975000 0.194206 0.205388 0.204652 0.0 0.0 0.0 0.195379 0.207393 0.201993 0.192443 0.202303 0.208644
975000 0.192782 0.213591 0.203673 0.0 0.0 0.0 0.186864 0.211547 0.2058 0.197076 0.215024 0.202132
975000 0.195137 0.201898 0.21244 0.0 0.0 0.0 0.192443 0.202303 0.208644 0.19734 0.201512 0.215545
975000 0.196825 0.210522 0.218687 0.0 0.0 0.0 0.193209 0.208793 0.215149 0.199485 0.211742 0.221289
975000 0.196537 0.203134 0.219011 0.0 0.0 0.0 0.195553 0.205055 0.223259 0.19734 0.201512 0.215545
975000 0.189696 0.217509 0.206055 0.0 0.0 0.0 0.191752 0.221786 0.20624 0.186864 0.211547 0.2058
975000 0.198018 0.215339 0.206807 0.0 0.0 0.0 0.198997 0.215606 0.21167 0.197076 0.215024 0.202132
975000 0.198308 0.207814 0.216021 0.0 0.0 0.0 0.193209 0.208793 0.215149 0.2026 0.206935 0.216758
975000 0.201015 0.216256 0.199208 0.0 0.0 0.0 0.197076 0.215024 0.202132 0.20373 0.217057 0.197195
975000 0.199366 0.206103 0.219739 0.0 0.0 0.0 0.2026 0.206935 0.216758 0.195553 0.205055 0.223259
975000 0.194446 0.216892 0.213591 0.0 0.0 0.0 0.198997 0.215606 0.21167 0.189186 0.218314 0.215811
975000 0.202163 0.217397 0.208213 0.0 0.0 0.0 0.198997 0.215606 0.21167 0.205147 0.219029 0.204955
975000 0.207811 0.204221 0.182057 0.0 0.0 0.0 0.207997 0.207416 0.183043 0.207433 0.197709 0.180076
975000 0.206007 0.202213 0.185624 0.0 0.0 0.0 0.205312 0.204358 0.188312 0.207433 0.197709 0.180076
975000 0.201727 0.199304 0.202205 0.0 0.0 0.0 0.201794 0.203396 0.205588 0.201669 0.195762 0.199321
975000 0.216308 0.200533 0.196888 0.0 0.0 0.0 0.218024 0.203264 0.200242 0.215153 0.198646 0.194633
975000 0.211834 0.197956 0.199601 0.0 0.0 0.0 0.208701 0.201621 0.197909 0.215395 0.193724 0.201525
975000 0.209171 0.200674 0.205953 0.0 0.0 0.0 0.210189 0.203994 0.20523 0.207777 0.196058 0.206942
975000 0.21593 0.196754 0.206 0.0 0.0 0.0 0.216574 0.200342 0.211395 0.215395 0.193724 0.201525
975000 0.208335 0.197186 0.215052 0.0 0.0 0.0 0.206347 0.200941 0.213371 0.210738 0.192582 0.217084
975000 0.202796 0.211391 0.183366 0.0 0.0 0.0 0.205785 0.215791 0.187953 0.200515 0.207984 0.17987
975000 0.207224 0.210379 0.184762 0.0 0.0 0.0 0.207997 0.207416 0.183043 0.205785 0.215791 0.187953
975000 0.211242 0.213323 0.184641 0.0 0.0 0.0 0.205785 0.215791 0.187953 0.215261 0.211455 0.182204
975000 0.207226 0.213936 0.182131 0.0 0.0 0.0 0.205785 0.215791 0.187953 0.208023 0.212865 0.178912
975000 0.212087 0.205425 0.196395 0.0 0.0 0.0 0.208701 0.201621 0.197909 0.214249 0.207806 0.195429
975000 0.209591 0.210864 0.194789 0.0 0.0 0.0 0.208317 0.208129 0.19315 0.211245 0.214348 0.19692
975000 0.206804 0.20625 0.190706 0.0 0.0 0.0 0.208317 0.208129 0.19315 0.205312 0.204358 0.188312
975000 0.2086 0.204163 0.188274 0.0 0.0 0.0 0.205312 0.204358 0.188312 0.213841 0.203793 0.188224
975000 0.211143 0.202682 0.19331 0.0 0.0 0.0 0.208701 0.201621 0.197909 0.213841 0.203793 0.188224
975000 0.213022 0.207979 0.19819 0.0 0.0 0.0 0.214249 0.207806 0.195429 0.211792 0.208104 0.200953
975000 0.211568 0.210695 0.199294 0.0 0.0 0.0 0.211245 0.214348 0.19692 0.211792 0.208104 0.200953
975000 0.210588 0.2056 0.199766 0.0 0.0 0.0 0.208701 0.201621 0.197909 0.211792 0.208104 0.200953
975000 0.205447 0.202487 0.201528 0.0 0.0 0.0 0.208701 0.201621 0.197909 0.201794 0.203396 0.205588
975000 0.214221 0.217805 0.191656 0.0 0.0 0.0 0.215377 0.214175 0.190046 0.212981 0.221631 0.193383
975000 0.20697 0.215917 0.197076 0.0 0.0 0.0 0.20373 0.217057 0.197195 0.211245 0.214348 0.19692
975000 0.214418 0.213568 0.200083 0.0 0.0 0.0 0.218386 0.212527 0.20404 0.211245 0.214348 0.19692
975000 0.213431 0.202485 0.199092 0.0 0.0 0.0 0.218024 0.203264 0.200242 0.208701 0.201621 0.197909
975000 0.217186 0.215794 0.19295 0.0 0.0 0.0 0.219108 0.217454 0.196039 0.215377 0.214175 0.190046
975000 0.215372 0.216008 0.196457 0.0 0.0 0.0 0.219108 0.217454 0.196039 0.211245 0.214348 0.19692
975000 0.208834 0.209398 0.201079 0.0 0.0 0.0 0.211792 0.208104 0.200953 0.204887 0.211068 0.201247
975000 0.211002 0.206101 0.203062 0.0 0.0 0.0 0.210189 0.203994 0.20523 0.211792 0.208104 0.200953
975000 0.204956 0.207048 0.207858 0.0 0.0 0.0 0.208273 0.21082 0.210239 0.201794 0.203396 0.205588
975000 0.207145 0.205063 0.212073 0.0 0.0 0.0 0.208273 0.21082 0.210239 0.206347 0.200941 0.213371
975000 0.204408 0.202017 0.210056 0.0 0.0 0.0 0.206347 0.200941 0.213371 0.201794 0.203396 0.205588
975000 0.208176 0.202183 0.216695 0.0 0.0 0.0 0.210747 0.203856 0.221371 0.206347 0.200941 0.213371
975000 0.207323 0.216267 0.212484 0.0 0.0 0.0 0.208273 0.21082 0.210239 0.206561 0.220571 0.214282
975000 0.205008 0.214784 0.202964 0.0 0.0 0.0 0.205147 0.219029 0.204955 0.204887 0.211068 0.201247
975000 0.214157 0.209712 0.202059 0.0 0.0 0.0 0.218386 0.212527 0.20404 0.211792 0.208104 0.200953
975000 0.214266 0.206207 0.200671 0.0 0.0 0.0 0.218024 0.203264 0.200242 0.211792 0.208104 0.200953
975000 0.213402 0.211715 0.207095 0.0 0.0 0.0 0.208273 0.21082 0.210239 0.218386 0.212527 0.20404
975000 0.212109 0.206009 0.210773 0.0 0.0 0.0 0.208273 0.21082 0.210239 0.216574 0.200342 0.211395
975000 0.204752 0.209931 0.218296 0.0 0.0 0.0 0.2026 0.206935 0.216758 0.207383 0.213526 0.22018
975000 0.205963 0.205694 0.218662 0.0 0.0 0.0 0.2026 0.206935 0.216758 0.210747 0.203856 0.221371
975000 0.204314 0.2179 0.200397 0.0 0.0 0.0 0.205147 0.219029 0.204955 0.20373 0.217057 0.197195
975000 0.217423 0.202083 0.204867 0.0 0.0 0.0 0.218024 0.203264 0.200242 0.216574 0.200342 0.211395
975000 0.218806 0.215415 0.199398 0.0 0.0 0.0 0.219108 0.217454 0.196039 0.218386 0.212527 0.20404
