# ts x y z Fx Fy Fz x1 y1 z1 x2 y2 z2
1687500 0.185818 0.193348 0.187886 1.42255 0.274903 0.575507 0.182512 0.192247 0.186055 0.189349 0.194523 0.18984
1687500 0.183432 0.190686 0.197137 -3.10878 1.55579 0.484 0.187205 0.18859 0.195843 0.180667 0.192222 0.198086
1687500 0.188953 0.197036 0.198074 -2.6355 0.924398 -0.811243 0.192892 0.19488 0.199515 0.184764 0.199328 0.196542
1687500 0.183651 0.189454 0.208143 1.64125 0.70754 1.91381 0.180549 0.18755 0.205079 0.186278 0.191067 0.210738
1687500 0.194408 0.179321 0.181471 1.88641 2.37461 -0.0495197 0.191374 0.176547 0.181549 0.196872 0.181575 0.181407
1687500 0.19804 0.184097 0.183258 -2.73078 -3.81904 -3.40604 0.199428 0.187093 0.185456 0.196872 0.181575 0.181407
1687500 0.199786 0.18094 0.182912 -0.321002 0.101387 -0.116349 0.202852 0.180272 0.184496 0.196872 0.181575 0.181407
1687500 0.19286 0.18173 0.187254 -1.13113 1.04735 -0.113536 0.195562 0.17889 0.188128 0.189176 0.185601 0.186062
1687500 0.197875 0.180072 0.191191 1.32588 1.12047 2.37282 0.195562 0.17889 0.188128 0.200752 0.181542 0.195
1687500 0.196606 0.179701 0.214424 -2.33618 -0.0402444 1.131 0.200783 0.179041 0.212488 0.191822 0.180456 0.216643
1687500 0.197663 0.1881 0.188863 -3.00444 2.33365 4.75794 0.199428 0.187093 0.185456 0.195653 0.189246 0.192742
1687500 0.192387 0.19198 0.191239 -4.00432 2.43974 -2.06961 0.195653 0.189246 0.192742 0.189349 0.194523 0.18984
1687500 0.196574 0.192357 0.189599 -0.148742 -0.476051 0.66603 0.197561 0.195693 0.186227 0.195653 0.189246 0.192742
1687500 0.194302 0.192002 0.196056 1.1158 -2.64197 -4.26107 0.192892 0.19488 0.199515 0.195653 0.189246 0.192742
1687500 0.195061 0.192453 0.202928 0.380965 -0.67438 0.740772 0.192892 0.19488 0.199515 0.196625 0.190703 0.205389
1687500 0.192628 0.195842 0.204124 -0.481225 0.239736 4.02251 0.192892 0.19488 0.199515 0.192372 0.196779 0.20861
1687500 0.196204 0.197459 0.197363 0.00207017 0.00228505 -0.00176126 0.192892 0.19488 0.199515 0.199939 0.200368 0.194936
1687500 0.198075 0.185587 0.193815 -4.12522 4.73487 -2.18844 0.200752 0.181542 0.195 0.195653 0.189246 0.192742
1687500 0.202365 0.188932 0.183526 3.84709 2.349 -3.54537 0.199428 0.187093 0.185456 0.20739 0.192078 0.180225
1687500 0.202907 0.186232 0.187157 0.916059 -0.0622878 0.424383 0.199428 0.187093 0.185456 0.206572 0.185324 0.188949
1687500 0.199034 0.199063 0.183074 0.313284 0.460888 -0.564722 0.197561 0.195693 0.186227 0.200487 0.202386 0.179966
1687500 0.189127 0.193737 0.209743 4.42989 3.27066 -2.08713 0.186278 0.191067 0.210738 0.192372 0.196779 0.20861
1687500 0.196698 0.197244 0.20715 -3.67265 -0.129768 0.67269 0.201708 0.197782 0.20546 0.192372 0.196779 0.20861
1687500 0.199531 0.18661 0.216503 -0.104593 -0.565942 0.874231 0.200527 0.188682 0.212301 0.198799 0.185086 0.219594
1687500 0.204551 0.18258 0.18653 0.319774 0.604722 0.606797 0.202852 0.180272 0.184496 0.206572 0.185324 0.188949
1687500 0.210057 0.180011 0.192391 2.1048 1.72823 1.51145 0.207554 0.17715 0.190576 0.212487 0.18279 0.194154
1687500 0.212786 0.180495 0.197526 -0.402208 1.38983 -2.35697 0.213073 0.17829 0.200766 0.212487 0.18279 0.194154
1687500 0.201935 0.17878 0.19899 1.15252 -1.47518 2.78297 0.200752 0.181542 0.195 0.202845 0.176658 0.202056
1687500 0.204173 0.182581 0.198487 3.48627 0.25292 3.48015 0.200752 0.181542 0.195 0.206963 0.183428 0.201331
1687500 0.211063 0.18662 0.193949 0.442657 -1.75573 0.303572 0.209993 0.189498 0.193795 0.212487 0.18279 0.194154
1687500 0.213684 0.185023 0.197366 0.332429 0.549096 1.14279 0.212487 0.18279 0.194154 0.21526 0.187962 0.201595
1687500 0.214073 0.18533 0.191367 -1.30871 -1.69042 1.49803 0.215959 0.188349 0.188055 0.212487 0.18279 0.194154
1687500 0.206679 0.183262 0.205391 0.579498 -0.000117738 -2.55193 0.206448 0.183127 0.208684 0.206963 0.183428 0.201331
1687500 0.20802 0.18145 0.211056 1.527 -1.29482 1.57623 0.206448 0.183127 0.208684 0.209452 0.179924 0.213216
1687500 0.204095 0.18143 0.210263 -2.66563 -1.27169 1.56663 0.206448 0.183127 0.208684 0.200783 0.179041 0.212488
1687500 0.210536 0.185381 0.201444 -3.64106 -2.52456 -0.652353 0.21526 0.187962 0.201595 0.206963 0.183428 0.201331
1687500 0.206955 0.186301 0.20792 0.630377 3.10708 -1.29137 0.206448 0.183127 0.208684 0.207609 0.190392 0.206936
1687500 0.212226 0.179829 0.214375 2.52971 -0.068374 1.56557 0.209452 0.179924 0.213216 0.215938 0.179702 0.215925
1687500 0.205116 0.192934 0.198649 -2.26158 -1.6326 0.094738 0.208633 0.196012 0.197883 0.201752 0.189991 0.199382
1687500 0.208543 0.187729 0.191741 -1.45981 -1.20271 -1.5167 0.209993 0.189498 0.193795 0.206572 0.185324 0.188949
1687500 0.212522 0.191187 0.194244 1.01348 0.682998 0.385167 0.209993 0.189498 0.193795 0.215066 0.192887 0.194696
1687500 0.209458 0.192062 0.195404 -0.734027 2.23342 1.90482 0.209993 0.189498 0.193795 0.208633 0.196012 0.197883
1687500 0.212525 0.194121 0.195955 0.251202 -0.0798837 -0.148084 0.208633 0.196012 0.197883 0.215066 0.192887 0.194696
1687500 0.214586 0.194867 0.192369 0.478778 -1.21042 1.96843 0.213773 0.19822 0.188427 0.215066 0.192887 0.194696
1687500 0.20952 0.197478 0.202299 -0.637952 -1.06625 -2.12598 0.210103 0.198441 0.205198 0.208633 0.196012 0.197883
1687500 0.217968 0.191837 0.194909 -1.00345 0.470423 0.0676552 0.22183 0.190439 0.195193 0.215066 0.192887 0.194696
1687500 0.204276 0.189587 0.209461 0.54017 0.0213849 -0.411187 0.200527 0.188682 0.212301 0.207609 0.190392 0.206936
1687500 0.204984 0.193679 0.206279 2.65563 -2.78925 0.0847107 0.201708 0.197782 0.20546 0.207609 0.190392 0.206936
1687500 0.210987 0.189319 0.204578 -3.94325 0.602169 2.18488 0.21526 0.187962 0.201595 0.207609 0.190392 0.206936
1687500 0.203449 0.202152 0.202989 1.32555 5.72507 -3.79342 0.201708 0.197782 0.20546 0.204772 0.205469 0.201113
1687500 0.209372 0.200891 0.206969 -0.554721 1.16762 1.1057 0.210103 0.198441 0.205198 0.208062 0.205285 0.210144
1687500 0.217165 0.184056 0.204775 -2.33826 3.49605 -3.22606 0.218871 0.18056 0.207623 0.21526 0.187962 0.201595
1687500 0.212168 0.197223 0.207179 1.67067 -1.44803 2.16296 0.210103 0.198441 0.205198 0.21648 0.194681 0.211316
1687500 0.20709 0.189268 0.218553 3.11669 -1.70932 -1.89195 0.20396 0.191428 0.219987 0.210758 0.186737 0.216872
1687500 0.182638 0.179561 0.196007 -0.806949 -0.298233 0.530622 0.186102 0.180175 0.193567 0.177699 0.178685 0.199487
1687500 0.20627 0.180304 0.183678 -0.191009 -0.0125839 0.0165112 0.211528 0.180354 0.182421 0.202852 0.180272 0.184496
1687500 0.210125 0.195066 0.212592 0.769053 0.0517684 -0.236141 0.206266 0.195299 0.213367 0.21648 0.194681 0.211316
1687500 0.206911 0.19294 0.210275 0.283758 -1.25814 -2.2914 0.206266 0.195299 0.213367 0.207609 0.190392 0.206936
1687500 0.20513 0.193393 0.216627 0.289832 0.270143 -0.586359 0.20396 0.191428 0.219987 0.206266 0.195299 0.213367
1687500 0.203744 0.179686 0.216015 2.86652 -0.0865785 3.4101 0.200783 0.179041 0.212488 0.205942 0.180166 0.218634
1687500 0.202384 0.190167 0.216458 0.199463 0.0796616 0.461414 0.200527 0.188682 0.212301 0.20396 0.191428 0.219987
1687500 0.194568 0.188407 0.206822 2.96336 3.37686 -3.03025 0.192021 0.185565 0.208595 0.196625 0.190703 0.205389
1687500 0.207003 0.198198 0.205295 -1.17355 -0.265619 0.118084 0.210103 0.198441 0.205198 0.201708 0.197782 0.20546
1687500 0.189087 0.188376 0.20969 -1.95235 1.35912 0.77996 0.192021 0.185565 0.208595 0.186278 0.191067 0.210738
1687500 0.208733 0.183157 0.186103 -0.637904 0.45205 0.603919 0.211528 0.180354 0.182421 0.206572 0.185324 0.188949
1687500 0.191933 0.183311 0.212147 -0.775052 -2.47159 5.01578 0.192021 0.185565 0.208595 0.191822 0.180456 0.216643
1687500 0.198246 0.189864 0.20826 -0.205492 0.037918 -0.362361 0.200527 0.188682 0.212301 0.196625 0.190703 0.205389
1687500 0.215137 0.19109 0.197213 -0.0442971 0.771746 -1.55251 0.21526 0.187962 0.201595 0.215066 0.192887 0.194696
1687500 0.198824 0.190398 0.202813 -0.718096 0.0947455 0.611343 0.201752 0.189991 0.199382 0.196625 0.190703 0.205389
1687500 0.196277 0.180356 0.184459 0.221668 2.31655 -4.65578 0.195562 0.17889 0.188128 0.196872 0.181575 0.181407
1687500 0.181822 0.196304 0.193831 0.769896 0.618365 0.824079 0.180039 0.194471 0.192188 0.184764 0.199328 0.196542
1687500 0.198699 0.189618 0.196058 0.91021 -0.103363 1.0059 0.195653 0.189246 0.192742 0.201752 0.189991 0.199382
1687500 0.218984 0.189365 0.197967 -3.52239 -0.709438 4.09545 0.22183 0.190439 0.195193 0.21526 0.187962 0.201595
1687500 0.203229 0.199324 0.190888 -0.000640789 0.000248363 0.000593383 0.205258 0.19868 0.188391 0.199939 0.200368 0.194936
1687500 0.216618 0.178919 0.199191 -1.60053 -0.497988 0.9697 0.222402 0.179945 0.19662 0.213073 0.17829 0.200766
1687500 0.202793 0.191294 0.195171 -0.000691503 -0.00180846 0.00378091 0.20369 0.192417 0.191541 0.201752 0.189991 0.199382
1687500 0.205081 0.188991 0.190289 0.00189611 -0.00604536 -0.00318637 0.20369 0.192417 0.191541 0.206572 0.185324 0.188949
1687500 0.204542 0.19582 0.18983 0.000559088 0.0031459 -0.00101954 0.20369 0.192417 0.191541 0.205258 0.19868 0.188391
1687500 0.183297 0.180621 0.200964 2.99882 1.00213 1.34675 0.177699 0.178685 0.199487 0.187438 0.182053 0.202056
1687500 0.190423 0.179513 0.204299 -2.7998 1.67888 -2.20629 0.193617 0.176794 0.206698 0.187438 0.182053 0.202056
1687500 0.183365 0.187469 0.193769 -0.145352 -0.0481228 -0.0512764 0.187205 0.18859 0.195843 0.179266 0.186273 0.191555
1687500 0.191424 0.188918 0.194295 1.28719 0.133235 -0.719989 0.187205 0.18859 0.195843 0.195653 0.189246 0.192742
1687500 0.187321 0.185325 0.198946 -0.394864 -2.18982 2.01398 0.187205 0.18859 0.195843 0.187438 0.182053 0.202056
1687500 0.189811 0.183871 0.205441 -2.53849 -1.11683 -3.35759 0.192021 0.185565 0.208595 0.187438 0.182053 0.202056
1687500 0.198609 0.193466 0.205417 -3.2906 -3.67229 -0.61773 0.201708 0.197782 0.20546 0.196625 0.190703 0.205389
1687500 0.210694 0.20058 0.203019 0.0994889 0.560447 -0.75107 0.210103 0.198441 0.205198 0.21127 0.202662 0.200899
1687500 0.190287 0.179149 0.200094 -0.341929 0.245297 0.223181 0.192344 0.177052 0.198677 0.187438 0.182053 0.202056
1687500 0.207817 0.180036 0.215738 -1.58728 -0.174748 1.917 0.209452 0.179924 0.213216 0.205942 0.180166 0.218634
1687500 0.186752 0.181089 0.197698 0.242557 0.202105 2.78832 0.186102 0.180175 0.193567 0.187438 0.182053 0.202056
1687500 0.213179 0.190099 0.214521 0.859307 0.826574 -0.726749 0.210758 0.186737 0.216872 0.21648 0.194681 0.211316
1687500 0.215813 0.191008 0.206002 0.0125891 -0.160665 -0.209204 0.21648 0.194681 0.211316 0.21526 0.187962 0.201595
1687500 0.186473 0.197347 0.18865 -3.46409 3.16275 -0.62581 0.189349 0.194523 0.18984 0.183625 0.200144 0.18747
1687500 0.187451 0.182556 0.190273 0.724971 0.755203 -1.28275 0.186102 0.180175 0.193567 0.189176 0.185601 0.186062
1687500 0.204496 0.186536 0.200408 0.188054 -0.172426 0.0710526 0.201752 0.189991 0.199382 0.206963 0.183428 0.201331
1687500 0.194359 0.199118 0.200976 0.144456 0.309265 0.0663868 0.192892 0.19488 0.199515 0.19531 0.201865 0.201924
1687500 0.181837 0.198362 0.200499 0.0456828 0.0261045 -0.085631 0.178799 0.197359 0.204607 0.184764 0.199328 0.196542
1687500 0.188314 0.19166 0.192737 0.807942 2.04433 -2.87486 0.187205 0.18859 0.195843 0.189349 0.194523 0.18984
1687500 0.210073 0.180813 0.201043 -0.663575 0.39896 0.0703379 0.213073 0.17829 0.200766 0.206963 0.183428 0.201331
1687500 0.196706 0.180387 0.20575 -1.87089 -1.58611 0.403803 0.199433 0.183559 0.204914 0.193617 0.176794 0.206698
1687500 0.203285 0.183492 0.203081 0.551216 -0.0991848 -0.316123 0.199433 0.183559 0.204914 0.206963 0.183428 0.201331
1687500 0.199948 0.185973 0.208394 -0.019128 -0.453101 -0.500862 0.200527 0.188682 0.212301 0.199433 0.183559 0.204914
1687500 0.200558 0.186679 0.20223 0.512279 1.23759 -1.48053 0.199433 0.183559 0.204914 0.201752 0.189991 0.199382
1687500 0.189956 0.181602 0.194771 -0.000387861 -0.000104335 -6.23965e-05 0.192751 0.182637 0.195644 0.186102 0.180175 0.193567
1687500 0.193245 0.184522 0.198063 8.67389e-05 0.000232791 0.000423989 0.192751 0.182637 0.195644 0.193785 0.186584 0.200708
1687500 0.197746 0.195013 0.181434 -7.14199e-05 0.000420082 0.00136173 0.197871 0.194557 0.178215 0.197561 0.195693 0.186227
1687500 0.209561 0.184195 0.208983 0.0 0.0 -0.0 0.206448 0.183127 0.208684 0.212567 0.185226 0.209273
1687500 0.216153 0.194752 0.196911 -0.168654 -0.264665 -0.234773 0.217771 0.197527 0.200205 0.215066 0.192887 0.194696
1687500 0.211841 0.185832 0.212322 -4.42167e-05 2.89658e-05 0.000108337 0.212567 0.185226 0.209273 0.210758 0.186737 0.216872
1687500 0.216614 0.19312 0.200845 -0.518827 -1.59422 0.496248 0.217771 0.197527 0.200205 0.21526 0.187962 0.201595
1687500 0.215571 0.200443 0.197409 -1.08312 0.95821 -1.11624 0.217771 0.197527 0.200205 0.214124 0.20236 0.19557
1687500 0.186639 0.184275 0.194676 -0.70498 -2.48011 -0.902184 0.187205 0.18859 0.195843 0.186102 0.180175 0.193567
1687500 0.195818 0.182217 0.195397 0.00195371 -0.000177054 0.000142255 0.192751 0.182637 0.195644 0.200752 0.181542 0.195
1687500 0.185092 0.179073 0.211477 0.000232943 0.00350106 -0.000773656 0.185422 0.174761 0.212102 0.184806 0.182804 0.210937
1687500 0.19106 0.184639 0.201287 0.000509864 0.000256813 -0.000128669 0.187438 0.182053 0.202056 0.193785 0.186584 0.200708
1687500 0.187868 0.186457 0.202963 1.48013e-06 1.00456e-05 3.74737e-06 0.187438 0.182053 0.202056 0.188182 0.18967 0.203624
1687500 0.196288 0.185243 0.202572 -0.000766833 0.000294219 -0.000697396 0.199433 0.183559 0.204914 0.193785 0.186584 0.200708
1687500 0.189868 0.187867 0.205807 -0.0 0.0 0.0 0.192021 0.185565 0.208595 0.188182 0.18967 0.203624
1687500 0.194993 0.196287 0.212347 -0.0 0.0 0.0 0.192372 0.196779 0.20861 0.197136 0.195884 0.215403
1687500 0.196801 0.193632 0.218388 0.000495642 0.00272642 -0.00264437 0.196488 0.191531 0.221173 0.197136 0.195884 0.215403
1687500 0.196094 0.188989 0.214088 -8.57893e-05 -8.67593e-06 3.70734e-05 0.200527 0.188682 0.212301 0.192789 0.189218 0.215421
1687500 0.198626 0.192719 0.21404 -0.000973943 0.00161339 0.00102913 0.200527 0.188682 0.212301 0.197136 0.195884 0.215403
1687500 0.202648 0.181953 0.181415 -7.76959e-06 1.65081e-05 -3.13582e-05 0.202852 0.180272 0.184496 0.202466 0.183457 0.178658
1687500 0.207061 0.181253 0.189759 -0.180985 0.627688 -0.140273 0.207554 0.17715 0.190576 0.206572 0.185324 0.188949
1687500 0.215078 0.183368 0.208616 -0.00113494 0.000930079 0.000550397 0.218871 0.18056 0.207623 0.212567 0.185226 0.209273
1687500 0.192401 0.185702 0.215911 0.000297776 0.00116967 -0.000266904 0.191822 0.180456 0.216643 0.192789 0.189218 0.215421
1687500 0.192725 0.187598 0.189723 0.229754 0.173241 0.202187 0.189176 0.185601 0.186062 0.195653 0.189246 0.192742
1687500 0.200955 0.193878 0.18917 0.00161727 -0.000557666 0.00161181 0.197561 0.195693 0.186227 0.20369 0.192417 0.191541
1687500 0.210242 0.200069 0.199723 0.332387 0.797841 0.212472 0.208633 0.196012 0.197883 0.21127 0.202662 0.200899
1687500 0.18249 0.178714 0.19132 0.0 0.0 0.0 0.186102 0.180175 0.193567 0.178594 0.177252 0.188897
1687500 0.182294 0.19499 0.197473 0.0 0.0 0.0 0.180667 0.192222 0.198086 0.184764 0.199328 0.196542
1687500 0.184141 0.19972 0.191585 0.0 0.0 0.0 0.184764 0.199328 0.196542 0.183625 0.200144 0.18747
1687500 0.180618 0.190253 0.200952 0.0 0.0 0.0 0.180549 0.18755 0.205079 0.180667 0.192222 0.198086
1687500 0.182882 0.182992 0.192619 0.0 0.0 0.0 0.186102 0.180175 0.193567 0.179266 0.186273 0.191555
1687500 0.187577 0.199864 0.184884 0.0 0.0 0.0 0.191025 0.19972 0.182628 0.183625 0.200144 0.18747
1687500 0.183899 0.185904 0.188986 0.0 0.0 0.0 0.189176 0.185601 0.186062 0.179266 0.186273 0.191555
1687500 0.187258 0.19666 0.192897 0.0 0.0 0.0 0.189349 0.194523 0.18984 0.184764 0.199328 0.196542
1687500 0.182921 0.18485 0.208344 0.0 0.0 0.0 0.180549 0.18755 0.205079 0.184806 0.182804 0.210937
1687500 0.184083 0.184675 0.203529 0.0 0.0 0.0 0.180549 0.18755 0.205079 0.187438 0.182053 0.202056
1687500 0.185058 0.188748 0.204219 0.0 0.0 0.0 0.180549 0.18755 0.205079 0.188182 0.18967 0.203624
1687500 0.193955 0.183046 0.183171 0.0 0.0 0.0 0.189176 0.185601 0.186062 0.196872 0.181575 0.181407
1687500 0.19043 0.180375 0.183485 0.0 0.0 0.0 0.189176 0.185601 0.186062 0.191374 0.176547 0.181549
1687500 0.192553 0.179913 0.197123 -0.000142568 -0.00101273 0.000768853 0.192751 0.182637 0.195644 0.192344 0.177052 0.198677
1687500 0.190585 0.182345 0.198257 0.0 0.0 0.0 0.192751 0.182637 0.195644 0.187438 0.182053 0.202056
1687500 0.197506 0.182962 0.186784 0.0 0.0 0.0 0.195562 0.17889 0.188128 0.199428 0.187093 0.185456
1687500 0.190487 0.185012 0.195726 0.0 0.0 0.0 0.192751 0.182637 0.195644 0.187205 0.18859 0.195843
1687500 0.193932 0.185275 0.194462 0.0 0.0 0.0 0.192751 0.182637 0.195644 0.195653 0.189246 0.192742
1687500 0.199449 0.179572 0.186191 0.0 0.0 0.0 0.195562 0.17889 0.188128 0.202852 0.180272 0.184496
1687500 0.186005 0.182407 0.206891 0.0 0.0 0.0 0.187438 0.182053 0.202056 0.184806 0.182804 0.210937
1687500 0.187718 0.181774 0.213305 0.0 0.0 0.0 0.191822 0.180456 0.216643 0.184806 0.182804 0.210937
1687500 0.18822 0.184056 0.209829 0.0 0.0 0.0 0.192021 0.185565 0.208595 0.184806 0.182804 0.210937
1687500 0.185518 0.186749 0.21084 0.0 0.0 0.0 0.186278 0.191067 0.210738 0.184806 0.182804 0.210937
1687500 0.192764 0.181428 0.207712 0.0 0.0 0.0 0.192021 0.185565 0.208595 0.193617 0.176794 0.206698
1687500 0.195701 0.184515 0.206767 0.0 0.0 0.0 0.192021 0.185565 0.208595 0.199433 0.183559 0.204914
1687500 0.19787 0.18748 0.205179 0.0 0.0 0.0 0.199433 0.183559 0.204914 0.196625 0.190703 0.205389
1687500 0.200039 0.182575 0.200347 0.0 0.0 0.0 0.200752 0.181542 0.195 0.199433 0.183559 0.204914
1687500 0.201228 0.179872 0.203409 0.0 0.0 0.0 0.199433 0.183559 0.204914 0.202845 0.176658 0.202056
1687500 0.203385 0.183262 0.207038 0.0 0.0 0.0 0.206448 0.183127 0.208684 0.199433 0.183559 0.204914
1687500 0.200078 0.181343 0.208537 0.0 0.0 0.0 0.200783 0.179041 0.212488 0.199433 0.183559 0.204914
1687500 0.19602 0.183188 0.218419 0.0 0.0 0.0 0.191822 0.180456 0.216643 0.198799 0.185086 0.219594
1687500 0.198236 0.187259 0.181465 0.0 0.0 0.0 0.199428 0.187093 0.185456 0.197157 0.187514 0.177859
1687500 0.190247 0.197257 0.185972 0.0 0.0 0.0 0.189349 0.194523 0.18984 0.191025 0.19972 0.182628
1687500 0.193825 0.197941 0.184171 0.0 0.0 0.0 0.197561 0.195693 0.186227 0.191025 0.19972 0.182628
1687500 0.195119 0.186411 0.185711 0.0 0.0 0.0 0.199428 0.187093 0.185456 0.189176 0.185601 0.186062
1687500 0.188093 0.187186 0.191428 0.0 0.0 0.0 0.187205 0.18859 0.195843 0.189176 0.185601 0.186062
1687500 0.189272 0.190594 0.1882 0.0 0.0 0.0 0.189176 0.185601 0.186062 0.189349 0.194523 0.18984
1687500 0.198587 0.19091 0.185804 0.0 0.0 0.0 0.197561 0.195693 0.186227 0.199428 0.187093 0.185456
1687500 0.189983 0.191609 0.197637 0.0 0.0 0.0 0.187205 0.18859 0.195843 0.192892 0.19488 0.199515
1687500 0.191017 0.194637 0.1944 0.0 0.0 0.0 0.192892 0.19488 0.199515 0.189349 0.194523 0.18984
1687500 0.193163 0.195012 0.188163 0.0 0.0 0.0 0.197561 0.195693 0.186227 0.189349 0.194523 0.18984
1687500 0.190955 0.187392 0.198617 0.0 0.0 0.0 0.187205 0.18859 0.195843 0.193785 0.186584 0.200708
1687500 0.187769 0.189159 0.200337 0.0 0.0 0.0 0.187205 0.18859 0.195843 0.188182 0.18967 0.203624
1687500 0.194586 0.187673 0.197289 0.0 0.0 0.0 0.195653 0.189246 0.192742 0.193785 0.186584 0.200708
1687500 0.19341 0.190004 0.200209 0.0 0.0 0.0 0.192892 0.19488 0.199515 0.193785 0.186584 0.200708
1687500 0.190118 0.191758 0.201933 0.0 0.0 0.0 0.192892 0.19488 0.199515 0.188182 0.18967 0.203624
1687500 0.194474 0.199383 0.188222 0.0 0.0 0.0 0.197561 0.195693 0.186227 0.191619 0.202902 0.190067
1687500 0.198699 0.197861 0.19038 0.0 0.0 0.0 0.197561 0.195693 0.186227 0.199939 0.200368 0.194936
1687500 0.201124 0.18501 0.181665 0.0 0.0 0.0 0.199428 0.187093 0.185456 0.202466 0.183457 0.178658
1687500 0.201243 0.183421 0.184948 0.0 0.0 0.0 0.199428 0.187093 0.185456 0.202852 0.180272 0.184496
1687500 0.201654 0.194133 0.183728 0.0 0.0 0.0 0.197561 0.195693 0.186227 0.20739 0.192078 0.180225
1687500 0.201575 0.189721 0.188524 0.0 0.0 0.0 0.20369 0.192417 0.191541 0.199428 0.187093 0.185456
1687500 0.199963 0.190892 0.192098 0.0 0.0 0.0 0.20369 0.192417 0.191541 0.195653 0.189246 0.192742
1687500 0.197411 0.192332 0.199447 0.0 0.0 0.0 0.192892 0.19488 0.199515 0.201752 0.189991 0.199382
1687500 0.202151 0.197417 0.187515 0.0 0.0 0.0 0.197561 0.195693 0.186227 0.205258 0.19868 0.188391
1687500 0.197036 0.19619 0.20231 0.0 0.0 0.0 0.192892 0.19488 0.199515 0.201708 0.197782 0.20546
1687500 0.19094 0.188096 0.202188 0.0 0.0 0.0 0.188182 0.18967 0.203624 0.193785 0.186584 0.200708
1687500 0.192996 0.186075 0.204231 0.0 0.0 0.0 0.192021 0.185565 0.208595 0.193785 0.186584 0.200708
1687500 0.195203 0.188589 0.203048 0.0 0.0 0.0 0.196625 0.190703 0.205389 0.193785 0.186584 0.200708
1687500 0.187325 0.190244 0.206823 0.0 0.0 0.0 0.186278 0.191067 0.210738 0.188182 0.18967 0.203624
1687500 0.192436 0.187487 0.212288 0.0 0.0 0.0 0.192021 0.185565 0.208595 0.192789 0.189218 0.215421
1687500 0.18973 0.190032 0.21322 0.0 0.0 0.0 0.186278 0.191067 0.210738 0.192789 0.189218 0.215421
1687500 0.194814 0.193236 0.20676 0.0 0.0 0.0 0.192372 0.196779 0.20861 0.196625 0.190703 0.205389
1687500 0.194908 0.192412 0.215412 0.0 0.0 0.0 0.192789 0.189218 0.215421 0.197136 0.195884 0.215403
1687500 0.186341 0.193216 0.214239 0.0 0.0 0.0 0.186278 0.191067 0.210738 0.186434 0.196466 0.219321
1687500 0.194656 0.190331 0.218325 0.0 0.0 0.0 0.196488 0.191531 0.221173 0.192789 0.189218 0.215421
1687500 0.195813 0.187084 0.217521 0.0 0.0 0.0 0.192789 0.189218 0.215421 0.198799 0.185086 0.219594
1687500 0.190379 0.191911 0.216899 0.0 0.0 0.0 0.192789 0.189218 0.215421 0.186434 0.196466 0.219321
1687500 0.196518 0.197404 0.21882 0.0 0.0 0.0 0.195761 0.199388 0.22301 0.197136 0.195884 0.215403
1687500 0.197198 0.187991 0.20014 0.0 0.0 0.0 0.201752 0.189991 0.199382 0.193785 0.186584 0.200708
1687500 0.195999 0.186968 0.210328 0.0 0.0 0.0 0.192021 0.185565 0.208595 0.200527 0.188682 0.212301
1687500 0.199653 0.182425 0.216531 0.0 0.0 0.0 0.200783 0.179041 0.212488 0.198799 0.185086 0.219594
1687500 0.201194 0.187977 0.219776 0.0 0.0 0.0 0.20396 0.191428 0.219987 0.198799 0.185086 0.219594
1687500 0.202106 0.195722 0.192979 0.0 0.0 0.0 0.20369 0.192417 0.191541 0.199939 0.200368 0.194936
1687500 0.204542 0.198004 0.196497 0.0 0.0 0.0 0.208633 0.196012 0.197883 0.199939 0.200368 0.194936
1687500 0.20499 0.178796 0.187262 0.0 0.0 0.0 0.207554 0.17715 0.190576 0.202852 0.180272 0.184496
1687500 0.204441 0.179104 0.1926 0.0 0.0 0.0 0.207554 0.17715 0.190576 0.200752 0.181542 0.195
1687500 0.209718 0.183056 0.19775 0.0 0.0 0.0 0.212487 0.18279 0.194154 0.206963 0.183428 0.201331
1687500 0.20956 0.183989 0.191579 0.0 0.0 0.0 0.212487 0.18279 0.194154 0.206572 0.185324 0.188949
1687500 0.201275 0.185919 0.197298 0.0 0.0 0.0 0.200752 0.181542 0.195 0.201752 0.189991 0.199382
1687500 0.20392 0.183546 0.191706 0.0 0.0 0.0 0.200752 0.181542 0.195 0.206572 0.185324 0.188949
1687500 0.216348 0.181627 0.195115 0.0 0.0 0.0 0.222402 0.179945 0.19662 0.212487 0.18279 0.194154
1687500 0.204842 0.179888 0.201704 0.0 0.0 0.0 0.206963 0.183428 0.201331 0.202845 0.176658 0.202056
1687500 0.207895 0.179747 0.204274 0.0 0.0 0.0 0.208832 0.176159 0.20723 0.206963 0.183428 0.201331
1687500 0.207512 0.17996 0.208034 0.0 0.0 0.0 0.206448 0.183127 0.208684 0.208832 0.176159 0.20723
1687500 0.206047 0.179523 0.212929 0.0 0.0 0.0 0.209452 0.179924 0.213216 0.200783 0.179041 0.212488
1687500 0.213995 0.182316 0.201116 0.0 0.0 0.0 0.213073 0.17829 0.200766 0.21526 0.187962 0.201595
1687500 0.207278 0.186779 0.204071 0.0 0.0 0.0 0.206963 0.183428 0.201331 0.207609 0.190392 0.206936
1687500 0.20403 0.18534 0.21016 0.0 0.0 0.0 0.206448 0.183127 0.208684 0.200527 0.188682 0.212301
1687500 0.210963 0.182443 0.211302 0.0 0.0 0.0 0.209452 0.179924 0.213216 0.212567 0.185226 0.209273
1687500 0.200657 0.183735 0.212396 0.0 0.0 0.0 0.200527 0.188682 0.212301 0.200783 0.179041 0.212488
1687500 0.209957 0.182507 0.214631 0.0 0.0 0.0 0.209452 0.179924 0.213216 0.210758 0.186737 0.216872
1687500 0.215675 0.179255 0.203845 0.0 0.0 0.0 0.218871 0.18056 0.207623 0.213073 0.17829 0.200766
1687500 0.207965 0.182874 0.217893 0.0 0.0 0.0 0.205942 0.180166 0.218634 0.210758 0.186737 0.216872
1687500 0.206883 0.187843 0.185624 0.0 0.0 0.0 0.20739 0.192078 0.180225 0.206572 0.185324 0.188949
1687500 0.20504 0.192238 0.187409 0.0 0.0 0.0 0.20369 0.192417 0.191541 0.20739 0.192078 0.180225
1687500 0.210991 0.19549 0.184854 0.0 0.0 0.0 0.20739 0.192078 0.180225 0.213773 0.19822 0.188427
1687500 0.205954 0.196471 0.185727 0.0 0.0 0.0 0.205258 0.19868 0.188391 0.20739 0.192078 0.180225
1687500 0.212381 0.189851 0.184787 0.0 0.0 0.0 0.215959 0.188349 0.188055 0.20739 0.192078 0.180225
1687500 0.207214 0.190729 0.192802 0.0 0.0 0.0 0.209993 0.189498 0.193795 0.20369 0.192417 0.191541
1687500 0.205921 0.193986 0.194406 0.0 0.0 0.0 0.20369 0.192417 0.191541 0.208633 0.196012 0.197883
1687500 0.211072 0.197007 0.193394 0.0 0.0 0.0 0.208633 0.196012 0.197883 0.213773 0.19822 0.188427
1687500 0.208537 0.198446 0.188402 0.0 0.0 0.0 0.205258 0.19868 0.188391 0.213773 0.19822 0.188427
1687500 0.20477 0.190144 0.203275 0.0 0.0 0.0 0.201752 0.189991 0.199382 0.207609 0.190392 0.206936
1687500 0.201731 0.193522 0.202178 0.0 0.0 0.0 0.201708 0.197782 0.20546 0.201752 0.189991 0.199382
1687500 0.211906 0.188886 0.196629 0.0 0.0 0.0 0.209993 0.189498 0.193795 0.21526 0.187962 0.201595
1687500 0.211733 0.192191 0.19962 0.0 0.0 0.0 0.208633 0.196012 0.197883 0.21526 0.187962 0.201595
1687500 0.205368 0.196793 0.201454 0.0 0.0 0.0 0.208633 0.196012 0.197883 0.201708 0.197782 0.20546
1687500 0.211983 0.199833 0.196472 0.0 0.0 0.0 0.208633 0.196012 0.197883 0.214124 0.20236 0.19557
1687500 0.21091 0.186667 0.188536 0.0 0.0 0.0 0.215959 0.188349 0.188055 0.206572 0.185324 0.188949
1687500 0.212303 0.188999 0.191571 0.0 0.0 0.0 0.209993 0.189498 0.193795 0.215959 0.188349 0.188055
1687500 0.215412 0.191069 0.192114 0.0 0.0 0.0 0.215959 0.188349 0.188055 0.215066 0.192887 0.194696
1687500 0.214905 0.193047 0.188234 0.0 0.0 0.0 0.215959 0.188349 0.188055 0.213773 0.19822 0.188427
1687500 0.213267 0.196727 0.199061 0.0 0.0 0.0 0.217771 0.197527 0.200205 0.208633 0.196012 0.197883
1687500 0.217842 0.201018 0.190971 0.0 0.0 0.0 0.213773 0.19822 0.188427 0.221759 0.203814 0.193416
1687500 0.203674 0.192257 0.212886 0.0 0.0 0.0 0.200527 0.188682 0.212301 0.206266 0.195299 0.213367
1687500 0.201086 0.192941 0.209058 0.0 0.0 0.0 0.200527 0.188682 0.212301 0.201708 0.197782 0.20546
1687500 0.210442 0.187385 0.208272 0.0 0.0 0.0 0.212567 0.185226 0.209273 0.207609 0.190392 0.206936
1687500 0.213568 0.18619 0.206416 0.0 0.0 0.0 0.212567 0.185226 0.209273 0.21526 0.187962 0.201595
1687500 0.209049 0.19499 0.205932 0.0 0.0 0.0 0.210103 0.198441 0.205198 0.207609 0.190392 0.206936
1687500 0.204323 0.196303 0.209999 0.0 0.0 0.0 0.206266 0.195299 0.213367 0.201708 0.197782 0.20546
1687500 0.208049 0.196487 0.216665 0.0 0.0 0.0 0.21056 0.198288 0.221306 0.206266 0.195299 0.213367
1687500 0.218519 0.184248 0.199324 0.0 0.0 0.0 0.222402 0.179945 0.19662 0.21526 0.187962 0.201595
1687500 0.213856 0.188288 0.209946 0.0 0.0 0.0 0.212567 0.185226 0.209273 0.21648 0.194681 0.211316
1687500 0.211121 0.192037 0.20867 0.0 0.0 0.0 0.21648 0.194681 0.211316 0.207609 0.190392 0.206936
1687500 0.213195 0.198019 0.203184 0.0 0.0 0.0 0.210103 0.198441 0.205198 0.217771 0.197527 0.200205
1687500 0.213848 0.200571 0.200624 0.0 0.0 0.0 0.217771 0.197527 0.200205 0.21127 0.202662 0.200899
1687500 0.217234 0.196293 0.204813 0.0 0.0 0.0 0.217771 0.197527 0.200205 0.21648 0.194681 0.211316
1687500 0.219673 0.200474 0.196966 0.0 0.0 0.0 0.217771 0.197527 0.200205 0.221759 0.203814 0.193416
1687500 0.21786 0.201749 0.201906 0.0 0.0 0.0 0.217771 0.197527 0.200205 0.217968 0.206838 0.203909
1687500 0.183119 0.206557 0.1941 -0.675239 -0.162485 0.129446 0.186361 0.207098 0.193962 0.179353 0.205929 0.194261
1687500 0.185756 0.213254 0.195093 -1.35137 -0.152779 -1.11887 0.189696 0.213336 0.197501 0.182257 0.213182 0.192955
1687500 0.181208 0.205188 0.202497 0.204542 -0.00582943 0.116561 0.178585 0.204781 0.200993 0.186863 0.206066 0.205739
1687500 0.181176 0.21809 0.198059 0.873437 0.336501 -0.221542 0.178319 0.216447 0.198672 0.184004 0.219717 0.197452
1687500 0.183865 0.217872 0.200207 0.0675342 0.257708 -0.536363 0.183703 0.215729 0.203406 0.184004 0.219717 0.197452
1687500 0.190447 0.198578 0.18995 -0.486975 -3.98956 -0.383592 0.191619 0.202902 0.190067 0.189349 0.194523 0.18984
1687500 0.192752 0.20003 0.211827 -1.23915 -3.86041 -4.75344 0.193137 0.203313 0.215074 0.192372 0.196779 0.20861
1687500 0.19453 0.200804 0.208152 -0.543067 -0.814124 0.226301 0.196004 0.203551 0.207839 0.192372 0.196779 0.20861
1687500 0.194454 0.201343 0.219057 0.923783 -1.18092 3.73836 0.193137 0.203313 0.215074 0.195761 0.199388 0.22301
1687500 0.18825 0.208197 0.185669 -0.859858 -1.55012 -1.58343 0.189571 0.211738 0.188374 0.187279 0.205595 0.183681
1687500 0.188587 0.205322 0.192313 0.581032 -0.321146 -0.448206 0.186361 0.207098 0.193962 0.191619 0.202902 0.190067
1687500 0.19429 0.206126 0.191665 3.72526 3.21717 2.08439 0.191619 0.202902 0.190067 0.196739 0.209082 0.193131
1687500 0.187749 0.209693 0.195434 0.378995 0.494069 0.366189 0.186361 0.207098 0.193962 0.189696 0.213336 0.197501
1687500 0.196861 0.209285 0.197234 -0.321427 0.014354 2.60819 0.196739 0.209082 0.193131 0.197004 0.209521 0.201996
1687500 0.19329 0.211459 0.199712 -0.974996 0.491288 -0.387598 0.197004 0.209521 0.201996 0.189696 0.213336 0.197501
1687500 0.191877 0.21416 0.185146 -1.74326 -1.17299 1.96032 0.194277 0.216682 0.181786 0.189571 0.211738 0.188374
1687500 0.197244 0.213045 0.192167 0.309341 3.78607 -1.55873 0.196739 0.209082 0.193131 0.19783 0.217645 0.191049
1687500 0.190765 0.214867 0.201724 -1.48347 -0.984591 -3.72756 0.191871 0.21645 0.20609 0.189696 0.213336 0.197501
1687500 0.195888 0.206627 0.213363 1.29564 2.04642 -1.27941 0.193137 0.203313 0.215074 0.198831 0.210174 0.211531
1687500 0.195653 0.202698 0.204846 -0.000134862 -0.0677384 -0.407041 0.196004 0.203551 0.207839 0.19531 0.201865 0.201924
1687500 0.197098 0.206115 0.209269 -0.273016 -1.01335 -0.681468 0.198831 0.210174 0.211531 0.196004 0.203551 0.207839
1687500 0.191451 0.207621 0.215342 -3.99291 6.81492 0.268995 0.193137 0.203313 0.215074 0.189367 0.212949 0.215673
1687500 0.198515 0.213811 0.200553 0.155317 0.505487 -0.26298 0.197004 0.209521 0.201996 0.199719 0.21723 0.199402
1687500 0.194438 0.212985 0.204042 0.476787 -0.669835 -0.56373 0.191871 0.21645 0.20609 0.197004 0.209521 0.201996
1687500 0.197647 0.200374 0.203215 0.0736818 -0.0636844 0.0570221 0.19531 0.201865 0.201924 0.201708 0.197782 0.20546
1687500 0.202868 0.212718 0.212887 1.79675 0.81034 0.754557 0.198831 0.210174 0.211531 0.206498 0.215006 0.214107
1687500 0.201212 0.207326 0.201518 1.41689 -0.478203 -0.0980945 0.197004 0.209521 0.201996 0.204772 0.205469 0.201113
1687500 0.201068 0.211554 0.203448 1.46973 0.791886 0.419553 0.197004 0.209521 0.201996 0.205052 0.213547 0.204871
1687500 0.190733 0.214859 0.210445 -1.1781 -0.765127 3.91091 0.191871 0.21645 0.20609 0.189367 0.212949 0.215673
1687500 0.200847 0.203945 0.219041 -1.20081 1.70373 2.1801 0.202443 0.201304 0.216656 0.199452 0.206254 0.221126
1687500 0.198881 0.217414 0.195697 0.177797 -0.240463 2.5247 0.19783 0.217645 0.191049 0.199719 0.21723 0.199402
1687500 0.210239 0.20039 0.185226 1.4376 -0.948215 0.943187 0.207962 0.201789 0.183163 0.213773 0.19822 0.188427
1687500 0.208381 0.199883 0.195167 0.0597284 -2.77372 2.6683 0.208203 0.202612 0.193252 0.208633 0.196012 0.197883
1687500 0.213996 0.200845 0.192955 0.0325554 -0.414413 -1.02586 0.214124 0.20236 0.19557 0.213773 0.19822 0.188427
1687500 0.204344 0.198318 0.215021 1.83228 -2.08668 -1.04994 0.202443 0.201304 0.216656 0.206266 0.195299 0.213367
1687500 0.204866 0.202036 0.181839 -0.734416 0.0825545 -0.462357 0.207962 0.201789 0.183163 0.200487 0.202386 0.179966
1687500 0.20311 0.211014 0.182462 0.815941 -0.287116 2.88757 0.201241 0.211498 0.178433 0.205731 0.210337 0.188111
1687500 0.211776 0.209351 0.189419 -3.64315 1.19673 -0.652358 0.215339 0.208771 0.19019 0.205731 0.210337 0.188111
1687500 0.212931 0.20507 0.196188 -0.715181 1.66896 0.0863385 0.214124 0.20236 0.19557 0.21122 0.208953 0.197074
1687500 0.207343 0.205298 0.191465 -1.73094 3.27421 -2.10584 0.208203 0.202612 0.193252 0.205731 0.210337 0.188111
1687500 0.20788 0.207149 0.199166 -3.66922 -1.5364 2.95512 0.21122 0.208953 0.197074 0.204772 0.205469 0.201113
1687500 0.212725 0.212301 0.199378 -2.28222 -3.6903 -3.49229 0.214175 0.215529 0.2016 0.21122 0.208953 0.197074
1687500 0.212099 0.212789 0.195257 0.156235 0.393617 -0.239455 0.21122 0.208953 0.197074 0.2129 0.216288 0.1936
1687500 0.218053 0.206675 0.191554 3.91176 -2.12926 2.10272 0.215339 0.208771 0.19019 0.221759 0.203814 0.193416
1687500 0.206425 0.209779 0.207276 -0.664452 1.36008 -1.20772 0.208062 0.205285 0.210144 0.205052 0.213547 0.204871
1687500 0.207689 0.20676 0.21551 -0.0158287 0.0267264 0.0725845 0.208062 0.205285 0.210144 0.207369 0.208021 0.220097
1687500 0.209986 0.214833 0.216881 -1.53032 -0.165902 -1.0017 0.213192 0.214675 0.219432 0.206498 0.215006 0.214107
1687500 0.206078 0.217403 0.202431 -0.326415 -0.721348 0.575723 0.207076 0.221156 0.200056 0.205052 0.213547 0.204871
1687500 0.208812 0.215402 0.206941 1.776 0.747657 0.617255 0.205052 0.213547 0.204871 0.211405 0.216681 0.208369
1687500 0.212612 0.216179 0.205421 -0.575838 0.394071 1.15189 0.214175 0.215529 0.2016 0.211405 0.216681 0.208369
1687500 0.215568 0.209711 0.20783 0.208537 -0.156595 -0.279106 0.214218 0.211327 0.210034 0.217968 0.206838 0.203909
1687500 0.212108 0.21735 0.189875 0.0534385 -0.0256428 0.171124 0.211375 0.218332 0.186433 0.2129 0.216288 0.1936
1687500 0.214919 0.217546 0.186847 -0.418222 0.0323782 -0.0804202 0.220618 0.216283 0.187511 0.211375 0.218332 0.186433
1687500 0.214241 0.217016 0.209868 -2.20151 -0.243449 -1.65617 0.217982 0.217458 0.211846 0.211405 0.216681 0.208369
1687500 0.199932 0.208734 0.186363 0.858678 0.200008 0.114572 0.196389 0.207755 0.185295 0.205731 0.210337 0.188111
1687500 0.204756 0.202943 0.213976 0.131041 0.088482 -0.108122 0.202443 0.201304 0.216656 0.208062 0.205285 0.210144
1687500 0.1947 0.20795 0.181866 0.234646 -0.0770836 0.374126 0.192922 0.208156 0.178257 0.196389 0.207755 0.185295
1687500 0.216988 0.202905 0.194762 0.681848 0.145358 -0.317801 0.214124 0.20236 0.19557 0.221759 0.203814 0.193416
1687500 0.212043 0.209191 0.210073 -0.200093 -0.154467 0.0300678 0.214218 0.211327 0.210034 0.208062 0.205285 0.210144
1687500 0.203177 0.207873 0.210878 0.811364 -0.432843 0.0244659 0.198831 0.210174 0.211531 0.208062 0.205285 0.210144
1687500 0.19331 0.209553 0.186686 -1.74841 0.808586 0.475078 0.196389 0.207755 0.185295 0.189571 0.211738 0.188374
1687500 0.184269 0.216487 0.191596 -1.90071 -2.42848 1.50496 0.186418 0.220017 0.190144 0.182257 0.213182 0.192955
1687500 0.189633 0.212539 0.192953 -0.0448269 0.0538617 3.15298 0.189571 0.211738 0.188374 0.189696 0.213336 0.197501
1687500 0.198212 0.205366 0.182924 0.846257 -0.868666 -1.24681 0.196389 0.207755 0.185295 0.200487 0.202386 0.179966
1687500 0.213444 0.208854 0.193356 -2.49008 0.77603 3.70068 0.215339 0.208771 0.19019 0.21122 0.208953 0.197074
1687500 0.191291 0.201144 0.185958 0.325102 -1.83254 -3.76034 0.191619 0.202902 0.190067 0.191025 0.19972 0.182628
1687500 0.193054 0.204362 0.207162 -0.0222554 0.00434564 -0.00177526 0.196004 0.203551 0.207839 0.186863 0.206066 0.205739
1687500 0.212693 0.205662 0.213229 2.27667 0.018516 1.07413 0.208062 0.205285 0.210144 0.217699 0.206069 0.216565
1687500 0.199338 0.212255 0.216005 0.13704 0.880667 2.97948 0.198831 0.210174 0.211531 0.199806 0.214177 0.220138
1687500 0.204239 0.211153 0.19414 -0.18598 0.35545 2.17979 0.205731 0.210337 0.188111 0.203456 0.211582 0.197304
1687500 0.204047 0.208838 0.199014 0.0719607 -2.60427 1.69325 0.203456 0.211582 0.197304 0.204772 0.205469 0.201113
1687500 0.206591 0.200212 0.185815 -0.00111603 -0.000875694 0.00230745 0.207962 0.201789 0.183163 0.205258 0.19868 0.188391
1687500 0.1979 0.209841 0.206671 -0.704143 -0.647635 -2.8521 0.198831 0.210174 0.211531 0.197004 0.209521 0.201996
1687500 0.207772 0.198563 0.182187 0.0215925 -1.12458 -0.521571 0.207962 0.201789 0.183163 0.20739 0.192078 0.180225
1687500 0.191905 0.204132 0.194367 0.0175077 0.194988 1.50642 0.191619 0.202902 0.190067 0.192114 0.205025 0.197491
1687500 0.190375 0.20537 0.200222 -0.278091 0.0373558 0.628725 0.192114 0.205025 0.197491 0.186863 0.206066 0.205739
1687500 0.19274 0.208069 0.20357 0.634411 0.16376 -0.340037 0.186863 0.206066 0.205739 0.197004 0.209521 0.201996
1687500 0.193762 0.203395 0.199777 0.235898 -0.157649 0.241103 0.192114 0.205025 0.197491 0.19531 0.201865 0.201924
1687500 0.215387 0.209561 0.212228 0.339757 -0.519326 0.889259 0.214218 0.211327 0.210034 0.217699 0.206069 0.216565
1687500 0.210371 0.200902 0.191374 0.126782 -0.144461 -0.147521 0.208203 0.202612 0.193252 0.213773 0.19822 0.188427
1687500 0.218538 0.209776 0.199389 0.0198031 -0.212257 0.313409 0.21895 0.211903 0.196117 0.217968 0.206838 0.203909
1687500 0.204303 0.215533 0.18492 -1.05886 4.13806 -1.69019 0.205731 0.210337 0.188111 0.20351 0.218419 0.183147
1687500 0.204809 0.201443 0.207745 -0.823379 -1.27036 -0.943113 0.208062 0.205285 0.210144 0.201708 0.197782 0.20546
1687500 0.200301 0.209579 0.191142 1.16869 0.258762 -0.90842 0.196739 0.209082 0.193131 0.205731 0.210337 0.188111
1687500 0.185685 0.212505 0.190808 -1.93333 0.0763271 0.97958 0.189571 0.211738 0.188374 0.182257 0.213182 0.192955
1687500 0.21367 0.204159 0.201977 -0.483657 -0.213908 -0.151478 0.217968 0.206838 0.203909 0.21127 0.202662 0.200899
1687500 0.181693 0.203075 0.195247 2.12029 -1.88155 0.639992 0.179353 0.205929 0.194261 0.184764 0.199328 0.196542
1687500 0.202688 0.203265 0.198449 0.0 0.0 0.0 0.199939 0.200368 0.194936 0.204772 0.205469 0.201113
1687500 0.218262 0.216157 0.202212 1.09689 0.332111 0.0845343 0.214175 0.215529 0.2016 0.224688 0.217144 0.203174
1687500 0.201724 0.2142 0.198277 -2.12985 2.3049 0.856692 0.203456 0.211582 0.197304 0.199719 0.21723 0.199402
1687500 0.182313 0.214528 0.206794 -0.18285 -0.158119 0.687088 0.183703 0.215729 0.203406 0.180951 0.213352 0.210111
1687500 0.194097 0.206849 0.199318 0.756818 0.468471 0.579058 0.192114 0.205025 0.197491 0.197004 0.209521 0.201996
1687500 0.211249 0.205249 0.199326 0.117522 -0.886519 0.705746 0.21122 0.208953 0.197074 0.21127 0.202662 0.200899
1687500 0.212698 0.202511 0.198233 -0.00172051 0.000788177 0.00417748 0.214124 0.20236 0.19557 0.21127 0.202662 0.200899
1687500 0.187351 0.216051 0.204605 1.7658 -0.0261314 0.344653 0.183703 0.215729 0.203406 0.191871 0.21645 0.20609
1687500 0.212851 0.213929 0.209225 -0.671575 0.952553 -0.449377 0.214218 0.211327 0.210034 0.211405 0.216681 0.208369
1687500 0.217089 0.210289 0.193063 -0.360709 -0.468843 -0.614596 0.21895 0.211903 0.196117 0.215339 0.208771 0.19019
1687500 0.190173 0.200285 0.216952 -2.33398 -1.76288 1.60828 0.193137 0.203313 0.215074 0.186434 0.196466 0.219321
1687500 0.180824 0.216113 0.200874 -1.17154 -0.0225545 -1.28916 0.183703 0.215729 0.203406 0.178319 0.216447 0.198672
1687500 0.18487 0.212159 0.204268 0.3326 -0.708634 0.269556 0.183703 0.215729 0.203406 0.186863 0.206066 0.205739
1687500 0.21131 0.20248 0.194468 0.860704 -0.0845126 0.499138 0.208203 0.202612 0.193252 0.214124 0.20236 0.19557
1687500 0.185672 0.202243 0.200521 -0.0794801 -0.14077 -0.263514 0.186863 0.206066 0.205739 0.184764 0.199328 0.196542
1687500 0.180212 0.208318 0.197117 -0.000677162 -0.00109504 -0.0012654 0.180901 0.210235 0.199409 0.179353 0.205929 0.194261
1687500 0.182796 0.208909 0.201421 0.000592838 -0.000294073 0.000728718 0.180901 0.210235 0.199409 0.186863 0.206066 0.205739
1687500 0.18315 0.216418 0.2102 0.00102132 0.00138086 -0.000232279 0.180951 0.213352 0.210111 0.185238 0.219331 0.210284
1687500 0.198932 0.215039 0.212494 9.05067e-05 0.00210049 0.000773231 0.198831 0.210174 0.211531 0.199007 0.218684 0.213215
1687500 0.199365 0.216666 0.216315 -2.12853e-07 1.10368e-05 -1.27909e-05 0.199806 0.214177 0.220138 0.199007 0.218684 0.213215
1687500 0.186827 0.216875 0.212357 -0.000313286 0.000744947 -0.000502202 0.189367 0.212949 0.215673 0.185238 0.219331 0.210284
1687500 0.202111 0.215578 0.201855 -0.576992 0.283571 -0.686571 0.205052 0.213547 0.204871 0.199719 0.21723 0.199402
1687500 0.188082 0.218096 0.208485 -0.000214317 0.000142811 0.000165656 0.191871 0.21645 0.20609 0.185238 0.219331 0.210284
1687500 0.180922 0.202665 0.199309 0.0 0.0 0.0 0.178585 0.204781 0.200993 0.184764 0.199328 0.196542
1687500 0.188384 0.201162 0.193123 0.0 0.0 0.0 0.191619 0.202902 0.190067 0.184764 0.199328 0.196542
1687500 0.185729 0.203967 0.194984 0.0 0.0 0.0 0.186361 0.207098 0.193962 0.184764 0.199328 0.196542
1687500 0.189221 0.20273 0.197118 0.0 0.0 0.0 0.192114 0.205025 0.197491 0.184764 0.199328 0.196542
1687500 0.187474 0.201418 0.188721 0.0 0.0 0.0 0.191619 0.202902 0.190067 0.183625 0.200144 0.18747
1687500 0.182362 0.201153 0.205107 0.0 0.0 0.0 0.186863 0.206066 0.205739 0.178799 0.197359 0.204607
1687500 0.181481 0.211443 0.196648 0.0 0.0 0.0 0.180901 0.210235 0.199409 0.182257 0.213182 0.192955
1687500 0.183222 0.216743 0.195441 0.0 0.0 0.0 0.184004 0.219717 0.197452 0.182257 0.213182 0.192955
1687500 0.182142 0.212616 0.20118 0.0 0.0 0.0 0.180901 0.210235 0.199409 0.183703 0.215729 0.203406
1687500 0.184535 0.209754 0.193514 0.0 0.0 0.0 0.186361 0.207098 0.193962 0.182257 0.213182 0.192955
1687500 0.183106 0.210643 0.208516 0.0 0.0 0.0 0.186863 0.206066 0.205739 0.180951 0.213352 0.210111
1687500 0.184291 0.21314 0.212318 0.0 0.0 0.0 0.180951 0.213352 0.210111 0.189367 0.212949 0.215673
1687500 0.186383 0.216997 0.197473 0.0 0.0 0.0 0.189696 0.213336 0.197501 0.184004 0.219717 0.197452
1687500 0.186429 0.214588 0.20072 0.0 0.0 0.0 0.183703 0.215729 0.203406 0.189696 0.213336 0.197501
1687500 0.184498 0.217542 0.206969 0.0 0.0 0.0 0.183703 0.215729 0.203406 0.185238 0.219331 0.210284
1687500 0.195346 0.199154 0.215255 0.0 0.0 0.0 0.193137 0.203313 0.215074 0.197136 0.195884 0.215403
1687500 0.194134 0.199777 0.204598 0.0 0.0 0.0 0.19531 0.201865 0.201924 0.192372 0.196779 0.20861
1687500 0.190107 0.200543 0.20743 0.0 0.0 0.0 0.186863 0.206066 0.205739 0.192372 0.196779 0.20861
1687500 0.199739 0.198489 0.216017 0.0 0.0 0.0 0.202443 0.201304 0.216656 0.197136 0.195884 0.215403
1687500 0.199377 0.200372 0.219571 0.0 0.0 0.0 0.202443 0.201304 0.216656 0.195761 0.199388 0.22301
1687500 0.189156 0.204377 0.186443 0.0 0.0 0.0 0.191619 0.202902 0.190067 0.187279 0.205595 0.183681
1687500 0.194192 0.205466 0.187493 0.0 0.0 0.0 0.191619 0.202902 0.190067 0.196389 0.207755 0.185295
1687500 0.190613 0.207186 0.189236 0.0 0.0 0.0 0.191619 0.202902 0.190067 0.189571 0.211738 0.188374
1687500 0.195428 0.201684 0.192295 0.0 0.0 0.0 0.191619 0.202902 0.190067 0.199939 0.200368 0.194936
1687500 0.196557 0.208342 0.189074 0.0 0.0 0.0 0.196739 0.209082 0.193131 0.196389 0.207755 0.185295
1687500 0.189253 0.206003 0.195736 0.0 0.0 0.0 0.186361 0.207098 0.193962 0.192114 0.205025 0.197491
1687500 0.187692 0.208968 0.191646 0.0 0.0 0.0 0.186361 0.207098 0.193962 0.189571 0.211738 0.188374
1687500 0.194158 0.206766 0.195564 0.0 0.0 0.0 0.192114 0.205025 0.197491 0.196739 0.209082 0.193131
1687500 0.191114 0.208408 0.197495 0.0 0.0 0.0 0.192114 0.205025 0.197491 0.189696 0.213336 0.197501
1687500 0.195088 0.203199 0.196522 0.0 0.0 0.0 0.192114 0.205025 0.197491 0.199939 0.200368 0.194936
1687500 0.193374 0.210276 0.190899 0.0 0.0 0.0 0.196739 0.209082 0.193131 0.189571 0.211738 0.188374
1687500 0.193422 0.211033 0.195189 0.0 0.0 0.0 0.196739 0.209082 0.193131 0.189696 0.213336 0.197501
1687500 0.198137 0.205226 0.193919 0.0 0.0 0.0 0.196739 0.209082 0.193131 0.199939 0.200368 0.194936
1687500 0.188527 0.210284 0.200899 0.0 0.0 0.0 0.186863 0.206066 0.205739 0.189696 0.213336 0.197501
1687500 0.197001 0.20126 0.199375 0.0 0.0 0.0 0.19531 0.201865 0.201924 0.199939 0.200368 0.194936
1687500 0.195456 0.211645 0.183745 0.0 0.0 0.0 0.194277 0.216682 0.181786 0.196389 0.207755 0.185295
1687500 0.193646 0.214601 0.189695 0.0 0.0 0.0 0.19783 0.217645 0.191049 0.189571 0.211738 0.188374
1687500 0.187947 0.215948 0.189286 0.0 0.0 0.0 0.186418 0.220017 0.190144 0.189571 0.211738 0.188374
1687500 0.188014 0.216712 0.193726 0.0 0.0 0.0 0.186418 0.220017 0.190144 0.189696 0.213336 0.197501
1687500 0.190693 0.217797 0.197447 0.0 0.0 0.0 0.189696 0.213336 0.197501 0.19178 0.222767 0.197389
1687500 0.200828 0.199015 0.200202 0.0 0.0 0.0 0.199939 0.200368 0.194936 0.201708 0.197782 0.20546
1687500 0.198627 0.209429 0.182129 0.0 0.0 0.0 0.201241 0.211498 0.178433 0.196389 0.207755 0.185295
1687500 0.20047 0.210418 0.19545 0.0 0.0 0.0 0.196739 0.209082 0.193131 0.203456 0.211582 0.197304
1687500 0.205019 0.201689 0.193903 0.0 0.0 0.0 0.208203 0.202612 0.193252 0.199939 0.200368 0.194936
1687500 0.194846 0.203402 0.210758 0.0 0.0 0.0 0.193137 0.203313 0.215074 0.196004 0.203551 0.207839
1687500 0.190542 0.204398 0.211215 0.0 0.0 0.0 0.193137 0.203313 0.215074 0.186863 0.206066 0.205739
1687500 0.196399 0.205864 0.205524 0.0 0.0 0.0 0.196004 0.203551 0.207839 0.197004 0.209521 0.201996
1687500 0.192628 0.203144 0.203135 0.0 0.0 0.0 0.186863 0.206066 0.205739 0.19531 0.201865 0.201924
1687500 0.19597 0.204801 0.201953 0.0 0.0 0.0 0.197004 0.209521 0.201996 0.19531 0.201865 0.201924
1687500 0.196775 0.204955 0.21856 0.0 0.0 0.0 0.193137 0.203313 0.215074 0.199452 0.206254 0.221126
1687500 0.1882 0.209691 0.211047 0.0 0.0 0.0 0.186863 0.206066 0.205739 0.189367 0.212949 0.215673
1687500 0.19444 0.211409 0.213453 0.0 0.0 0.0 0.198831 0.210174 0.211531 0.189367 0.212949 0.215673
1687500 0.189764 0.21203 0.205942 0.0 0.0 0.0 0.191871 0.21645 0.20609 0.186863 0.206066 0.205739
1687500 0.195284 0.213319 0.208759 0.0 0.0 0.0 0.198831 0.210174 0.211531 0.191871 0.21645 0.20609
1687500 0.198118 0.201358 0.206957 0.0 0.0 0.0 0.196004 0.203551 0.207839 0.201708 0.197782 0.20546
1687500 0.200823 0.210689 0.199219 0.0 0.0 0.0 0.197004 0.209521 0.201996 0.203456 0.211582 0.197304
1687500 0.202033 0.211857 0.208103 0.0 0.0 0.0 0.198831 0.210174 0.211531 0.205052 0.213547 0.204871
1687500 0.19819 0.202169 0.215933 0.0 0.0 0.0 0.193137 0.203313 0.215074 0.202443 0.201304 0.216656
1687500 0.195168 0.213579 0.218154 0.0 0.0 0.0 0.199806 0.214177 0.220138 0.189367 0.212949 0.215673
1687500 0.190906 0.218282 0.214002 0.0 0.0 0.0 0.189367 0.212949 0.215673 0.191989 0.222124 0.212826
1687500 0.203197 0.214545 0.217081 0.0 0.0 0.0 0.199806 0.214177 0.220138 0.206498 0.215006 0.214107
1687500 0.196065 0.217115 0.18645 0.0 0.0 0.0 0.194277 0.216682 0.181786 0.19783 0.217645 0.191049
1687500 0.199648 0.21764 0.182578 0.0 0.0 0.0 0.194277 0.216682 0.181786 0.20351 0.218419 0.183147
1687500 0.201245 0.214433 0.189779 0.0 0.0 0.0 0.19783 0.217645 0.191049 0.205731 0.210337 0.188111
1687500 0.20241 0.21696 0.213619 0.0 0.0 0.0 0.206498 0.215006 0.214107 0.199007 0.218684 0.213215
1687500 0.206718 0.200573 0.190798 0.0 0.0 0.0 0.208203 0.202612 0.193252 0.205258 0.19868 0.188391
1687500 0.207009 0.199382 0.212032 0.0 0.0 0.0 0.208062 0.205285 0.210144 0.206266 0.195299 0.213367
1687500 0.205794 0.200006 0.218576 0.0 0.0 0.0 0.202443 0.201304 0.216656 0.21056 0.198288 0.221306
1687500 0.202755 0.205772 0.18349 0.0 0.0 0.0 0.205731 0.210337 0.188111 0.200487 0.202386 0.179966
1687500 0.207181 0.204729 0.184895 0.0 0.0 0.0 0.207962 0.201789 0.183163 0.205731 0.210337 0.188111
1687500 0.211147 0.207775 0.184807 0.0 0.0 0.0 0.205731 0.210337 0.188111 0.215138 0.205981 0.182372
1687500 0.207126 0.208281 0.182252 0.0 0.0 0.0 0.205731 0.210337 0.188111 0.207899 0.207225 0.17901
1687500 0.202516 0.215337 0.181084 0.0 0.0 0.0 0.201241 0.211498 0.178433 0.20351 0.218419 0.183147
1687500 0.209515 0.205318 0.194916 0.0 0.0 0.0 0.208203 0.202612 0.193252 0.21122 0.208953 0.197074
1687500 0.208974 0.209466 0.193409 0.0 0.0 0.0 0.205731 0.210337 0.188111 0.21122 0.208953 0.197074
1687500 0.206804 0.210395 0.197206 0.0 0.0 0.0 0.203456 0.211582 0.197304 0.21122 0.208953 0.197074
1687500 0.204114 0.212341 0.200428 0.0 0.0 0.0 0.205052 0.213547 0.204871 0.203456 0.211582 0.197304
1687500 0.21416 0.212348 0.191837 0.0 0.0 0.0 0.215339 0.208771 0.19019 0.2129 0.216288 0.1936
1687500 0.210125 0.213933 0.191477 0.0 0.0 0.0 0.205731 0.210337 0.188111 0.2129 0.216288 0.1936
1687500 0.209295 0.215335 0.187052 0.0 0.0 0.0 0.205731 0.210337 0.188111 0.211375 0.218332 0.186433
1687500 0.205997 0.216281 0.190297 0.0 0.0 0.0 0.205731 0.210337 0.188111 0.206167 0.22011 0.191672
1687500 0.215277 0.210449 0.196573 0.0 0.0 0.0 0.21895 0.211903 0.196117 0.21122 0.208953 0.197074
1687500 0.214217 0.207961 0.200112 0.0 0.0 0.0 0.217968 0.206838 0.203909 0.21122 0.208953 0.197074
1687500 0.208483 0.203812 0.20099 0.0 0.0 0.0 0.21127 0.202662 0.200899 0.204772 0.205469 0.201113
1687500 0.206152 0.205339 0.204904 0.0 0.0 0.0 0.208062 0.205285 0.210144 0.204772 0.205469 0.201113
1687500 0.207192 0.210633 0.212345 0.0 0.0 0.0 0.208062 0.205285 0.210144 0.206498 0.215006 0.214107
1687500 0.204901 0.209158 0.202854 0.0 0.0 0.0 0.205052 0.213547 0.204871 0.204772 0.205469 0.201113
1687500 0.205791 0.214242 0.209597 0.0 0.0 0.0 0.206498 0.215006 0.214107 0.205052 0.213547 0.204871
1687500 0.209869 0.214542 0.203144 0.0 0.0 0.0 0.214175 0.215529 0.2016 0.205052 0.213547 0.204871
1687500 0.206919 0.211577 0.217002 0.0 0.0 0.0 0.206498 0.215006 0.214107 0.207369 0.208021 0.220097
1687500 0.213519 0.215867 0.197489 0.0 0.0 0.0 0.214175 0.215529 0.2016 0.2129 0.216288 0.1936
1687500 0.210776 0.218171 0.200861 0.0 0.0 0.0 0.214175 0.215529 0.2016 0.207076 0.221156 0.200056
1687500 0.209346 0.215926 0.210776 0.0 0.0 0.0 0.206498 0.215006 0.214107 0.211405 0.216681 0.208369
1687500 0.216637 0.213607 0.198773 0.0 0.0 0.0 0.214175 0.215529 0.2016 0.21895 0.211903 0.196117
1687500 0.213084 0.20602 0.206982 0.0 0.0 0.0 0.208062 0.205285 0.210144 0.217968 0.206838 0.203909
1687500 0.215825 0.211693 0.202606 0.0 0.0 0.0 0.214175 0.215529 0.2016 0.217968 0.206838 0.203909
1687500 0.215788 0.213834 0.210791 0.0 0.0 0.0 0.214218 0.211327 0.210034 0.217982 0.217458 0.211846
1687500 0.20466 0.204274 0.218204 0.0 0.0 0.0 0.202443 0.201304 0.216656 0.207369 0.208021 0.220097
1687500 0.207346 0.218325 0.184751 0.0 0.0 0.0 0.211375 0.218332 0.186433 0.20351 0.218419 0.183147
1687500 0.210192 0.218498 0.196601 0.0 0.0 0.0 0.207076 0.221156 0.200056 0.2129 0.216288 0.1936
1687500 0.209528 0.218149 0.192636 0.0 0.0 0.0 0.206167 0.22011 0.191672 0.2129 0.216288 0.1936
1687500 0.215935 0.214035 0.194864 0.0 0.0 0.0 0.21895 0.211903 0.196117 0.2129 0.216288 0.1936
1687500 0.216004 0.216234 0.191152 0.0 0.0 0.0 0.220618 0.216283 0.187511 0.2129 0.216288 0.1936
1687500 0.219931 0.205218 0.198472 0.0 0.0 0.0 0.217968 0.206838 0.203909 0.221759 0.203814 0.193416
