# ts x y z Fx Fy Fz x1 y1 z1 x2 y2 z2
456250 0.181769 0.198412 0.193838 0.956401 0.668304 0.675807 0.179972 0.196626 0.192157 0.184732 0.201358 0.196612
456250 0.182202 0.197117 0.197474 7.85496 10.3034 -0.793712 0.180536 0.194323 0.198042 0.184732 0.201358 0.196612
456250 0.183282 0.189605 0.19382 -0.742333 -0.0899057 -0.446365 0.187126 0.19074 0.195879 0.179179 0.188395 0.191622
456250 0.185736 0.195402 0.187856 7.47776 2.2659 5.7473 0.182417 0.194305 0.18605 0.18928 0.196574 0.189785
456250 0.183324 0.192807 0.197127 -7.54127 3.82885 1.05777 0.187126 0.19074 0.195879 0.180536 0.194323 0.198042
456250 0.188944 0.199081 0.198102 -4.7684 1.6384 -1.46863 0.192905 0.19694 0.199504 0.184732 0.201358 0.196612
456250 0.186372 0.199393 0.188666 -5.03943 6.31469 -3.15591 0.18928 0.196574 0.189785 0.183491 0.202185 0.187558
456250 0.183542 0.191544 0.208197 7.72468 2.93782 6.28602 0.180421 0.189583 0.205191 0.186186 0.193205 0.210742
456250 0.19442 0.181395 0.181461 10.8939 6.86295 -0.332019 0.19133 0.178685 0.181507 0.196929 0.183597 0.181423
456250 0.198068 0.186145 0.183257 -2.12836 -6.84864 -6.14297 0.199421 0.189171 0.185434 0.196929 0.183597 0.181423
456250 0.199842 0.182984 0.182939 -1.45521 0.0600122 -0.860628 0.202907 0.182339 0.184533 0.196929 0.183597 0.181423
456250 0.201469 0.179191 0.183915 1.45873 2.2908 0.721496 0.199411 0.174686 0.18303 0.202907 0.182339 0.184533
456250 0.185908 0.178836 0.191123 1.35803 13.859 13.467 0.185788 0.176088 0.189177 0.18606 0.182326 0.193594
456250 0.192815 0.183836 0.187235 -8.78668 6.87526 -3.53786 0.195496 0.181002 0.188188 0.18916 0.187699 0.185937
456250 0.186579 0.186426 0.194707 -2.11848 -19.3971 -2.06683 0.187126 0.19074 0.195879 0.18606 0.182326 0.193594
456250 0.197818 0.182185 0.191243 2.53777 0.690279 3.77525 0.195496 0.181002 0.188188 0.200705 0.183655 0.195043
456250 0.19664 0.18256 0.205789 -10.5439 -8.7023 2.92381 0.19939 0.185703 0.204926 0.193525 0.179 0.206768
456250 0.188253 0.179441 0.214301 8.76883 5.56328 6.10267 0.185412 0.17684 0.212242 0.191718 0.182613 0.216812
456250 0.197802 0.18965 0.205225 -4.0161 7.93183 -0.561033 0.19939 0.185703 0.204926 0.196537 0.192797 0.205463
456250 0.203244 0.185627 0.203101 6.8092 0.758453 -4.21808 0.19939 0.185703 0.204926 0.206925 0.185556 0.201358
456250 0.2005 0.188806 0.202218 0.569304 4.04408 -3.59028 0.19939 0.185703 0.204926 0.201679 0.192101 0.199344
456250 0.199898 0.188085 0.208427 -0.394078 -3.88495 -4.1832 0.200469 0.190759 0.212358 0.19939 0.185703 0.204926
456250 0.19593 0.185384 0.218532 4.10265 1.96222 1.1039 0.191718 0.182613 0.216812 0.198717 0.187216 0.21967
456250 0.1965 0.181928 0.214564 -2.76399 0.809302 1.04082 0.200674 0.181329 0.212602 0.191718 0.182613 0.216812
456250 0.189228 0.19272 0.188114 -0.105825 12.6499 8.04681 0.18916 0.187699 0.185937 0.18928 0.196574 0.189785
456250 0.197632 0.190175 0.18883 -2.43725 0.498679 4.23109 0.199421 0.189171 0.185434 0.195595 0.191319 0.192695
456250 0.18824 0.193758 0.192726 0.809384 3.47099 -2.69542 0.187126 0.19074 0.195879 0.18928 0.196574 0.189785
456250 0.18995 0.193769 0.19765 12.4396 9.9878 5.29154 0.187126 0.19074 0.195879 0.192905 0.19694 0.199504
456250 0.192324 0.194042 0.191187 -13.6585 10.4465 -3.25006 0.195595 0.191319 0.192695 0.18928 0.196574 0.189785
456250 0.196521 0.194418 0.189543 -2.03 -7.6456 5.59605 0.197513 0.197741 0.186162 0.195595 0.191319 0.192695
456250 0.194279 0.194069 0.196026 3.58826 -6.95537 -11.854 0.192905 0.19694 0.199504 0.195595 0.191319 0.192695
456250 0.195015 0.194533 0.202966 2.93204 -3.03738 3.3429 0.192905 0.19694 0.199504 0.196537 0.192797 0.205463
456250 0.192621 0.197899 0.204112 0.186074 0.431317 5.60369 0.192905 0.19694 0.199504 0.192345 0.198833 0.208598
456250 0.196228 0.199494 0.197341 0.536083 0.306125 -0.2448 0.192905 0.19694 0.199504 0.199976 0.202375 0.194901
456250 0.19434 0.201176 0.200988 8.46861 19.5892 10.5754 0.192905 0.19694 0.199504 0.195271 0.203923 0.20195
456250 0.198022 0.18768 0.19381 -18.1306 21.1989 -10.5017 0.200705 0.183655 0.195043 0.195595 0.191319 0.192695
456250 0.202349 0.191025 0.183503 2.69104 1.13054 -1.90238 0.199421 0.189171 0.185434 0.207357 0.194196 0.180201
456250 0.202903 0.18834 0.187145 3.53188 -0.676819 1.08384 0.199421 0.189171 0.185434 0.20657 0.187465 0.188947
456250 0.198633 0.19171 0.196015 0.999065 0.245085 1.4949 0.195595 0.191319 0.192695 0.201679 0.192101 0.199344
456250 0.200911 0.195973 0.189129 0.203688 -0.13393 0.141066 0.197513 0.197741 0.186162 0.203648 0.194548 0.191519
456250 0.199027 0.201132 0.183053 3.8981 6.99773 -8.98205 0.197513 0.197741 0.186162 0.200519 0.204475 0.179988
456250 0.189065 0.195836 0.20974 19.5057 13.4262 -4.00147 0.186186 0.193205 0.210742 0.192345 0.198833 0.208598
456250 0.196703 0.195684 0.218553 2.83235 9.68648 -11.1835 0.196492 0.193653 0.221395 0.196929 0.197862 0.215506
456250 0.196672 0.199295 0.207139 -8.42125 -1.90792 4.06331 0.201681 0.19983 0.205449 0.192345 0.198833 0.208598
456250 0.198485 0.194741 0.214123 -7.62043 19.6937 11.8715 0.200469 0.190759 0.212358 0.196929 0.197862 0.215506
456250 0.199459 0.188718 0.216571 -0.239578 -0.871024 2.41908 0.200469 0.190759 0.212358 0.198717 0.187216 0.21967
456250 0.20458 0.184681 0.186549 1.53216 1.45816 1.61896 0.202907 0.182339 0.184533 0.20657 0.187465 0.188947
456250 0.20063 0.179185 0.192821 -0.463473 -10.7528 -7.65536 0.200705 0.183655 0.195043 0.200579 0.17611 0.191293
456250 0.210014 0.182136 0.192443 6.55835 5.36458 4.8463 0.207498 0.179295 0.190617 0.212458 0.184894 0.194217
456250 0.20439 0.18129 0.192642 -5.36119 3.12259 4.77594 0.207498 0.179295 0.190617 0.200705 0.183655 0.195043
456250 0.212745 0.182601 0.197591 -0.586468 4.84336 -10.3124 0.21302 0.180399 0.200831 0.212458 0.184894 0.194217
456250 0.20186 0.180943 0.199075 2.05079 -3.33481 4.13235 0.200705 0.183655 0.195043 0.202747 0.178859 0.202173
456250 0.204131 0.184702 0.198521 11.863 3.91635 8.78738 0.200705 0.183655 0.195043 0.206925 0.185556 0.201358
456250 0.207032 0.183396 0.189778 0.151525 3.20453 -0.585532 0.207498 0.179295 0.190617 0.20657 0.187465 0.188947
456250 0.211131 0.188752 0.193909 1.10229 -2.0917 0.279672 0.210133 0.19165 0.193677 0.212458 0.184894 0.194217
456250 0.213645 0.187146 0.197419 0.929944 2.97511 3.18271 0.212458 0.184894 0.194217 0.215208 0.190109 0.201635
456250 0.214088 0.187407 0.191432 -3.98899 -7.09497 10.2936 0.216027 0.190392 0.188122 0.212458 0.184894 0.194217
456250 0.205662 0.178595 0.204656 -1.3989 -0.0228214 -1.57009 0.208768 0.178314 0.207303 0.202747 0.178859 0.202173
456250 0.210027 0.182931 0.20109 -5.73018 4.6444 -0.675604 0.21302 0.180399 0.200831 0.206925 0.185556 0.201358
456250 0.210936 0.179377 0.204002 -1.4118 -1.15667 2.15789 0.21302 0.180399 0.200831 0.208768 0.178314 0.207303
456250 0.206654 0.185353 0.205417 1.13285 1.08544 -6.38744 0.206435 0.185188 0.208709 0.206925 0.185556 0.201358
456250 0.208017 0.183574 0.211116 3.98412 -3.41989 7.59956 0.206435 0.185188 0.208709 0.209458 0.182104 0.213308
456250 0.204042 0.183585 0.210326 -3.54831 -2.2802 3.33827 0.206435 0.185188 0.208709 0.200674 0.181329 0.212602
456250 0.209401 0.179284 0.214351 -1.33909 -10.6117 2.52122 0.209458 0.182104 0.213308 0.209274 0.17303 0.216663
456250 0.210492 0.187517 0.201477 -13.3988 -4.92515 -1.14937 0.215208 0.190109 0.201635 0.206925 0.185556 0.201358
456250 0.206938 0.18837 0.207982 2.58809 8.58583 -1.23407 0.206435 0.185188 0.208709 0.207585 0.192472 0.207045
456250 0.209941 0.184703 0.214744 1.594 5.5681 2.21004 0.209458 0.182104 0.213308 0.210705 0.188817 0.217017
456250 0.216565 0.181051 0.199266 -0.493089 -0.0630178 0.312145 0.22235 0.182115 0.196712 0.21302 0.180399 0.200831
456250 0.21223 0.181988 0.214469 2.30916 -0.0866625 0.559854 0.209458 0.182104 0.213308 0.21594 0.181832 0.216023
456250 0.202736 0.193415 0.195141 -0.275399 -0.215124 0.629686 0.203648 0.194548 0.191519 0.201679 0.192101 0.199344
456250 0.205075 0.19501 0.198633 -4.30988 -2.83717 0.311427 0.208628 0.198052 0.197889 0.201679 0.192101 0.199344
456250 0.205059 0.191128 0.190277 0.285851 -0.50701 -0.270452 0.203648 0.194548 0.191519 0.20657 0.187465 0.188947
456250 0.208623 0.189876 0.191672 -2.141 -3.51134 -4.42233 0.210133 0.19165 0.193677 0.20657 0.187465 0.188947
456250 0.20454 0.19793 0.189787 0.307902 0.662585 -0.360522 0.203648 0.194548 0.191519 0.20529 0.200773 0.188332
456250 0.212633 0.193359 0.194206 2.83837 1.8932 1.17337 0.210133 0.19165 0.193677 0.215148 0.195078 0.194739
456250 0.209541 0.19417 0.195335 -0.86875 3.48657 3.20201 0.210133 0.19165 0.193677 0.208628 0.198052 0.197889
456250 0.212572 0.196253 0.195983 3.82805 -1.03179 -1.53515 0.208628 0.198052 0.197889 0.215148 0.195078 0.194739
456250 0.218031 0.193987 0.194983 -7.71077 3.05995 0.655124 0.221869 0.192536 0.195308 0.215148 0.195078 0.194739
456250 0.214964 0.195135 0.188227 -4.21799 10.5888 0.170171 0.216027 0.190392 0.188122 0.213818 0.200244 0.18834
456250 0.204236 0.191666 0.209546 9.28424 1.8543 -4.84191 0.200469 0.190759 0.212358 0.207585 0.192472 0.207045
456250 0.204959 0.195745 0.206335 14.0371 -13.1 1.87953 0.201681 0.19983 0.205449 0.207585 0.192472 0.207045
456250 0.210425 0.1896 0.208392 -2.73893 3.49308 -2.0878 0.212553 0.187447 0.209402 0.207585 0.192472 0.207045
456250 0.210951 0.191429 0.204656 -7.77017 2.77397 7.70157 0.215208 0.190109 0.201635 0.207585 0.192472 0.207045
456250 0.211812 0.187997 0.212457 -0.435195 0.467636 1.36284 0.212553 0.187447 0.209402 0.210705 0.188817 0.217017
456250 0.203396 0.204211 0.202984 9.70174 16.2368 -8.60472 0.201681 0.19983 0.205449 0.204698 0.207538 0.201112
456250 0.215041 0.185568 0.208724 -4.21539 2.31342 1.42661 0.218801 0.18273 0.207699 0.212553 0.187447 0.209402
456250 0.217103 0.186216 0.204834 -3.34628 5.40899 -6.23234 0.218801 0.18273 0.207699 0.215208 0.190109 0.201635
456250 0.218983 0.191484 0.198049 -2.23773 -1.07572 2.95317 0.221869 0.192536 0.195308 0.215208 0.190109 0.201635
456250 0.216597 0.195262 0.200928 -7.06149 -16.2436 1.22919 0.217784 0.199664 0.200325 0.215208 0.190109 0.201635
456250 0.207046 0.191405 0.218623 16.6695 -8.01473 -6.32462 0.203924 0.193613 0.219994 0.210705 0.188817 0.217017
456250 0.215553 0.202459 0.197434 -4.30205 7.83961 -8.72842 0.217784 0.199664 0.200325 0.214086 0.204297 0.195533
456250 0.182579 0.1817 0.196007 -3.22556 -0.160964 1.6988 0.18606 0.182326 0.193594 0.177617 0.180806 0.199447
456250 0.194753 0.195366 0.206797 2.9414 -4.13583 -3.19276 0.192345 0.198833 0.208598 0.196537 0.192797 0.205463
456250 0.206327 0.182392 0.183724 -1.07056 0.158489 0.271128 0.211587 0.182475 0.18248 0.202907 0.182339 0.184533
456250 0.211084 0.194164 0.208784 -5.60682 -3.11583 -4.12337 0.216419 0.196746 0.211435 0.207585 0.192472 0.207045
456250 0.201157 0.1821 0.203477 0.962501 -1.59633 -0.980119 0.19939 0.185703 0.204926 0.202747 0.178859 0.202173
456250 0.193724 0.200007 0.184168 -2.53003 1.82295 -1.9729 0.197513 0.197741 0.186162 0.190884 0.201705 0.182673
456250 0.217928 0.203947 0.201996 1.40122 7.69421 3.84182 0.217784 0.199664 0.200325 0.218097 0.208994 0.203965
456250 0.211003 0.197609 0.184794 3.23962 3.85242 3.86026 0.207357 0.194196 0.180201 0.213818 0.200244 0.18834
456250 0.210055 0.197216 0.21264 0.152256 0.00591594 -0.0112688 0.206191 0.197502 0.213371 0.216419 0.196746 0.211435
456250 0.198544 0.195541 0.205458 -4.02932 -6.12883 -1.10195 0.201681 0.19983 0.205449 0.196537 0.192797 0.205463
456250 0.190318 0.181693 0.204357 -0.616367 0.353263 -0.380576 0.193525 0.179 0.206768 0.187321 0.18421 0.202103
456250 0.183195 0.182763 0.200974 0.205008 0.045091 0.0794615 0.177617 0.180806 0.199447 0.187321 0.18421 0.202103
456250 0.187224 0.187479 0.198988 -0.0952063 -0.495197 0.499059 0.187126 0.19074 0.195879 0.187321 0.18421 0.202103
456250 0.206861 0.195084 0.21033 0.0567924 -0.0992945 -0.137667 0.206191 0.197502 0.213371 0.207585 0.192472 0.207045
456250 0.205075 0.195587 0.216632 0.0206033 0.0203228 -0.0503284 0.203924 0.193613 0.219994 0.206191 0.197502 0.213371
456250 0.203669 0.181915 0.216112 0.0121869 0.0049162 0.0126232 0.200674 0.181329 0.212602 0.205893 0.18235 0.218718
456250 0.181783 0.200389 0.20055 1.97635 0.176512 -2.22365 0.17872 0.199382 0.204638 0.184732 0.201358 0.196612
456250 0.202338 0.192303 0.216488 0.471051 0.536695 1.74545 0.200469 0.190759 0.212358 0.203924 0.193613 0.219994
456250 0.19449 0.19051 0.206927 4.03703 3.42957 -3.24109 0.191957 0.187681 0.208738 0.196537 0.192797 0.205463
456250 0.207477 0.182117 0.20808 0.70449 -1.38915 -0.183916 0.206435 0.185188 0.208709 0.208768 0.178314 0.207303
456250 0.192687 0.18364 0.207821 2.01271 -5.81126 -1.71018 0.191957 0.187681 0.208738 0.193525 0.179 0.206768
456250 0.189009 0.190503 0.209762 -3.55201 3.02023 0.459141 0.191957 0.187681 0.208738 0.186186 0.193205 0.210742
456250 0.208758 0.18529 0.186127 -0.178549 0.247242 0.348082 0.211587 0.182475 0.18248 0.20657 0.187465 0.188947
456250 0.198562 0.19303 0.185762 0.967682 -4.69751 -1.17666 0.197513 0.197741 0.186162 0.199421 0.189171 0.185434
456250 0.191852 0.185445 0.212301 0.38022 -1.50794 2.80182 0.191957 0.187681 0.208738 0.191718 0.182613 0.216812
456250 0.19991 0.179146 0.216637 1.30435 1.84797 -5.02066 0.199108 0.176855 0.220872 0.200674 0.181329 0.212602
456250 0.218468 0.18646 0.199388 -4.81139 4.42902 4.13676 0.22235 0.182115 0.196712 0.215208 0.190109 0.201635
456250 0.183961 0.186827 0.203607 0.107791 -0.107778 -0.0363521 0.180421 0.189583 0.205191 0.187321 0.18421 0.202103
456250 0.199091 0.179184 0.196569 -3.95817 -8.55447 1.67792 0.200705 0.183655 0.195043 0.198046 0.17629 0.197557
456250 0.213123 0.192172 0.214655 5.81627 5.78848 -5.5697 0.210705 0.188817 0.217017 0.216419 0.196746 0.211435
456250 0.216208 0.196922 0.196985 -0.54843 -0.615987 -0.768694 0.217784 0.199664 0.200325 0.215148 0.195078 0.194739
456250 0.18285 0.186937 0.208312 0.00602173 -0.00511415 0.00894832 0.180421 0.189583 0.205191 0.18478 0.184835 0.210791
456250 0.185073 0.181127 0.211464 -0.001361 0.0315882 -0.000769468 0.185412 0.17684 0.212242 0.18478 0.184835 0.210791
456250 0.189914 0.183767 0.194779 -0.0121884 -0.00245343 -0.00306104 0.192709 0.184813 0.19564 0.18606 0.182326 0.193594
456250 0.192838 0.17913 0.201986 0.000156284 0.000194582 0.00152095 0.192375 0.179217 0.198758 0.193525 0.179 0.206768
456250 0.193182 0.186669 0.198085 0.000164348 0.00421458 0.0045601 0.192709 0.184813 0.19564 0.193698 0.188699 0.200759
456250 0.195775 0.184369 0.195411 0.0186291 0.000284769 -0.00147832 0.192709 0.184813 0.19564 0.200705 0.183655 0.195043
456250 0.190961 0.186772 0.201336 0.00352812 0.00171477 -0.000703244 0.187321 0.18421 0.202103 0.193698 0.188699 0.200759
456250 0.187785 0.188598 0.203069 0.000105612 0.00678353 0.000570273 0.187321 0.18421 0.202103 0.188123 0.191799 0.203773
456250 0.19233 0.187852 0.216054 0.00277781 0.0106234 -0.00248311 0.191718 0.182613 0.216812 0.192739 0.191363 0.215546
456250 0.197706 0.197076 0.181367 -0.000116336 0.00116619 0.0038202 0.197835 0.196629 0.178147 0.197513 0.197741 0.186162
456250 0.196221 0.187371 0.202606 -0.0 -0.0 0.0 0.19939 0.185703 0.204926 0.193698 0.188699 0.200759
456250 0.189807 0.189991 0.205953 -0.000530325 0.000369797 -0.000582228 0.191957 0.187681 0.208738 0.188123 0.191799 0.203773
456250 0.200573 0.185975 0.212482 -0.211094 -19.1693 3.51205 0.200469 0.190759 0.212358 0.200674 0.181329 0.212602
456250 0.207046 0.179171 0.218017 0.00429763 -0.0225698 -0.00419716 0.205893 0.18235 0.218718 0.209274 0.17303 0.216663
456250 0.210326 0.20206 0.199758 0.000247401 0.000388491 0.00017738 0.208628 0.198052 0.197889 0.211411 0.204622 0.200953
456250 0.188176 0.186182 0.20982 -0.0070117 -0.00163842 0.00248112 0.191957 0.187681 0.208738 0.18478 0.184835 0.210791
456250 0.182427 0.180869 0.191305 0.0 0.0 0.0 0.18606 0.182326 0.193594 0.178509 0.179414 0.188835
456250 0.185939 0.184492 0.206831 0.0 0.0 0.0 0.187321 0.18421 0.202103 0.18478 0.184835 0.210791
456250 0.18766 0.183854 0.213288 0.0 0.0 0.0 0.191718 0.182613 0.216812 0.18478 0.184835 0.210791
456250 0.185462 0.188827 0.210766 0.0 0.0 0.0 0.186186 0.193205 0.210742 0.18478 0.184835 0.210791
456250 0.180489 0.192325 0.200972 0.0 0.0 0.0 0.180421 0.189583 0.205191 0.180536 0.194323 0.198042
456250 0.182819 0.185129 0.192665 0.0 0.0 0.0 0.18606 0.182326 0.193594 0.179179 0.188395 0.191622
456250 0.183847 0.188013 0.188965 0.0 0.0 0.0 0.18916 0.187699 0.185937 0.179179 0.188395 0.191622
456250 0.184973 0.190836 0.204354 0.0 0.0 0.0 0.180421 0.189583 0.205191 0.188123 0.191799 0.203773
456250 0.185993 0.19571 0.196226 0.0 0.0 0.0 0.187126 0.19074 0.195879 0.184732 0.201358 0.196612
456250 0.187206 0.198701 0.192898 0.0 0.0 0.0 0.18928 0.196574 0.189785 0.184732 0.201358 0.196612
456250 0.19792 0.179984 0.182067 0.0 0.0 0.0 0.199411 0.174686 0.18303 0.196929 0.183597 0.181423
456250 0.196278 0.182362 0.184496 0.0 0.0 0.0 0.195496 0.181002 0.188188 0.196929 0.183597 0.181423
456250 0.193437 0.179799 0.184889 0.0 0.0 0.0 0.195496 0.181002 0.188188 0.19133 0.178685 0.181507
456250 0.193985 0.185095 0.183135 0.0 0.0 0.0 0.18916 0.187699 0.185937 0.196929 0.183597 0.181423
456250 0.1904 0.182494 0.18341 0.0 0.0 0.0 0.18916 0.187699 0.185937 0.19133 0.178685 0.181507
456250 0.192545 0.18203 0.19716 0.0 0.0 0.0 0.192709 0.184813 0.19564 0.192375 0.179217 0.198758
456250 0.189644 0.180506 0.196525 0.0 0.0 0.0 0.18606 0.182326 0.193594 0.192375 0.179217 0.198758
456250 0.190514 0.184514 0.198273 0.0 0.0 0.0 0.192709 0.184813 0.19564 0.187321 0.18421 0.202103
456250 0.186674 0.183188 0.197734 0.0 0.0 0.0 0.18606 0.182326 0.193594 0.187321 0.18421 0.202103
456250 0.190256 0.181256 0.200161 0.0 0.0 0.0 0.192375 0.179217 0.198758 0.187321 0.18421 0.202103
456250 0.197469 0.185055 0.186803 0.0 0.0 0.0 0.195496 0.181002 0.188188 0.199421 0.189171 0.185434
456250 0.190431 0.187178 0.195737 0.0 0.0 0.0 0.192709 0.184813 0.19564 0.187126 0.19074 0.195879
456250 0.193884 0.18741 0.19444 0.0 0.0 0.0 0.192709 0.184813 0.19564 0.195595 0.191319 0.192695
456250 0.18742 0.184629 0.190234 0.0 0.0 0.0 0.18606 0.182326 0.193594 0.18916 0.187699 0.185937
456250 0.199447 0.181657 0.186241 0.0 0.0 0.0 0.195496 0.181002 0.188188 0.202907 0.182339 0.184533
456250 0.192665 0.180661 0.211544 0.0 0.0 0.0 0.191718 0.182613 0.216812 0.193525 0.179 0.206768
456250 0.189722 0.185951 0.205537 0.0 0.0 0.0 0.191957 0.187681 0.208738 0.187321 0.18421 0.202103
456250 0.197167 0.18013 0.20974 0.0 0.0 0.0 0.200674 0.181329 0.212602 0.193525 0.179 0.206768
456250 0.195574 0.179608 0.218931 -0.385553 0.309957 -0.31504 0.199108 0.176855 0.220872 0.191718 0.182613 0.216812
456250 0.203081 0.180015 0.21961 0.0 0.0 0.0 0.199108 0.176855 0.220872 0.205893 0.18235 0.218718
456250 0.198097 0.189398 0.181554 0.0 0.0 0.0 0.199421 0.189171 0.185434 0.196904 0.189711 0.178047
456250 0.19511 0.188496 0.185647 0.0 0.0 0.0 0.199421 0.189171 0.185434 0.18916 0.187699 0.185937
456250 0.188045 0.189311 0.191392 0.0 0.0 0.0 0.187126 0.19074 0.195879 0.18916 0.187699 0.185937
456250 0.192686 0.189627 0.189641 0.0 0.0 0.0 0.18916 0.187699 0.185937 0.195595 0.191319 0.192695
456250 0.191355 0.190974 0.19429 0.0 0.0 0.0 0.187126 0.19074 0.195879 0.195595 0.191319 0.192695
456250 0.193104 0.197061 0.188102 0.0 0.0 0.0 0.197513 0.197741 0.186162 0.18928 0.196574 0.189785
456250 0.190988 0.196692 0.194365 0.0 0.0 0.0 0.192905 0.19694 0.199504 0.18928 0.196574 0.189785
456250 0.190873 0.189523 0.198661 0.0 0.0 0.0 0.187126 0.19074 0.195879 0.193698 0.188699 0.200759
456250 0.187703 0.191296 0.200439 0.0 0.0 0.0 0.187126 0.19074 0.195879 0.188123 0.191799 0.203773
456250 0.194512 0.18977 0.197298 0.0 0.0 0.0 0.195595 0.191319 0.192695 0.193698 0.188699 0.200759
456250 0.193365 0.192097 0.200233 0.0 0.0 0.0 0.192905 0.19694 0.199504 0.193698 0.188699 0.200759
456250 0.190091 0.193859 0.202017 0.0 0.0 0.0 0.192905 0.19694 0.199504 0.188123 0.191799 0.203773
456250 0.19014 0.199271 0.18597 0.0 0.0 0.0 0.18928 0.196574 0.189785 0.190884 0.201705 0.182673
456250 0.194377 0.201439 0.188201 0.0 0.0 0.0 0.197513 0.197741 0.186162 0.191477 0.204965 0.190085
456250 0.198686 0.199896 0.190327 0.0 0.0 0.0 0.197513 0.197741 0.186162 0.199976 0.202375 0.194901
456250 0.201269 0.185491 0.184958 0.0 0.0 0.0 0.199421 0.189171 0.185434 0.202907 0.182339 0.184533
456250 0.201048 0.187224 0.18162 0.0 0.0 0.0 0.199421 0.189171 0.185434 0.202338 0.185781 0.178592
456250 0.201613 0.19621 0.18368 0.0 0.0 0.0 0.197513 0.197741 0.186162 0.207357 0.194196 0.180201
456250 0.201551 0.191826 0.188502 0.0 0.0 0.0 0.203648 0.194548 0.191519 0.199421 0.189171 0.185434
456250 0.199915 0.192996 0.192065 0.0 0.0 0.0 0.203648 0.194548 0.191519 0.195595 0.191319 0.192695
456250 0.19738 0.194417 0.199423 0.0 0.0 0.0 0.192905 0.19694 0.199504 0.201679 0.192101 0.199344
456250 0.19703 0.198245 0.202299 0.0 0.0 0.0 0.192905 0.19694 0.199504 0.201681 0.19983 0.205449
456250 0.202149 0.199493 0.187456 0.0 0.0 0.0 0.197513 0.197741 0.186162 0.20529 0.200773 0.188332
456250 0.195647 0.186643 0.206845 0.0 0.0 0.0 0.191957 0.187681 0.208738 0.19939 0.185703 0.204926
456250 0.190869 0.190219 0.202289 0.0 0.0 0.0 0.188123 0.191799 0.203773 0.193698 0.188699 0.200759
456250 0.19292 0.18819 0.204322 0.0 0.0 0.0 0.191957 0.187681 0.208738 0.193698 0.188699 0.200759
456250 0.195116 0.190693 0.203109 0.0 0.0 0.0 0.196537 0.192797 0.205463 0.193698 0.188699 0.200759
456250 0.187253 0.192376 0.206908 0.0 0.0 0.0 0.186186 0.193205 0.210742 0.188123 0.191799 0.203773
456250 0.19238 0.189673 0.212421 0.000299124 0.000631243 0.00100782 0.191957 0.187681 0.208738 0.192739 0.191363 0.215546
456250 0.18966 0.192171 0.21329 0.0 0.0 0.0 0.186186 0.193205 0.210742 0.192739 0.191363 0.215546
456250 0.194864 0.198244 0.212398 0.0 0.0 0.0 0.192345 0.198833 0.208598 0.196929 0.197862 0.215506
456250 0.194779 0.194474 0.215527 0.0 0.0 0.0 0.192739 0.191363 0.215546 0.196929 0.197862 0.215506
456250 0.186257 0.195346 0.214254 0.0 0.0 0.0 0.186186 0.193205 0.210742 0.186357 0.198591 0.21935
456250 0.194633 0.192462 0.218499 0.0 0.0 0.0 0.196492 0.193653 0.221395 0.192739 0.191363 0.215546
456250 0.190318 0.194046 0.216988 0.0 0.0 0.0 0.192739 0.191363 0.215546 0.186357 0.198591 0.21935
456250 0.195745 0.189219 0.217623 0.0 0.0 0.0 0.192739 0.191363 0.215546 0.198717 0.187216 0.21967
456250 0.199994 0.184704 0.200374 0.0 0.0 0.0 0.200705 0.183655 0.195043 0.19939 0.185703 0.204926
456250 0.200002 0.183555 0.208598 0.0 0.0 0.0 0.200674 0.181329 0.212602 0.19939 0.185703 0.204926
456250 0.197118 0.190104 0.200153 0.0 0.0 0.0 0.201679 0.192101 0.199344 0.193698 0.188699 0.200759
456250 0.198741 0.192444 0.202839 0.0 0.0 0.0 0.201679 0.192101 0.199344 0.196537 0.192797 0.205463
456250 0.203359 0.185358 0.207059 0.0 0.0 0.0 0.206435 0.185188 0.208709 0.19939 0.185703 0.204926
456250 0.195937 0.189064 0.210432 0.0 0.0 0.0 0.191957 0.187681 0.208738 0.200469 0.190759 0.212358
456250 0.198168 0.191896 0.208327 0.0 0.0 0.0 0.200469 0.190759 0.212358 0.196537 0.192797 0.205463
456250 0.196039 0.191048 0.214185 0.0 0.0 0.0 0.200469 0.190759 0.212358 0.192739 0.191363 0.215546
456250 0.199558 0.184622 0.216624 0.0 0.0 0.0 0.200674 0.181329 0.212602 0.198717 0.187216 0.21967
456250 0.201133 0.19013 0.219822 0.0 0.0 0.0 0.203924 0.193613 0.219994 0.198717 0.187216 0.21967
456250 0.202093 0.197806 0.19295 0.0 0.0 0.0 0.203648 0.194548 0.191519 0.199976 0.202375 0.194901
456250 0.204552 0.200034 0.196481 0.0 0.0 0.0 0.208628 0.198052 0.197889 0.199976 0.202375 0.194901
456250 0.209288 0.180631 0.187055 0.0 0.0 0.0 0.207498 0.179295 0.190617 0.211587 0.182475 0.18248
456250 0.204994 0.180897 0.187302 0.0 0.0 0.0 0.207498 0.179295 0.190617 0.202907 0.182339 0.184533
456250 0.202606 0.184099 0.181401 0.0 0.0 0.0 0.202907 0.182339 0.184533 0.202338 0.185781 0.178592
456250 0.201215 0.188029 0.1973 0.0 0.0 0.0 0.200705 0.183655 0.195043 0.201679 0.192101 0.199344
456250 0.203897 0.185673 0.191725 0.0 0.0 0.0 0.200705 0.183655 0.195043 0.20657 0.187465 0.188947
456250 0.209163 0.180441 0.210764 0.0 0.0 0.0 0.209458 0.182104 0.213308 0.208768 0.178314 0.207303
456250 0.204978 0.179668 0.209783 0.0 0.0 0.0 0.200674 0.181329 0.212602 0.208768 0.178314 0.207303
456250 0.206006 0.181743 0.213031 0.0 0.0 0.0 0.209458 0.182104 0.213308 0.200674 0.181329 0.212602
456250 0.207796 0.182161 0.215827 0.0 0.0 0.0 0.209458 0.182104 0.213308 0.205893 0.18235 0.218718
456250 0.204771 0.182052 0.201779 0.0 0.0 0.0 0.206925 0.185556 0.201358 0.202747 0.178859 0.202173
456250 0.21394 0.184439 0.201171 0.0 0.0 0.0 0.21302 0.180399 0.200831 0.215208 0.190109 0.201635
456250 0.207842 0.181886 0.204326 0.0 0.0 0.0 0.208768 0.178314 0.207303 0.206925 0.185556 0.201358
456250 0.210958 0.18464 0.211413 0.0 0.0 0.0 0.209458 0.182104 0.213308 0.212553 0.187447 0.209402
456250 0.215613 0.181388 0.203915 0.0 0.0 0.0 0.218801 0.18273 0.207699 0.21302 0.180399 0.200831
456250 0.207914 0.18501 0.218003 0.0 0.0 0.0 0.205893 0.18235 0.218718 0.210705 0.188817 0.217017
456250 0.206869 0.189975 0.185615 0.0 0.0 0.0 0.207357 0.194196 0.180201 0.20657 0.187465 0.188947
456250 0.205001 0.194365 0.187387 0.0 0.0 0.0 0.203648 0.194548 0.191519 0.207357 0.194196 0.180201
456250 0.212406 0.191926 0.184818 0.0 0.0 0.0 0.216027 0.190392 0.188122 0.207357 0.194196 0.180201
456250 0.209544 0.18611 0.191611 0.0 0.0 0.0 0.212458 0.184894 0.194217 0.20657 0.187465 0.188947
456250 0.207275 0.192872 0.192727 0.0 0.0 0.0 0.210133 0.19165 0.193677 0.203648 0.194548 0.191519
456250 0.205897 0.196076 0.194397 0.0 0.0 0.0 0.203648 0.194548 0.191519 0.208628 0.198052 0.197889
456250 0.211092 0.199038 0.193356 0.0 0.0 0.0 0.208628 0.198052 0.197889 0.213818 0.200244 0.18834
456250 0.209684 0.18517 0.197796 0.0 0.0 0.0 0.212458 0.184894 0.194217 0.206925 0.185556 0.201358
456250 0.204439 0.188599 0.200406 0.0 0.0 0.0 0.201679 0.192101 0.199344 0.206925 0.185556 0.201358
456250 0.201679 0.195602 0.202153 0.0 0.0 0.0 0.201681 0.19983 0.205449 0.201679 0.192101 0.199344
456250 0.204722 0.192237 0.203314 0.0 0.0 0.0 0.201679 0.192101 0.199344 0.207585 0.192472 0.207045
456250 0.211976 0.191035 0.19657 0.0 0.0 0.0 0.210133 0.19165 0.193677 0.215208 0.190109 0.201635
456250 0.215168 0.193209 0.197255 0.0 0.0 0.0 0.215208 0.190109 0.201635 0.215148 0.195078 0.194739
456250 0.205353 0.198835 0.201452 0.0 0.0 0.0 0.208628 0.198052 0.197889 0.201681 0.19983 0.205449
456250 0.211706 0.19428 0.199643 0.0 0.0 0.0 0.208628 0.198052 0.197889 0.215208 0.190109 0.201635
456250 0.211957 0.201809 0.196453 0.0 0.0 0.0 0.208628 0.198052 0.197889 0.214086 0.204297 0.195533
456250 0.216309 0.183756 0.195191 0.0 0.0 0.0 0.22235 0.182115 0.196712 0.212458 0.184894 0.194217
456250 0.21094 0.188763 0.188568 0.0 0.0 0.0 0.216027 0.190392 0.188122 0.20657 0.187465 0.188947
456250 0.212415 0.191108 0.191527 0.0 0.0 0.0 0.210133 0.19165 0.193677 0.216027 0.190392 0.188122
456250 0.215489 0.193201 0.192167 0.0 0.0 0.0 0.216027 0.190392 0.188122 0.215148 0.195078 0.194739
456250 0.213271 0.198815 0.199126 0.0 0.0 0.0 0.217784 0.199664 0.200325 0.208628 0.198052 0.197889
456250 0.207246 0.188882 0.20414 0.0 0.0 0.0 0.206925 0.185556 0.201358 0.207585 0.192472 0.207045
456250 0.203999 0.187407 0.2102 0.0 0.0 0.0 0.206435 0.185188 0.208709 0.200469 0.190759 0.212358
456250 0.209546 0.186281 0.209061 0.0 0.0 0.0 0.206435 0.185188 0.208709 0.212553 0.187447 0.209402
456250 0.201042 0.195003 0.209084 0.0 0.0 0.0 0.200469 0.190759 0.212358 0.201681 0.19983 0.205449
456250 0.203605 0.194402 0.212915 0.0 0.0 0.0 0.200469 0.190759 0.212358 0.206191 0.197502 0.213371
456250 0.204269 0.198439 0.209998 0.0 0.0 0.0 0.206191 0.197502 0.213371 0.201681 0.19983 0.205449
456250 0.213539 0.188382 0.206512 0.0 0.0 0.0 0.212553 0.187447 0.209402 0.215208 0.190109 0.201635
456250 0.213825 0.190456 0.210072 0.0 0.0 0.0 0.212553 0.187447 0.209402 0.216419 0.196746 0.211435
456250 0.215755 0.193062 0.206079 0.0 0.0 0.0 0.216419 0.196746 0.211435 0.215208 0.190109 0.201635
456250 0.213936 0.2026 0.200705 0.0 0.0 0.0 0.217784 0.199664 0.200325 0.211411 0.204622 0.200953
456250 0.217215 0.198399 0.204933 0.0 0.0 0.0 0.217784 0.199664 0.200325 0.216419 0.196746 0.211435
456250 0.219652 0.202584 0.197035 0.0 0.0 0.0 0.217784 0.199664 0.200325 0.221705 0.205896 0.193427
456250 0.184054 0.20181 0.191664 -1.08501 2.14689 -8.37994 0.184732 0.201358 0.196612 0.183491 0.202185 0.187558
456250 0.185633 0.206038 0.195057 -2.89757 -9.34859 4.56329 0.186224 0.209109 0.194037 0.184732 0.201358 0.196612
456250 0.185623 0.204278 0.200589 -1.53728 -4.25829 -8.31965 0.186791 0.208107 0.205805 0.184732 0.201358 0.196612
456250 0.182986 0.208542 0.19416 -3.5373 -0.16779 0.479718 0.186224 0.209109 0.194037 0.179225 0.207885 0.194302
456250 0.18559 0.215236 0.195238 -3.3417 0.246404 -1.49888 0.189509 0.21531 0.197678 0.182109 0.21517 0.193071
456250 0.181139 0.207227 0.202559 0.0989986 -0.00276276 0.0581152 0.178517 0.206818 0.201053 0.186791 0.208107 0.205805
456250 0.184832 0.214214 0.204355 3.69811 -7.23635 1.73764 0.183684 0.217793 0.203505 0.186791 0.208107 0.205805
456250 0.190343 0.200635 0.18993 -10.036 -25.5242 1.95012 0.191477 0.204965 0.190085 0.18928 0.196574 0.189785
456250 0.192747 0.202068 0.211828 -0.500284 -9.14126 -6.68941 0.193153 0.205334 0.215089 0.192345 0.198833 0.208598
456250 0.194517 0.202852 0.208161 -3.35479 -7.55016 1.97363 0.195998 0.205595 0.207863 0.192345 0.198833 0.208598
456250 0.190062 0.202645 0.20745 5.02888 -6.90723 3.47891 0.186791 0.208107 0.205805 0.192345 0.198833 0.208598
456250 0.195239 0.201206 0.215319 16.6975 -24.4598 4.17266 0.193153 0.205334 0.215089 0.196929 0.197862 0.215506
456250 0.199448 0.200614 0.215916 -0.600312 -0.605144 0.0375128 0.202066 0.203474 0.216342 0.196929 0.197862 0.215506
456250 0.194404 0.203421 0.21912 0.46312 -0.830549 2.52688 0.193153 0.205334 0.215089 0.195646 0.201521 0.223122
456250 0.188186 0.210204 0.185782 -2.26507 -4.96368 -5.31784 0.189518 0.213737 0.188492 0.187207 0.207609 0.183791
456250 0.198123 0.207267 0.193934 0.147058 -0.461153 0.167366 0.19669 0.211046 0.193186 0.199976 0.202375 0.194901
456250 0.188448 0.207355 0.192364 4.67422 -2.71268 -4.01921 0.186224 0.209109 0.194037 0.191477 0.204965 0.190085
456250 0.194197 0.208137 0.191703 7.37096 6.87141 5.39302 0.191477 0.204965 0.190085 0.19669 0.211046 0.193186
456250 0.190515 0.209271 0.189303 -2.16301 10.4719 -0.188131 0.191477 0.204965 0.190085 0.189518 0.213737 0.188492
456250 0.187591 0.211689 0.195552 3.54366 8.26781 6.43452 0.186224 0.209109 0.194037 0.189509 0.21531 0.197678
456250 0.1968 0.211287 0.197287 -0.519529 1.04625 6.02862 0.19669 0.211046 0.193186 0.196928 0.211568 0.202047
456250 0.193158 0.213469 0.199827 -6.97394 2.17625 -3.31988 0.196928 0.211568 0.202047 0.189509 0.21531 0.197678
456250 0.191798 0.216123 0.18522 -2.08963 -2.14854 4.10052 0.194172 0.218608 0.181813 0.189518 0.213737 0.188492
456250 0.197152 0.21501 0.192209 1.21724 8.81677 -3.73574 0.19669 0.211046 0.193186 0.197688 0.219612 0.191076
456250 0.18786 0.217992 0.18935 7.4943 -13.1122 -1.87646 0.186298 0.222002 0.190158 0.189518 0.213737 0.188492
456250 0.19066 0.216877 0.201867 -0.046247 -0.145033 -0.443992 0.19185 0.218497 0.206198 0.189509 0.21531 0.197678
456250 0.203263 0.201384 0.190838 -0.366156 0.0450771 0.563883 0.20529 0.200773 0.188332 0.199976 0.202375 0.194901
456250 0.200239 0.211561 0.191178 3.0089 0.689467 -2.36624 0.19669 0.211046 0.193186 0.205647 0.212347 0.188118
456250 0.202662 0.205311 0.198433 0.0746759 0.10009 0.083306 0.199976 0.202375 0.194901 0.204698 0.207538 0.201112
456250 0.195909 0.208648 0.213386 4.73331 4.58978 -1.7149 0.193153 0.205334 0.215089 0.198858 0.212195 0.211564
456250 0.19563 0.204748 0.204871 -0.460056 -3.10162 -6.86603 0.195998 0.205595 0.207863 0.195271 0.203923 0.20195
456250 0.197105 0.208149 0.209296 -5.42491 -9.27278 -7.27928 0.198858 0.212195 0.211564 0.195998 0.205595 0.207863
456250 0.195918 0.206908 0.201988 -3.47137 -20.544 2.9251 0.196928 0.211568 0.202047 0.195271 0.203923 0.20195
456250 0.191429 0.209623 0.21538 -19.8439 33.9192 4.90567 0.193153 0.205334 0.215089 0.189296 0.214926 0.21574
456250 0.18813 0.211751 0.211113 0.385121 3.69053 6.01157 0.186791 0.208107 0.205805 0.189296 0.214926 0.21574
456250 0.198431 0.215853 0.200585 1.63833 3.02679 -0.939558 0.196928 0.211568 0.202047 0.199629 0.219269 0.19942
456250 0.19439 0.215031 0.204122 10.0849 -10.0704 -8.40331 0.19185 0.218497 0.206198 0.196928 0.211568 0.202047
456250 0.197612 0.202428 0.203228 2.29922 -1.30981 0.760285 0.195271 0.203923 0.20195 0.201681 0.19983 0.205449
456250 0.202851 0.214799 0.212932 5.45439 4.42375 1.11155 0.198858 0.212195 0.211564 0.206442 0.217141 0.214161
456250 0.201138 0.209384 0.20154 8.96618 -4.17092 0.458363 0.196928 0.211568 0.202047 0.204698 0.207538 0.201112
456250 0.200997 0.213597 0.203488 9.27943 3.04903 3.99232 0.196928 0.211568 0.202047 0.204985 0.215586 0.204901
456250 0.190689 0.216875 0.210534 -3.80245 -2.39927 10.3372 0.19185 0.218497 0.206198 0.189296 0.214926 0.21574
456250 0.200705 0.206034 0.218951 -0.316588 0.404403 0.389958 0.202066 0.203474 0.216342 0.199515 0.208272 0.221231
456250 0.201667 0.216263 0.19829 -2.88544 3.82491 2.33306 0.203428 0.213666 0.197314 0.199629 0.219269 0.19942
456250 0.214654 0.196996 0.192363 0.7256 -2.0149 3.52574 0.213818 0.200244 0.18834 0.215148 0.195078 0.194739
456250 0.209506 0.199481 0.202317 -2.15823 -2.7491 -6.20076 0.210082 0.20042 0.205226 0.208628 0.198052 0.197889
456250 0.206635 0.202316 0.185768 -0.341776 -0.654994 0.839097 0.208018 0.203904 0.18313 0.20529 0.200773 0.188332
456250 0.210291 0.20247 0.185172 6.12327 -4.71292 4.33548 0.208018 0.203904 0.18313 0.213818 0.200244 0.18834
456250 0.208367 0.201876 0.195108 -0.727161 -6.43468 5.4339 0.208183 0.204571 0.193147 0.208628 0.198052 0.197889
456250 0.213988 0.202813 0.1929 -2.28394 -6.34665 -10.3152 0.214086 0.204297 0.195533 0.213818 0.200244 0.18834
456250 0.209367 0.202889 0.206975 -1.16035 4.11944 4.03528 0.210082 0.20042 0.205226 0.208085 0.207318 0.210112
456250 0.204117 0.200504 0.214865 0.0955979 -0.169719 -0.112657 0.202066 0.203474 0.216342 0.206191 0.197502 0.213371
456250 0.212134 0.19923 0.207237 3.30203 -2.95216 4.09766 0.210082 0.20042 0.205226 0.216419 0.196746 0.211435
456250 0.204913 0.204141 0.181829 -3.80775 -0.207896 -2.0947 0.208018 0.203904 0.18313 0.200519 0.204475 0.179988
456250 0.203058 0.213052 0.182458 2.07205 -1.08221 3.70008 0.201212 0.213556 0.178422 0.205647 0.212347 0.188118
456250 0.211701 0.211369 0.189393 -5.33469 1.27653 -1.98002 0.215268 0.210793 0.190144 0.205647 0.212347 0.188118
456250 0.2134 0.210837 0.193326 -2.95484 0.139456 3.5907 0.215268 0.210793 0.190144 0.211206 0.210889 0.197063
456250 0.212902 0.207006 0.196162 -8.30727 12.8561 3.11132 0.214086 0.204297 0.195533 0.211206 0.210889 0.197063
456250 0.207302 0.207275 0.191399 -2.46052 6.5425 -5.95783 0.208183 0.204571 0.193147 0.205647 0.212347 0.188118
456250 0.204192 0.213212 0.194149 -0.292341 0.333285 3.49983 0.205647 0.212347 0.188118 0.203428 0.213666 0.197314
456250 0.207835 0.209153 0.19916 -13.5024 -7.3652 12.0028 0.211206 0.210889 0.197063 0.204698 0.207538 0.201112
456250 0.212696 0.214217 0.199405 -5.08949 -7.29798 -5.61464 0.214133 0.217426 0.201662 0.211206 0.210889 0.197063
456250 0.203998 0.210914 0.199019 0.764386 -3.22108 2.80244 0.203428 0.213666 0.197314 0.204698 0.207538 0.201112
456250 0.209261 0.217347 0.187044 5.40601 10.1577 -1.03588 0.205647 0.212347 0.188118 0.211369 0.220264 0.186418
456250 0.21202 0.214745 0.195263 5.58482 13.9114 -7.27106 0.211206 0.210889 0.197063 0.212763 0.218261 0.19362
456250 0.217989 0.208723 0.191532 5.83457 -3.66403 1.77153 0.215268 0.210793 0.190144 0.221705 0.205896 0.193427
456250 0.206399 0.211815 0.207277 -1.00966 1.94569 -1.69065 0.208085 0.207318 0.210112 0.204985 0.215586 0.204901
456250 0.207713 0.208819 0.21547 -0.675697 0.632078 3.1623 0.208085 0.207318 0.210112 0.207394 0.210102 0.22005
456250 0.206902 0.213738 0.217008 -0.127604 -6.33088 6.56457 0.206442 0.217141 0.214161 0.207394 0.210102 0.22005
456250 0.209986 0.216925 0.216862 -3.1084 0.0859562 -3.24642 0.213243 0.216727 0.219343 0.206442 0.217141 0.214161
456250 0.212811 0.215984 0.209251 -1.67875 3.21915 -1.65382 0.214204 0.213397 0.210062 0.211338 0.218721 0.208394
456250 0.208745 0.217441 0.206968 8.13626 4.348 2.8766 0.204985 0.215586 0.204901 0.211338 0.218721 0.208394
456250 0.212555 0.218157 0.205462 -1.43467 1.25984 3.33473 0.214133 0.217426 0.201662 0.211338 0.218721 0.208394
456250 0.216589 0.215648 0.198786 2.63595 -1.25839 -2.35128 0.214133 0.217426 0.201662 0.218894 0.213978 0.196086
456250 0.215605 0.211812 0.207867 0.802487 -0.573206 -1.10575 0.214204 0.213397 0.210062 0.218097 0.208994 0.203965
456250 0.215395 0.211621 0.212234 1.26518 -1.62448 2.848 0.214204 0.213397 0.210062 0.217752 0.208107 0.216528
456250 0.21584 0.216112 0.194858 -6.70686 4.52271 -4.17407 0.218894 0.213978 0.196086 0.212763 0.218261 0.19362
456250 0.187331 0.218107 0.204708 3.20779 -0.0930544 1.48986 0.183684 0.217793 0.203505 0.19185 0.218497 0.206198
456250 0.198839 0.217058 0.212528 -0.768424 13.649 0.625477 0.198858 0.212195 0.211564 0.198825 0.220701 0.21325
456250 0.184392 0.211807 0.193607 -3.08411 3.97153 0.0712309 0.186224 0.209109 0.194037 0.182109 0.21517 0.193071
456250 0.210377 0.202887 0.191276 0.831141 -0.844972 -1.01695 0.208183 0.204571 0.193147 0.213818 0.200244 0.18834
456250 0.19408 0.207554 0.187516 3.97468 4.88897 -3.28025 0.191477 0.204965 0.190085 0.196303 0.209765 0.185321
456250 0.182271 0.216581 0.206879 -0.481636 -0.451323 0.848507 0.183684 0.217793 0.203505 0.180886 0.215394 0.210183
456250 0.203147 0.216672 0.217132 0.681719 -0.0190329 -0.506886 0.199762 0.21619 0.220184 0.206442 0.217141 0.214161
456250 0.187589 0.211027 0.191739 0.862564 1.59813 -1.3669 0.186224 0.209109 0.194037 0.189518 0.213737 0.188492
456250 0.199847 0.210744 0.186382 9.84262 1.43111 1.80202 0.196303 0.209765 0.185321 0.205647 0.212347 0.188118
456250 0.204543 0.205056 0.213778 0.335218 0.249815 -0.49332 0.202066 0.203474 0.216342 0.208085 0.207318 0.210112
456250 0.199328 0.214271 0.216045 -0.00234588 0.240382 0.385627 0.198858 0.212195 0.211564 0.199762 0.21619 0.220184
456250 0.194693 0.20997 0.181856 3.58417 0.932125 8.31775 0.192998 0.210186 0.17821 0.196303 0.209765 0.185321
456250 0.207799 0.200679 0.182157 0.0363073 -1.45367 -0.658206 0.208018 0.203904 0.18313 0.207357 0.194196 0.180201
456250 0.198106 0.203457 0.206968 1.65744 -1.68453 -0.311738 0.195998 0.205595 0.207863 0.201681 0.19983 0.205449
456250 0.20698 0.200202 0.205308 -1.13634 -0.242243 0.118803 0.210082 0.20042 0.205226 0.201681 0.19983 0.205449
456250 0.183039 0.212737 0.208587 -1.70265 1.54501 0.874344 0.186791 0.208107 0.205805 0.180886 0.215394 0.210183
456250 0.216944 0.204896 0.194743 0.641863 0.0572057 -0.254872 0.214086 0.204297 0.195533 0.221705 0.205896 0.193427
456250 0.215859 0.213755 0.202665 4.32153 -6.78882 2.88236 0.214133 0.217426 0.201662 0.218097 0.208994 0.203965
456250 0.18078 0.2181 0.200991 -1.19993 0.203693 -1.42252 0.183684 0.217793 0.203505 0.178254 0.218367 0.198805
456250 0.212041 0.211249 0.21008 -0.516306 -0.382457 0.0458317 0.214204 0.213397 0.210062 0.208085 0.207318 0.210112
456250 0.190148 0.202352 0.216973 -6.06744 -4.48512 4.22582 0.193153 0.205334 0.215089 0.186357 0.198591 0.21935
456250 0.205907 0.21823 0.190255 0.335992 1.71861 0.796053 0.205647 0.212347 0.188118 0.206071 0.221934 0.1916
456250 0.197874 0.211875 0.206713 -0.120528 0.0487068 -0.516788 0.198858 0.212195 0.211564 0.196928 0.211568 0.202047
456250 0.203201 0.209899 0.210881 1.58021 -0.534403 -0.243507 0.198858 0.212195 0.211564 0.208085 0.207318 0.210112
456250 0.181363 0.213512 0.196747 0.00209751 0.00347367 -0.0128084 0.180806 0.212273 0.199496 0.182109 0.21517 0.193071
456250 0.182709 0.210949 0.201502 0.00307421 -0.00274222 0.00273845 0.180806 0.212273 0.199496 0.186791 0.208107 0.205805
456250 0.191774 0.206152 0.194398 -0.0 -0.0 0.0 0.191477 0.204965 0.190085 0.191989 0.207013 0.19753
456250 0.204203 0.21753 0.184909 -0.00308899 0.00756539 -0.00640291 0.205647 0.212347 0.188118 0.203401 0.220408 0.183127
456250 0.188388 0.212338 0.201031 1.46927 2.31825 -3.44649 0.186791 0.208107 0.205805 0.189509 0.21531 0.197678
456250 0.190268 0.207376 0.20027 -0.00132066 0.000670913 0.00283614 0.191989 0.207013 0.19753 0.186791 0.208107 0.205805
456250 0.210756 0.202549 0.20306 0.00317515 0.00557122 -0.0069918 0.210082 0.20042 0.205226 0.211411 0.204622 0.200953
456250 0.193682 0.20542 0.199809 -0.0 0.0 0.0 0.191989 0.207013 0.19753 0.195271 0.203923 0.20195
456250 0.182287 0.203182 0.205155 0.0 0.0 0.0 0.186791 0.208107 0.205805 0.17872 0.199382 0.204638
456250 0.181606 0.205009 0.195302 0.0 0.0 0.0 0.179225 0.207885 0.194302 0.184732 0.201358 0.196612
456250 0.180867 0.204697 0.199374 0.0 0.0 0.0 0.178517 0.206818 0.201053 0.184732 0.201358 0.196612
456250 0.182081 0.214663 0.20127 0.0 0.0 0.0 0.180806 0.212273 0.199496 0.183684 0.217793 0.203505
456250 0.187439 0.201872 0.18495 0.0 0.0 0.0 0.190884 0.201705 0.182673 0.183491 0.202185 0.187558
456250 0.185581 0.214444 0.190924 0.0 0.0 0.0 0.189518 0.213737 0.188492 0.182109 0.21517 0.193071
456250 0.187335 0.203469 0.188776 0.0 0.0 0.0 0.191477 0.204965 0.190085 0.183491 0.202185 0.187558
456250 0.188292 0.203209 0.193166 0.0 0.0 0.0 0.191477 0.204965 0.190085 0.184732 0.201358 0.196612
456250 0.189132 0.204734 0.197169 0.0 0.0 0.0 0.191989 0.207013 0.19753 0.184732 0.201358 0.196612
456250 0.184134 0.21842 0.191662 0.0 0.0 0.0 0.186298 0.222002 0.190158 0.182109 0.21517 0.193071
456250 0.186333 0.216611 0.200855 0.0 0.0 0.0 0.183684 0.217793 0.203505 0.189509 0.21531 0.197678
456250 0.1941 0.201834 0.204608 0.0 0.0 0.0 0.195271 0.203923 0.20195 0.192345 0.198833 0.208598
456250 0.19635 0.199451 0.218928 0.0 0.0 0.0 0.195646 0.201521 0.223122 0.196929 0.197862 0.215506
456250 0.189052 0.20641 0.186514 0.0 0.0 0.0 0.191477 0.204965 0.190085 0.187207 0.207609 0.183791
456250 0.191148 0.203109 0.185992 0.0 0.0 0.0 0.191477 0.204965 0.190085 0.190884 0.201705 0.182673
456250 0.195361 0.203727 0.192287 0.0 0.0 0.0 0.191477 0.204965 0.190085 0.199976 0.202375 0.194901
456250 0.196488 0.210329 0.189115 0.0 0.0 0.0 0.19669 0.211046 0.193186 0.196303 0.209765 0.185321
456250 0.193237 0.211504 0.186754 0.0 0.0 0.0 0.196303 0.209765 0.185321 0.189518 0.213737 0.188492
456250 0.189121 0.208002 0.195794 0.0 0.0 0.0 0.186224 0.209109 0.194037 0.191989 0.207013 0.19753
456250 0.194065 0.208743 0.19561 0.0 0.0 0.0 0.191989 0.207013 0.19753 0.19669 0.211046 0.193186
456250 0.190963 0.210391 0.197592 0.0 0.0 0.0 0.191989 0.207013 0.19753 0.189509 0.21531 0.197678
456250 0.19502 0.2052 0.196532 0.0 0.0 0.0 0.191989 0.207013 0.19753 0.199976 0.202375 0.194901
456250 0.193322 0.212255 0.190984 0.0 0.0 0.0 0.19669 0.211046 0.193186 0.189518 0.213737 0.188492
456250 0.193307 0.213001 0.195302 0.0 0.0 0.0 0.19669 0.211046 0.193186 0.189509 0.21531 0.197678
456250 0.189512 0.214472 0.1931 0.0 0.0 0.0 0.189518 0.213737 0.188492 0.189509 0.21531 0.197678
456250 0.193991 0.208807 0.199362 0.0 0.0 0.0 0.191989 0.207013 0.19753 0.196928 0.211568 0.202047
456250 0.196987 0.203304 0.199377 0.0 0.0 0.0 0.195271 0.203923 0.20195 0.199976 0.202375 0.194901
456250 0.19536 0.213617 0.183773 0.0 0.0 0.0 0.194172 0.218608 0.181813 0.196303 0.209765 0.185321
456250 0.193547 0.216583 0.189768 0.0 0.0 0.0 0.197688 0.219612 0.191076 0.189518 0.213737 0.188492
456250 0.200895 0.196771 0.197301 0.0 0.0 0.0 0.199976 0.202375 0.194901 0.201679 0.192101 0.199344
456250 0.200827 0.201048 0.200177 0.0 0.0 0.0 0.199976 0.202375 0.194901 0.201681 0.19983 0.205449
456250 0.198178 0.207357 0.18295 0.0 0.0 0.0 0.196303 0.209765 0.185321 0.200519 0.204475 0.179988
456250 0.198566 0.21146 0.182139 0.0 0.0 0.0 0.201212 0.213556 0.178422 0.196303 0.209765 0.185321
456250 0.20043 0.212448 0.19548 0.0 0.0 0.0 0.19669 0.211046 0.193186 0.203428 0.213666 0.197314
456250 0.205016 0.203671 0.193824 0.0 0.0 0.0 0.208183 0.204571 0.193147 0.199976 0.202375 0.194901
456250 0.19485 0.205435 0.210778 0.0 0.0 0.0 0.193153 0.205334 0.215089 0.195998 0.205595 0.207863
456250 0.190522 0.206427 0.211251 0.0 0.0 0.0 0.193153 0.205334 0.215089 0.186791 0.208107 0.205805
456250 0.193027 0.206352 0.207199 0.0 0.0 0.0 0.195998 0.205595 0.207863 0.186791 0.208107 0.205805
456250 0.196366 0.207908 0.205558 0.0 0.0 0.0 0.195998 0.205595 0.207863 0.196928 0.211568 0.202047
456250 0.192579 0.205197 0.203174 0.0 0.0 0.0 0.186791 0.208107 0.205805 0.195271 0.203923 0.20195
456250 0.192665 0.210059 0.203627 0.0 0.0 0.0 0.186791 0.208107 0.205805 0.196928 0.211568 0.202047
456250 0.196818 0.206973 0.218628 0.0 0.0 0.0 0.193153 0.205334 0.215089 0.199515 0.208272 0.221231
456250 0.194421 0.213409 0.213501 0.0 0.0 0.0 0.198858 0.212195 0.211564 0.189296 0.214926 0.21574
456250 0.189722 0.214075 0.206033 0.0 0.0 0.0 0.19185 0.218497 0.206198 0.186791 0.208107 0.205805
456250 0.195286 0.215353 0.20883 0.0 0.0 0.0 0.198858 0.212195 0.211564 0.19185 0.218497 0.206198
456250 0.200773 0.212756 0.199246 0.0 0.0 0.0 0.196928 0.211568 0.202047 0.203428 0.213666 0.197314
456250 0.20201 0.213887 0.208135 0.0 0.0 0.0 0.198858 0.212195 0.211564 0.204985 0.215586 0.204901
456250 0.19799 0.20427 0.215768 0.0 0.0 0.0 0.193153 0.205334 0.215089 0.202066 0.203474 0.216342
456250 0.195112 0.215575 0.21821 0.0 0.0 0.0 0.199762 0.21619 0.220184 0.189296 0.214926 0.21574
456250 0.199118 0.202523 0.219451 0.0 0.0 0.0 0.202066 0.203474 0.216342 0.195646 0.201521 0.223122
456250 0.201127 0.216418 0.189799 0.0 0.0 0.0 0.197688 0.219612 0.191076 0.205647 0.212347 0.188118
456250 0.202029 0.217564 0.201879 0.0 0.0 0.0 0.204985 0.215586 0.204901 0.199629 0.219269 0.19942
456250 0.205963 0.198575 0.185683 0.0 0.0 0.0 0.20529 0.200773 0.188332 0.207357 0.194196 0.180201
456250 0.208573 0.200514 0.188336 0.0 0.0 0.0 0.20529 0.200773 0.188332 0.213818 0.200244 0.18834
456250 0.204804 0.203429 0.207724 0.0 0.0 0.0 0.208085 0.207318 0.210112 0.201681 0.19983 0.205449
456250 0.209026 0.19701 0.205995 0.0 0.0 0.0 0.210082 0.20042 0.205226 0.207585 0.192472 0.207045
456250 0.206973 0.201513 0.212021 0.0 0.0 0.0 0.208085 0.207318 0.210112 0.206191 0.197502 0.213371
456250 0.208018 0.198648 0.216695 0.0 0.0 0.0 0.210594 0.200391 0.221368 0.206191 0.197502 0.213371
456250 0.202736 0.207827 0.183507 0.0 0.0 0.0 0.205647 0.212347 0.188118 0.200519 0.204475 0.179988
456250 0.207187 0.206807 0.184878 0.0 0.0 0.0 0.208018 0.203904 0.18313 0.205647 0.212347 0.188118
456250 0.211082 0.209764 0.184794 0.0 0.0 0.0 0.205647 0.212347 0.188118 0.215088 0.207955 0.182343
456250 0.207088 0.210335 0.182209 0.0 0.0 0.0 0.205647 0.212347 0.188118 0.207888 0.209306 0.178938
456250 0.202442 0.217356 0.18107 0.0 0.0 0.0 0.201212 0.213556 0.178422 0.203401 0.220408 0.183127
456250 0.211278 0.204373 0.194401 0.0 0.0 0.0 0.208183 0.204571 0.193147 0.214086 0.204297 0.195533
456250 0.209497 0.207267 0.194853 0.0 0.0 0.0 0.208183 0.204571 0.193147 0.211206 0.210889 0.197063
456250 0.206723 0.2026 0.190719 0.0 0.0 0.0 0.208183 0.204571 0.193147 0.20529 0.200773 0.188332
456250 0.208931 0.211432 0.193407 0.0 0.0 0.0 0.205647 0.212347 0.188118 0.211206 0.210889 0.197063
456250 0.20678 0.212415 0.197207 0.0 0.0 0.0 0.203428 0.213666 0.197314 0.211206 0.210889 0.197063
456250 0.212749 0.204459 0.198242 -0.0 -0.0 -0.0 0.214086 0.204297 0.195533 0.211411 0.204622 0.200953
456250 0.211323 0.207145 0.199355 0.0 0.0 0.0 0.211206 0.210889 0.197063 0.211411 0.204622 0.200953
456250 0.204068 0.214405 0.200447 0.0 0.0 0.0 0.204985 0.215586 0.204901 0.203428 0.213666 0.197314
456250 0.214056 0.214346 0.191825 0.0 0.0 0.0 0.215268 0.210793 0.190144 0.212763 0.218261 0.19362
456250 0.210008 0.21592 0.191494 0.0 0.0 0.0 0.205647 0.212347 0.188118 0.212763 0.218261 0.19362
456250 0.217023 0.212283 0.193026 0.0 0.0 0.0 0.218894 0.213978 0.196086 0.215268 0.210793 0.190144
456250 0.215239 0.212457 0.196552 0.0 0.0 0.0 0.218894 0.213978 0.196086 0.211206 0.210889 0.197063
456250 0.214266 0.209993 0.200131 0.0 0.0 0.0 0.218097 0.208994 0.203965 0.211206 0.210889 0.197063
456250 0.20853 0.205818 0.201021 0.0 0.0 0.0 0.211411 0.204622 0.200953 0.204698 0.207538 0.201112
456250 0.206118 0.207391 0.204889 0.0 0.0 0.0 0.208085 0.207318 0.210112 0.204698 0.207538 0.201112
456250 0.204829 0.211211 0.202867 0.0 0.0 0.0 0.204985 0.215586 0.204901 0.204698 0.207538 0.201112
456250 0.20717 0.212721 0.212361 0.0 0.0 0.0 0.208085 0.207318 0.210112 0.206442 0.217141 0.214161
456250 0.205729 0.216328 0.20964 0.0 0.0 0.0 0.206442 0.217141 0.214161 0.204985 0.215586 0.204901
456250 0.209814 0.216504 0.203192 0.0 0.0 0.0 0.214133 0.217426 0.201662 0.204985 0.215586 0.204901
456250 0.211933 0.202378 0.210723 0.0 0.0 0.0 0.208085 0.207318 0.210112 0.216419 0.196746 0.211435
456250 0.213187 0.20006 0.20325 0.0 0.0 0.0 0.210082 0.20042 0.205226 0.217784 0.199664 0.200325
456250 0.213802 0.206134 0.202033 0.0 0.0 0.0 0.218097 0.208994 0.203965 0.211411 0.204622 0.200953
456250 0.213159 0.208113 0.206994 0.0 0.0 0.0 0.208085 0.207318 0.210112 0.218097 0.208994 0.203965
456250 0.212727 0.207642 0.213194 0.0 0.0 0.0 0.208085 0.207318 0.210112 0.217752 0.208107 0.216528
456250 0.215765 0.215904 0.210783 0.0 0.0 0.0 0.214204 0.213397 0.210062 0.21795 0.219533 0.211787
456250 0.204461 0.206402 0.218009 0.0 0.0 0.0 0.202066 0.203474 0.216342 0.207394 0.210102 0.22005
456250 0.205583 0.202147 0.218416 0.0 0.0 0.0 0.202066 0.203474 0.216342 0.210594 0.200391 0.221368
456250 0.213427 0.217802 0.197532 0.0 0.0 0.0 0.214133 0.217426 0.201662 0.212763 0.218261 0.19362
456250 0.215922 0.2182 0.191134 0.0 0.0 0.0 0.220621 0.21824 0.187433 0.212763 0.218261 0.19362
456250 0.209281 0.218005 0.210814 0.0 0.0 0.0 0.206442 0.217141 0.214161 0.211338 0.218721 0.208394
456250 0.218229 0.218019 0.202262 0.0 0.0 0.0 0.214133 0.217426 0.201662 0.224675 0.219088 0.203201
456250 0.218556 0.211831 0.199396 0.0 0.0 0.0 0.218894 0.213978 0.196086 0.218097 0.208994 0.203965
