# ts x y z Fx Fy Fz x1 y1 z1 x2 y2 z2
1243750 0.18231 0.198417 0.197517 9.93665 16.3444 -0.652271 0.180647 0.195636 0.198148 0.184836 0.202639 0.196557
1243750 0.185742 0.196858 0.187857 1.70092 0.665911 1.31289 0.182398 0.195871 0.186031 0.189313 0.197911 0.189807
1243750 0.183412 0.194112 0.197184 -19.1929 10.9117 3.07347 0.187183 0.192032 0.195869 0.180647 0.195636 0.198148
1243750 0.189019 0.200351 0.198106 -12.8434 5.12335 -2.90032 0.192953 0.1982 0.199563 0.184836 0.202639 0.196557
1243750 0.186517 0.200828 0.188653 -6.2163 5.6177 -3.75969 0.189313 0.197911 0.189807 0.183748 0.203717 0.18751
1243750 0.183504 0.192965 0.208191 11.9342 11.262 12.7455 0.180398 0.19103 0.205155 0.186136 0.194604 0.210762
1243750 0.194407 0.182845 0.181396 8.16661 6.98018 -1.90984 0.191292 0.180163 0.181467 0.196937 0.185024 0.181338
1243750 0.197314 0.179642 0.185744 5.08081 -6.31125 -4.6666 0.195654 0.182437 0.188102 0.199393 0.176141 0.18279
1243750 0.198081 0.187539 0.183211 -2.18782 -9.14002 -6.39759 0.19944 0.190527 0.185436 0.196937 0.185024 0.181338
1243750 0.19986 0.184403 0.182828 -3.62422 0.818202 -2.65654 0.202937 0.183751 0.184396 0.196937 0.185024 0.181338
1243750 0.20148 0.180621 0.183735 0.714234 2.24133 0.697777 0.199393 0.176141 0.18279 0.202937 0.183751 0.184396
1243750 0.19402 0.179413 0.190177 -2.58913 -7.8323 5.64959 0.195654 0.182437 0.188102 0.192601 0.176785 0.191981
1243750 0.185852 0.180195 0.191016 3.96699 17.1999 13.2779 0.185769 0.17747 0.189036 0.185957 0.183656 0.19353
1243750 0.192918 0.185231 0.18719 -7.38988 9.78324 -1.63579 0.195654 0.182437 0.188102 0.189189 0.189039 0.185946
1243750 0.186554 0.187737 0.194669 0.237666 -19.6253 -4.5148 0.187183 0.192032 0.195869 0.185957 0.183656 0.19353
1243750 0.197962 0.18359 0.191178 10.6729 5.79885 10.5693 0.195654 0.182437 0.188102 0.200832 0.185024 0.195004
1243750 0.196738 0.183902 0.205811 -6.83624 -10.5069 2.97089 0.199544 0.186989 0.204926 0.19356 0.180405 0.206813
1243750 0.188244 0.180984 0.214223 12.5413 15.5437 10.3491 0.18533 0.178463 0.212167 0.191798 0.184058 0.216728
1243750 0.203387 0.186958 0.203076 9.38901 0.761698 -3.05092 0.199544 0.186989 0.204926 0.207056 0.186927 0.201309
1243750 0.200076 0.189383 0.208416 -1.91774 -3.54633 -5.77383 0.200673 0.19207 0.212334 0.199544 0.186989 0.204926
1243750 0.196029 0.186779 0.218483 2.45459 2.14979 1.43806 0.191798 0.184058 0.216728 0.198827 0.188579 0.219644
1243750 0.196596 0.183298 0.214542 -8.14953 -0.124289 3.95283 0.200784 0.182635 0.212633 0.191798 0.184058 0.216728
1243750 0.189259 0.194058 0.18813 -0.386902 7.27137 1.97587 0.189189 0.189039 0.185946 0.189313 0.197911 0.189807
1243750 0.197648 0.191508 0.188836 -7.50134 1.48232 14.3514 0.19944 0.190527 0.185436 0.195609 0.192625 0.192706
1243750 0.188285 0.195074 0.192732 0.233478 1.80746 -1.90188 0.187183 0.192032 0.195869 0.189313 0.197911 0.189807
1243750 0.190002 0.195046 0.197674 9.73761 12.6919 4.65139 0.187183 0.192032 0.195869 0.192953 0.1982 0.199563
1243750 0.192347 0.195363 0.191204 -7.05085 8.18964 -4.41252 0.195609 0.192625 0.192706 0.189313 0.197911 0.189807
1243750 0.196545 0.195754 0.189588 -8.06834 -16.2976 14.3408 0.197548 0.199109 0.186245 0.195609 0.192625 0.192706
1243750 0.194309 0.195352 0.196061 6.81601 -20.6597 -18.5854 0.192953 0.1982 0.199563 0.195609 0.192625 0.192706
1243750 0.195117 0.195806 0.203 5.16618 -9.33815 12.2911 0.192953 0.1982 0.199563 0.196677 0.194081 0.205478
1243750 0.192697 0.199149 0.204174 -0.124328 0.819183 15.9521 0.192953 0.1982 0.199563 0.192447 0.200073 0.208661
1243750 0.19629 0.200749 0.197418 4.35407 3.15328 -1.75382 0.192953 0.1982 0.199563 0.200054 0.203625 0.194999
1243750 0.194428 0.202427 0.201034 7.18794 19.9951 10.9496 0.192953 0.1982 0.199563 0.195384 0.205167 0.201988
1243750 0.198089 0.189015 0.193797 -25.6306 31.9462 -4.24333 0.200832 0.185024 0.195004 0.195609 0.192625 0.192706
1243750 0.202377 0.19234 0.183481 10.994 7.30955 -4.96591 0.19944 0.190527 0.185436 0.2074 0.195439 0.180137
1243750 0.202946 0.189696 0.187096 2.18745 -0.939619 1.18554 0.19944 0.190527 0.185436 0.206639 0.188819 0.188844
1243750 0.199023 0.202448 0.183063 3.07616 14.4221 -14.1161 0.197548 0.199109 0.186245 0.200476 0.20574 0.179926
1243750 0.189086 0.19716 0.20978 31.9193 24.2111 -4.07196 0.186136 0.194604 0.210762 0.192447 0.200073 0.208661
1243750 0.196869 0.197045 0.218505 0.0113339 1.24595 -1.35658 0.19643 0.194974 0.221295 0.19734 0.199264 0.215514
1243750 0.198805 0.196103 0.214116 -0.864623 1.8212 0.457293 0.200673 0.19207 0.212334 0.19734 0.199264 0.215514
1243750 0.199609 0.190059 0.216545 -6.18298 -5.70802 16.5395 0.200673 0.19207 0.212334 0.198827 0.188579 0.219644
1243750 0.204628 0.186066 0.186428 1.62876 2.24765 1.36832 0.202937 0.183751 0.184396 0.206639 0.188819 0.188844
1243750 0.200704 0.180617 0.192656 -0.386728 -3.40904 -1.25369 0.200832 0.185024 0.195004 0.200617 0.177586 0.191042
1243750 0.210137 0.183493 0.192361 8.16255 9.76259 3.78644 0.207601 0.180661 0.19055 0.2126 0.186243 0.19412
1243750 0.204504 0.182657 0.192587 -13.9313 12.4497 8.57464 0.207601 0.180661 0.19055 0.200832 0.185024 0.195004
1243750 0.212921 0.184008 0.197529 0.856068 12.0841 -14.9258 0.213229 0.181861 0.200803 0.2126 0.186243 0.19412
1243750 0.202039 0.182295 0.199006 1.51442 -10.0889 14.0803 0.200832 0.185024 0.195004 0.202966 0.180198 0.202082
1243750 0.20426 0.186072 0.198477 15.2609 6.45646 21.4287 0.200832 0.185024 0.195004 0.207056 0.186927 0.201309
1243750 0.207118 0.184756 0.189694 0.271225 6.55707 -1.16204 0.207601 0.180661 0.19055 0.206639 0.188819 0.188844
1243750 0.211167 0.190067 0.193887 2.12949 -3.74516 0.197413 0.21009 0.192941 0.193711 0.2126 0.186243 0.19412
1243750 0.213793 0.188485 0.197327 1.89072 3.11925 6.4573 0.2126 0.186243 0.19412 0.215362 0.191436 0.201548
1243750 0.214193 0.188741 0.191302 -6.62802 -14.504 11.9295 0.216087 0.19171 0.187953 0.2126 0.186243 0.19412
1243750 0.20587 0.179965 0.20458 -10.544 -1.16931 -8.08429 0.208964 0.179718 0.207241 0.202966 0.180198 0.202082
1243750 0.210198 0.184349 0.201052 -5.76107 5.91259 1.48045 0.213229 0.181861 0.200803 0.207056 0.186927 0.201309
1243750 0.214575 0.179135 0.20329 4.64271 -6.19729 5.56707 0.213229 0.181861 0.200803 0.215796 0.176664 0.205544
1243750 0.206724 0.186707 0.205362 0.528927 3.20429 -15.3522 0.206454 0.186528 0.208648 0.207056 0.186927 0.201309
1243750 0.208069 0.184989 0.211082 3.71654 -3.61328 7.85325 0.206454 0.186528 0.208648 0.209539 0.183586 0.213298
1243750 0.204099 0.184911 0.210303 -16.5248 -7.3894 11.3029 0.206454 0.186528 0.208648 0.200784 0.182635 0.212633
1243750 0.209463 0.180765 0.214339 0.442661 -5.00802 1.22457 0.209539 0.183586 0.213298 0.209294 0.174509 0.216646
1243750 0.210634 0.188869 0.201412 -24.2121 -9.8768 2.33851 0.215362 0.191436 0.201548 0.207056 0.186927 0.201309
1243750 0.207018 0.189698 0.207912 2.68925 15.2758 -1.02654 0.206454 0.186528 0.208648 0.207745 0.193782 0.206963
1243750 0.210008 0.186171 0.214765 0.322372 1.03632 0.452265 0.209539 0.183586 0.213298 0.21075 0.190262 0.217088
1243750 0.212303 0.183462 0.214477 6.69988 -0.843431 1.82102 0.209539 0.183586 0.213298 0.216001 0.183295 0.216055
1243750 0.205098 0.196339 0.198661 -5.20164 -5.82633 1.85207 0.208674 0.199357 0.19793 0.20168 0.193454 0.199359
1243750 0.208627 0.191194 0.191648 -2.78571 -5.17323 -4.89548 0.21009 0.192941 0.193711 0.206639 0.188819 0.188844
1243750 0.212601 0.194649 0.194185 2.7475 2.24437 1.05331 0.21009 0.192941 0.193711 0.215127 0.196368 0.194662
1243750 0.209532 0.195466 0.195372 -0.437057 6.07932 3.12882 0.21009 0.192941 0.193711 0.208674 0.199357 0.19793
1243750 0.212577 0.197549 0.195953 8.37238 -2.74353 -2.87557 0.208674 0.199357 0.19793 0.215127 0.196368 0.194662
1243750 0.218024 0.195307 0.194848 -12.9826 7.15188 -0.243849 0.221882 0.193895 0.195095 0.215127 0.196368 0.194662
1243750 0.21499 0.196444 0.188109 -0.683919 4.57913 -0.490237 0.216087 0.19171 0.187953 0.213808 0.201545 0.188276
1243750 0.204416 0.192976 0.209491 11.9522 3.99305 -6.7896 0.200673 0.19207 0.212334 0.207745 0.193782 0.206963
1243750 0.210478 0.190858 0.208414 -3.5049 4.50753 -1.24769 0.212527 0.188667 0.209501 0.207745 0.193782 0.206963
1243750 0.211108 0.192746 0.204572 -27.2738 13.6074 24.9463 0.215362 0.191436 0.201548 0.207745 0.193782 0.206963
1243750 0.211814 0.189307 0.212545 -0.393472 1.14717 5.75204 0.212527 0.188667 0.209501 0.21075 0.190262 0.217088
1243750 0.215062 0.186862 0.208799 -7.56376 6.41977 0.869918 0.218893 0.184136 0.207738 0.212527 0.188667 0.209501
1243750 0.217225 0.187584 0.204814 -9.17615 17.2832 -20.4787 0.218893 0.184136 0.207738 0.215362 0.191436 0.201548
1243750 0.207049 0.192793 0.218691 13.4638 -8.26794 -8.54144 0.203891 0.194952 0.220059 0.21075 0.190262 0.217088
1243750 0.182493 0.18307 0.195975 -8.06278 -1.54135 3.97085 0.185957 0.183656 0.19353 0.177554 0.182234 0.199463
1243750 0.211392 0.178703 0.183973 -0.0665509 2.1309 -0.359551 0.211192 0.174068 0.18545 0.211614 0.183849 0.182332
1243750 0.206356 0.183789 0.183582 -3.53942 -0.26618 1.41791 0.211614 0.183849 0.182332 0.202937 0.183751 0.184396
1243750 0.211235 0.195474 0.20872 -3.68911 -1.54522 -1.12882 0.216558 0.198054 0.211398 0.207745 0.193782 0.206963
1243750 0.193853 0.201437 0.184152 -5.81342 2.54854 -2.43645 0.197548 0.199109 0.186245 0.191083 0.203181 0.182582
1243750 0.203754 0.178967 0.190821 -4.83184 -1.65465 1.03049 0.207601 0.180661 0.19055 0.200617 0.177586 0.191042
1243750 0.211017 0.198885 0.18473 2.73728 1.86433 2.4974 0.2074 0.195439 0.180137 0.213808 0.201545 0.188276
1243750 0.210196 0.198432 0.212642 4.07688 -0.432166 -1.47358 0.206334 0.198662 0.213398 0.216558 0.198054 0.211398
1243750 0.207012 0.196316 0.210304 3.90664 -7.35313 -8.89567 0.206334 0.198662 0.213398 0.207745 0.193782 0.206963
1243750 0.205131 0.196835 0.216677 0.897946 2.76108 -3.97894 0.203891 0.194952 0.220059 0.206334 0.198662 0.213398
1243750 0.203733 0.18332 0.216161 7.12041 0.255602 6.94568 0.200784 0.182635 0.212633 0.205922 0.183829 0.218781
1243750 0.202414 0.193629 0.216512 4.71303 1.99801 9.55465 0.200673 0.19207 0.212334 0.203891 0.194952 0.220059
1243750 0.194531 0.191853 0.206888 4.74645 6.72845 -3.04876 0.191876 0.189096 0.208634 0.196677 0.194081 0.205478
1243750 0.207576 0.183485 0.208019 1.39056 -3.13551 -0.15847 0.206454 0.186528 0.208648 0.208964 0.179718 0.207241
1243750 0.19266 0.18505 0.207786 1.25791 -9.40107 -0.52301 0.191876 0.189096 0.208634 0.19356 0.180405 0.206813
1243750 0.188943 0.191909 0.209721 -6.09727 7.95236 2.07114 0.191876 0.189096 0.208634 0.186136 0.194604 0.210762
1243750 0.208808 0.186652 0.186005 -0.560332 0.86555 0.908333 0.211614 0.183849 0.182332 0.206639 0.188819 0.188844
1243750 0.191842 0.186873 0.212206 -1.05877 -3.23619 5.45937 0.191876 0.189096 0.208634 0.191798 0.184058 0.216728
1243750 0.218628 0.187808 0.199275 -4.58471 4.42539 1.91089 0.222517 0.183488 0.196568 0.215362 0.191436 0.201548
1243750 0.199154 0.180598 0.196592 -5.59128 -9.81658 4.59655 0.200832 0.185024 0.195004 0.198069 0.177733 0.197619
1243750 0.200308 0.17886 0.19966 -3.09907 -0.927825 -3.15708 0.202966 0.180198 0.202082 0.198069 0.177733 0.197619
1243750 0.217112 0.179839 0.206476 -3.10062 -13.2781 -3.98505 0.218893 0.184136 0.207738 0.215796 0.176664 0.205544
1243750 0.200729 0.187283 0.212486 -0.156426 -1.14731 -0.0316861 0.200673 0.19207 0.212334 0.200784 0.182635 0.212633
1243750 0.19562 0.181089 0.218956 -3.77349 3.54889 -1.59828 0.199121 0.178368 0.220997 0.191798 0.184058 0.216728
1243750 0.198336 0.193246 0.208325 -8.79849 6.35735 -12.7529 0.200673 0.19207 0.212334 0.196677 0.194081 0.205478
1243750 0.204614 0.201367 0.196549 -6.18474 3.49737 -1.04834 0.208674 0.199357 0.19793 0.200054 0.203625 0.194999
1243750 0.185999 0.179758 0.195301 -0.105116 -1.2268 0.375266 0.185957 0.183656 0.19353 0.186051 0.174981 0.197471
1243750 0.215213 0.194569 0.197174 0.76602 14.5996 -15.1592 0.215362 0.191436 0.201548 0.215127 0.196368 0.194662
1243750 0.204951 0.183463 0.201707 -0.257843 -0.488805 -0.0269753 0.207056 0.186927 0.201309 0.202966 0.180198 0.202082
1243750 0.198823 0.193812 0.202854 -4.3963 0.811189 3.98512 0.20168 0.193454 0.199359 0.196677 0.194081 0.205478
1243750 0.198743 0.201261 0.190417 0.381727 1.86361 3.06862 0.197548 0.199109 0.186245 0.200054 0.203625 0.194999
1243750 0.206929 0.191342 0.185526 -0.213493 -3.56947 3.42033 0.2074 0.195439 0.180137 0.206639 0.188819 0.188844
1243750 0.197689 0.17924 0.213341 10.1596 14.7772 -1.27763 0.195506 0.176844 0.213841 0.200784 0.182635 0.212633
1243750 0.207793 0.179511 0.194597 0.809797 -0.962521 3.85948 0.207601 0.180661 0.19055 0.207932 0.178676 0.197539
1243750 0.205729 0.179351 0.199555 -0.716236 0.115788 0.499161 0.207932 0.178676 0.197539 0.202966 0.180198 0.202082
1243750 0.211139 0.180811 0.203958 -10.7184 -5.07226 22.7889 0.213229 0.181861 0.200803 0.208964 0.179718 0.207241
1243750 0.196354 0.183849 0.184409 1.94611 1.85163 -5.35489 0.195654 0.182437 0.188102 0.196937 0.185024 0.181338
1243750 0.181805 0.199675 0.193878 1.47425 2.067 1.83033 0.179968 0.197878 0.192254 0.184836 0.202639 0.196557
1243750 0.210251 0.180071 0.198968 2.96517 2.56718 1.87863 0.207932 0.178676 0.197539 0.213229 0.181861 0.200803
1243750 0.19864 0.193039 0.196029 4.9911 0.705253 3.97638 0.195609 0.192625 0.192706 0.20168 0.193454 0.199359
1243750 0.219057 0.19283 0.197891 -23.4717 -10.4164 17.3715 0.221882 0.193895 0.195095 0.215362 0.191436 0.201548
1243750 0.200959 0.197306 0.189175 1.06561 -0.831306 0.889808 0.197548 0.199109 0.186245 0.203707 0.195853 0.191535
1243750 0.216758 0.182479 0.199194 -20.7753 -4.19386 5.75981 0.222517 0.183488 0.196568 0.213229 0.181861 0.200803
1243750 0.202768 0.194742 0.195157 -0.40589 -1.3823 3.4026 0.203707 0.195853 0.191535 0.20168 0.193454 0.199359
1243750 0.205123 0.192456 0.190236 0.609178 -2.45683 -0.712728 0.203707 0.195853 0.191535 0.206639 0.188819 0.188844
1243750 0.204576 0.199245 0.189812 0.190259 2.53126 -1.21391 0.203707 0.195853 0.191535 0.205307 0.202096 0.188364
1243750 0.192707 0.191004 0.18965 8.96368 6.06028 13.3877 0.189189 0.189039 0.185946 0.195609 0.192625 0.192706
1243750 0.18316 0.184115 0.200976 3.05771 1.60632 1.02288 0.177554 0.182234 0.199463 0.187308 0.185507 0.202096
1243750 0.191055 0.187858 0.201183 0.00179218 0.00152822 -0.00032277 0.187308 0.185507 0.202096 0.193873 0.189626 0.200496
1243750 0.187719 0.189917 0.202979 0.000231517 0.00249478 9.52034e-05 0.187308 0.185507 0.202096 0.188018 0.193135 0.203623
1243750 0.192832 0.180494 0.202037 0.000264713 -9.04068e-05 0.00088959 0.192341 0.180554 0.198812 0.19356 0.180405 0.206813
1243750 0.190328 0.183042 0.204375 -2.99311 3.13373 -1.90879 0.19356 0.180405 0.206813 0.187308 0.185507 0.202096
1243750 0.192476 0.189284 0.215937 -0.00010821 0.00380154 -0.00046 0.191798 0.184058 0.216728 0.192931 0.192786 0.215407
1243750 0.183316 0.19099 0.193804 -2.55941 -0.979817 -1.9085 0.187183 0.192032 0.195869 0.179189 0.189877 0.191601
1243750 0.19139 0.192328 0.194289 14.0943 0.700923 -8.00083 0.187183 0.192032 0.195869 0.195609 0.192625 0.192706
1243750 0.189911 0.184936 0.194558 -0.0320659 -0.0159181 -0.0116025 0.19278 0.185865 0.195304 0.185957 0.183656 0.19353
1243750 0.194093 0.179594 0.214942 -0.149294 0.21968 0.129572 0.195506 0.176844 0.213841 0.191798 0.184058 0.216728
1243750 0.193302 0.187661 0.197783 0.000254314 0.0023752 0.00252703 0.19278 0.185865 0.195304 0.193873 0.189626 0.200496
1243750 0.195867 0.185542 0.195189 -0.0 -0.0 -0.0 0.19278 0.185865 0.195304 0.200832 0.185024 0.195004
1243750 0.196387 0.188457 0.202459 -0.00571751 0.00359725 -0.00368383 0.199544 0.186989 0.204926 0.193873 0.189626 0.200496
1243750 0.184991 0.182775 0.21154 0.000564502 0.00830905 -0.000671455 0.18533 0.178463 0.212167 0.184698 0.186504 0.210997
1243750 0.189712 0.191361 0.205823 0.0 0.0 0.0 0.191876 0.189096 0.208634 0.188018 0.193135 0.203623
1243750 0.196237 0.19248 0.214094 -0.0 0.0 -0.0 0.200673 0.19207 0.212334 0.192931 0.192786 0.215407
1243750 0.19772 0.198349 0.181464 0.25354 0.161085 2.99017 0.197836 0.197838 0.178254 0.197548 0.199109 0.186245
1243750 0.187245 0.188773 0.198979 0.550901 -2.27388 2.377 0.187183 0.192032 0.195869 0.187308 0.185507 0.202096
1243750 0.20058 0.190125 0.202225 2.05001 3.77652 -3.02984 0.199544 0.186989 0.204926 0.20168 0.193454 0.199359
1243750 0.209543 0.187616 0.209082 2.85211 1.53054 0.578648 0.206454 0.186528 0.208648 0.212527 0.188667 0.209501
1243750 0.182387 0.182405 0.191289 0.0 0.0 0.0 0.185957 0.183656 0.19353 0.178541 0.180872 0.188877
1243750 0.180543 0.193835 0.20102 0.0 0.0 0.0 0.180398 0.19103 0.205155 0.180647 0.195636 0.198148
1243750 0.182767 0.186675 0.192619 0.0 0.0 0.0 0.185957 0.183656 0.19353 0.179189 0.189877 0.191601
1243750 0.183864 0.189573 0.188955 0.0 0.0 0.0 0.189189 0.189039 0.185946 0.179189 0.189877 0.191601
1243750 0.182791 0.188597 0.208411 0.0 0.0 0.0 0.180398 0.19103 0.205155 0.184698 0.186504 0.210997
1243750 0.187644 0.185579 0.213377 0.0 0.0 0.0 0.191798 0.184058 0.216728 0.184698 0.186504 0.210997
1243750 0.185885 0.186138 0.206941 0.0 0.0 0.0 0.187308 0.185507 0.202096 0.184698 0.186504 0.210997
1243750 0.188094 0.187731 0.209879 0.0 -0.0 0.0 0.191876 0.189096 0.208634 0.184698 0.186504 0.210997
1243750 0.185391 0.190514 0.210884 0.0 0.0 0.0 0.186136 0.194604 0.210762 0.184698 0.186504 0.210997
1243750 0.183941 0.188283 0.203585 0.0 0.0 0.0 0.180398 0.19103 0.205155 0.187308 0.185507 0.202096
1243750 0.1849 0.192274 0.20425 0.000722639 0.000324475 -0.000199233 0.180398 0.19103 0.205155 0.188018 0.193135 0.203623
1243750 0.193498 0.181402 0.184823 0.0 0.0 0.0 0.195654 0.182437 0.188102 0.191292 0.180163 0.181467
1243750 0.197916 0.181568 0.181916 0.0 0.0 0.0 0.199393 0.176141 0.18279 0.196937 0.185024 0.181338
1243750 0.190389 0.184058 0.183386 0.0 0.0 0.0 0.189189 0.189039 0.185946 0.191292 0.180163 0.181467
1243750 0.192465 0.178821 0.195511 0.0 0.0 0.0 0.192601 0.176785 0.191981 0.192341 0.180554 0.198812
1243750 0.195218 0.179137 0.198213 0.00492172 -0.0018486 -0.00169361 0.192341 0.180554 0.198812 0.198069 0.177733 0.197619
1243750 0.189579 0.181983 0.196526 0.0 0.0 0.0 0.185957 0.183656 0.19353 0.192341 0.180554 0.198812
1243750 0.194033 0.184454 0.192159 0.0 0.0 0.0 0.19278 0.185865 0.195304 0.195654 0.182437 0.188102
1243750 0.197559 0.186595 0.186761 0.0 0.0 0.0 0.195654 0.182437 0.188102 0.19944 0.190527 0.185436
1243750 0.187373 0.186106 0.190199 0.0 0.0 0.0 0.185957 0.183656 0.19353 0.189189 0.189039 0.185946
1243750 0.192566 0.183359 0.197011 0.0 0.0 0.0 0.19278 0.185865 0.195304 0.192341 0.180554 0.198812
1243750 0.186612 0.184644 0.197696 0.0 0.0 0.0 0.185957 0.183656 0.19353 0.187308 0.185507 0.202096
1243750 0.19023 0.182718 0.200188 0.0 0.0 0.0 0.192341 0.180554 0.198812 0.187308 0.185507 0.202096
1243750 0.199539 0.183226 0.186124 0.0 0.0 0.0 0.195654 0.182437 0.188102 0.202937 0.183751 0.184396
1243750 0.198329 0.179911 0.189686 0.0 0.0 0.0 0.195654 0.182437 0.188102 0.200617 0.177586 0.191042
1243750 0.189237 0.179475 0.209625 0.0 0.0 0.0 0.18533 0.178463 0.212167 0.19356 0.180405 0.206813
1243750 0.192722 0.182231 0.21153 0.0 0.0 0.0 0.191798 0.184058 0.216728 0.19356 0.180405 0.206813
1243750 0.197241 0.181629 0.20978 0.0 0.0 0.0 0.200784 0.182635 0.212633 0.19356 0.180405 0.206813
1243750 0.199974 0.180641 0.216716 0.0 0.0 0.0 0.199121 0.178368 0.220997 0.200784 0.182635 0.212633
1243750 0.203106 0.181655 0.219702 0.0 0.0 0.0 0.199121 0.178368 0.220997 0.205922 0.183829 0.218781
1243750 0.194001 0.186632 0.183083 0.0 0.0 0.0 0.189189 0.189039 0.185946 0.196937 0.185024 0.181338
1243750 0.198203 0.190875 0.181461 0.0 0.0 0.0 0.19944 0.190527 0.185436 0.197085 0.191024 0.177873
1243750 0.190496 0.188465 0.195529 0.0 0.0 0.0 0.19278 0.185865 0.195304 0.187183 0.192032 0.195869
1243750 0.193932 0.188702 0.19424 0.0 0.0 0.0 0.19278 0.185865 0.195304 0.195609 0.192625 0.192706
1243750 0.195133 0.189989 0.185649 0.0 0.0 0.0 0.19944 0.190527 0.185436 0.189189 0.189039 0.185946
1243750 0.188088 0.190768 0.191387 0.0 0.0 0.0 0.187183 0.192032 0.195869 0.189189 0.189039 0.185946
1243750 0.198589 0.194478 0.185799 0.0 0.0 0.0 0.197548 0.199109 0.186245 0.19944 0.190527 0.185436
1243750 0.191028 0.198132 0.194403 0.0 0.0 0.0 0.192953 0.1982 0.199563 0.189313 0.197911 0.189807
1243750 0.193138 0.198553 0.188151 0.0 0.0 0.0 0.197548 0.199109 0.186245 0.189313 0.197911 0.189807
1243750 0.19055 0.185802 0.198066 0.0 0.0 0.0 0.19278 0.185865 0.195304 0.187308 0.185507 0.202096
1243750 0.190998 0.190743 0.198503 0.0 0.0 0.0 0.187183 0.192032 0.195869 0.193873 0.189626 0.200496
1243750 0.187664 0.192756 0.200347 0.0 0.0 0.0 0.187183 0.192032 0.195869 0.188018 0.193135 0.203623
1243750 0.194619 0.190995 0.197148 0.0 0.0 0.0 0.195609 0.192625 0.192706 0.193873 0.189626 0.200496
1243750 0.193489 0.193297 0.200102 0.0 0.0 0.0 0.192953 0.1982 0.199563 0.193873 0.189626 0.200496
1243750 0.190047 0.195303 0.201953 0.0 0.0 0.0 0.192953 0.1982 0.199563 0.188018 0.193135 0.203623
1243750 0.190263 0.200825 0.185929 0.0 0.0 0.0 0.189313 0.197911 0.189807 0.191083 0.203181 0.182582
1243750 0.186072 0.197138 0.196194 0.0 0.0 0.0 0.187183 0.192032 0.195869 0.184836 0.202639 0.196557
1243750 0.187272 0.200152 0.192884 0.0 0.0 0.0 0.189313 0.197911 0.189807 0.184836 0.202639 0.196557
1243750 0.194491 0.202912 0.188225 0.0 0.0 0.0 0.197548 0.199109 0.186245 0.191664 0.206265 0.190061
1243750 0.201296 0.187022 0.184882 0.0 0.0 0.0 0.19944 0.190527 0.185436 0.202937 0.183751 0.184396
1243750 0.20111 0.188642 0.181574 0.0 0.0 0.0 0.19944 0.190527 0.185436 0.202434 0.186992 0.178512
1243750 0.201652 0.197666 0.183699 0.0 0.0 0.0 0.197548 0.199109 0.186245 0.2074 0.195439 0.180137
1243750 0.201591 0.193299 0.18851 0.0 0.0 0.0 0.203707 0.195853 0.191535 0.19944 0.190527 0.185436
1243750 0.199952 0.194443 0.192077 0.0 0.0 0.0 0.203707 0.195853 0.191535 0.195609 0.192625 0.192706
1243750 0.197404 0.195865 0.199459 0.0 0.0 0.0 0.192953 0.1982 0.199563 0.20168 0.193454 0.199359
1243750 0.202175 0.200975 0.187507 0.0 0.0 0.0 0.197548 0.199109 0.186245 0.205307 0.202096 0.188364
1243750 0.197109 0.199666 0.202386 0.0 0.0 0.0 0.192953 0.1982 0.199563 0.201791 0.201138 0.205566
1243750 0.189671 0.187452 0.20548 0.0 0.0 0.0 0.191876 0.189096 0.208634 0.187308 0.185507 0.202096
1243750 0.195684 0.188137 0.206793 0.0 0.0 0.0 0.191876 0.189096 0.208634 0.199544 0.186989 0.204926
1243750 0.197949 0.191022 0.205233 0.0 0.0 0.0 0.199544 0.186989 0.204926 0.196677 0.194081 0.205478
1243750 0.190901 0.191489 0.20208 0.0 0.0 0.0 0.188018 0.193135 0.203623 0.193873 0.189626 0.200496
1243750 0.192981 0.189472 0.204128 0.0 0.0 0.0 0.191876 0.189096 0.208634 0.193873 0.189626 0.200496
1243750 0.195275 0.191934 0.202983 0.0 0.0 0.0 0.196677 0.194081 0.205478 0.193873 0.189626 0.200496
1243750 0.187169 0.193882 0.206834 0.0 0.0 0.0 0.186136 0.194604 0.210762 0.188018 0.193135 0.203623
1243750 0.192447 0.19118 0.2123 0.0 0.0 0.0 0.191876 0.189096 0.208634 0.192931 0.192786 0.215407
1243750 0.189739 0.193727 0.213225 0.0 0.0 0.0 0.186136 0.194604 0.210762 0.192931 0.192786 0.215407
1243750 0.194877 0.196717 0.206833 0.0 0.0 0.0 0.192447 0.200073 0.208661 0.196677 0.194081 0.205478
1243750 0.195082 0.196031 0.215461 0.0 0.0 0.0 0.192931 0.192786 0.215407 0.19734 0.199264 0.215514
1243750 0.19514 0.199714 0.212432 0.0 0.0 0.0 0.192447 0.200073 0.208661 0.19734 0.199264 0.215514
1243750 0.186181 0.196919 0.214331 0.0 0.0 0.0 0.186136 0.194604 0.210762 0.186251 0.200063 0.219509
1243750 0.194698 0.193977 0.218381 0.0 0.0 0.0 0.19643 0.194974 0.221295 0.192931 0.192786 0.215407
1243750 0.1959 0.190756 0.21754 0.0 0.0 0.0 0.192931 0.192786 0.215407 0.198827 0.188579 0.219644
1243750 0.190399 0.195632 0.216964 0.0 0.0 0.0 0.192931 0.192786 0.215407 0.186251 0.200063 0.219509
1243750 0.201347 0.183502 0.203429 0.0 0.0 0.0 0.199544 0.186989 0.204926 0.202966 0.180198 0.202082
1243750 0.200138 0.184993 0.208614 0.0 0.0 0.0 0.200784 0.182635 0.212633 0.199544 0.186989 0.204926
1243750 0.200138 0.186171 0.200355 0.0 0.0 0.0 0.200832 0.185024 0.195004 0.199544 0.186989 0.204926
1243750 0.197219 0.191349 0.200005 0.0 0.0 0.0 0.20168 0.193454 0.199359 0.193873 0.189626 0.200496
1243750 0.203439 0.186817 0.207023 0.0 0.0 0.0 0.206454 0.186528 0.208648 0.199544 0.186989 0.204926
1243750 0.19599 0.190574 0.210366 0.0 0.0 0.0 0.191876 0.189096 0.208634 0.200673 0.19207 0.212334
1243750 0.200486 0.197281 0.217697 0.0 0.0 0.0 0.203891 0.194952 0.220059 0.19734 0.199264 0.215514
1243750 0.199672 0.186104 0.216623 0.0 0.0 0.0 0.200784 0.182635 0.212633 0.198827 0.188579 0.219644
1243750 0.20118 0.191626 0.219837 0.0 0.0 0.0 0.203891 0.194952 0.220059 0.198827 0.188579 0.219644
1243750 0.202161 0.199227 0.193 0.0 0.0 0.0 0.203707 0.195853 0.191535 0.200054 0.203625 0.194999
1243750 0.20936 0.182145 0.186949 0.0 0.0 0.0 0.207601 0.180661 0.19055 0.211614 0.183849 0.182332
1243750 0.20506 0.182434 0.187193 0.0 0.0 0.0 0.207601 0.180661 0.19055 0.202937 0.183751 0.184396
1243750 0.202672 0.185548 0.181289 0.0 0.0 0.0 0.202937 0.183751 0.184396 0.202434 0.186992 0.178512
1243750 0.209299 0.182035 0.21073 0.0 0.0 0.0 0.209539 0.183586 0.213298 0.208964 0.179718 0.207241
1243750 0.205138 0.18117 0.209765 0.0 0.0 0.0 0.200784 0.182635 0.212633 0.208964 0.179718 0.207241
1243750 0.206104 0.183301 0.213037 0.0 0.0 0.0 0.209539 0.183586 0.213298 0.200784 0.182635 0.212633
1243750 0.207858 0.183788 0.215851 0.0 0.0 0.0 0.209539 0.183586 0.213298 0.205922 0.183829 0.218781
1243750 0.20428 0.179385 0.214283 0.0 0.0 0.0 0.200784 0.182635 0.212633 0.209294 0.174509 0.216646
1243750 0.214131 0.185989 0.201117 0.0 0.0 0.0 0.213229 0.181861 0.200803 0.215362 0.191436 0.201548
1243750 0.20801 0.183417 0.204269 0.0 0.0 0.0 0.208964 0.179718 0.207241 0.207056 0.186927 0.201309
1243750 0.210991 0.186139 0.211456 0.0 0.0 0.0 0.209539 0.183586 0.213298 0.212527 0.188667 0.209501
1243750 0.215774 0.182971 0.203918 0.0 0.0 0.0 0.218893 0.184136 0.207738 0.213229 0.181861 0.200803
1243750 0.207073 0.180739 0.218055 0.0 0.0 0.0 0.205922 0.183829 0.218781 0.209294 0.174509 0.216646
1243750 0.207951 0.186621 0.218072 0.0 0.0 0.0 0.205922 0.183829 0.218781 0.21075 0.190262 0.217088
1243750 0.205055 0.195788 0.187372 0.0 0.0 0.0 0.203707 0.195853 0.191535 0.2074 0.195439 0.180137
1243750 0.212462 0.193353 0.184689 0.0 0.0 0.0 0.216087 0.19171 0.187953 0.2074 0.195439 0.180137
1243750 0.209653 0.187605 0.191509 0.0 0.0 0.0 0.2126 0.186243 0.19412 0.206639 0.188819 0.188844
1243750 0.201276 0.189532 0.197287 0.0 0.0 0.0 0.200832 0.185024 0.195004 0.20168 0.193454 0.199359
1243750 0.203995 0.187178 0.191649 0.0 0.0 0.0 0.200832 0.185024 0.195004 0.206639 0.188819 0.188844
1243750 0.207278 0.19431 0.192751 0.0 0.0 0.0 0.21009 0.192941 0.193711 0.203707 0.195853 0.191535
1243750 0.20595 0.197522 0.194424 0.0 0.0 0.0 0.203707 0.195853 0.191535 0.208674 0.199357 0.19793
1243750 0.209824 0.186673 0.197722 0.0 0.0 0.0 0.2126 0.186243 0.19412 0.207056 0.186927 0.201309
1243750 0.20451 0.190105 0.200385 0.0 0.0 0.0 0.20168 0.193454 0.199359 0.207056 0.186927 0.201309
1243750 0.204805 0.19371 0.203278 0.0 0.0 0.0 0.20168 0.193454 0.199359 0.207745 0.193782 0.206963
1243750 0.212007 0.192481 0.196558 0.0 0.0 0.0 0.21009 0.192941 0.193711 0.215362 0.191436 0.201548
1243750 0.211804 0.195737 0.199623 0.0 0.0 0.0 0.208674 0.199357 0.19793 0.215362 0.191436 0.201548
1243750 0.212045 0.203249 0.196425 0.0 0.0 0.0 0.208674 0.199357 0.19793 0.214196 0.205595 0.195465
1243750 0.211112 0.200481 0.193345 0.0 0.0 0.0 0.208674 0.199357 0.19793 0.213808 0.201545 0.188276
1243750 0.210475 0.203424 0.199763 0.0 0.0 0.0 0.208674 0.199357 0.19793 0.211623 0.205887 0.200936
1243750 0.20543 0.200282 0.201529 0.0 0.0 0.0 0.208674 0.199357 0.19793 0.201791 0.201138 0.205566
1243750 0.216464 0.185257 0.195073 0.0 0.0 0.0 0.222517 0.183488 0.196568 0.2126 0.186243 0.19412
1243750 0.211008 0.190242 0.188431 0.0 0.0 0.0 0.216087 0.19171 0.187953 0.206639 0.188819 0.188844
1243750 0.212415 0.19255 0.191479 0.0 0.0 0.0 0.21009 0.192941 0.193711 0.216087 0.19171 0.187953
1243750 0.215501 0.194644 0.192052 0.0 0.0 0.0 0.216087 0.19171 0.187953 0.215127 0.196368 0.194662
1243750 0.207394 0.190366 0.204073 0.0 0.0 0.0 0.207056 0.186927 0.201309 0.207745 0.193782 0.206963
1243750 0.204095 0.188878 0.210152 0.0 0.0 0.0 0.206454 0.186528 0.208648 0.200673 0.19207 0.212334
1243750 0.203779 0.195772 0.212917 0.0 0.0 0.0 0.200673 0.19207 0.212334 0.206334 0.198662 0.213398
1243750 0.213583 0.189785 0.206542 0.0 0.0 0.0 0.212527 0.188667 0.209501 0.215362 0.191436 0.201548
1243750 0.208334 0.194945 0.215069 0.0 0.0 0.0 0.206334 0.198662 0.213398 0.21075 0.190262 0.217088
1243750 0.201204 0.196455 0.209126 0.0 0.0 0.0 0.200673 0.19207 0.212334 0.201791 0.201138 0.205566
1243750 0.204399 0.199802 0.210062 0.0 0.0 0.0 0.206334 0.198662 0.213398 0.201791 0.201138 0.205566
1243750 0.213855 0.191847 0.210128 0.0 0.0 0.0 0.212527 0.188667 0.209501 0.216558 0.198054 0.211398
1243750 0.215905 0.194523 0.206013 0.0 0.0 0.0 0.216558 0.198054 0.211398 0.215362 0.191436 0.201548
1243750 0.213208 0.193647 0.214681 0.0 0.0 0.0 0.21075 0.190262 0.217088 0.216558 0.198054 0.211398
1243750 0.184242 0.203228 0.191614 -0.658577 -0.321524 -10.8537 0.184836 0.202639 0.196557 0.183748 0.203717 0.18751
1243750 0.185742 0.20731 0.194981 -1.66924 -14.9003 2.75144 0.186337 0.210375 0.193947 0.184836 0.202639 0.196557
1243750 0.185729 0.205541 0.200548 -3.24795 -7.59306 -8.13408 0.1869 0.209346 0.205781 0.184836 0.202639 0.196557
1243750 0.183096 0.209843 0.19411 -14.8688 -4.78744 -0.094853 0.186337 0.210375 0.193947 0.179333 0.209224 0.194299
1243750 0.185763 0.216495 0.195217 -16.3369 -2.78257 -12.0632 0.189701 0.216512 0.197624 0.182266 0.216481 0.193079
1243750 0.181214 0.208626 0.202558 5.79565 1.70777 2.86447 0.178576 0.208292 0.201062 0.1869 0.209346 0.205781
1243750 0.184844 0.215423 0.204338 1.18226 -6.69782 1.13841 0.183639 0.218983 0.203492 0.1869 0.209346 0.205781
1243750 0.190451 0.201954 0.18993 -3.46392 -8.14918 -1.10531 0.191664 0.206265 0.190061 0.189313 0.197911 0.189807
1243750 0.192841 0.203307 0.211892 -1.283 -13.4507 -9.7247 0.193239 0.206572 0.215155 0.192447 0.200073 0.208661
1243750 0.194583 0.204109 0.20821 -5.24344 -10.746 3.10224 0.19604 0.206863 0.207902 0.192447 0.200073 0.208661
1243750 0.195505 0.202535 0.215353 0.783195 -2.08194 -0.00906015 0.193239 0.206572 0.215155 0.19734 0.199264 0.215514
1243750 0.196778 0.200567 0.207227 -20.1391 -2.62178 10.4682 0.201791 0.201138 0.205566 0.192447 0.200073 0.208661
1243750 0.199922 0.201919 0.216129 -0.898684 -0.856353 -0.409867 0.202604 0.204677 0.216768 0.19734 0.199264 0.215514
1243750 0.188329 0.211625 0.185654 -4.57465 -9.71991 -5.98088 0.189631 0.215082 0.188473 0.187374 0.209086 0.183583
1243750 0.198249 0.20853 0.194013 1.95297 -6.44466 2.34172 0.196854 0.212319 0.193252 0.200054 0.203625 0.194999
1243750 0.188592 0.208635 0.192302 5.81445 -5.81893 -3.6152 0.186337 0.210375 0.193947 0.191664 0.206265 0.190061
1243750 0.194371 0.209423 0.191725 8.71082 10.8068 3.17135 0.191664 0.206265 0.190061 0.196854 0.212319 0.193252
1243750 0.187737 0.212928 0.195477 6.32397 9.30506 4.12273 0.186337 0.210375 0.193947 0.189701 0.216512 0.197624
1243750 0.19695 0.212545 0.197352 -0.510502 2.76049 13.4986 0.196854 0.212319 0.193252 0.197062 0.212807 0.202113
1243750 0.193322 0.21469 0.199832 -20.271 10.8871 -8.19128 0.197062 0.212807 0.202113 0.189701 0.216512 0.197624
1243750 0.191916 0.217451 0.185193 -9.72134 -10.4603 10.3167 0.194294 0.219917 0.181779 0.189631 0.215082 0.188473
1243750 0.197382 0.216261 0.192223 0.859881 16.5944 -1.93856 0.196854 0.212319 0.193252 0.197995 0.220837 0.191028
1243750 0.190732 0.218037 0.201857 -9.17746 -6.23249 -23.5806 0.191797 0.219614 0.206232 0.189701 0.216512 0.197624
1243750 0.196006 0.209877 0.213454 3.10864 5.13174 -2.90761 0.193239 0.206572 0.215155 0.198968 0.213414 0.211633
1243750 0.195708 0.206005 0.204909 -1.30773 -3.15529 -6.9519 0.19604 0.206863 0.207902 0.195384 0.205167 0.201988
1243750 0.197174 0.209399 0.209347 -6.46637 -18.1491 -13.8607 0.198968 0.213414 0.211633 0.19604 0.206863 0.207902
1243750 0.19604 0.208151 0.202037 -4.20941 -19.689 2.88882 0.197062 0.212807 0.202113 0.195384 0.205167 0.201988
1243750 0.191448 0.210836 0.215441 -3.55034 14.2676 0.323552 0.193239 0.206572 0.215155 0.189234 0.216109 0.215795
1243750 0.188147 0.212959 0.211132 1.57651 2.92434 3.62292 0.1869 0.209346 0.205781 0.189234 0.216109 0.215795
1243750 0.198616 0.217054 0.200596 1.67331 5.1398 -0.92165 0.197062 0.212807 0.202113 0.199855 0.220441 0.199386
1243750 0.19443 0.21621 0.204172 9.30036 -12.1853 -10.599 0.191797 0.219614 0.206232 0.197062 0.212807 0.202113
1243750 0.197724 0.203696 0.203295 1.51384 -0.953638 0.520405 0.195384 0.205167 0.201988 0.201791 0.201138 0.205566
1243750 0.202969 0.215996 0.213015 11.7907 5.61278 2.44407 0.198968 0.213414 0.211633 0.206568 0.218318 0.214258
1243750 0.201287 0.210649 0.201634 18.9274 -12.2121 0.494885 0.197062 0.212807 0.202113 0.20486 0.208824 0.201228
1243750 0.20113 0.214836 0.203554 21.2845 9.12306 11.3663 0.197062 0.212807 0.202113 0.205117 0.216825 0.204966
1243750 0.190632 0.218021 0.210578 -1.30703 -5.35249 12.9141 0.191797 0.219614 0.206232 0.189234 0.216109 0.215795
1243750 0.200946 0.207259 0.219173 -5.92669 10.3555 6.70307 0.202604 0.204677 0.216768 0.199496 0.209515 0.221275
1243750 0.214637 0.19829 0.192291 6.63031 -13.6127 22.3429 0.213808 0.201545 0.188276 0.215127 0.196368 0.194662
1243750 0.209587 0.200805 0.202344 -4.78433 -6.5936 -14.0291 0.210186 0.201755 0.205242 0.208674 0.199357 0.19793
1243750 0.210255 0.203736 0.185117 17.001 -15.1889 14.9878 0.207965 0.205148 0.183081 0.213808 0.201545 0.188276
1243750 0.208433 0.203181 0.195146 0.975538 -5.2378 2.95904 0.208263 0.205876 0.193183 0.208674 0.199357 0.19793
1243750 0.214054 0.204113 0.192834 -1.10955 -6.36262 -8.18929 0.214196 0.205595 0.195465 0.213808 0.201545 0.188276
1243750 0.205096 0.197054 0.206342 20.972 -22.9612 9.42133 0.201791 0.201138 0.205566 0.207745 0.193782 0.206963
1243750 0.203535 0.205507 0.2031 11.0279 20.2062 -8.86182 0.201791 0.201138 0.205566 0.20486 0.208824 0.201228
1243750 0.209486 0.204203 0.207026 -4.60716 9.03388 7.52366 0.210186 0.201755 0.205242 0.208229 0.208593 0.210225
1243750 0.204459 0.201686 0.215092 6.69684 -8.03358 -3.83955 0.202604 0.204677 0.216768 0.206334 0.198662 0.213398
1243750 0.21225 0.200557 0.207236 6.14252 -5.39827 7.77017 0.210186 0.201755 0.205242 0.216558 0.198054 0.211398
1243750 0.216766 0.196585 0.200833 -1.16579 -9.8801 0.752759 0.217964 0.200983 0.200222 0.215362 0.191436 0.201548
1243750 0.204863 0.205393 0.181775 -16.3594 -1.43873 -7.7915 0.207965 0.205148 0.183081 0.200476 0.20574 0.179926
1243750 0.203145 0.214303 0.182394 0.965583 -0.378993 3.43044 0.20128 0.214812 0.178366 0.205761 0.213589 0.18804
1243750 0.211802 0.212583 0.189352 -5.3766 1.8115 -1.39077 0.215362 0.21199 0.190125 0.205761 0.213589 0.18804
1243750 0.212993 0.208294 0.196104 -5.29253 9.35829 3.83207 0.214196 0.205595 0.195465 0.211268 0.212162 0.197019
1243750 0.207393 0.208558 0.191395 -1.34172 6.33778 -3.01822 0.208263 0.205876 0.193183 0.205761 0.213589 0.18804
1243750 0.207949 0.210433 0.199199 -24.6218 -17.916 14.2938 0.211268 0.212162 0.197019 0.20486 0.208824 0.201228
1243750 0.212788 0.215475 0.199363 -5.76704 -8.81472 -5.47468 0.214253 0.218668 0.201624 0.211268 0.212162 0.197019
1243750 0.212154 0.215977 0.195166 4.57491 11.4851 -7.20525 0.211268 0.212162 0.197019 0.212961 0.219456 0.193475
1243750 0.215691 0.203766 0.197352 -5.17372 9.35663 -7.43488 0.217964 0.200983 0.200222 0.214196 0.205595 0.195465
1243750 0.218099 0.209936 0.191505 8.92195 -9.44772 5.06962 0.215362 0.21199 0.190125 0.221835 0.207132 0.19339
1243750 0.206536 0.213071 0.207364 -1.14992 5.17471 -2.50885 0.208229 0.208593 0.210225 0.205117 0.216825 0.204966
1243750 0.207782 0.210046 0.21559 0.163997 0.670138 2.13206 0.208229 0.208593 0.210225 0.2074 0.211288 0.220177
1243750 0.20697 0.21492 0.217119 0.333523 -2.35756 2.73372 0.206568 0.218318 0.214258 0.2074 0.211288 0.220177
1243750 0.210055 0.218107 0.21703 -9.07042 -0.639599 -9.29356 0.213259 0.217913 0.219577 0.206568 0.218318 0.214258
1243750 0.216732 0.216887 0.19877 2.36612 -2.63778 -3.51768 0.214253 0.218668 0.201624 0.21906 0.215214 0.196091
1243750 0.21578 0.213066 0.207898 0.65565 -1.19335 -1.56934 0.214379 0.21464 0.210101 0.21827 0.210268 0.20398
1243750 0.216022 0.217327 0.194788 -2.2356 2.10363 -0.832756 0.21906 0.215214 0.196091 0.212961 0.219456 0.193475
1243750 0.199016 0.218278 0.212593 1.15897 8.24415 0.84944 0.198968 0.213414 0.211633 0.199051 0.221923 0.213312
1243750 0.184525 0.213093 0.19356 -2.74783 4.06747 -1.39186 0.186337 0.210375 0.193947 0.182266 0.216481 0.193079
1243750 0.218105 0.205246 0.201947 -0.237413 1.71158 0.683484 0.217964 0.200983 0.200222 0.21827 0.210268 0.20398
1243750 0.182223 0.217735 0.206852 -0.0592345 -0.0642025 0.232651 0.183639 0.218983 0.203492 0.180836 0.216512 0.210142
1243750 0.198673 0.196835 0.205512 -0.844475 -0.972504 0.157895 0.201791 0.201138 0.205566 0.196677 0.194081 0.205478
1243750 0.187702 0.212326 0.191678 6.27959 6.77763 -11.4112 0.186337 0.210375 0.193947 0.189631 0.215082 0.188473
1243750 0.199942 0.212057 0.186304 8.40194 3.77789 2.65347 0.196386 0.21112 0.185244 0.205761 0.213589 0.18804
1243750 0.204919 0.206289 0.214075 2.04194 2.17993 -3.20883 0.202604 0.204677 0.216768 0.208229 0.208593 0.210225
1243750 0.194689 0.211327 0.181819 2.37828 -0.135044 3.34989 0.192904 0.211544 0.178215 0.196386 0.21112 0.185244
1243750 0.198173 0.20474 0.207036 7.72962 -9.5082 -1.96649 0.19604 0.206863 0.207902 0.201791 0.201138 0.205566
1243750 0.207087 0.201527 0.205362 -1.94382 -0.457692 0.112004 0.210186 0.201755 0.205242 0.201791 0.201138 0.205566
1243750 0.183047 0.213899 0.208552 -0.101465 0.168087 0.108843 0.1869 0.209346 0.205781 0.180836 0.216512 0.210142
1243750 0.217061 0.206172 0.194687 2.7751 0.102444 -0.666043 0.214196 0.205595 0.195465 0.221835 0.207132 0.19339
1243750 0.212206 0.212503 0.210145 -0.447201 -0.480283 -0.0912156 0.214379 0.21464 0.210101 0.208229 0.208593 0.210225
1243750 0.203328 0.211145 0.21097 7.16362 -5.32723 -1.09431 0.198968 0.213414 0.211633 0.208229 0.208593 0.210225
1243750 0.193335 0.21291 0.186702 -19.0826 9.24112 5.44728 0.196386 0.21112 0.185244 0.189631 0.215082 0.188473
1243750 0.189666 0.215799 0.193064 1.36154 6.27045 20.0507 0.189631 0.215082 0.188473 0.189701 0.216512 0.197624
1243750 0.211376 0.205729 0.194381 2.38073 0.242161 0.722546 0.208263 0.205876 0.193183 0.214196 0.205595 0.195465
1243750 0.198206 0.208727 0.182878 5.59034 -11.3902 -11.171 0.196386 0.21112 0.185244 0.200476 0.20574 0.179926
1243750 0.213479 0.212069 0.193295 -14.3771 3.3013 19.1176 0.215362 0.21199 0.190125 0.211268 0.212162 0.197019
1243750 0.201352 0.217703 0.189736 1.5901 -1.13431 -0.355794 0.197995 0.220837 0.191028 0.205761 0.213589 0.18804
1243750 0.191343 0.204562 0.185929 -2.27888 -3.3895 -12.0535 0.191664 0.206265 0.190061 0.191083 0.203181 0.182582
1243750 0.193091 0.207664 0.207218 -11.9876 2.69162 -0.83496 0.19604 0.206863 0.207902 0.1869 0.209346 0.205781
1243750 0.212861 0.208976 0.213304 15.6221 -0.86959 10.7365 0.208229 0.208593 0.210225 0.217868 0.209391 0.216633
1243750 0.199424 0.215501 0.216107 4.47202 10.4827 17.5726 0.198968 0.213414 0.211633 0.199845 0.21743 0.22024
1243750 0.204437 0.214444 0.194104 -0.000917992 9.99656e-05 0.00261191 0.205761 0.213589 0.18804 0.203742 0.214893 0.197286
1243750 0.204244 0.212168 0.199056 0.0 -0.0 -0.0 0.203742 0.214893 0.197286 0.20486 0.208824 0.201228
1243750 0.206274 0.208727 0.205005 -1.82373 -0.382764 -8.33797 0.208229 0.208593 0.210225 0.20486 0.208824 0.201228
1243750 0.203303 0.202679 0.190895 -1.73976 1.02288 2.40821 0.205307 0.202096 0.188364 0.200054 0.203625 0.194999
1243750 0.203252 0.21788 0.217209 2.46122 -0.185962 -2.39098 0.199845 0.21743 0.22024 0.206568 0.218318 0.214258
1243750 0.206617 0.2036 0.185761 -2.05984 -2.67795 3.23459 0.207965 0.205148 0.183081 0.205307 0.202096 0.188364
1243750 0.197997 0.213105 0.206781 -0.849224 0.336436 -12.8946 0.198968 0.213414 0.211633 0.197062 0.212807 0.202113
1243750 0.207777 0.201922 0.182103 -0.502354 -2.20634 -0.69014 0.207965 0.205148 0.183081 0.2074 0.195439 0.180137
1243750 0.191935 0.207406 0.194387 0.0020496 0.00840099 0.01919 0.191664 0.206265 0.190061 0.192132 0.208235 0.19753
1243750 0.1904 0.208603 0.200262 -0.00396915 -0.000149436 0.00525177 0.192132 0.208235 0.19753 0.1869 0.209346 0.205781
1243750 0.19279 0.211352 0.203655 9.64471 3.91505 -5.40411 0.1869 0.209346 0.205781 0.197062 0.212807 0.202113
1243750 0.182853 0.212329 0.20154 -0.0 0.0 0.0 0.180966 0.21372 0.199564 0.1869 0.209346 0.205781
1243750 0.193809 0.206653 0.199829 -0.0 -0.0 0.0 0.192132 0.208235 0.19753 0.195384 0.205167 0.201988
1243750 0.21291 0.205741 0.198199 -0.0 -0.0 -0.0 0.214196 0.205595 0.195465 0.211623 0.205887 0.200936
1243750 0.212987 0.217219 0.209265 -1.04254 2.56562 -1.167 0.214379 0.21464 0.210101 0.211514 0.219947 0.20838
1243750 0.208581 0.201884 0.18833 1.12328 -0.249904 0.030955 0.205307 0.202096 0.188364 0.213808 0.201545 0.188276
1243750 0.215551 0.212877 0.212295 1.30831 -1.94346 1.76122 0.214379 0.21464 0.210101 0.217868 0.209391 0.216633
1243750 0.20194 0.217465 0.19826 0.0 0.0 -0.0 0.203742 0.214893 0.197286 0.199855 0.220441 0.199386
1243750 0.210422 0.20419 0.191273 0.200561 -0.199008 -0.149486 0.208263 0.205876 0.193183 0.213808 0.201545 0.188276
1243750 0.218728 0.213137 0.199404 -0.555547 -1.47038 1.97333 0.21906 0.215214 0.196091 0.21827 0.210268 0.20398
1243750 0.180238 0.211806 0.197223 0.0 0.0 0.0 0.180966 0.21372 0.199564 0.179333 0.209224 0.194299
1243750 0.181522 0.214901 0.19679 0.000331735 0.000960435 -0.00151869 0.180966 0.21372 0.199564 0.182266 0.216481 0.193079
1243750 0.182149 0.216139 0.201307 0.0 0.0 0.0 0.180966 0.21372 0.199564 0.183639 0.218983 0.203492
1243750 0.187666 0.203518 0.184877 0.0 0.0 0.0 0.191083 0.203181 0.182582 0.183748 0.203717 0.18751
1243750 0.181712 0.206462 0.195275 0.0 0.0 0.0 0.179333 0.209224 0.194299 0.184836 0.202639 0.196557
1243750 0.18756 0.205031 0.188738 0.0 0.0 0.0 0.191664 0.206265 0.190061 0.183748 0.203717 0.18751
1243750 0.180944 0.20624 0.199358 0.0 0.0 0.0 0.178576 0.208292 0.201062 0.184836 0.202639 0.196557
1243750 0.18183 0.201839 0.200502 0.0 0.0 0.0 0.178712 0.200833 0.204599 0.184836 0.202639 0.196557
1243750 0.182328 0.20468 0.205121 0.0 0.0 0.0 0.1869 0.209346 0.205781 0.178712 0.200833 0.204599
1243750 0.185718 0.215911 0.190922 0.0 0.0 0.0 0.189631 0.215082 0.188473 0.182266 0.216481 0.193079
1243750 0.186396 0.217942 0.200823 0.0 0.0 0.0 0.183639 0.218983 0.203492 0.189701 0.216512 0.197624
1243750 0.19421 0.203216 0.204656 0.0 0.0 0.0 0.195384 0.205167 0.201988 0.192447 0.200073 0.208661
1243750 0.190167 0.20397 0.207477 0.0 0.0 0.0 0.1869 0.209346 0.205781 0.192447 0.200073 0.208661
1243750 0.196564 0.200937 0.218986 0.0 0.0 0.0 0.195612 0.202796 0.223238 0.19734 0.199264 0.215514
1243750 0.190147 0.203779 0.217081 0.0 0.0 0.0 0.193239 0.206572 0.215155 0.186251 0.200063 0.219509
1243750 0.189229 0.207952 0.186383 0.0 0.0 0.0 0.191664 0.206265 0.190061 0.187374 0.209086 0.183583
1243750 0.194211 0.20897 0.18746 0.0 0.0 0.0 0.191664 0.206265 0.190061 0.196386 0.21112 0.185244
1243750 0.190666 0.210679 0.189281 0.0 0.0 0.0 0.191664 0.206265 0.190061 0.189631 0.215082 0.188473
1243750 0.1955 0.205143 0.192317 0.0 0.0 0.0 0.191664 0.206265 0.190061 0.200054 0.203625 0.194999
1243750 0.188441 0.20464 0.193126 0.0 0.0 0.0 0.191664 0.206265 0.190061 0.184836 0.202639 0.196557
1243750 0.196611 0.211783 0.189105 0.0 0.0 0.0 0.196854 0.212319 0.193252 0.196386 0.21112 0.185244
1243750 0.189248 0.209382 0.195747 0.0 0.0 0.0 0.186337 0.210375 0.193947 0.192132 0.208235 0.19753
1243750 0.194217 0.210122 0.19564 0.0 0.0 0.0 0.192132 0.208235 0.19753 0.196854 0.212319 0.193252
1243750 0.195138 0.206567 0.196568 0.0 0.0 0.0 0.192132 0.208235 0.19753 0.200054 0.203625 0.194999
1243750 0.189259 0.206114 0.197147 0.0 0.0 0.0 0.192132 0.208235 0.19753 0.184836 0.202639 0.196557
1243750 0.193464 0.2137 0.191011 0.0 0.0 0.0 0.196854 0.212319 0.193252 0.189631 0.215082 0.188473
1243750 0.19413 0.210171 0.199389 0.0 0.0 0.0 0.192132 0.208235 0.19753 0.197062 0.212807 0.202113
1243750 0.197088 0.204689 0.199437 0.0 0.0 0.0 0.195384 0.205167 0.201988 0.200054 0.203625 0.194999
1243750 0.195462 0.21509 0.183712 0.0 0.0 0.0 0.194294 0.219917 0.181779 0.196386 0.21112 0.185244
1243750 0.191125 0.211738 0.197569 0.0 0.0 0.0 0.192132 0.208235 0.19753 0.189701 0.216512 0.197624
1243750 0.193485 0.214377 0.195312 0.0 0.0 0.0 0.196854 0.212319 0.193252 0.189701 0.216512 0.197624
1243750 0.19376 0.218006 0.189734 0.0 0.0 0.0 0.197995 0.220837 0.191028 0.189631 0.215082 0.188473
1243750 0.200931 0.198217 0.197353 0.0 0.0 0.0 0.200054 0.203625 0.194999 0.20168 0.193454 0.199359
1243750 0.198644 0.212909 0.182068 0.0 0.0 0.0 0.20128 0.214812 0.178366 0.196386 0.21112 0.185244
1243750 0.200382 0.212906 0.191188 0.0 0.0 0.0 0.196854 0.212319 0.193252 0.205761 0.213589 0.18804
1243750 0.200681 0.213833 0.195493 0.0 0.0 0.0 0.196854 0.212319 0.193252 0.203742 0.214893 0.197286
1243750 0.205098 0.205092 0.193883 0.0 0.0 0.0 0.208263 0.205876 0.193183 0.200054 0.203625 0.194999
1243750 0.202788 0.206667 0.198541 0.0 0.0 0.0 0.200054 0.203625 0.194999 0.20486 0.208824 0.201228
1243750 0.200923 0.202466 0.200285 0.0 0.0 0.0 0.200054 0.203625 0.194999 0.201791 0.201138 0.205566
1243750 0.19491 0.206831 0.210828 0.0 0.0 0.0 0.193239 0.206572 0.215155 0.19604 0.206863 0.207902
1243750 0.190618 0.207803 0.21128 0.0 0.0 0.0 0.193239 0.206572 0.215155 0.1869 0.209346 0.205781
1243750 0.196445 0.209304 0.205609 0.0 0.0 0.0 0.19604 0.206863 0.207902 0.197062 0.212807 0.202113
1243750 0.192691 0.206578 0.203192 0.0 0.0 0.0 0.1869 0.209346 0.205781 0.195384 0.205167 0.201988
1243750 0.196843 0.208352 0.218682 0.0 0.0 0.0 0.193239 0.206572 0.215155 0.199496 0.209515 0.221275
1243750 0.188545 0.213638 0.20099 0.0 0.0 0.0 0.1869 0.209346 0.205781 0.189701 0.216512 0.197624
1243750 0.189736 0.215379 0.206043 0.0 0.0 0.0 0.191797 0.219614 0.206232 0.1869 0.209346 0.205781
1243750 0.195314 0.216656 0.208883 0.0 0.0 0.0 0.198968 0.213414 0.211633 0.191797 0.219614 0.206232
1243750 0.194452 0.214747 0.213566 0.0 0.0 0.0 0.198968 0.213414 0.211633 0.189234 0.216109 0.215795
1243750 0.201018 0.214126 0.199255 0.0 0.0 0.0 0.197062 0.212807 0.202113 0.203742 0.214893 0.197286
1243750 0.198325 0.205628 0.216032 0.0 0.0 0.0 0.193239 0.206572 0.215155 0.202604 0.204677 0.216768
1243750 0.202134 0.215254 0.208203 0.0 0.0 0.0 0.198968 0.213414 0.211633 0.205117 0.216825 0.204966
1243750 0.199396 0.2039 0.219738 0.0 0.0 0.0 0.202604 0.204677 0.216768 0.195612 0.202796 0.223238
1243750 0.195129 0.216927 0.218267 0.0 0.0 0.0 0.199845 0.21743 0.22024 0.189234 0.216109 0.215795
1243750 0.20599 0.200012 0.185681 0.0 0.0 0.0 0.205307 0.202096 0.188364 0.2074 0.195439 0.180137
1243750 0.20173 0.197076 0.202215 0.0 0.0 0.0 0.201791 0.201138 0.205566 0.20168 0.193454 0.199359
1243750 0.216268 0.198311 0.196897 0.0 0.0 0.0 0.217964 0.200983 0.200222 0.215127 0.196368 0.194662
1243750 0.213387 0.200268 0.199094 0.0 0.0 0.0 0.217964 0.200983 0.200222 0.208674 0.199357 0.19793
1243750 0.209156 0.198475 0.205969 0.0 0.0 0.0 0.210186 0.201755 0.205242 0.207745 0.193782 0.206963
1243750 0.20712 0.202861 0.212084 0.0 0.0 0.0 0.208229 0.208593 0.210225 0.206334 0.198662 0.213398
1243750 0.208156 0.199966 0.216692 0.0 0.0 0.0 0.210718 0.201593 0.221327 0.206334 0.198662 0.213398
1243750 0.202763 0.209219 0.183435 0.0 0.0 0.0 0.205761 0.213589 0.18804 0.200476 0.20574 0.179926
1243750 0.207193 0.208189 0.184816 0.0 0.0 0.0 0.207965 0.205148 0.183081 0.205761 0.213589 0.18804
1243750 0.211201 0.211172 0.184728 0.0 0.0 0.0 0.205761 0.213589 0.18804 0.215205 0.209246 0.182293
1243750 0.207186 0.211755 0.182198 0.0 0.0 0.0 0.205761 0.213589 0.18804 0.207973 0.210609 0.178969
1243750 0.209571 0.208695 0.194851 0.0 0.0 0.0 0.208263 0.205876 0.193183 0.211268 0.212162 0.197019
1243750 0.206773 0.204054 0.190752 0.0 0.0 0.0 0.208263 0.205876 0.193183 0.205307 0.202096 0.188364
1243750 0.209016 0.212828 0.193344 0.0 0.0 0.0 0.205761 0.213589 0.18804 0.211268 0.212162 0.197019
1243750 0.206989 0.213799 0.197168 0.0 0.0 0.0 0.203742 0.214893 0.197286 0.211268 0.212162 0.197019
1243750 0.211479 0.20855 0.199323 0.0 0.0 0.0 0.211268 0.212162 0.197019 0.211623 0.205887 0.200936
1243750 0.214203 0.215678 0.19174 0.0 0.0 0.0 0.215362 0.21199 0.190125 0.212961 0.219456 0.193475
1243750 0.210176 0.217269 0.19137 0.0 0.0 0.0 0.205761 0.213589 0.18804 0.212961 0.219456 0.193475
1243750 0.204311 0.215775 0.200455 0.0 0.0 0.0 0.205117 0.216825 0.204966 0.203742 0.214893 0.197286
1243750 0.217155 0.213636 0.193015 0.0 0.0 0.0 0.21906 0.215214 0.196091 0.215362 0.21199 0.190125
1243750 0.215358 0.213848 0.19653 0.0 0.0 0.0 0.21906 0.215214 0.196091 0.211268 0.212162 0.197019
1243750 0.214382 0.211406 0.200111 0.0 0.0 0.0 0.21827 0.210268 0.20398 0.211268 0.212162 0.197019
1243750 0.208726 0.20723 0.201061 0.0 0.0 0.0 0.211623 0.205887 0.200936 0.20486 0.208824 0.201228
1243750 0.210914 0.203849 0.20306 0.000779496 0.00649164 -0.00604227 0.210186 0.201755 0.205242 0.211623 0.205887 0.200936
1243750 0.204934 0.204862 0.20784 0.0 0.0 0.0 0.208229 0.208593 0.210225 0.201791 0.201138 0.205566
1243750 0.207307 0.214082 0.212467 0.0 0.0 0.0 0.208229 0.208593 0.210225 0.206568 0.218318 0.214258
1243750 0.204979 0.212615 0.20296 0.0 0.0 0.0 0.205117 0.216825 0.204966 0.20486 0.208824 0.201228
1243750 0.212079 0.20381 0.210768 0.0 0.0 0.0 0.208229 0.208593 0.210225 0.216558 0.198054 0.211398
1243750 0.214009 0.207541 0.202026 0.0 0.0 0.0 0.21827 0.210268 0.20398 0.211623 0.205887 0.200936
1243750 0.214142 0.204025 0.200652 0.0 0.0 0.0 0.217964 0.200983 0.200222 0.211623 0.205887 0.200936
1243750 0.213325 0.209529 0.207059 0.0 0.0 0.0 0.208229 0.208593 0.210225 0.21827 0.210268 0.20398
1243750 0.215921 0.217258 0.210848 0.0 0.0 0.0 0.214379 0.21464 0.210101 0.218068 0.220711 0.211888
1243750 0.204763 0.207737 0.218303 0.0 0.0 0.0 0.202604 0.204677 0.216768 0.2074 0.211288 0.220177
1243750 0.205956 0.20349 0.218651 0.0 0.0 0.0 0.202604 0.204677 0.216768 0.210718 0.201593 0.221327
1243750 0.205859 0.217674 0.209723 0.0 0.0 0.0 0.206568 0.218318 0.214258 0.205117 0.216825 0.204966
1243750 0.209941 0.217881 0.203201 0.0 0.0 0.0 0.214253 0.218668 0.201624 0.205117 0.216825 0.204966
1243750 0.216004 0.215095 0.202649 0.0 0.0 0.0 0.214253 0.218668 0.201624 0.21827 0.210268 0.20398
1243750 0.217382 0.199855 0.204858 0.0 0.0 0.0 0.217964 0.200983 0.200222 0.216558 0.198054 0.211398
