# ts x y z Fx Fy Fz x1 y1 z1 x2 y2 z2
4431250 0.185905 0.194194 0.187889 3.02947 1.63203 1.98486 0.182617 0.193124 0.18601 0.189417 0.195337 0.189895
4431250 0.183428 0.191508 0.197077 -6.69728 5.4118 2.18178 0.187189 0.189363 0.195835 0.180671 0.193081 0.197988
4431250 0.188947 0.197867 0.198049 -6.17418 4.21311 -1.44761 0.192851 0.195689 0.19955 0.184796 0.200182 0.196452
4431250 0.194514 0.180169 0.181469 1.53504 1.76824 0.13881 0.191411 0.177471 0.18153 0.197035 0.18236 0.181418
4431250 0.198176 0.184844 0.183337 -2.36771 -5.88637 -3.13365 0.199532 0.187794 0.185615 0.197035 0.18236 0.181418
4431250 0.192924 0.182498 0.187274 -1.2828 1.83251 -0.6138 0.195639 0.17966 0.188116 0.189223 0.186366 0.186127
4431250 0.197964 0.180851 0.191164 9.09519 7.26013 11.5336 0.195639 0.17966 0.188116 0.200855 0.182332 0.194955
4431250 0.197726 0.188834 0.18899 -3.42924 3.32758 9.96436 0.199532 0.187794 0.185615 0.19567 0.190017 0.192832
4431250 0.192431 0.192773 0.191311 -2.26991 2.48443 -0.823597 0.19567 0.190017 0.192832 0.189417 0.195337 0.189895
4431250 0.196647 0.19311 0.189688 -0.100052 -0.627676 0.790618 0.197694 0.196428 0.186316 0.19567 0.190017 0.192832
4431250 0.194291 0.192792 0.196119 1.25545 -2.61478 -2.23483 0.192851 0.195689 0.19955 0.19567 0.190017 0.192832
4431250 0.195055 0.193272 0.202946 1.85737 -2.33919 4.23651 0.192851 0.195689 0.19955 0.196645 0.191529 0.205395
4431250 0.192644 0.196615 0.204169 -0.831231 0.758194 3.98223 0.192851 0.195689 0.19955 0.192443 0.197515 0.208665
4431250 0.198133 0.186367 0.19384 -1.83265 3.98312 -1.0748 0.200855 0.182332 0.194955 0.19567 0.190017 0.192832
4431250 0.202448 0.189644 0.183662 6.00058 4.04407 -2.7065 0.199532 0.187794 0.185615 0.207434 0.192809 0.180323
4431250 0.20304 0.187005 0.18729 3.03865 -0.514668 2.05251 0.199532 0.187794 0.185615 0.206736 0.186173 0.189054
4431250 0.199108 0.199785 0.183122 0.393905 0.853014 -0.593584 0.197694 0.196428 0.186316 0.200501 0.203095 0.179974
4431250 0.189173 0.194507 0.209813 3.61949 4.60476 -1.72967 0.186303 0.191865 0.210821 0.192443 0.197515 0.208665
4431250 0.199563 0.187376 0.216462 -0.31883 -2.52288 4.9472 0.200585 0.189428 0.212259 0.198811 0.185865 0.219555
4431250 0.210164 0.180747 0.192398 0.486586 0.700447 0.308805 0.207635 0.177935 0.190541 0.212619 0.183477 0.194202
4431250 0.201999 0.17958 0.198962 1.08788 -5.75529 6.55162 0.200855 0.182332 0.194955 0.202879 0.177466 0.202042
4431250 0.204242 0.183404 0.198464 7.26415 1.76423 10.0546 0.200855 0.182332 0.194955 0.207004 0.184278 0.201326
4431250 0.211117 0.187283 0.19419 0.0387651 -0.0829477 -0.0132456 0.209988 0.190143 0.194181 0.212619 0.183477 0.194202
4431250 0.214164 0.186066 0.191435 -0.237612 -0.563013 0.441573 0.216 0.189142 0.188147 0.212619 0.183477 0.194202
4431250 0.2067 0.184077 0.205382 -0.0846907 -0.648734 -7.69561 0.206454 0.183914 0.208672 0.207004 0.184278 0.201326
4431250 0.20803 0.182257 0.211055 2.82619 -3.49242 3.47927 0.206454 0.183914 0.208672 0.209465 0.180749 0.213225
4431250 0.204105 0.182229 0.21027 -3.98959 -3.94162 2.57718 0.206454 0.183914 0.208672 0.200799 0.179857 0.212521
4431250 0.210595 0.186196 0.201445 -9.46307 -7.17525 -0.184027 0.215342 0.188732 0.201603 0.207004 0.184278 0.201326
4431250 0.206996 0.187084 0.207917 0.073851 3.07135 -0.967621 0.206454 0.183914 0.208672 0.207694 0.19117 0.206944
4431250 0.205192 0.193794 0.19871 -3.88623 -4.32464 1.53576 0.208727 0.196857 0.19797 0.201812 0.190865 0.199417
4431250 0.208609 0.18846 0.192008 -0.12528 -0.151079 -0.270818 0.209988 0.190143 0.194181 0.206736 0.186173 0.189054
4431250 0.212513 0.191879 0.19443 0.195401 0.128544 -0.0178992 0.209988 0.190143 0.194181 0.215053 0.193626 0.19468
4431250 0.209491 0.192786 0.195673 -0.0238987 0.194694 0.0735076 0.209988 0.190143 0.194181 0.208727 0.196857 0.19797
4431250 0.214573 0.195625 0.192369 0.214844 -1.66076 1.42397 0.21376 0.199011 0.188455 0.215053 0.193626 0.19468
4431250 0.209603 0.198289 0.202399 -0.688115 -1.16973 -2.36482 0.210179 0.19923 0.205307 0.208727 0.196857 0.19797
4431250 0.217967 0.19261 0.194884 -4.88819 1.07977 -0.87407 0.221845 0.191257 0.195156 0.215053 0.193626 0.19468
4431250 0.205065 0.19446 0.206322 2.0448 -3.41415 0.950838 0.201784 0.198568 0.205547 0.207694 0.19117 0.206944
4431250 0.211071 0.190093 0.204586 -10.5159 4.30802 5.41387 0.215342 0.188732 0.201603 0.207694 0.19117 0.206944
4431250 0.20352 0.202934 0.203064 0.209316 0.932992 -0.504464 0.201784 0.198568 0.205547 0.204839 0.206249 0.201179
4431250 0.209442 0.201689 0.207063 -0.448846 1.45499 0.719601 0.210179 0.19923 0.205307 0.20812 0.206098 0.210212
4431250 0.217241 0.184835 0.204798 -0.97536 1.74243 -1.04939 0.218941 0.181346 0.207658 0.215342 0.188732 0.201603
4431250 0.212257 0.197994 0.207263 1.48604 -1.28739 1.89571 0.210179 0.19923 0.205307 0.216596 0.195413 0.211346
4431250 0.207087 0.190017 0.218554 3.36807 -3.22353 -1.68995 0.203937 0.192148 0.219987 0.210778 0.18752 0.216875
4431250 0.207015 0.193689 0.210308 0.678409 -3.73093 -3.62151 0.206387 0.196022 0.213422 0.207694 0.19117 0.206944
4431250 0.20518 0.194115 0.216655 0.41921 1.22962 -1.60032 0.203937 0.192148 0.219987 0.206387 0.196022 0.213422
4431250 0.203766 0.180529 0.216038 4.68524 2.3579 6.18687 0.200799 0.179857 0.212521 0.205969 0.181027 0.218648
4431250 0.194594 0.189233 0.206839 2.10439 3.402 -1.89685 0.192055 0.186393 0.208627 0.196645 0.191529 0.205395
4431250 0.207079 0.198986 0.205395 -1.63033 -0.0350721 -0.195828 0.210179 0.19923 0.205307 0.201784 0.198568 0.205547
4431250 0.189117 0.189189 0.209748 -2.43097 1.67841 0.667235 0.192055 0.186393 0.208627 0.186303 0.191865 0.210821
4431250 0.208814 0.184016 0.18614 -1.32757 1.39373 1.354 0.211502 0.181225 0.18237 0.206736 0.186173 0.189054
4431250 0.191952 0.184121 0.212166 -0.808522 -3.0035 3.94279 0.192055 0.186393 0.208627 0.191821 0.181243 0.216648
4431250 0.181838 0.197175 0.193742 1.92935 2.87977 2.15304 0.180045 0.195351 0.192099 0.184796 0.200182 0.196452
4431250 0.198737 0.19044 0.196121 3.73094 0.391886 5.50836 0.19567 0.190017 0.192832 0.201812 0.190865 0.199417
4431250 0.219027 0.190163 0.19795 -13.5525 -6.32986 10.1484 0.221845 0.191257 0.195156 0.215342 0.188732 0.201603
4431250 0.205273 0.189857 0.190381 0.225034 -0.578932 -0.103164 0.203906 0.193296 0.19162 0.206736 0.186173 0.189054
4431250 0.216721 0.193877 0.200801 -0.0118691 -0.0727942 0.0207611 0.217899 0.198271 0.200115 0.215342 0.188732 0.201603
4431250 0.215644 0.201214 0.197389 -0.0460896 0.0812496 -0.0540772 0.217899 0.198271 0.200115 0.214162 0.203149 0.195598
4431250 0.21512 0.184119 0.208639 -0.00452909 0.00441967 0.000869502 0.218941 0.181346 0.207658 0.21259 0.185954 0.209288
4431250 0.184258 0.20064 0.191487 -0.164107 -0.071508 -1.12333 0.184796 0.200182 0.196452 0.183811 0.20102 0.187365
4431250 0.194001 0.19875 0.184208 -0.00531622 0.00409756 -0.00221068 0.197694 0.196428 0.186316 0.191233 0.200491 0.182629
4431250 0.210179 0.181731 0.201162 -1.92225 2.01577 0.357953 0.213241 0.179273 0.201003 0.207004 0.184278 0.201326
4431250 0.211004 0.196308 0.184912 0.388431 0.548773 0.524058 0.207434 0.192809 0.180323 0.21376 0.199011 0.188455
4431250 0.210244 0.195792 0.212638 1.08738 -0.197329 -0.105075 0.206387 0.196022 0.213422 0.216596 0.195413 0.211346
4431250 0.202937 0.192171 0.195229 -0.0602435 -0.206972 0.568763 0.203906 0.193296 0.19162 0.201812 0.190865 0.199417
4431250 0.204057 0.184423 0.191742 0.123701 0.111615 -0.113825 0.200855 0.182332 0.194955 0.206736 0.186173 0.189054
4431250 0.201135 0.194693 0.189253 0.0289856 -0.0119302 0.0322384 0.197694 0.196428 0.186316 0.203906 0.193296 0.19162
4431250 0.204641 0.196705 0.189867 0.188569 0.530959 -0.367879 0.203906 0.193296 0.19162 0.205259 0.199571 0.188394
4431250 0.212936 0.181333 0.197671 -0.0286606 1.40977 -1.67801 0.213241 0.179273 0.201003 0.212619 0.183477 0.194202
4431250 0.194405 0.199899 0.201002 0.0240805 0.10287 0.047436 0.192851 0.195689 0.19955 0.195412 0.202628 0.201943
4431250 0.196721 0.181193 0.205726 -0.0862088 -0.141337 0.0346521 0.199441 0.184359 0.204842 0.19364 0.177607 0.206727
4431250 0.20331 0.184318 0.203043 0.110951 -0.00784411 -0.0327861 0.199441 0.184359 0.204842 0.207004 0.184278 0.201326
4431250 0.19998 0.186747 0.208336 0.00291537 -0.0515707 -0.0783395 0.200585 0.189428 0.212259 0.199441 0.184359 0.204842
4431250 0.199959 0.183267 0.180084 0.00296889 0.000660252 -0.000849772 0.197035 0.18236 0.181418 0.202714 0.184122 0.178826
4431250 0.189919 0.188694 0.205824 -9.05924e-05 0.000101109 -8.71701e-05 0.192055 0.186393 0.208627 0.188247 0.190495 0.203629
4431250 0.196932 0.194498 0.218224 0.00171651 0.00333481 -0.00444428 0.196437 0.192369 0.220961 0.197463 0.19678 0.215291
4431250 0.198835 0.19355 0.213958 -0.000808902 0.00306984 0.000918881 0.200585 0.189428 0.212259 0.197463 0.19678 0.215291
4431250 0.204663 0.183375 0.186743 0.00125116 0.00223512 0.00130456 0.20292 0.181021 0.1848 0.206736 0.186173 0.189054
4431250 0.183697 0.19026 0.2082 0.531733 0.190584 0.475733 0.18062 0.188364 0.205105 0.186303 0.191865 0.210821
4431250 0.204533 0.179947 0.192561 -0.405142 0.296579 0.183228 0.207635 0.177935 0.190541 0.200855 0.182332 0.194955
4431250 0.21324 0.19086 0.214535 1.04939 1.87843 -0.914003 0.210778 0.18752 0.216875 0.216596 0.195413 0.211346
4431250 0.206301 0.181101 0.183843 -0.0021628 -0.000402116 0.000723865 0.211502 0.181225 0.18237 0.20292 0.181021 0.1848
4431250 0.204348 0.19035 0.209445 4.35633 1.89381 -2.94509 0.200585 0.189428 0.212259 0.207694 0.19117 0.206944
4431250 0.18333 0.188312 0.19376 -1.71367 -0.800316 -1.1115 0.187189 0.189363 0.195835 0.179211 0.18719 0.191545
4431250 0.198281 0.190656 0.208245 -2.60634 2.48836 -5.05783 0.200585 0.189428 0.212259 0.196645 0.191529 0.205395
4431250 0.211863 0.186582 0.212332 -0.000918202 0.00015991 0.00304863 0.21259 0.185954 0.209288 0.210778 0.18752 0.216875
4431250 0.212554 0.194902 0.19598 3.42134 -2.53771 -1.74509 0.208727 0.196857 0.19797 0.215053 0.193626 0.19468
4431250 0.216749 0.17983 0.199326 -9.80877 -2.33105 3.10943 0.222474 0.180739 0.196588 0.213241 0.179273 0.201003
4431250 0.212237 0.180631 0.214385 6.62731 0.861036 2.73864 0.209465 0.180749 0.213225 0.215947 0.180474 0.215938
4431250 0.19025 0.179953 0.200077 -0.241774 0.309461 0.267522 0.192264 0.177843 0.198617 0.187462 0.182875 0.202098
4431250 0.187519 0.183304 0.190332 1.07012 4.03573 -5.04581 0.186186 0.180909 0.19362 0.189223 0.186366 0.186127
4431250 0.196772 0.198003 0.20722 -4.82145 0.14542 2.07896 0.201784 0.198568 0.205547 0.192443 0.197515 0.208665
4431250 0.1827 0.180339 0.19604 -2.78235 -0.647332 2.66376 0.186186 0.180909 0.19362 0.177729 0.179526 0.199489
4431250 0.191424 0.18969 0.194335 9.9682 2.49207 -3.80664 0.187189 0.189363 0.195835 0.19567 0.190017 0.192832
4431250 0.183324 0.181451 0.200989 7.808 3.60418 1.07588 0.177729 0.179526 0.199489 0.187462 0.182875 0.202098
4431250 0.190447 0.18033 0.204334 -6.64544 8.01478 -5.3084 0.19364 0.177607 0.206727 0.187462 0.182875 0.202098
4431250 0.192756 0.188367 0.189801 0.808113 0.688408 1.13362 0.189223 0.186366 0.186127 0.19567 0.190017 0.192832
4431250 0.209575 0.184952 0.208985 0.00552507 0.00162319 -0.000344398 0.206454 0.183914 0.208672 0.21259 0.185954 0.209288
4431250 0.196401 0.181134 0.184459 1.59106 3.57844 -5.94969 0.195639 0.17966 0.188116 0.197035 0.18236 0.181418
4431250 0.187326 0.186123 0.198963 0.485508 -2.03337 1.75407 0.187189 0.189363 0.195835 0.187462 0.182875 0.202098
4431250 0.198861 0.191244 0.202831 -3.39981 1.00615 3.24403 0.201812 0.190865 0.199417 0.196645 0.191529 0.205395
4431250 0.213795 0.185746 0.197397 0.202595 0.762529 0.854925 0.212619 0.183477 0.194202 0.215342 0.188732 0.201603
4431250 0.208532 0.199355 0.188417 0.415554 0.0189587 0.0503502 0.205259 0.199571 0.188394 0.21376 0.199011 0.188455
4431250 0.201799 0.194409 0.202237 0.00708403 -0.168608 -0.0958803 0.201784 0.198568 0.205547 0.201812 0.190865 0.199417
4431250 0.216198 0.195522 0.196866 0.0 0.0 0.0 0.217899 0.198271 0.200115 0.215053 0.193626 0.19468
4431250 0.208136 0.19723 0.216743 -0.466952 -0.337063 -1.32104 0.210596 0.19893 0.221414 0.206387 0.196022 0.213422
4431250 0.181877 0.199215 0.200413 1.29386 0.826052 -2.25887 0.178847 0.19821 0.204526 0.184796 0.200182 0.196452
4431250 0.185053 0.179962 0.211573 0.000106976 0.00134987 -0.00025934 0.185344 0.175635 0.212111 0.184802 0.183706 0.211108
4431250 0.19005 0.182383 0.19473 -0.0131092 -0.00709078 -0.00560648 0.192853 0.183452 0.195535 0.186186 0.180909 0.19362
4431250 0.193305 0.18533 0.197967 0.000514407 0.00281225 0.00264022 0.192853 0.183452 0.195535 0.193799 0.187383 0.200628
4431250 0.195921 0.183023 0.195313 0.0133926 -0.00367741 -0.00231761 0.192853 0.183452 0.195535 0.200855 0.182332 0.194955
4431250 0.191079 0.185448 0.201259 0.00277917 0.00266816 -0.000473239 0.187462 0.182875 0.202098 0.193799 0.187383 0.200628
4431250 0.18984 0.184697 0.205478 -2.91974 -1.29611 -3.48243 0.192055 0.186393 0.208627 0.187462 0.182875 0.202098
4431250 0.1963 0.186043 0.202496 -0.00905085 0.00677962 -0.00603975 0.199441 0.184359 0.204842 0.193799 0.187383 0.200628
4431250 0.192388 0.188463 0.212276 -0.00123244 0.0134753 0.0194789 0.192055 0.186393 0.208627 0.192671 0.190219 0.215372
4431250 0.204545 0.187397 0.200422 1.8226 -3.2973 0.847989 0.201812 0.190865 0.199417 0.207004 0.184278 0.201326
4431250 0.21032 0.200904 0.199845 0.857095 2.3983 0.65341 0.208727 0.196857 0.19797 0.211337 0.203491 0.201043
4431250 0.210766 0.201389 0.203146 0.0431055 0.285532 -0.368889 0.210179 0.19923 0.205307 0.211337 0.203491 0.201043
4431250 0.196615 0.180503 0.214444 -5.09916 1.72717 2.5924 0.200799 0.179857 0.212521 0.191821 0.181243 0.216648
4431250 0.186807 0.181866 0.197746 1.56723 2.10046 5.75952 0.186186 0.180909 0.19362 0.187462 0.182875 0.202098
4431250 0.196223 0.19822 0.197436 1.36764 1.38003 -1.21749 0.192851 0.195689 0.19955 0.200026 0.201074 0.195051
4431250 0.197288 0.178754 0.209679 -5.71467 -0.61687 -4.23959 0.200799 0.179857 0.212521 0.19364 0.177607 0.206727
4431250 0.203262 0.200144 0.190933 -1.18816 0.58581 1.31291 0.205259 0.199571 0.188394 0.200026 0.201074 0.195051
4431250 0.187916 0.187281 0.202983 0.000564965 0.00354435 0.00129659 0.187462 0.182875 0.202098 0.188247 0.190495 0.203629
4431250 0.207838 0.180878 0.21575 -3.02304 -0.384905 6.29212 0.209465 0.180749 0.213225 0.205969 0.181027 0.218648
4431250 0.194572 0.191304 0.218194 -0.0121207 -0.00580263 -0.012765 0.196437 0.192369 0.220961 0.192671 0.190219 0.215372
4431250 0.198805 0.198642 0.190479 0.0563994 0.150538 0.197383 0.197694 0.196428 0.186316 0.200026 0.201074 0.195051
4431250 0.20919 0.179136 0.210701 -0.863152 -2.14801 -2.89686 0.209465 0.180749 0.213225 0.208815 0.176943 0.207269
4431250 0.202398 0.190899 0.216439 2.30889 1.38576 3.55484 0.200585 0.189428 0.212259 0.203937 0.192148 0.219987
4431250 0.19355 0.178579 0.184862 -4.20589 -3.48946 -9.60523 0.195639 0.17966 0.188116 0.191411 0.177471 0.18153
4431250 0.197778 0.195628 0.181538 -0.000117742 0.000165697 0.000702212 0.197834 0.195092 0.17833 0.197694 0.196428 0.186316
4431250 0.209329 0.179376 0.186962 0.224828 0.217439 -0.363785 0.207635 0.177935 0.190541 0.211502 0.181225 0.18237
4431250 0.18413 0.185548 0.203563 4.22484 -2.45173 -1.31443 0.18062 0.188364 0.205105 0.187462 0.182875 0.202098
4431250 0.195205 0.197111 0.21231 0.00275075 -0.000343784 0.00263063 0.192443 0.197515 0.208665 0.197463 0.19678 0.215291
4431250 0.209709 0.184811 0.191655 -2.34927 1.66979 -2.06047 0.212619 0.183477 0.194202 0.206736 0.186173 0.189054
4431250 0.216458 0.182411 0.195131 -1.94727 0.896394 -0.570785 0.222474 0.180739 0.196588 0.212619 0.183477 0.194202
4431250 0.21591 0.191761 0.20602 -0.114945 -0.691818 -0.727207 0.216596 0.195413 0.211346 0.215342 0.188732 0.201603
4431250 0.182537 0.179644 0.191347 0.0 0.0 0.0 0.186186 0.180909 0.19362 0.178603 0.178143 0.188892
4431250 0.182947 0.185835 0.208452 0.0 0.0 0.0 0.18062 0.188364 0.205105 0.184802 0.183706 0.211108
4431250 0.186011 0.183394 0.207005 0.0 0.0 0.0 0.187462 0.182875 0.202098 0.184802 0.183706 0.211108
4431250 0.187712 0.182751 0.213409 0.0 0.0 0.0 0.191821 0.181243 0.216648 0.184802 0.183706 0.211108
4431250 0.18823 0.185045 0.209936 0.0 0.0 0.0 0.192055 0.186393 0.208627 0.184802 0.183706 0.211108
4431250 0.185525 0.187722 0.210971 0.0 0.0 0.0 0.186303 0.191865 0.210821 0.184802 0.183706 0.211108
4431250 0.180649 0.191212 0.200906 0.0 0.0 0.0 0.18062 0.188364 0.205105 0.180671 0.193081 0.197988
4431250 0.18231 0.195963 0.197379 0.0 0.0 0.0 0.180671 0.193081 0.197988 0.184796 0.200182 0.196452
4431250 0.182899 0.183932 0.192645 0.0 0.0 0.0 0.186186 0.180909 0.19362 0.179211 0.18719 0.191545
4431250 0.183892 0.18687 0.189013 0.0 0.0 0.0 0.189223 0.186366 0.186127 0.179211 0.18719 0.191545
4431250 0.185123 0.189688 0.204234 0.0 0.0 0.0 0.18062 0.188364 0.205105 0.188247 0.190495 0.203629
4431250 0.186601 0.198255 0.188625 0.0 0.0 0.0 0.189417 0.195337 0.189895 0.183811 0.20102 0.187365
4431250 0.18731 0.197607 0.192885 0.0 0.0 0.0 0.189417 0.195337 0.189895 0.184796 0.200182 0.196452
4431250 0.198028 0.178867 0.181963 0.0 0.0 0.0 0.199523 0.17344 0.182785 0.197035 0.18236 0.181418
4431250 0.194075 0.183943 0.183203 0.0 0.0 0.0 0.189223 0.186366 0.186127 0.197035 0.18236 0.181418
4431250 0.190472 0.181353 0.183503 0.0 0.0 0.0 0.189223 0.186366 0.186127 0.191411 0.177471 0.18153
4431250 0.199903 0.181773 0.183065 0.0 0.0 0.0 0.20292 0.181021 0.1848 0.197035 0.18236 0.181418
4431250 0.192566 0.180779 0.197039 0.0 0.0 0.0 0.192853 0.183452 0.195535 0.192264 0.177843 0.198617
4431250 0.189635 0.179233 0.19646 0.0 0.0 0.0 0.186186 0.180909 0.19362 0.192264 0.177843 0.198617
4431250 0.190656 0.183279 0.198208 0.0 0.0 0.0 0.192853 0.183452 0.195535 0.187462 0.182875 0.202098
4431250 0.197598 0.183817 0.186859 0.0 0.0 0.0 0.195639 0.17966 0.188116 0.199532 0.187794 0.185615
4431250 0.190542 0.185926 0.195656 0.0 0.0 0.0 0.192853 0.183452 0.195535 0.187189 0.189363 0.195835
4431250 0.194001 0.186189 0.194433 0.0 0.0 0.0 0.192853 0.183452 0.195535 0.19567 0.190017 0.192832
4431250 0.186673 0.185092 0.194701 0.0 0.0 0.0 0.187189 0.189363 0.195835 0.186186 0.180909 0.19362
4431250 0.199522 0.180453 0.186346 0.0 0.0 0.0 0.195639 0.17966 0.188116 0.20292 0.181021 0.1848
4431250 0.192773 0.179403 0.211447 0.0 0.0 0.0 0.191821 0.181243 0.216648 0.19364 0.177607 0.206727
4431250 0.19279 0.18237 0.207744 0.0 0.0 0.0 0.192055 0.186393 0.208627 0.19364 0.177607 0.206727
4431250 0.195723 0.185448 0.20675 0.0 0.0 0.0 0.192055 0.186393 0.208627 0.199441 0.184359 0.204842
4431250 0.197888 0.18841 0.205152 0.0 0.0 0.0 0.199441 0.184359 0.204842 0.196645 0.191529 0.205395
4431250 0.200095 0.18349 0.200289 0.0 0.0 0.0 0.200855 0.182332 0.194955 0.199441 0.184359 0.204842
4431250 0.201254 0.180796 0.20337 0.0 0.0 0.0 0.199441 0.184359 0.204842 0.202879 0.177466 0.202042
4431250 0.203395 0.184171 0.207002 0.0 0.0 0.0 0.206454 0.183914 0.208672 0.199441 0.184359 0.204842
4431250 0.200092 0.182271 0.208519 0.0 0.0 0.0 0.200799 0.179857 0.212521 0.199441 0.184359 0.204842
4431250 0.200591 0.187515 0.20221 0.0216292 0.0435758 -0.0288357 0.199441 0.184359 0.204842 0.201812 0.190865 0.199417
4431250 0.192331 0.186681 0.215887 0.0 0.0 0.0 0.191821 0.181243 0.216648 0.192671 0.190219 0.215372
4431250 0.196027 0.184091 0.2184 0.0 0.0 0.0 0.191821 0.181243 0.216648 0.198811 0.185865 0.219555
4431250 0.203147 0.178834 0.219589 0.0 0.0 0.0 0.19916 0.17557 0.220915 0.205969 0.181027 0.218648
4431250 0.198275 0.188128 0.181547 0.0 0.0 0.0 0.199532 0.187794 0.185615 0.197139 0.188306 0.177873
4431250 0.1952 0.187258 0.185832 0.0 0.0 0.0 0.199532 0.187794 0.185615 0.189223 0.186366 0.186127
4431250 0.188107 0.188074 0.191453 0.0 0.0 0.0 0.187189 0.189363 0.195835 0.189223 0.186366 0.186127
4431250 0.189331 0.191504 0.188259 0.0 0.0 0.0 0.189223 0.186366 0.186127 0.189417 0.195337 0.189895
4431250 0.198705 0.191746 0.185932 0.0 0.0 0.0 0.197694 0.196428 0.186316 0.199532 0.187794 0.185615
4431250 0.188341 0.192516 0.192761 0.0 0.0 0.0 0.187189 0.189363 0.195835 0.189417 0.195337 0.189895
4431250 0.189956 0.192516 0.197652 0.0 0.0 0.0 0.187189 0.189363 0.195835 0.192851 0.195689 0.19955
4431250 0.191035 0.195564 0.194446 0.0 0.0 0.0 0.192851 0.195689 0.19955 0.189417 0.195337 0.189895
4431250 0.193262 0.195906 0.188233 0.0 0.0 0.0 0.197694 0.196428 0.186316 0.189417 0.195337 0.189895
4431250 0.190959 0.188294 0.198568 0.0 0.0 0.0 0.187189 0.189363 0.195835 0.193799 0.187383 0.200628
4431250 0.187798 0.190082 0.200338 0.0 0.0 0.0 0.187189 0.189363 0.195835 0.188247 0.190495 0.203629
4431250 0.194603 0.188574 0.197282 0.0 0.0 0.0 0.19567 0.190017 0.192832 0.193799 0.187383 0.200628
4431250 0.193404 0.19092 0.200178 0.0 0.0 0.0 0.192851 0.195689 0.19955 0.193799 0.187383 0.200628
4431250 0.190139 0.192695 0.201953 0.0 0.0 0.0 0.192851 0.195689 0.19955 0.188247 0.190495 0.203629
4431250 0.190391 0.198164 0.185997 0.0 0.0 0.0 0.189417 0.195337 0.189895 0.191233 0.200491 0.182629
4431250 0.194573 0.200277 0.18826 0.0 0.0 0.0 0.197694 0.196428 0.186316 0.191682 0.203719 0.190055
4431250 0.201303 0.185815 0.18182 0.0 0.0 0.0 0.199532 0.187794 0.185615 0.202714 0.184122 0.178826
4431250 0.201329 0.184268 0.185182 0.0 0.0 0.0 0.199532 0.187794 0.185615 0.20292 0.181021 0.1848
4431250 0.201751 0.194984 0.18382 0.0 0.0 0.0 0.197694 0.196428 0.186316 0.207434 0.192809 0.180323
4431250 0.201738 0.190631 0.188643 0.0 0.0 0.0 0.203906 0.193296 0.19162 0.199532 0.187794 0.185615
4431250 0.20009 0.19184 0.192182 0.0 0.0 0.0 0.203906 0.193296 0.19162 0.19567 0.190017 0.192832
4431250 0.197423 0.193291 0.199484 0.0 0.0 0.0 0.192851 0.195689 0.19955 0.201812 0.190865 0.199417
4431250 0.202205 0.198366 0.187557 0.0 0.0 0.0 0.197694 0.196428 0.186316 0.205259 0.199571 0.188394
4431250 0.197052 0.197104 0.202373 0.0 0.0 0.0 0.192851 0.195689 0.19955 0.201784 0.198568 0.205547
4431250 0.19098 0.189024 0.202152 0.0 0.0 0.0 0.188247 0.190495 0.203629 0.193799 0.187383 0.200628
4431250 0.19302 0.187002 0.204201 0.0 0.0 0.0 0.192055 0.186393 0.208627 0.193799 0.187383 0.200628
4431250 0.195223 0.189514 0.203011 0.0 0.0 0.0 0.196645 0.191529 0.205395 0.193799 0.187383 0.200628
4431250 0.187369 0.191177 0.206866 0.0 0.0 0.0 0.186303 0.191865 0.210821 0.188247 0.190495 0.203629
4431250 0.189679 0.191056 0.213237 0.0 0.0 0.0 0.186303 0.191865 0.210821 0.192671 0.190219 0.215372
4431250 0.194858 0.194138 0.206789 0.0 0.0 0.0 0.192443 0.197515 0.208665 0.196645 0.191529 0.205395
4431250 0.195008 0.193479 0.215337 0.0 0.0 0.0 0.192671 0.190219 0.215372 0.197463 0.19678 0.215291
4431250 0.186362 0.19416 0.214295 0.0 0.0 0.0 0.186303 0.191865 0.210821 0.186457 0.197328 0.219327
4431250 0.190315 0.192978 0.216876 0.0 0.0 0.0 0.192671 0.190219 0.215372 0.186457 0.197328 0.219327
4431250 0.196708 0.198362 0.218794 0.0 0.0 0.0 0.195786 0.200164 0.223074 0.197463 0.19678 0.215291
4431250 0.197234 0.188936 0.200109 0.0 0.0 0.0 0.201812 0.190865 0.199417 0.193799 0.187383 0.200628
4431250 0.196044 0.187878 0.210327 0.0 0.0 0.0 0.192055 0.186393 0.208627 0.200585 0.189428 0.212259
4431250 0.19865 0.194275 0.205454 -0.025689 -0.0286023 0.00404602 0.201784 0.198568 0.205547 0.196645 0.191529 0.205395
4431250 0.196054 0.189944 0.214046 0.0 0.0 0.0 0.200585 0.189428 0.212259 0.192671 0.190219 0.215372
4431250 0.201816 0.196472 0.214384 0.0 0.0 0.0 0.206387 0.196022 0.213422 0.197463 0.19678 0.215291
4431250 0.200571 0.194619 0.21755 0.0 0.0 0.0 0.203937 0.192148 0.219987 0.197463 0.19678 0.215291
4431250 0.199667 0.183342 0.216525 0.0 0.0 0.0 0.200799 0.179857 0.212521 0.198811 0.185865 0.219555
4431250 0.20119 0.188848 0.219759 0.0 0.0 0.0 0.203937 0.192148 0.219987 0.198811 0.185865 0.219555
4431250 0.202266 0.19665 0.193074 0.0 0.0 0.0 0.203906 0.193296 0.19162 0.200026 0.201074 0.195051
4431250 0.20463 0.198905 0.196598 0.0 0.0 0.0 0.208727 0.196857 0.19797 0.200026 0.201074 0.195051
4431250 0.202807 0.182727 0.181638 0.0 0.0 0.0 0.20292 0.181021 0.1848 0.202714 0.184122 0.178826
4431250 0.205065 0.179684 0.187409 0.0 0.0 0.0 0.207635 0.177935 0.190541 0.20292 0.181021 0.1848
4431250 0.209808 0.183944 0.197772 0.0 0.0 0.0 0.212619 0.183477 0.194202 0.207004 0.184278 0.201326
4431250 0.207185 0.182136 0.189794 0.0 0.0 0.0 0.207635 0.177935 0.190541 0.206736 0.186173 0.189054
4431250 0.201358 0.186872 0.197296 0.0 0.0 0.0 0.200855 0.182332 0.194955 0.201812 0.190865 0.199417
4431250 0.204883 0.180837 0.201695 0.0 0.0 0.0 0.207004 0.184278 0.201326 0.202879 0.177466 0.202042
4431250 0.20791 0.180685 0.204293 0.0 0.0 0.0 0.208815 0.176943 0.207269 0.207004 0.184278 0.201326
4431250 0.20751 0.180864 0.208046 0.0 0.0 0.0 0.206454 0.183914 0.208672 0.208815 0.176943 0.207269
4431250 0.206061 0.180466 0.212951 0.0 0.0 0.0 0.209465 0.180749 0.213225 0.200799 0.179857 0.212521
4431250 0.21413 0.183329 0.201258 0.0 0.0 0.0 0.213241 0.179273 0.201003 0.215342 0.188732 0.201603
4431250 0.207344 0.187712 0.204074 0.0 0.0 0.0 0.207004 0.184278 0.201326 0.207694 0.19117 0.206944
4431250 0.20406 0.186229 0.210137 0.0 0.0 0.0 0.206454 0.183914 0.208672 0.200585 0.189428 0.212259
4431250 0.210981 0.18334 0.211318 0.0 0.0 0.0 0.209465 0.180749 0.213225 0.21259 0.185954 0.209288
4431250 0.200695 0.184639 0.212394 0.0 0.0 0.0 0.200585 0.189428 0.212259 0.200799 0.179857 0.212521
4431250 0.209973 0.183436 0.214641 0.0 0.0 0.0 0.209465 0.180749 0.213225 0.210778 0.18752 0.216875
4431250 0.215802 0.18027 0.203994 0.0 0.0 0.0 0.218941 0.181346 0.207658 0.213241 0.179273 0.201003
4431250 0.207989 0.183822 0.217906 0.0 0.0 0.0 0.205969 0.181027 0.218648 0.210778 0.18752 0.216875
4431250 0.207003 0.188765 0.185725 0.0 0.0 0.0 0.207434 0.192809 0.180323 0.206736 0.186173 0.189054
4431250 0.205195 0.193181 0.187494 0.0 0.0 0.0 0.203906 0.193296 0.19162 0.207434 0.192809 0.180323
4431250 0.205968 0.197431 0.185764 0.0 0.0 0.0 0.205259 0.199571 0.188394 0.207434 0.192809 0.180323
4431250 0.212426 0.190734 0.184879 0.0 0.0 0.0 0.216 0.189142 0.188147 0.207434 0.192809 0.180323
4431250 0.20731 0.191597 0.193052 0.0 0.0 0.0 0.209988 0.190143 0.194181 0.203906 0.193296 0.19162
4431250 0.206086 0.194968 0.19449 0.0 0.0 0.0 0.203906 0.193296 0.19162 0.208727 0.196857 0.19797
4431250 0.211118 0.197941 0.193452 0.0 0.0 0.0 0.208727 0.196857 0.19797 0.21376 0.199011 0.188455
4431250 0.204845 0.191085 0.203298 0.0 0.0 0.0 0.201812 0.190865 0.199417 0.207694 0.19117 0.206944
4431250 0.211936 0.189695 0.196878 0.0 0.0 0.0 0.209988 0.190143 0.194181 0.215342 0.188732 0.201603
4431250 0.215161 0.191905 0.197207 0.0 0.0 0.0 0.215342 0.188732 0.201603 0.215053 0.193626 0.19468
4431250 0.211824 0.193118 0.199672 0.0 0.0 0.0 0.208727 0.196857 0.19797 0.215342 0.188732 0.201603
4431250 0.205456 0.197725 0.201543 0.0 0.0 0.0 0.208727 0.196857 0.19797 0.201784 0.198568 0.205547
4431250 0.212045 0.200757 0.196522 0.0 0.0 0.0 0.208727 0.196857 0.19797 0.214162 0.203149 0.195598
4431250 0.21102 0.187608 0.188634 0.0 0.0 0.0 0.216 0.189142 0.188147 0.206736 0.186173 0.189054
4431250 0.212319 0.189819 0.191843 0.0 0.0 0.0 0.209988 0.190143 0.194181 0.216 0.189142 0.188147
4431250 0.215424 0.191946 0.192141 0.0 0.0 0.0 0.216 0.189142 0.188147 0.215053 0.193626 0.19468
4431250 0.213382 0.197637 0.19906 0.0 0.0 0.0 0.217899 0.198271 0.200115 0.208727 0.196857 0.19797
4431250 0.214923 0.193953 0.188294 0.0 0.0 0.0 0.216 0.189142 0.188147 0.21376 0.199011 0.188455
4431250 0.20377 0.193107 0.2129 0.0 0.0 0.0 0.200585 0.189428 0.212259 0.206387 0.196022 0.213422
4431250 0.201156 0.193823 0.20908 0.0 0.0 0.0 0.200585 0.189428 0.212259 0.201784 0.198568 0.205547
4431250 0.210494 0.188252 0.208287 0.0 0.0 0.0 0.21259 0.185954 0.209288 0.207694 0.19117 0.206944
4431250 0.213615 0.187052 0.206431 0.0 0.0 0.0 0.21259 0.185954 0.209288 0.215342 0.188732 0.201603
4431250 0.209132 0.19589 0.206 0.0 0.0 0.0 0.210179 0.19923 0.205307 0.207694 0.19117 0.206944
4431250 0.204428 0.197168 0.210071 0.0 0.0 0.0 0.206387 0.196022 0.213422 0.201784 0.198568 0.205547
4431250 0.208377 0.192235 0.214989 0.0 0.0 0.0 0.206387 0.196022 0.213422 0.210778 0.18752 0.216875
4431250 0.2186 0.185148 0.199314 0.0 0.0 0.0 0.222474 0.180739 0.196588 0.215342 0.188732 0.201603
4431250 0.213911 0.189135 0.209969 0.0 0.0 0.0 0.21259 0.185954 0.209288 0.216596 0.195413 0.211346
4431250 0.211223 0.192913 0.208689 0.0 0.0 0.0 0.216596 0.195413 0.211346 0.207694 0.19117 0.206944
4431250 0.213944 0.201482 0.200677 0.0 0.0 0.0 0.217899 0.198271 0.200115 0.211337 0.203491 0.201043
4431250 0.217362 0.197149 0.204774 0.0 0.0 0.0 0.217899 0.198271 0.200115 0.216596 0.195413 0.211346
4431250 0.217995 0.202626 0.201882 0.0 0.0 0.0 0.217899 0.198271 0.200115 0.218101 0.207621 0.203964
4431250 0.183144 0.207399 0.194045 -3.51237 -0.5028 -0.397222 0.186389 0.20792 0.193893 0.179376 0.206793 0.194222
4431250 0.182798 0.204269 0.21013 -3.77906 -3.6975 4.8644 0.186924 0.206854 0.20571 0.179978 0.202503 0.21315
4431250 0.189345 0.203551 0.183138 -0.957492 1.53969 0.559829 0.191233 0.200491 0.182629 0.18757 0.206428 0.183618
4431250 0.190513 0.199393 0.189973 -0.33368 -2.3392 0.195995 0.191682 0.203719 0.190055 0.189417 0.195337 0.189895
4431250 0.192857 0.20078 0.211866 -0.39081 -3.9791 -2.82045 0.193275 0.204075 0.215097 0.192443 0.197515 0.208665
4431250 0.188472 0.209032 0.185636 -0.70489 -2.04023 -1.1057 0.189699 0.212576 0.188382 0.18757 0.206428 0.183618
4431250 0.18863 0.206142 0.192269 1.1367 -1.17281 -1.19499 0.186389 0.20792 0.193893 0.191682 0.203719 0.190055
4431250 0.19439 0.206912 0.191654 2.46935 4.09494 1.57186 0.191682 0.203719 0.190055 0.196873 0.209839 0.193121
4431250 0.187781 0.210492 0.195402 0.693691 1.423 0.529224 0.186389 0.20792 0.193893 0.189734 0.214101 0.19752
4431250 0.196964 0.210058 0.197223 0.93529 -0.0646481 5.54734 0.196873 0.209839 0.193121 0.19707 0.210313 0.201985
4431250 0.193342 0.212238 0.199716 -8.94862 6.40592 -4.71624 0.19707 0.210313 0.201985 0.189734 0.214101 0.19752
4431250 0.192027 0.214986 0.185162 -7.94104 -8.57997 8.1294 0.19445 0.217496 0.181811 0.189699 0.212576 0.188382
4431250 0.197386 0.213795 0.19213 0.312754 1.17673 -0.184103 0.196873 0.209839 0.193121 0.197981 0.218387 0.190981
4431250 0.190802 0.215624 0.201746 -3.45356 -3.35247 -7.89169 0.191906 0.217198 0.206115 0.189734 0.214101 0.19752
4431250 0.195983 0.207416 0.213368 1.81206 2.00344 -0.638388 0.193275 0.204075 0.215097 0.198881 0.210991 0.211519
4431250 0.191547 0.208367 0.215362 -1.06609 4.01616 0.662064 0.193275 0.204075 0.215097 0.18941 0.213675 0.21569
4431250 0.202972 0.213445 0.212877 1.97519 1.63729 0.568028 0.198881 0.210991 0.211519 0.206651 0.215652 0.214098
4431250 0.201279 0.208111 0.201549 4.43183 -3.20943 -0.876601 0.19707 0.210313 0.201985 0.204839 0.206249 0.201179
4431250 0.201169 0.212312 0.203383 3.63444 2.41779 0.907159 0.19707 0.210313 0.201985 0.205187 0.214273 0.204754
4431250 0.190772 0.215597 0.210466 -0.986817 -4.04449 8.77952 0.191906 0.217198 0.206115 0.18941 0.213675 0.21569
4431250 0.201044 0.204694 0.219198 -1.37884 3.1122 2.10271 0.202824 0.202051 0.21695 0.199488 0.207005 0.221163
4431250 0.199002 0.21817 0.195636 0.0801522 -0.0887003 0.427102 0.197981 0.218387 0.190981 0.199817 0.217996 0.199348
4431250 0.210259 0.20117 0.18521 0.913379 -0.528047 1.14255 0.208003 0.202562 0.183119 0.21376 0.199011 0.188455
4431250 0.208431 0.200708 0.19523 0.182698 -2.79249 1.38149 0.208223 0.203424 0.193299 0.208727 0.196857 0.19797
4431250 0.214015 0.201634 0.192983 0.00713065 -0.0683313 -0.092024 0.214162 0.203149 0.195598 0.21376 0.199011 0.188455
4431250 0.204596 0.199053 0.215196 1.44019 -3.29528 -1.32807 0.202824 0.202051 0.21695 0.206387 0.196022 0.213422
4431250 0.204896 0.202783 0.181817 -0.917005 -0.0499244 -0.274045 0.208003 0.202562 0.183119 0.200501 0.203095 0.179974
4431250 0.203183 0.211738 0.18242 1.57987 0.0083856 4.78896 0.201289 0.212188 0.178398 0.205837 0.211109 0.188058
4431250 0.211867 0.210112 0.189424 -13.4396 0.178569 -2.19656 0.21542 0.209525 0.190229 0.205837 0.211109 0.188058
4431250 0.212962 0.205858 0.196206 -0.033566 0.110989 0.0117148 0.214162 0.203149 0.195598 0.211243 0.209741 0.197078
4431250 0.207394 0.206096 0.191476 -1.25663 2.40763 -1.6083 0.208223 0.203424 0.193299 0.205837 0.211109 0.188058
4431250 0.207926 0.207933 0.199202 -3.00905 -1.91612 1.36677 0.211243 0.209741 0.197078 0.204839 0.206249 0.201179
4431250 0.212784 0.213078 0.199376 -0.332302 -0.969246 -0.467582 0.214269 0.216295 0.201592 0.211243 0.209741 0.197078
4431250 0.212121 0.213566 0.195237 0.0899954 0.510643 -0.153278 0.211243 0.209741 0.197078 0.212921 0.217054 0.193557
4431250 0.218123 0.207418 0.191596 7.24423 -7.87453 3.81256 0.21542 0.209525 0.190229 0.221813 0.204541 0.193461
4431250 0.210085 0.215491 0.21694 -2.18539 0.467752 -1.53212 0.213241 0.215343 0.219552 0.206651 0.215652 0.214098
4431250 0.208924 0.216087 0.206899 3.18697 2.1478 2.50973 0.205187 0.214273 0.204754 0.211501 0.217338 0.208379
4431250 0.212707 0.216884 0.205423 -0.975001 -0.0119499 2.9111 0.214269 0.216295 0.201592 0.211501 0.217338 0.208379
4431250 0.215712 0.210453 0.20792 0.567194 -0.969279 -0.981022 0.214367 0.212045 0.210145 0.218101 0.207621 0.203964
4431250 0.214329 0.217681 0.209889 -4.40639 -0.682675 -3.34562 0.21806 0.218134 0.211882 0.211501 0.217338 0.208379
4431250 0.20003 0.209537 0.186313 2.69301 1.07189 1.22081 0.196482 0.208576 0.185248 0.205837 0.211109 0.188058
4431250 0.194707 0.208785 0.181862 0.019557 0.00452773 0.0393438 0.192839 0.209004 0.178299 0.196482 0.208576 0.185248
4431250 0.212159 0.209943 0.210169 -0.174655 -0.20311 -0.031132 0.214367 0.212045 0.210145 0.20812 0.206098 0.210212
4431250 0.193419 0.210382 0.186663 -3.88099 3.13625 1.55023 0.196482 0.208576 0.185248 0.189699 0.212576 0.188382
4431250 0.184371 0.217329 0.191545 -3.60388 -4.24531 2.3731 0.186533 0.220855 0.190104 0.182347 0.214028 0.192893
4431250 0.19827 0.206138 0.182901 2.11386 -2.50949 -1.84126 0.196482 0.208576 0.185248 0.200501 0.203095 0.179974
4431250 0.207814 0.199321 0.18219 -0.0813351 -1.08332 -0.132038 0.208003 0.202562 0.183119 0.207434 0.192809 0.180323
4431250 0.215496 0.210259 0.212342 0.7119 -1.33068 1.1605 0.214367 0.212045 0.210145 0.217728 0.206726 0.216687
4431250 0.184913 0.212943 0.204248 0.153526 -0.877257 0.272695 0.183734 0.21651 0.203392 0.186924 0.206854 0.20571
4431250 0.183174 0.217164 0.210197 0.674349 0.677773 0.0406328 0.180968 0.214104 0.210081 0.185269 0.22007 0.210306
4431250 0.185821 0.214062 0.195069 -10.2243 -1.8828 -5.72426 0.189734 0.214101 0.19752 0.182347 0.214028 0.192893
4431250 0.216049 0.217048 0.191139 -0.124213 0.0187801 0.122022 0.220697 0.217038 0.187546 0.212921 0.217054 0.193557
4431250 0.204164 0.211822 0.194053 -0.0249652 0.0253374 0.087107 0.205837 0.211109 0.188058 0.203286 0.212197 0.197199
4431250 0.206611 0.201045 0.185795 -0.900881 -1.10826 1.36089 0.208003 0.202562 0.183119 0.205259 0.199571 0.188394
4431250 0.200424 0.210342 0.191115 5.02003 0.12923 -2.06139 0.196873 0.209839 0.193121 0.205837 0.211109 0.188058
4431250 0.195736 0.203476 0.204863 -0.236451 -0.404723 -0.972943 0.196069 0.204345 0.207854 0.195412 0.202628 0.201943
4431250 0.197157 0.206918 0.209273 -0.0728326 -0.220435 -0.163152 0.198881 0.210991 0.211519 0.196069 0.204345 0.207854
4431250 0.187761 0.20985 0.191609 1.55035 1.97096 -3.3134 0.186389 0.20792 0.193893 0.189699 0.212576 0.188382
4431250 0.185758 0.204855 0.194907 -0.861212 -3.12359 0.549814 0.186389 0.20792 0.193893 0.184796 0.200182 0.196452
4431250 0.198188 0.202203 0.206998 0.0620707 -0.087436 -0.027745 0.196069 0.204345 0.207854 0.201784 0.198568 0.205547
4431250 0.206167 0.218192 0.202398 -0.00779915 -0.0522208 0.0219983 0.207121 0.222009 0.200105 0.205187 0.214273 0.204754
4431250 0.207751 0.207487 0.215601 0.0149674 0.0848757 0.233806 0.20812 0.206098 0.210212 0.207435 0.208673 0.220208
4431250 0.188069 0.216838 0.189268 0.00053797 -0.00245984 -0.000340892 0.186533 0.220855 0.190104 0.189699 0.212576 0.188382
4431250 0.194489 0.213754 0.204049 0.0383679 -0.0760266 -0.0410889 0.191906 0.217198 0.206115 0.19707 0.210313 0.201985
4431250 0.205003 0.203717 0.214177 0.342393 0.160407 -0.353004 0.202824 0.202051 0.21695 0.20812 0.206098 0.210212
4431250 0.217032 0.203671 0.194796 0.0166884 0.00152305 -0.00713849 0.214162 0.203149 0.195598 0.221813 0.204541 0.193461
4431250 0.18459 0.210639 0.193448 -0.360884 0.507516 -0.186487 0.186389 0.20792 0.193893 0.182347 0.214028 0.192893
4431250 0.197739 0.201145 0.203259 2.44187 -1.49373 0.845753 0.195412 0.202628 0.201943 0.201784 0.198568 0.205547
4431250 0.212171 0.218142 0.189831 0.0898056 -0.0468692 0.297043 0.211477 0.219147 0.186387 0.212921 0.217054 0.193557
4431250 0.204875 0.202242 0.207823 -1.34467 -2.32787 -1.3121 0.20812 0.206098 0.210212 0.201784 0.198568 0.205547
4431250 0.215012 0.218339 0.186832 -0.180318 0.04441 0.0066671 0.220697 0.217038 0.187546 0.211477 0.219147 0.186387
4431250 0.18314 0.21146 0.208487 -0.247705 0.425403 0.194928 0.186924 0.206854 0.20571 0.180968 0.214104 0.210081
4431250 0.202225 0.216326 0.201773 -0.180933 0.127704 -0.130526 0.205187 0.214273 0.204754 0.199817 0.217996 0.199348
4431250 0.210378 0.201706 0.191413 0.350593 -0.220375 -0.212233 0.208223 0.203424 0.193299 0.21376 0.199011 0.188455
4431250 0.203983 0.209526 0.198986 0.0203098 -0.0802716 0.0365957 0.203286 0.212197 0.197199 0.204839 0.206249 0.201179
4431250 0.191434 0.201936 0.185953 -0.382046 -6.45563 -10.1368 0.191682 0.203719 0.190055 0.191233 0.200491 0.182629
4431250 0.18172 0.203935 0.195186 1.25566 -2.17462 0.710358 0.179376 0.206793 0.194222 0.184796 0.200182 0.196452
4431250 0.181262 0.206035 0.202465 0.0755621 0.0254097 0.048373 0.178636 0.205656 0.200959 0.186924 0.206854 0.20571
4431250 0.194535 0.202112 0.2191 2.92602 -3.21719 5.64707 0.193275 0.204075 0.215097 0.195786 0.200164 0.223074
4431250 0.217175 0.211042 0.193098 -4.54022 -2.85819 -8.81526 0.219041 0.212654 0.196149 0.21542 0.209525 0.190229
4431250 0.206216 0.206186 0.204971 -0.827158 -0.370242 -3.18228 0.20812 0.206098 0.210212 0.204839 0.206249 0.201179
4431250 0.199387 0.213039 0.216006 2.66996 4.60346 9.10325 0.198881 0.210991 0.211519 0.199855 0.214932 0.220153
4431250 0.212737 0.2064 0.213323 7.57451 0.721605 7.07322 0.20812 0.206098 0.210212 0.217728 0.206726 0.216687
4431250 0.194942 0.204236 0.210775 0.511376 0.0749519 -0.8883 0.193275 0.204075 0.215097 0.196069 0.204345 0.207854
4431250 0.213761 0.204971 0.20209 -2.78477 -2.08132 -1.84008 0.218101 0.207621 0.203964 0.211337 0.203491 0.201043
4431250 0.197958 0.210645 0.206659 -1.31192 -1.25976 -12.9009 0.198881 0.210991 0.211519 0.19707 0.210313 0.201985
4431250 0.189717 0.213341 0.192966 0.26023 2.53309 7.60608 0.189699 0.212576 0.188382 0.189734 0.214101 0.19752
4431250 0.182337 0.215294 0.206772 -0.0254277 -0.0103097 0.056261 0.183734 0.21651 0.203392 0.180968 0.214104 0.210081
4431250 0.182886 0.209728 0.201386 0.00139185 -0.000682537 0.00111299 0.181004 0.211068 0.199371 0.186924 0.206854 0.20571
4431250 0.191991 0.204904 0.194365 1.32388 3.62004 8.35967 0.191682 0.203719 0.190055 0.192215 0.205764 0.197496
4431250 0.193863 0.204147 0.199789 1.62431 -2.2635 2.28954 0.192215 0.205764 0.197496 0.195412 0.202628 0.201943
4431250 0.190463 0.206125 0.200216 -2.26824 0.90898 5.07172 0.192215 0.205764 0.197496 0.186924 0.206854 0.20571
4431250 0.192804 0.208858 0.203551 2.22885 0.488319 -1.11398 0.186924 0.206854 0.20571 0.19707 0.210313 0.201985
4431250 0.20323 0.208688 0.210904 5.19889 -3.81465 -1.24432 0.198881 0.210991 0.211519 0.20812 0.206098 0.210212
4431250 0.204399 0.216312 0.184883 -1.02463 7.54022 -3.46402 0.205837 0.211109 0.188058 0.2036 0.219201 0.18312
4431250 0.202763 0.204017 0.198536 0.904318 0.739137 1.30301 0.200026 0.201074 0.195051 0.204839 0.206249 0.201179
4431250 0.208552 0.204673 0.201102 -2.17121 1.26946 -0.189093 0.211337 0.203491 0.201043 0.204839 0.206249 0.201179
4431250 0.218646 0.210541 0.19943 -1.44043 -3.33888 4.58075 0.219041 0.212654 0.196149 0.218101 0.207621 0.203964
4431250 0.201678 0.214885 0.198195 -0.032721 0.0695331 0.0141249 0.203286 0.212197 0.197199 0.199817 0.217996 0.199348
4431250 0.21673 0.214417 0.198785 1.77606 -1.7575 -1.75929 0.214269 0.216295 0.201592 0.219041 0.212654 0.196149
4431250 0.212974 0.214617 0.209287 -0.6673 1.82187 -0.739789 0.214367 0.212045 0.210145 0.211501 0.217338 0.208379
4431250 0.194184 0.207609 0.199317 2.51278 1.68916 1.70641 0.192215 0.205764 0.197496 0.19707 0.210313 0.201985
4431250 0.199179 0.215845 0.212495 0.000423352 0.00509058 0.000208829 0.198881 0.210991 0.211519 0.199401 0.219482 0.213226
4431250 0.18028 0.209165 0.197079 -0.000276206 -0.00138642 -0.00204202 0.181004 0.211068 0.199371 0.179376 0.206793 0.194222
4431250 0.199605 0.217445 0.216327 -0.00042094 0.00102648 -0.00170338 0.199855 0.214932 0.220153 0.199401 0.219482 0.213226
4431250 0.213499 0.209625 0.193379 -1.3274 0.0484431 3.23444 0.21542 0.209525 0.190229 0.211243 0.209741 0.197078
4431250 0.185793 0.213347 0.190779 -7.38762 2.95496 4.87299 0.189699 0.212576 0.188382 0.182347 0.214028 0.192893
4431250 0.198598 0.214588 0.200518 0.00756985 0.0302005 -0.00583424 0.19707 0.210313 0.201985 0.199817 0.217996 0.199348
4431250 0.182415 0.202091 0.20505 0.0 0.0 0.0 0.186924 0.206854 0.20571 0.178847 0.19821 0.204526
4431250 0.181581 0.212394 0.1966 0.0 0.0 0.0 0.181004 0.211068 0.199371 0.182347 0.214028 0.192893
4431250 0.180965 0.203648 0.199256 0.0 0.0 0.0 0.178636 0.205656 0.200959 0.184796 0.200182 0.196452
4431250 0.183315 0.217642 0.195395 0.0 0.0 0.0 0.184098 0.220461 0.197417 0.182347 0.214028 0.192893
4431250 0.182215 0.213539 0.201153 0.0 0.0 0.0 0.181004 0.211068 0.199371 0.183734 0.21651 0.203392
4431250 0.187777 0.200802 0.184837 0.0 0.0 0.0 0.191233 0.200491 0.182629 0.183811 0.20102 0.187365
4431250 0.187604 0.202383 0.188662 0.0 0.0 0.0 0.191682 0.203719 0.190055 0.183811 0.20102 0.187365
4431250 0.188434 0.20211 0.193076 0.0 0.0 0.0 0.191682 0.203719 0.190055 0.184796 0.200182 0.196452
4431250 0.189295 0.203626 0.197087 0.0 0.0 0.0 0.192215 0.205764 0.197496 0.184796 0.200182 0.196452
4431250 0.185718 0.203128 0.200459 0.0 0.0 0.0 0.186924 0.206854 0.20571 0.184796 0.200182 0.196452
4431250 0.184318 0.213991 0.21231 0.0 0.0 0.0 0.180968 0.214104 0.210081 0.18941 0.213675 0.21569
4431250 0.180872 0.216943 0.200801 0.0 0.0 0.0 0.183734 0.21651 0.203392 0.178385 0.217209 0.198544
4431250 0.186454 0.21786 0.197462 0.0 0.0 0.0 0.189734 0.214101 0.19752 0.184098 0.220461 0.197417
4431250 0.186462 0.215472 0.200723 0.0 0.0 0.0 0.183734 0.21651 0.203392 0.189734 0.214101 0.19752
4431250 0.187382 0.216875 0.20461 0.0 0.0 0.0 0.183734 0.21651 0.203392 0.191906 0.217198 0.206115
4431250 0.184527 0.218412 0.206976 0.0 0.0 0.0 0.183734 0.21651 0.203392 0.185269 0.22007 0.210306
4431250 0.195589 0.200106 0.215209 0.0 0.0 0.0 0.193275 0.204075 0.215097 0.197463 0.19678 0.215291
4431250 0.194598 0.201635 0.208187 0.0 0.0 0.0 0.196069 0.204345 0.207854 0.192443 0.197515 0.208665
4431250 0.194226 0.200646 0.204634 0.0 0.0 0.0 0.195412 0.202628 0.201943 0.192443 0.197515 0.208665
4431250 0.190175 0.201414 0.207453 0.0 0.0 0.0 0.186924 0.206854 0.20571 0.192443 0.197515 0.208665
4431250 0.200093 0.199427 0.216109 0.0 0.0 0.0 0.202824 0.202051 0.21695 0.197463 0.19678 0.215291
4431250 0.190259 0.201154 0.216972 0.0 0.0 0.0 0.193275 0.204075 0.215097 0.186457 0.197328 0.219327
4431250 0.18935 0.205319 0.186401 0.0 0.0 0.0 0.191682 0.203719 0.190055 0.18757 0.206428 0.183618
4431250 0.194272 0.2064 0.187463 0.0 0.0 0.0 0.191682 0.203719 0.190055 0.196482 0.208576 0.185248
4431250 0.19071 0.208127 0.189235 0.0 0.0 0.0 0.191682 0.203719 0.190055 0.189699 0.212576 0.188382
4431250 0.195499 0.20257 0.192342 0.0 0.0 0.0 0.191682 0.203719 0.190055 0.200026 0.201074 0.195051
4431250 0.196673 0.209245 0.189046 0.0 0.0 0.0 0.196873 0.209839 0.193121 0.196482 0.208576 0.185248
4431250 0.189317 0.206896 0.195705 0.0 0.0 0.0 0.186389 0.20792 0.193893 0.192215 0.205764 0.197496
4431250 0.194276 0.207624 0.195564 0.0 0.0 0.0 0.192215 0.205764 0.197496 0.196873 0.209839 0.193121
4431250 0.191189 0.20927 0.197508 0.0 0.0 0.0 0.192215 0.205764 0.197496 0.189734 0.214101 0.19752
4431250 0.195181 0.204043 0.19657 0.0 0.0 0.0 0.192215 0.205764 0.197496 0.200026 0.201074 0.195051
4431250 0.193509 0.211182 0.190899 0.0 0.0 0.0 0.196873 0.209839 0.193121 0.189699 0.212576 0.188382
4431250 0.193514 0.211904 0.195194 0.0 0.0 0.0 0.196873 0.209839 0.193121 0.189734 0.214101 0.19752
4431250 0.19825 0.206078 0.193965 0.0 0.0 0.0 0.196873 0.209839 0.193121 0.200026 0.201074 0.195051
4431250 0.188575 0.21117 0.2009 0.0 0.0 0.0 0.186924 0.206854 0.20571 0.189734 0.214101 0.19752
4431250 0.197097 0.202122 0.199431 0.0 0.0 0.0 0.195412 0.202628 0.201943 0.200026 0.201074 0.195051
4431250 0.195584 0.212576 0.183729 0.0 0.0 0.0 0.19445 0.217496 0.181811 0.196482 0.208576 0.185248
4431250 0.193787 0.215503 0.189665 0.0 0.0 0.0 0.197981 0.218387 0.190981 0.189699 0.212576 0.188382
4431250 0.200991 0.195622 0.197411 0.0 0.0 0.0 0.200026 0.201074 0.195051 0.201812 0.190865 0.199417
4431250 0.200906 0.199882 0.200305 0.0 0.0 0.0 0.200026 0.201074 0.195051 0.201784 0.198568 0.205547
4431250 0.198701 0.210304 0.182087 0.0 0.0 0.0 0.201289 0.212188 0.178398 0.196482 0.208576 0.185248
4431250 0.200439 0.211207 0.195387 0.0 0.0 0.0 0.196873 0.209839 0.193121 0.203286 0.212197 0.197199
4431250 0.205063 0.202579 0.193975 0.0 0.0 0.0 0.208223 0.203424 0.193299 0.200026 0.201074 0.195051
4431250 0.190651 0.205283 0.21122 0.0 0.0 0.0 0.193275 0.204075 0.215097 0.186924 0.206854 0.20571
4431250 0.193117 0.205213 0.207165 0.0 0.0 0.0 0.196069 0.204345 0.207854 0.186924 0.206854 0.20571
4431250 0.196465 0.206769 0.205531 0.0 0.0 0.0 0.196069 0.204345 0.207854 0.19707 0.210313 0.201985
4431250 0.192719 0.20403 0.203141 0.0 0.0 0.0 0.186924 0.206854 0.20571 0.195412 0.202628 0.201943
4431250 0.19606 0.20569 0.201962 0.0 0.0 0.0 0.19707 0.210313 0.201985 0.195412 0.202628 0.201943
4431250 0.196855 0.205822 0.218596 0.0 0.0 0.0 0.193275 0.204075 0.215097 0.199488 0.207005 0.221163
4431250 0.188251 0.210557 0.211044 0.0 0.0 0.0 0.186924 0.206854 0.20571 0.18941 0.213675 0.21569
4431250 0.194487 0.212236 0.213454 -2.42673 1.09968 1.40179 0.198881 0.210991 0.211519 0.18941 0.213675 0.21569
4431250 0.18981 0.212905 0.205946 0.0 0.0 0.0 0.191906 0.217198 0.206115 0.186924 0.206854 0.20571
4431250 0.195326 0.214212 0.208767 0.0 0.0 0.0 0.198881 0.210991 0.211519 0.191906 0.217198 0.206115
4431250 0.200751 0.211487 0.199152 0.0 0.0 0.0 0.19707 0.210313 0.201985 0.203286 0.212197 0.197199
4431250 0.202127 0.212739 0.208039 0.0 0.0 0.0 0.198881 0.210991 0.211519 0.205187 0.214273 0.204754
4431250 0.198463 0.203036 0.216107 0.0 0.0 0.0 0.193275 0.204075 0.215097 0.202824 0.202051 0.21695
4431250 0.195211 0.214432 0.218172 0.0 0.0 0.0 0.199855 0.214932 0.220153 0.18941 0.213675 0.21569
4431250 0.18686 0.217667 0.21238 0.0 0.0 0.0 0.18941 0.213675 0.21569 0.185269 0.22007 0.210306
4431250 0.199595 0.201246 0.219765 0.0 0.0 0.0 0.202824 0.202051 0.21695 0.195786 0.200164 0.223074
4431250 0.203298 0.215355 0.217087 0.0 0.0 0.0 0.199855 0.214932 0.220153 0.206651 0.215652 0.214098
4431250 0.196228 0.218003 0.186428 0.0 0.0 0.0 0.19445 0.217496 0.181811 0.197981 0.218387 0.190981
4431250 0.201379 0.215299 0.189717 0.0 0.0 0.0 0.197981 0.218387 0.190981 0.205837 0.211109 0.188058
4431250 0.202696 0.2178 0.213625 0.0 0.0 0.0 0.206651 0.215652 0.214098 0.199401 0.219482 0.213226
4431250 0.206729 0.201543 0.190825 0.0 0.0 0.0 0.208223 0.203424 0.193299 0.205259 0.199571 0.188394
4431250 0.207107 0.200256 0.212096 0.0 0.0 0.0 0.20812 0.206098 0.210212 0.206387 0.196022 0.213422
4431250 0.206036 0.200823 0.218796 0.0 0.0 0.0 0.202824 0.202051 0.21695 0.210596 0.19893 0.221414
4431250 0.207245 0.205616 0.184848 0.0 0.0 0.0 0.208003 0.202562 0.183119 0.205837 0.211109 0.188058
4431250 0.211251 0.208649 0.184807 0.0 0.0 0.0 0.205837 0.211109 0.188058 0.215236 0.206732 0.182413
4431250 0.207245 0.209197 0.182245 0.0 0.0 0.0 0.205837 0.211109 0.188058 0.208022 0.208045 0.17903
4431250 0.202588 0.216191 0.181051 0.0 0.0 0.0 0.201289 0.212188 0.178398 0.2036 0.219201 0.18312
4431250 0.211341 0.203339 0.194504 0.0 0.0 0.0 0.208223 0.203424 0.193299 0.214162 0.203149 0.195598
4431250 0.209538 0.206232 0.194942 0.0 0.0 0.0 0.208223 0.203424 0.193299 0.211243 0.209741 0.197078
4431250 0.209033 0.21036 0.193388 0.0 0.0 0.0 0.205837 0.211109 0.188058 0.211243 0.209741 0.197078
4431250 0.206719 0.211196 0.197146 0.0 0.0 0.0 0.203286 0.212197 0.197199 0.211243 0.209741 0.197078
4431250 0.212752 0.20338 0.19832 0.0 0.0 0.0 0.214162 0.203149 0.195598 0.211337 0.203491 0.201043
4431250 0.2113 0.206121 0.199414 0.0 0.0 0.0 0.211243 0.209741 0.197078 0.211337 0.203491 0.201043
4431250 0.204072 0.213112 0.200318 0.0 0.0 0.0 0.205187 0.214273 0.204754 0.203286 0.212197 0.197199
4431250 0.214214 0.213219 0.191834 0.0 0.0 0.0 0.21542 0.209525 0.190229 0.212921 0.217054 0.193557
4431250 0.210181 0.214812 0.191427 0.0 0.0 0.0 0.205837 0.211109 0.188058 0.212921 0.217054 0.193557
4431250 0.209401 0.216245 0.187 0.0 0.0 0.0 0.205837 0.211109 0.188058 0.211477 0.219147 0.186387
4431250 0.20612 0.217183 0.190264 0.0 0.0 0.0 0.205837 0.211109 0.188058 0.206296 0.220912 0.191657
4431250 0.215337 0.211329 0.196589 0.0 0.0 0.0 0.219041 0.212654 0.196149 0.211243 0.209741 0.197078
4431250 0.214293 0.208859 0.200137 0.0 0.0 0.0 0.218101 0.207621 0.203964 0.211243 0.209741 0.197078
4431250 0.210207 0.20447 0.204272 0.0 0.0 0.0 0.20812 0.206098 0.210212 0.211337 0.203491 0.201043
4431250 0.206525 0.210604 0.207246 0.0 0.0 0.0 0.20812 0.206098 0.210212 0.205187 0.214273 0.204754
4431250 0.205001 0.210026 0.202838 0.0 0.0 0.0 0.205187 0.214273 0.204754 0.204839 0.206249 0.201179
4431250 0.207305 0.211465 0.212375 0.0 0.0 0.0 0.20812 0.206098 0.210212 0.206651 0.215652 0.214098
4431250 0.205936 0.215037 0.209539 0.0 0.0 0.0 0.206651 0.215652 0.214098 0.205187 0.214273 0.204754
4431250 0.209984 0.215398 0.203086 0.0 0.0 0.0 0.214269 0.216295 0.201592 0.205187 0.214273 0.204754
4431250 0.213184 0.206931 0.207045 0.0 0.0 0.0 0.20812 0.206098 0.210212 0.218101 0.207621 0.203964
4431250 0.215911 0.214646 0.21087 0.0 0.0 0.0 0.214367 0.212045 0.210145 0.21806 0.218134 0.211882
4431250 0.2049 0.205091 0.218419 0.0 0.0 0.0 0.202824 0.202051 0.21695 0.207435 0.208673 0.220208
4431250 0.20703 0.212337 0.217055 0.0 0.0 0.0 0.206651 0.215652 0.214098 0.207435 0.208673 0.220208
4431250 0.213578 0.216742 0.197462 0.0 0.0 0.0 0.214269 0.216295 0.201592 0.212921 0.217054 0.193557
4431250 0.215993 0.214905 0.194855 0.0 0.0 0.0 0.219041 0.212654 0.196149 0.212921 0.217054 0.193557
4431250 0.209466 0.216631 0.210779 0.557708 0.137139 -0.479228 0.206651 0.215652 0.214098 0.211501 0.217338 0.208379
4431250 0.21594 0.212577 0.202625 0.0 0.0 0.0 0.214269 0.216295 0.201592 0.218101 0.207621 0.203964
4431250 0.21836 0.216971 0.202218 0.0 0.0 0.0 0.214269 0.216295 0.201592 0.224789 0.217886 0.203199
