# ts x y z Fx Fy Fz x1 y1 z1 x2 y2 z2
337500 0.181767 0.197241 0.193841 0.303976 0.23373 0.197509 0.179979 0.19545 0.192156 0.184716 0.200195 0.196621
337500 0.182203 0.195942 0.197476 5.02133 6.33915 -0.712848 0.180547 0.19314 0.198039 0.184716 0.200195 0.196621
337500 0.184035 0.200625 0.191672 -0.780539 1.4497 -5.75414 0.184716 0.200195 0.196621 0.183469 0.200983 0.187564
337500 0.183293 0.188405 0.19382 -0.660753 -0.092726 -0.420576 0.187136 0.189554 0.195874 0.179192 0.187178 0.191628
337500 0.18574 0.194208 0.187859 3.75311 1.12255 2.86469 0.182421 0.193097 0.186059 0.189283 0.195394 0.189782
337500 0.183334 0.191624 0.197123 -4.8672 2.52319 0.68035 0.187136 0.189554 0.195874 0.180547 0.19314 0.198039
337500 0.18893 0.197917 0.198105 -2.75551 1.03144 -0.637833 0.192893 0.195776 0.1995 0.184716 0.200195 0.196621
337500 0.186362 0.198202 0.188667 -3.40035 3.94368 -2.20262 0.189283 0.195394 0.189782 0.183469 0.200983 0.187564
337500 0.18356 0.190336 0.208197 4.51419 2.08484 3.14167 0.180437 0.188373 0.205194 0.186206 0.191999 0.21074
337500 0.194423 0.180174 0.181487 6.20615 4.13581 -0.71239 0.191342 0.177452 0.18154 0.196925 0.182385 0.181444
337500 0.198058 0.18494 0.183272 -2.10672 -3.85128 -3.87701 0.199403 0.187975 0.185443 0.196925 0.182385 0.181444
337500 0.199834 0.181768 0.182965 -0.858813 0.165452 -0.638535 0.202896 0.18112 0.184566 0.196925 0.182385 0.181444
337500 0.192808 0.182627 0.187251 -7.21253 5.81554 -3.11437 0.19548 0.179782 0.188194 0.189165 0.186504 0.185965
337500 0.186589 0.185242 0.194696 -2.27291 -11.7293 -4.78708 0.187136 0.189554 0.195874 0.186068 0.181144 0.193576
337500 0.197798 0.180973 0.19125 2.7255 0.706104 2.9432 0.19548 0.179782 0.188194 0.20068 0.182453 0.19505
337500 0.196627 0.181366 0.20579 -6.39826 -5.47139 2.25945 0.19936 0.184528 0.204938 0.193532 0.177785 0.206757
337500 0.197775 0.188477 0.205231 -2.19252 3.65455 0.246351 0.19936 0.184528 0.204938 0.196511 0.191625 0.205464
337500 0.203215 0.184441 0.203113 3.81384 0.560963 -2.06858 0.19936 0.184528 0.204938 0.206896 0.184358 0.20137
337500 0.200485 0.187626 0.202229 0.432968 2.92725 -2.32001 0.19936 0.184528 0.204938 0.201679 0.190914 0.199354
337500 0.199865 0.186911 0.208439 -1.02945 -2.32944 -4.75846 0.200431 0.189587 0.21237 0.19936 0.184528 0.204938
337500 0.195914 0.184176 0.218526 3.75113 1.69463 1.22802 0.191714 0.181393 0.216795 0.198691 0.186017 0.219672
337500 0.196496 0.180708 0.214547 -2.58665 -0.0628319 1.06784 0.20067 0.180111 0.212585 0.191714 0.181393 0.216795
337500 0.189232 0.191534 0.188124 0.335049 11.7653 7.43809 0.189165 0.186504 0.185965 0.189283 0.195394 0.189782
337500 0.197621 0.188985 0.18884 -1.42183 0.431749 1.98298 0.199403 0.187975 0.185443 0.195591 0.190136 0.192708
337500 0.188247 0.192576 0.192722 0.923472 1.8671 -1.54626 0.187136 0.189554 0.195874 0.189283 0.195394 0.189782
337500 0.189949 0.192594 0.197646 8.23787 6.98694 3.26102 0.187136 0.189554 0.195874 0.192893 0.195776 0.1995
337500 0.192324 0.19286 0.191192 -7.35018 6.10094 -1.77498 0.195591 0.190136 0.192708 0.189283 0.195394 0.189782
337500 0.196515 0.193231 0.18955 -1.45863 -4.32132 3.24169 0.197506 0.196549 0.186164 0.195591 0.190136 0.192708
337500 0.194271 0.192895 0.196031 1.52889 -5.34489 -7.69597 0.192893 0.195776 0.1995 0.195591 0.190136 0.192708
337500 0.194995 0.193364 0.202966 0.834835 -1.57114 1.83604 0.192893 0.195776 0.1995 0.196511 0.191625 0.205464
337500 0.192606 0.196736 0.204108 -0.368167 0.247033 5.27686 0.192893 0.195776 0.1995 0.192326 0.197671 0.208593
337500 0.196203 0.198339 0.197328 0.533954 0.30704 -0.246267 0.192893 0.195776 0.1995 0.199937 0.201229 0.194877
337500 0.194328 0.200014 0.200984 3.39436 12.678 6.62097 0.192893 0.195776 0.1995 0.195258 0.202761 0.201946
337500 0.198008 0.186488 0.193821 -11.0291 11.9676 -4.81046 0.20068 0.182453 0.19505 0.195591 0.190136 0.192708
337500 0.202332 0.189835 0.183519 0.985662 0.523154 -0.850372 0.199403 0.187975 0.185443 0.207342 0.193016 0.180227
337500 0.202882 0.187142 0.187161 1.69628 -0.314698 0.527072 0.199403 0.187975 0.185443 0.206545 0.186265 0.18897
337500 0.198631 0.190525 0.196027 0.720334 0.267725 0.794102 0.195591 0.190136 0.192708 0.201679 0.190914 0.199354
337500 0.200902 0.194783 0.189133 0.204518 -0.119499 0.131428 0.197506 0.196549 0.186164 0.203638 0.19336 0.191526
337500 0.199018 0.199951 0.183066 2.52488 4.46253 -5.68171 0.197506 0.196549 0.186164 0.200509 0.203305 0.180011
337500 0.189067 0.194651 0.209736 11.4279 7.70593 -2.80499 0.186206 0.191999 0.21074 0.192326 0.197671 0.208593
337500 0.196681 0.194502 0.218562 1.35778 3.73188 -5.12445 0.196497 0.192463 0.221402 0.196878 0.196688 0.215517
337500 0.196653 0.198127 0.207131 -4.69745 -1.25291 1.97613 0.201663 0.198654 0.205439 0.192326 0.197671 0.208593
337500 0.198439 0.193567 0.214134 -1.77199 5.86924 2.43317 0.200431 0.189587 0.21237 0.196878 0.196688 0.215517
337500 0.199429 0.18753 0.216576 -0.841953 -0.94463 3.06989 0.200431 0.189587 0.21237 0.198691 0.186017 0.219672
337500 0.203237 0.200212 0.19083 -0.361307 0.0418462 0.539941 0.205273 0.199585 0.188335 0.199937 0.201229 0.194877
337500 0.204563 0.18347 0.186578 1.09477 1.07946 1.25438 0.202896 0.18112 0.184566 0.206545 0.186265 0.18897
337500 0.20999 0.180938 0.192457 3.23343 4.10455 1.60755 0.207478 0.178092 0.190632 0.21243 0.183701 0.19423
337500 0.204367 0.180088 0.192653 -3.10877 2.87872 2.1638 0.207478 0.178092 0.190632 0.20068 0.182453 0.19505
337500 0.212708 0.181396 0.197598 -1.12803 2.74995 -4.96947 0.212976 0.179183 0.200833 0.21243 0.183701 0.19423
337500 0.201817 0.179747 0.19909 2.13177 -3.49738 4.34954 0.20068 0.182453 0.19505 0.202691 0.177667 0.202195
337500 0.204103 0.183502 0.198531 6.15647 0.94903 4.79366 0.20068 0.182453 0.19505 0.206896 0.184358 0.20137
337500 0.20701 0.182195 0.189797 -0.124186 1.41977 -0.52984 0.207478 0.178092 0.190632 0.206545 0.186265 0.18897
337500 0.211109 0.18756 0.193919 0.302739 -1.73157 0.0861691 0.210117 0.190461 0.193686 0.21243 0.183701 0.19423
337500 0.213615 0.185954 0.197432 1.00848 1.14273 2.22924 0.21243 0.183701 0.19423 0.215175 0.18892 0.201648
337500 0.214061 0.186218 0.191449 -2.82132 -3.07501 4.80482 0.216 0.18921 0.188145 0.21243 0.183701 0.19423
337500 0.20999 0.181724 0.201097 -2.7447 1.84277 -0.143228 0.212976 0.179183 0.200833 0.206896 0.184358 0.20137
337500 0.206641 0.18416 0.20543 0.808934 0.211616 -3.59445 0.206434 0.184 0.208723 0.206896 0.184358 0.20137
337500 0.208006 0.182369 0.211127 3.89726 -2.78353 4.25384 0.206434 0.184 0.208723 0.209437 0.180884 0.213315
337500 0.20404 0.182385 0.210327 -3.15706 -1.52761 2.4487 0.206434 0.184 0.208723 0.20067 0.180111 0.212585
337500 0.210461 0.186323 0.20149 -6.87681 -2.77225 -0.993817 0.215175 0.18892 0.201648 0.206896 0.184358 0.20137
337500 0.206923 0.187184 0.207996 2.21152 7.12568 -2.22192 0.206434 0.184 0.208723 0.207554 0.191288 0.207059
337500 0.209926 0.183485 0.214744 0.0467494 2.79567 1.73818 0.209437 0.180884 0.213315 0.210702 0.187604 0.217006
337500 0.216524 0.17984 0.199278 -1.08937 -0.140644 0.685462 0.222315 0.180912 0.196741 0.212976 0.179183 0.200833
337500 0.21221 0.180764 0.214473 2.43605 -0.0433043 1.50173 0.209437 0.180884 0.213315 0.215921 0.180604 0.216023
337500 0.202731 0.192228 0.19515 -0.292954 -0.260398 0.681791 0.203638 0.19336 0.191526 0.201679 0.190914 0.199354
337500 0.205072 0.193827 0.198637 -2.68764 -1.95901 0.0714515 0.208621 0.196872 0.197887 0.201679 0.190914 0.199354
337500 0.205042 0.189934 0.190292 0.309272 -0.537781 -0.277695 0.203638 0.19336 0.191526 0.206545 0.186265 0.18897
337500 0.208603 0.188682 0.191687 -1.95146 -1.52729 -2.36185 0.210117 0.190461 0.193686 0.206545 0.186265 0.18897
337500 0.204526 0.196742 0.189792 0.31666 0.684763 -0.364698 0.203638 0.19336 0.191526 0.205273 0.199585 0.188335
337500 0.21262 0.192164 0.194216 1.48957 1.34139 0.535049 0.210117 0.190461 0.193686 0.215139 0.193878 0.194749
337500 0.209528 0.192984 0.195339 -1.0066 2.31438 1.80121 0.210117 0.190461 0.193686 0.208621 0.196872 0.197887
337500 0.212564 0.195061 0.195989 2.1169 -0.560316 -0.91886 0.208621 0.196872 0.197887 0.215139 0.193878 0.194749
337500 0.214642 0.195804 0.19238 0.179188 -0.619676 1.07474 0.213801 0.199066 0.188367 0.215139 0.193878 0.194749
337500 0.209492 0.198303 0.202317 -1.40961 -1.44926 -3.78041 0.210065 0.199242 0.205226 0.208621 0.196872 0.197887
337500 0.218021 0.192788 0.195002 -3.67513 1.4773 0.298982 0.221859 0.191336 0.195339 0.215139 0.193878 0.194749
337500 0.214941 0.193954 0.188252 -1.66444 4.26019 -0.0929743 0.216 0.18921 0.188145 0.213801 0.199066 0.188367
337500 0.204201 0.190488 0.209559 2.80313 1.27992 -2.40116 0.200431 0.189587 0.21237 0.207554 0.191288 0.207059
337500 0.204933 0.194565 0.206338 8.79267 -9.06611 0.542711 0.201663 0.198654 0.205439 0.207554 0.191288 0.207059
337500 0.210396 0.18841 0.208387 -2.32053 2.26549 -1.66743 0.212526 0.186252 0.209382 0.207554 0.191288 0.207059
337500 0.210919 0.190243 0.20467 -4.22234 1.17331 2.05964 0.215175 0.18892 0.201648 0.207554 0.191288 0.207059
337500 0.211794 0.186794 0.212441 -0.425211 0.353876 1.1545 0.212526 0.186252 0.209382 0.210702 0.187604 0.217006
337500 0.203373 0.203038 0.202972 5.99783 10.1424 -5.2661 0.201663 0.198654 0.205439 0.204671 0.206366 0.2011
337500 0.209344 0.201714 0.20697 -1.06896 2.48721 2.3808 0.210065 0.199242 0.205226 0.208051 0.206146 0.210097
337500 0.215011 0.184366 0.208708 -3.29732 1.76283 0.957445 0.218764 0.181517 0.207689 0.212526 0.186252 0.209382
337500 0.217069 0.185014 0.204835 -1.42737 2.4549 -2.81703 0.218764 0.181517 0.207689 0.215175 0.18892 0.201648
337500 0.218963 0.190289 0.198073 -1.86028 -0.886007 2.43907 0.221859 0.191336 0.195339 0.215175 0.18892 0.201648
337500 0.212115 0.198049 0.207238 1.88964 -1.37265 2.63098 0.210065 0.199242 0.205226 0.216395 0.19556 0.211438
337500 0.216556 0.194077 0.200945 -3.12685 -7.88798 2.09014 0.217735 0.198482 0.200344 0.215175 0.18892 0.201648
337500 0.207048 0.190196 0.21862 8.51506 -4.11995 -3.73243 0.20393 0.192409 0.219998 0.210702 0.187604 0.217006
337500 0.215513 0.201288 0.197454 -2.27848 4.53764 -4.21096 0.217735 0.198482 0.200344 0.214052 0.203132 0.195555
337500 0.182599 0.1805 0.196001 -1.63428 -0.0522385 0.91271 0.186068 0.181144 0.193576 0.177652 0.179582 0.199458
337500 0.19473 0.194198 0.206796 1.4463 -2.00144 -1.54781 0.192326 0.197671 0.208593 0.196511 0.191625 0.205464
337500 0.206315 0.181183 0.183756 -0.705304 0.0993594 0.142325 0.211575 0.181279 0.182511 0.202896 0.18112 0.184566
337500 0.211055 0.19298 0.208794 -3.03837 -1.66901 -2.22888 0.216395 0.19556 0.211438 0.207554 0.191288 0.207059
337500 0.201113 0.180916 0.203494 1.1693 -1.67386 -0.876018 0.19936 0.184528 0.204938 0.202691 0.177667 0.202195
337500 0.193708 0.19881 0.18418 -1.22426 0.746763 -0.939934 0.197506 0.196549 0.186164 0.190862 0.200505 0.182694
337500 0.217872 0.20277 0.202005 0.445072 3.43311 1.89846 0.217735 0.198482 0.200344 0.218034 0.207822 0.203962
337500 0.210987 0.19643 0.184821 1.68728 1.22593 2.50961 0.207342 0.193016 0.180227 0.213801 0.199066 0.188367
337500 0.210032 0.196036 0.212647 0.121818 0.00306421 -0.00772547 0.206169 0.196326 0.213381 0.216395 0.19556 0.211438
337500 0.198521 0.194368 0.205454 -2.51458 -3.34122 -0.654372 0.201663 0.198654 0.205439 0.196511 0.191625 0.205464
337500 0.190336 0.180492 0.204347 -0.834098 0.490219 -0.640739 0.193532 0.177785 0.206757 0.187349 0.183022 0.202094
337500 0.183226 0.181559 0.200973 0.249654 0.0535261 0.0932044 0.177652 0.179582 0.199458 0.187349 0.183022 0.202094
337500 0.187242 0.186292 0.198981 -0.133118 -0.750704 0.669092 0.187136 0.189554 0.195874 0.187349 0.183022 0.202094
337500 0.206835 0.193904 0.210342 0.0241505 -0.0564835 -0.0995714 0.206169 0.196326 0.213381 0.207554 0.191288 0.207059
337500 0.205067 0.194397 0.216639 0.0313468 0.030526 -0.0711629 0.20393 0.192409 0.219998 0.206169 0.196326 0.213381
337500 0.203661 0.180688 0.2161 0.0123304 0.00204415 0.0105105 0.20067 0.180111 0.212585 0.205881 0.181116 0.21871
337500 0.181779 0.199203 0.200563 0.828686 0.0735237 -0.957215 0.17873 0.198173 0.204656 0.184716 0.200195 0.196621
337500 0.202324 0.191113 0.216496 0.17051 0.262677 0.56146 0.200431 0.189587 0.21237 0.20393 0.192409 0.219998
337500 0.194479 0.18932 0.206922 2.2654 1.95293 -1.81713 0.191966 0.186467 0.208724 0.196511 0.191625 0.205464
337500 0.206963 0.199025 0.205304 -0.565464 -0.103518 0.0803659 0.210065 0.199242 0.205226 0.201663 0.198654 0.205439
337500 0.207457 0.180923 0.208092 0.649533 -1.2461 -0.315688 0.206434 0.184 0.208723 0.208724 0.177113 0.20731
337500 0.192695 0.182426 0.207808 0.36371 -5.029 -1.66483 0.191966 0.186467 0.208724 0.193532 0.177785 0.206757
337500 0.189024 0.189293 0.209754 -3.29271 2.58406 0.514994 0.191966 0.186467 0.208724 0.186206 0.191999 0.21074
337500 0.208738 0.184091 0.186154 -0.184191 0.279335 0.340798 0.211575 0.181279 0.182511 0.206545 0.186265 0.18897
337500 0.198549 0.191835 0.185768 1.34591 -3.43051 -0.422933 0.197506 0.196549 0.186164 0.199403 0.187975 0.185443
337500 0.191855 0.184228 0.212286 0.0877274 -0.504619 1.07722 0.191966 0.186467 0.208724 0.191714 0.181393 0.216795
337500 0.218435 0.185265 0.199408 -1.67271 1.60641 1.49437 0.222315 0.180912 0.196741 0.215175 0.18892 0.201648
337500 0.183983 0.185628 0.203604 0.214834 -0.230185 -0.0968873 0.180437 0.188373 0.205194 0.187349 0.183022 0.202094
337500 0.19483 0.19713 0.212402 0.316189 -0.0354637 0.349824 0.192326 0.197671 0.208593 0.196878 0.196688 0.215517
337500 0.213111 0.19097 0.21465 1.99005 1.92322 -1.6755 0.210702 0.187604 0.217006 0.216395 0.19556 0.211438
337500 0.189908 0.182617 0.194767 -0.0129296 -0.0026445 -0.00405748 0.192694 0.183686 0.195631 0.186068 0.181144 0.193576
337500 0.210731 0.201384 0.203071 0.0025563 0.0146691 -0.0186909 0.210065 0.199242 0.205226 0.211379 0.20347 0.200974
337500 0.193172 0.185535 0.19808 0.000732679 0.00424683 0.00409344 0.192694 0.183686 0.195631 0.193695 0.187558 0.200759
337500 0.195756 0.183214 0.195408 0.0131296 3.25593e-05 -0.00138726 0.192694 0.183686 0.195631 0.20068 0.182453 0.19505
337500 0.185085 0.179861 0.211485 -0.00203738 0.0153752 -0.0052586 0.185431 0.175573 0.212251 0.184787 0.183571 0.210822
337500 0.19237 0.188466 0.212406 0.00356883 0.00623554 0.0151597 0.191966 0.186467 0.208724 0.192712 0.190161 0.21553
337500 0.187814 0.18741 0.203058 -0.000196248 0.00952907 0.00111682 0.187349 0.183022 0.202094 0.188154 0.190611 0.203761
337500 0.196206 0.186215 0.202611 -0.003798 0.00120693 -0.00241177 0.19936 0.184528 0.204938 0.193695 0.187558 0.200759
337500 0.197701 0.195904 0.181366 -0.00305753 -0.000587062 0.0338456 0.197832 0.195471 0.178144 0.197506 0.196549 0.186164
337500 0.196009 0.18991 0.21418 0.0 0.0 0.0 0.200431 0.189587 0.21237 0.192712 0.190161 0.21553
337500 0.182434 0.179716 0.191303 0.0 0.0 0.0 0.186068 0.181144 0.193576 0.178514 0.178195 0.188851
337500 0.182861 0.185688 0.208331 0.0 0.0 0.0 0.180437 0.188373 0.205194 0.184787 0.183571 0.210822
337500 0.185954 0.183312 0.206846 0.0 0.0 0.0 0.187349 0.183022 0.202094 0.184787 0.183571 0.210822
337500 0.187662 0.182658 0.213302 0.0 0.0 0.0 0.191714 0.181393 0.216795 0.184787 0.183571 0.210822
337500 0.188184 0.184932 0.20983 0.0 0.0 0.0 0.191966 0.186467 0.208724 0.184787 0.183571 0.210822
337500 0.185474 0.187641 0.210783 0.0 0.0 0.0 0.186206 0.191999 0.21074 0.184787 0.183571 0.210822
337500 0.180502 0.191178 0.200971 0.0 0.0 0.0 0.180437 0.188373 0.205194 0.180547 0.19314 0.198039
337500 0.18283 0.183977 0.192659 0.0 0.0 0.0 0.186068 0.181144 0.193576 0.179192 0.187178 0.191628
337500 0.183856 0.186854 0.18898 0.0 0.0 0.0 0.189165 0.186504 0.185965 0.179192 0.187178 0.191628
337500 0.185991 0.194581 0.196228 0.0 0.0 0.0 0.187136 0.189554 0.195874 0.184716 0.200195 0.196621
337500 0.187201 0.197574 0.1929 0.0 0.0 0.0 0.189283 0.195394 0.189782 0.184716 0.200195 0.196621
337500 0.184997 0.189686 0.204348 0.0 0.0 0.0 0.180437 0.188373 0.205194 0.188154 0.190611 0.203761
337500 0.197922 0.178813 0.182093 0.0 0.0 0.0 0.199423 0.173455 0.183069 0.196925 0.182385 0.181444
337500 0.196269 0.181194 0.184509 0.0 0.0 0.0 0.19548 0.179782 0.188194 0.196925 0.182385 0.181444
337500 0.193436 0.178622 0.184906 0.0 0.0 0.0 0.19548 0.179782 0.188194 0.191342 0.177452 0.18154
337500 0.193985 0.183937 0.183158 0.0 0.0 0.0 0.189165 0.186504 0.185965 0.196925 0.182385 0.181444
337500 0.190408 0.181326 0.183438 0.0 0.0 0.0 0.189165 0.186504 0.185965 0.191342 0.177452 0.18154
337500 0.192537 0.180915 0.197151 0.0 0.0 0.0 0.192694 0.183686 0.195631 0.192372 0.178022 0.198749
337500 0.189646 0.179363 0.196512 0.0 0.0 0.0 0.186068 0.181144 0.193576 0.192372 0.178022 0.198749
337500 0.190516 0.183407 0.198264 0.0 0.0 0.0 0.192694 0.183686 0.195631 0.187349 0.183022 0.202094
337500 0.186692 0.182049 0.197721 0.0 0.0 0.0 0.186068 0.181144 0.193576 0.187349 0.183022 0.202094
337500 0.190266 0.18011 0.200151 0.0 0.0 0.0 0.192372 0.178022 0.198749 0.187349 0.183022 0.202094
337500 0.190426 0.186072 0.19573 0.0 0.0 0.0 0.192694 0.183686 0.195631 0.187136 0.189554 0.195874
337500 0.193874 0.186305 0.19444 0.0 0.0 0.0 0.192694 0.183686 0.195631 0.195591 0.190136 0.192708
337500 0.187427 0.183487 0.190236 0.0 0.0 0.0 0.186068 0.181144 0.193576 0.189165 0.186504 0.185965
337500 0.199435 0.180486 0.186259 0.0 0.0 0.0 0.19548 0.179782 0.188194 0.202896 0.18112 0.184566
337500 0.192668 0.179492 0.211531 0.0 0.0 0.0 0.191714 0.181393 0.216795 0.193532 0.177785 0.206757
337500 0.190971 0.185611 0.201332 0.004693 0.00235594 -0.00113781 0.187349 0.183022 0.202094 0.193695 0.187558 0.200759
337500 0.189739 0.184796 0.205526 0.0 0.0 0.0 0.191966 0.186467 0.208724 0.187349 0.183022 0.202094
337500 0.195638 0.185495 0.206844 0.0 0.0 0.0 0.191966 0.186467 0.208724 0.19936 0.184528 0.204938
337500 0.199968 0.183563 0.200383 0.0 0.0 0.0 0.20068 0.182453 0.19505 0.19936 0.184528 0.204938
337500 0.197169 0.178961 0.209726 0.0 0.0 0.0 0.20067 0.180111 0.212585 0.193532 0.177785 0.206757
337500 0.203347 0.184221 0.207071 0.0 0.0 0.0 0.206434 0.184 0.208723 0.19936 0.184528 0.204938
337500 0.199987 0.182405 0.208596 0.0 0.0 0.0 0.20067 0.180111 0.212585 0.19936 0.184528 0.204938
337500 0.192312 0.186634 0.216037 0.0 0.0 0.0 0.191714 0.181393 0.216795 0.192712 0.190161 0.21553
337500 0.203075 0.178829 0.219594 0.0 0.0 0.0 0.199107 0.175617 0.220845 0.205881 0.181116 0.21871
337500 0.198085 0.188245 0.181574 0.0 0.0 0.0 0.199403 0.187975 0.185443 0.196894 0.188507 0.17808
337500 0.195101 0.187348 0.185663 0.0 0.0 0.0 0.199403 0.187975 0.185443 0.189165 0.186504 0.185965
337500 0.188052 0.188168 0.191401 0.0 0.0 0.0 0.187136 0.189554 0.195874 0.189165 0.186504 0.185965
337500 0.192686 0.188485 0.18966 0.0 0.0 0.0 0.189165 0.186504 0.185965 0.195591 0.190136 0.192708
337500 0.191358 0.189836 0.194293 0.0 0.0 0.0 0.187136 0.189554 0.195874 0.195591 0.190136 0.192708
337500 0.193103 0.195921 0.188101 0.0 0.0 0.0 0.197506 0.196549 0.186164 0.189283 0.195394 0.189782
337500 0.190984 0.195565 0.194361 0.0 0.0 0.0 0.192893 0.195776 0.1995 0.189283 0.195394 0.189782
337500 0.190876 0.188407 0.19866 0.0 0.0 0.0 0.187136 0.189554 0.195874 0.193695 0.187558 0.200759
337500 0.187725 0.190155 0.200431 0.0 0.0 0.0 0.187136 0.189554 0.195874 0.188154 0.190611 0.203761
337500 0.194509 0.188656 0.197304 0.0 0.0 0.0 0.195591 0.190136 0.192708 0.193695 0.187558 0.200759
337500 0.193359 0.19099 0.200232 0.0 0.0 0.0 0.192893 0.195776 0.1995 0.193695 0.187558 0.200759
337500 0.190104 0.192726 0.20201 0.0 0.0 0.0 0.192893 0.195776 0.1995 0.188154 0.190611 0.203761
337500 0.19013 0.198127 0.185979 0.0 0.0 0.0 0.189283 0.195394 0.189782 0.190862 0.200505 0.182694
337500 0.19436 0.200303 0.188205 0.0 0.0 0.0 0.197506 0.196549 0.186164 0.191451 0.203794 0.190093
337500 0.198664 0.198771 0.190317 0.0 0.0 0.0 0.197506 0.196549 0.186164 0.199937 0.201229 0.194877
337500 0.20104 0.186077 0.181644 0.0 0.0 0.0 0.199403 0.187975 0.185443 0.202337 0.184588 0.178631
337500 0.201255 0.184331 0.184978 0.0 0.0 0.0 0.199403 0.187975 0.185443 0.202896 0.18112 0.184566
337500 0.201603 0.195068 0.183691 0.0 0.0 0.0 0.197506 0.196549 0.186164 0.207342 0.193016 0.180227
337500 0.201538 0.19068 0.18851 0.0 0.0 0.0 0.203638 0.19336 0.191526 0.199403 0.187975 0.185443
337500 0.199908 0.191857 0.192074 0.0 0.0 0.0 0.203638 0.19336 0.191526 0.195591 0.190136 0.192708
337500 0.202137 0.19835 0.187459 0.0 0.0 0.0 0.197506 0.196549 0.186164 0.205273 0.199585 0.188335
337500 0.197375 0.193287 0.199426 0.0 0.0 0.0 0.192893 0.195776 0.1995 0.201679 0.190914 0.199354
337500 0.197016 0.19712 0.202293 0.0 0.0 0.0 0.192893 0.195776 0.1995 0.201663 0.198654 0.205439
337500 0.190883 0.189099 0.202284 0.0 0.0 0.0 0.188154 0.190611 0.203761 0.193695 0.187558 0.200759
337500 0.192923 0.187062 0.204317 0.0 0.0 0.0 0.191966 0.186467 0.208724 0.193695 0.187558 0.200759
337500 0.195102 0.189582 0.20311 0.0 0.0 0.0 0.196511 0.191625 0.205464 0.193695 0.187558 0.200759
337500 0.189829 0.188782 0.205941 0.0 0.0 0.0 0.191966 0.186467 0.208724 0.188154 0.190611 0.203761
337500 0.187279 0.191226 0.206901 0.0 0.0 0.0 0.186206 0.191999 0.21074 0.188154 0.190611 0.203761
337500 0.189655 0.191015 0.21328 0.0 0.0 0.0 0.186206 0.191999 0.21074 0.192712 0.190161 0.21553
337500 0.194743 0.193334 0.215524 0.0 0.0 0.0 0.192712 0.190161 0.21553 0.196878 0.196688 0.215517
337500 0.186274 0.194182 0.214239 0.0 0.0 0.0 0.186206 0.191999 0.21074 0.186373 0.197373 0.219317
337500 0.194623 0.191314 0.218494 0.0 0.0 0.0 0.196497 0.192463 0.221402 0.192712 0.190161 0.21553
337500 0.190309 0.192886 0.216966 0.0 0.0 0.0 0.192712 0.190161 0.21553 0.186373 0.197373 0.219317
337500 0.195721 0.188066 0.217614 0.0 0.0 0.0 0.192712 0.190161 0.21553 0.198691 0.186017 0.219672
337500 0.197117 0.188988 0.200157 0.0 0.0 0.0 0.201679 0.190914 0.199354 0.193695 0.187558 0.200759
337500 0.198727 0.191311 0.202844 0.0 0.0 0.0 0.201679 0.190914 0.199354 0.196511 0.191625 0.205464
337500 0.195925 0.187917 0.210429 0.0 0.0 0.0 0.191966 0.186467 0.208724 0.200431 0.189587 0.21237
337500 0.198138 0.19077 0.208332 0.0 0.0 0.0 0.200431 0.189587 0.21237 0.196511 0.191625 0.205464
337500 0.199544 0.183462 0.216617 0.0 0.0 0.0 0.20067 0.180111 0.212585 0.198691 0.186017 0.219672
337500 0.201124 0.188976 0.219823 0.0 0.0 0.0 0.20393 0.192409 0.219998 0.198691 0.186017 0.219672
337500 0.202072 0.196681 0.192944 0.0 0.0 0.0 0.203638 0.19336 0.191526 0.199937 0.201229 0.194877
337500 0.20453 0.198916 0.196469 0.0 0.0 0.0 0.208621 0.196872 0.197887 0.199937 0.201229 0.194877
337500 0.202601 0.182941 0.181434 0.0 0.0 0.0 0.202896 0.18112 0.184566 0.202337 0.184588 0.178631
337500 0.209272 0.179479 0.187075 0.0 0.0 0.0 0.207478 0.178092 0.190632 0.211575 0.181279 0.182511
337500 0.20498 0.179734 0.187325 0.0 0.0 0.0 0.207478 0.178092 0.190632 0.202896 0.18112 0.184566
337500 0.209657 0.184021 0.197808 0.0 0.0 0.0 0.21243 0.183701 0.19423 0.206896 0.184358 0.20137
337500 0.209519 0.18496 0.191628 0.0 0.0 0.0 0.21243 0.183701 0.19423 0.206545 0.186265 0.18897
337500 0.201204 0.186882 0.197308 0.0 0.0 0.0 0.20068 0.182453 0.19505 0.201679 0.190914 0.199354
337500 0.203873 0.184519 0.19174 0.0 0.0 0.0 0.20068 0.182453 0.19505 0.206545 0.186265 0.18897
337500 0.21628 0.182606 0.195208 0.0 0.0 0.0 0.222315 0.180912 0.196741 0.21243 0.183701 0.19423
337500 0.20473 0.180904 0.201795 0.0 0.0 0.0 0.206896 0.184358 0.20137 0.202691 0.177667 0.202195
337500 0.207808 0.180734 0.204334 0.0 0.0 0.0 0.208724 0.177113 0.20731 0.206896 0.184358 0.20137
337500 0.209135 0.179277 0.21077 0.0 0.0 0.0 0.209437 0.180884 0.213315 0.208724 0.177113 0.20731
337500 0.204955 0.178507 0.209778 0.0 0.0 0.0 0.20067 0.180111 0.212585 0.208724 0.177113 0.20731
337500 0.205993 0.180571 0.213028 0.0 0.0 0.0 0.209437 0.180884 0.213315 0.20067 0.180111 0.212585
337500 0.207781 0.180983 0.215827 0.0 0.0 0.0 0.209437 0.180884 0.213315 0.205881 0.181116 0.21871
337500 0.204425 0.187454 0.200416 0.0 0.0 0.0 0.201679 0.190914 0.199354 0.206896 0.184358 0.20137
337500 0.213903 0.183281 0.201177 0.0 0.0 0.0 0.212976 0.179183 0.200833 0.215175 0.18892 0.201648
337500 0.207217 0.187738 0.204152 0.0 0.0 0.0 0.206896 0.184358 0.20137 0.207554 0.191288 0.207059
337500 0.203983 0.186272 0.210212 0.0 0.0 0.0 0.206434 0.184 0.208723 0.200431 0.189587 0.21237
337500 0.209532 0.185136 0.209058 0.0 0.0 0.0 0.206434 0.184 0.208723 0.212526 0.186252 0.209382
337500 0.210936 0.183479 0.211407 0.0 0.0 0.0 0.209437 0.180884 0.213315 0.212526 0.186252 0.209382
337500 0.200552 0.18477 0.212479 0.0 0.0 0.0 0.200431 0.189587 0.21237 0.20067 0.180111 0.212585
337500 0.215575 0.180222 0.203911 0.0 0.0 0.0 0.218764 0.181517 0.207689 0.212976 0.179183 0.200833
337500 0.207907 0.183833 0.217994 0.0 0.0 0.0 0.205881 0.181116 0.21871 0.210702 0.187604 0.217006
337500 0.206848 0.188829 0.185638 0.0 0.0 0.0 0.207342 0.193016 0.180227 0.206545 0.186265 0.18897
337500 0.20499 0.193225 0.1874 0.0 0.0 0.0 0.203638 0.19336 0.191526 0.207342 0.193016 0.180227
337500 0.205947 0.197435 0.185693 0.0 0.0 0.0 0.205273 0.199585 0.188335 0.207342 0.193016 0.180227
337500 0.212386 0.19079 0.18484 0.0 0.0 0.0 0.216 0.18921 0.188145 0.207342 0.193016 0.180227
337500 0.207262 0.191729 0.192734 0.0 0.0 0.0 0.210117 0.190461 0.193686 0.203638 0.19336 0.191526
337500 0.205889 0.194938 0.1944 0.0 0.0 0.0 0.203638 0.19336 0.191526 0.208621 0.196872 0.197887
337500 0.21108 0.197905 0.193367 0.0 0.0 0.0 0.208621 0.196872 0.197887 0.213801 0.199066 0.188367
337500 0.208556 0.199376 0.188348 0.0 0.0 0.0 0.205273 0.199585 0.188335 0.213801 0.199066 0.188367
337500 0.201671 0.194466 0.202154 0.0 0.0 0.0 0.201663 0.198654 0.205439 0.201679 0.190914 0.199354
337500 0.204707 0.191098 0.203326 0.0 0.0 0.0 0.201679 0.190914 0.199354 0.207554 0.191288 0.207059
337500 0.211955 0.189892 0.196579 0.0 0.0 0.0 0.210117 0.190461 0.193686 0.215175 0.18892 0.201648
337500 0.215152 0.192061 0.197266 0.0 0.0 0.0 0.215175 0.18892 0.201648 0.215139 0.193878 0.194749
337500 0.205342 0.197703 0.201446 0.0 0.0 0.0 0.208621 0.196872 0.197887 0.201663 0.198654 0.205439
337500 0.211688 0.193142 0.199647 0.0 0.0 0.0 0.208621 0.196872 0.197887 0.215175 0.18892 0.201648
337500 0.211935 0.200684 0.196464 0.0 0.0 0.0 0.208621 0.196872 0.197887 0.214052 0.203132 0.195555
337500 0.210304 0.200889 0.199771 0.0 0.0 0.0 0.208621 0.196872 0.197887 0.211379 0.20347 0.200974
337500 0.210915 0.187617 0.188589 0.0 0.0 0.0 0.216 0.18921 0.188145 0.206545 0.186265 0.18897
337500 0.212396 0.189967 0.191539 0.0 0.0 0.0 0.210117 0.190461 0.193686 0.216 0.18921 0.188145
337500 0.215473 0.192054 0.192181 0.0 0.0 0.0 0.216 0.18921 0.188145 0.215139 0.193878 0.194749
337500 0.216182 0.19572 0.196998 0.0 0.0 0.0 0.217735 0.198482 0.200344 0.215139 0.193878 0.194749
337500 0.213244 0.19768 0.199133 0.0 0.0 0.0 0.217735 0.198482 0.200344 0.208621 0.196872 0.197887
337500 0.217812 0.201945 0.190957 0.0 0.0 0.0 0.213801 0.199066 0.188367 0.221671 0.204733 0.193448
337500 0.201014 0.193876 0.209085 0.0 0.0 0.0 0.200431 0.189587 0.21237 0.201663 0.198654 0.205439
337500 0.203578 0.193274 0.212925 0.0 0.0 0.0 0.200431 0.189587 0.21237 0.206169 0.196326 0.213381
337500 0.204249 0.197308 0.209999 0.0 0.0 0.0 0.206169 0.196326 0.213381 0.201663 0.198654 0.205439
337500 0.213512 0.187236 0.206504 0.0 0.0 0.0 0.212526 0.186252 0.209382 0.215175 0.18892 0.201648
337500 0.209005 0.195875 0.206 0.0 0.0 0.0 0.210065 0.199242 0.205226 0.207554 0.191288 0.207059
337500 0.207994 0.197522 0.216699 0.0 0.0 0.0 0.210562 0.199227 0.221365 0.206169 0.196326 0.213381
337500 0.213801 0.18931 0.21006 0.0 0.0 0.0 0.212526 0.186252 0.209382 0.216395 0.19556 0.211438
337500 0.213158 0.198926 0.203257 0.0 0.0 0.0 0.210065 0.199242 0.205226 0.217735 0.198482 0.200344
337500 0.215728 0.191921 0.206087 0.0 0.0 0.0 0.216395 0.19556 0.211438 0.215175 0.18892 0.201648
337500 0.213901 0.201482 0.200724 0.0 0.0 0.0 0.217735 0.198482 0.200344 0.211379 0.20347 0.200974
337500 0.217179 0.197261 0.204945 0.0 0.0 0.0 0.217735 0.198482 0.200344 0.216395 0.19556 0.211438
337500 0.219613 0.201456 0.197053 0.0 0.0 0.0 0.217735 0.198482 0.200344 0.221671 0.204733 0.193448
337500 0.185625 0.204878 0.195076 -0.669005 -5.18661 2.59467 0.186221 0.20795 0.194063 0.184716 0.200195 0.196621
337500 0.185607 0.203118 0.200596 -1.24242 -2.75998 -5.37438 0.186776 0.206953 0.205809 0.184716 0.200195 0.196621
337500 0.182981 0.207385 0.194181 -2.0959 -0.274334 0.403631 0.186221 0.20795 0.194063 0.17922 0.206729 0.194317
337500 0.185587 0.214087 0.195217 -1.33188 0.179786 -0.696197 0.1895 0.214177 0.197667 0.182111 0.214007 0.193042
337500 0.18113 0.206031 0.202564 0.0486467 -0.00096336 0.0269944 0.178511 0.205603 0.201059 0.186776 0.206953 0.205809
337500 0.184827 0.213062 0.204354 2.23845 -4.51054 0.855547 0.183685 0.216642 0.203501 0.186776 0.206953 0.205809
337500 0.190332 0.199459 0.189932 -7.08604 -19.0245 1.70955 0.191451 0.203794 0.190093 0.189283 0.195394 0.189782
337500 0.192725 0.200908 0.211822 -1.80881 -6.27274 -5.21785 0.193128 0.204176 0.215082 0.192326 0.197671 0.208593
337500 0.194505 0.201687 0.208158 -2.56646 -4.92754 1.43451 0.195993 0.204427 0.207861 0.192326 0.197671 0.208593
337500 0.190045 0.201487 0.207449 1.88561 -2.97315 1.52454 0.186776 0.206953 0.205809 0.192326 0.197671 0.208593
337500 0.1952 0.200039 0.215323 5.44408 -7.64165 0.15271 0.193128 0.204176 0.215082 0.196878 0.196688 0.215517
337500 0.1994 0.199441 0.215909 -0.297302 -0.403902 -0.113619 0.202021 0.202301 0.216315 0.196878 0.196688 0.215517
337500 0.194393 0.20225 0.219103 0.690457 -1.24988 3.73599 0.193128 0.204176 0.215082 0.195649 0.200339 0.223094
337500 0.188167 0.209019 0.185796 -0.783131 -2.65815 -2.67567 0.189493 0.212565 0.188492 0.187192 0.206414 0.183814
337500 0.198079 0.206121 0.193917 0.0970904 -0.475041 0.0922207 0.196644 0.209901 0.193176 0.199937 0.201229 0.194877
337500 0.188435 0.20619 0.192382 2.99152 -1.58591 -2.1147 0.186221 0.20795 0.194063 0.191451 0.203794 0.190093
337500 0.19416 0.20698 0.191701 5.36063 5.04899 3.92768 0.191451 0.203794 0.190093 0.196644 0.209901 0.193176
337500 0.19049 0.208099 0.189307 -2.29411 8.84235 -0.194205 0.191451 0.203794 0.190093 0.189493 0.212565 0.188492
337500 0.187585 0.210541 0.195563 2.89771 4.96815 4.17262 0.186221 0.20795 0.194063 0.1895 0.214177 0.197667
337500 0.196766 0.210136 0.197277 -0.402566 0.638819 4.11498 0.196644 0.209901 0.193176 0.196906 0.210409 0.202038
337500 0.193143 0.212324 0.199817 -3.58896 1.18239 -1.6197 0.196906 0.210409 0.202038 0.1895 0.214177 0.197667
337500 0.191779 0.214957 0.185228 -1.23938 -1.20639 2.34665 0.194158 0.217447 0.181829 0.189493 0.212565 0.188492
337500 0.197106 0.213868 0.192209 0.846301 6.52727 -2.75043 0.196644 0.209901 0.193176 0.197642 0.218472 0.191086
337500 0.18785 0.216826 0.18935 5.19333 -9.16033 -1.30689 0.186301 0.220842 0.190159 0.189493 0.212565 0.188492
337500 0.190657 0.215742 0.201855 -0.064722 -0.249082 -0.570279 0.191853 0.21736 0.206185 0.1895 0.214177 0.197667
337500 0.200201 0.210409 0.19118 2.05757 0.48957 -1.59444 0.196644 0.209901 0.193176 0.205621 0.211183 0.188138
337500 0.202629 0.20415 0.198416 0.0973017 0.160086 0.151394 0.199937 0.201229 0.194877 0.204671 0.206366 0.2011
337500 0.195882 0.207492 0.21338 1.53006 1.79802 -0.522595 0.193128 0.204176 0.215082 0.19883 0.21104 0.211559
337500 0.195621 0.203584 0.204868 -1.03715 -1.58572 -3.96146 0.195993 0.204427 0.207861 0.195258 0.202761 0.201946
337500 0.197091 0.206987 0.209292 -3.05728 -6.06997 -4.898 0.19883 0.21104 0.211559 0.195993 0.204427 0.207861
337500 0.195902 0.205748 0.201982 -3.77116 -12.6001 1.66979 0.196906 0.210409 0.202038 0.195258 0.202761 0.201946
337500 0.192647 0.208956 0.203623 0.20484 0.110816 -0.0883685 0.186776 0.206953 0.205809 0.196906 0.210409 0.202038
337500 0.191419 0.208472 0.215371 -9.26691 15.862 2.12786 0.193128 0.204176 0.215082 0.189305 0.213786 0.215728
337500 0.188128 0.210604 0.211109 0.458704 2.10544 4.00801 0.186776 0.206953 0.205809 0.189305 0.213786 0.215728
337500 0.198402 0.2147 0.200585 0.913014 1.67367 -0.557803 0.196906 0.210409 0.202038 0.199595 0.218122 0.199427
337500 0.19438 0.213884 0.204111 6.75987 -6.7158 -5.47502 0.191853 0.21736 0.206185 0.196906 0.210409 0.202038
337500 0.197597 0.201261 0.203222 1.58074 -0.854018 0.532174 0.195258 0.202761 0.201946 0.201663 0.198654 0.205439
337500 0.202824 0.213644 0.212922 3.08774 2.56893 0.679301 0.19883 0.21104 0.211559 0.206417 0.215986 0.214149
337500 0.201113 0.208219 0.20153 5.2809 -2.23611 0.175613 0.196906 0.210409 0.202038 0.204671 0.206366 0.2011
337500 0.200972 0.21244 0.203487 6.29878 1.92477 2.12163 0.196906 0.210409 0.202038 0.204958 0.21443 0.204907
337500 0.190695 0.215736 0.210522 -2.75551 -2.36687 6.0175 0.191853 0.21736 0.206185 0.189305 0.213786 0.215728
337500 0.200678 0.204863 0.218932 -0.154907 0.20387 0.286705 0.202021 0.202301 0.216315 0.199505 0.207103 0.221219
337500 0.198729 0.218277 0.195727 0.249745 0.0983006 2.7342 0.197642 0.218472 0.191086 0.199595 0.218122 0.199427
337500 0.201627 0.21511 0.198302 -2.13351 2.56963 1.52886 0.203384 0.212508 0.197329 0.199595 0.218122 0.199427
337500 0.206622 0.201133 0.185777 -0.415735 -0.687367 0.80276 0.208011 0.202727 0.183145 0.205273 0.199585 0.188335
337500 0.21028 0.201292 0.185192 4.06083 -2.98398 2.77828 0.208011 0.202727 0.183145 0.213801 0.199066 0.188367
337500 0.208349 0.200701 0.195114 -0.285748 -4.06031 3.72219 0.208158 0.203401 0.193159 0.208621 0.196872 0.197887
337500 0.21396 0.201644 0.192924 -1.28831 -3.37195 -5.8358 0.214052 0.203132 0.195555 0.213801 0.199066 0.188367
337500 0.204083 0.199329 0.214856 0.0922935 -0.133005 -0.0975011 0.202021 0.202301 0.216315 0.206169 0.196326 0.213381
337500 0.204904 0.202966 0.181847 -2.24088 -0.142319 -1.19769 0.208011 0.202727 0.183145 0.200509 0.203305 0.180011
337500 0.203037 0.211885 0.182476 1.9139 -0.583522 2.92596 0.201193 0.212386 0.178437 0.205621 0.211183 0.188138
337500 0.211678 0.210214 0.18941 -3.11537 0.923405 -1.01167 0.215246 0.209642 0.190159 0.205621 0.211183 0.188138
337500 0.213381 0.209685 0.193343 -2.28102 0.196048 2.80448 0.215246 0.209642 0.190159 0.21119 0.209735 0.197083
337500 0.212876 0.205846 0.196183 -4.47404 6.96211 1.74852 0.214052 0.203132 0.195555 0.21119 0.209735 0.197083
337500 0.207276 0.206107 0.191413 -2.02495 4.06017 -3.46425 0.208158 0.203401 0.193159 0.205621 0.211183 0.188138
337500 0.204154 0.212052 0.194166 -0.226289 0.164283 2.35943 0.205621 0.211183 0.188138 0.203384 0.212508 0.197329
337500 0.207814 0.20799 0.199163 -8.20202 -4.03362 7.07386 0.21119 0.209735 0.197083 0.204671 0.206366 0.2011
337500 0.212675 0.213067 0.199424 -3.11216 -4.47103 -3.56461 0.214106 0.216279 0.201681 0.21119 0.209735 0.197083
337500 0.203962 0.20975 0.199022 0.396554 -2.36305 2.00328 0.203384 0.212508 0.197329 0.204671 0.206366 0.2011
337500 0.209234 0.216186 0.187068 3.35071 5.86319 -0.360097 0.205621 0.211183 0.188138 0.211341 0.219104 0.186443
337500 0.211994 0.213597 0.195289 2.79503 7.08027 -3.81876 0.21119 0.209735 0.197083 0.212728 0.21712 0.193653
337500 0.217962 0.207567 0.191549 3.79511 -2.23859 1.24288 0.215246 0.209642 0.190159 0.221671 0.204733 0.193448
337500 0.206368 0.210652 0.207274 -0.709278 1.77894 -1.57538 0.208051 0.206146 0.210097 0.204958 0.21443 0.204907
337500 0.20769 0.207655 0.215454 -0.548693 0.521151 2.60059 0.208051 0.206146 0.210097 0.207382 0.208944 0.220033
337500 0.206884 0.212582 0.216993 0.023099 -3.99993 4.2766 0.206417 0.215986 0.214149 0.207382 0.208944 0.220033
337500 0.209967 0.215769 0.216842 -1.85836 0.00300759 -1.91546 0.213229 0.215571 0.219317 0.206417 0.215986 0.214149
337500 0.205996 0.218245 0.20241 -0.928107 -2.0614 1.74057 0.207007 0.221958 0.199978 0.204958 0.21443 0.204907
337500 0.212771 0.21483 0.209259 -0.783772 1.5959 -0.797872 0.214159 0.212237 0.210063 0.211303 0.217572 0.20841
337500 0.208713 0.216289 0.20698 5.2515 2.57448 1.81439 0.204958 0.21443 0.204907 0.211303 0.217572 0.20841
337500 0.212524 0.217009 0.205479 -0.952668 0.68229 1.86346 0.214106 0.216279 0.201681 0.211303 0.217572 0.20841
337500 0.216554 0.214492 0.198803 1.47704 -1.19233 -2.46699 0.214106 0.216279 0.201681 0.218851 0.212814 0.196101
337500 0.215554 0.210648 0.207867 0.419169 -0.312759 -0.487233 0.214159 0.212237 0.210063 0.218034 0.207822 0.203962
337500 0.215352 0.210455 0.212229 0.727378 -0.816556 1.43994 0.214159 0.212237 0.210063 0.217712 0.206931 0.216514
337500 0.212007 0.218151 0.189906 1.20394 -1.31701 3.47339 0.211341 0.219104 0.186443 0.212728 0.21712 0.193653
337500 0.215801 0.214959 0.194881 -4.01931 3.13909 -2.57608 0.218851 0.212814 0.196101 0.212728 0.21712 0.193653
337500 0.21489 0.218334 0.186834 -5.55918 1.9376 -0.0309035 0.220598 0.217097 0.187462 0.211341 0.219104 0.186443
337500 0.214156 0.217916 0.20987 -5.60731 -0.516923 -4.0781 0.217922 0.218371 0.211796 0.211303 0.217572 0.20841
337500 0.182999 0.217394 0.210036 3.42759 4.41985 0.56712 0.180903 0.214262 0.210192 0.18499 0.22037 0.209888
337500 0.187333 0.216963 0.2047 1.60381 0.003133 0.782079 0.183685 0.216642 0.203501 0.191853 0.21736 0.206185
337500 0.198814 0.215903 0.212529 -0.333666 6.97447 0.311395 0.19883 0.21104 0.211559 0.198801 0.219547 0.213256
337500 0.184391 0.210647 0.193608 -1.47623 2.11755 0.0503908 0.186221 0.20795 0.194063 0.182111 0.214007 0.193042
337500 0.210354 0.201713 0.191293 0.25329 -0.208146 -0.304885 0.208158 0.203401 0.193159 0.213801 0.199066 0.188367
337500 0.194056 0.206382 0.187524 2.51004 2.33772 -1.67413 0.191451 0.203794 0.190093 0.196282 0.208592 0.185331
337500 0.182279 0.215439 0.206882 -0.180453 -0.160967 0.312262 0.183685 0.216642 0.203501 0.180903 0.214262 0.210192
337500 0.203128 0.215511 0.217125 0.135447 -0.00644542 -0.107028 0.199748 0.215023 0.220183 0.206417 0.215986 0.214149
337500 0.187577 0.209863 0.191754 0.0339844 0.0487213 -0.0423309 0.186221 0.20795 0.194063 0.189493 0.212565 0.188492
337500 0.199824 0.209575 0.186396 4.46503 0.93078 0.627088 0.196282 0.208592 0.185331 0.205621 0.211183 0.188138
337500 0.204502 0.203883 0.213756 0.237179 0.182792 -0.348907 0.202021 0.202301 0.216315 0.208051 0.206146 0.210097
337500 0.199307 0.21311 0.216041 0.0108967 0.272695 0.422781 0.19883 0.21104 0.211559 0.199748 0.215023 0.220183
337500 0.19467 0.208799 0.181866 1.84875 0.447944 3.86698 0.192973 0.209017 0.178219 0.196282 0.208592 0.185331
337500 0.207789 0.1995 0.182176 -0.0160534 -1.2582 -0.594028 0.208011 0.202727 0.183145 0.207342 0.193016 0.180227
337500 0.198095 0.202286 0.206963 1.14115 -1.19266 -0.220333 0.195993 0.204427 0.207861 0.201663 0.198654 0.205439
337500 0.183044 0.211597 0.208594 -0.731408 0.65609 0.395986 0.186776 0.206953 0.205809 0.180903 0.214262 0.210192
337500 0.21691 0.203733 0.194764 0.27118 0.0246022 -0.108176 0.214052 0.203132 0.195555 0.221671 0.204733 0.193448
337500 0.215816 0.212597 0.202674 2.06714 -3.1305 1.19468 0.214106 0.216279 0.201681 0.218034 0.207822 0.203962
337500 0.180775 0.216949 0.200994 -0.61587 0.0643654 -0.729721 0.183685 0.216642 0.203501 0.178243 0.217217 0.198812
337500 0.212 0.210084 0.210075 -0.0738756 -0.056188 0.00833686 0.214159 0.212237 0.210063 0.208051 0.206146 0.210097
337500 0.190141 0.201167 0.216955 -2.86286 -2.07534 1.83445 0.193128 0.204176 0.215082 0.186373 0.197373 0.219317
337500 0.20478 0.20231 0.207712 -0.11264 -0.110342 -0.103301 0.208051 0.206146 0.210097 0.201663 0.198654 0.205439
337500 0.204193 0.216386 0.184954 -0.00608033 0.0125107 -0.00838829 0.205621 0.211183 0.188138 0.2034 0.219275 0.183186
337500 0.205873 0.217068 0.190271 0.0667834 0.363929 0.174619 0.205621 0.211183 0.188138 0.206031 0.220774 0.191613
337500 0.212716 0.203301 0.198263 -0.0 -0.0 -0.0 0.214052 0.203132 0.195555 0.211379 0.20347 0.200974
337500 0.191753 0.204988 0.194403 1.89469e-05 0.000129744 0.00107887 0.191451 0.203794 0.190093 0.191972 0.205856 0.197533
337500 0.193667 0.20426 0.199809 -0.0 0.0 0.0 0.191972 0.205856 0.197533 0.195258 0.202761 0.201946
337500 0.190252 0.206219 0.200273 -0.00701319 -0.000326995 0.00949117 0.191972 0.205856 0.197533 0.186776 0.206953 0.205809
337500 0.181597 0.203895 0.195313 0.0 0.0 0.0 0.17922 0.206729 0.194317 0.184716 0.200195 0.196621
337500 0.180858 0.203548 0.19938 0.0 0.0 0.0 0.178511 0.205603 0.201059 0.184716 0.200195 0.196621
337500 0.188272 0.202086 0.193174 0.0 0.0 0.0 0.191451 0.203794 0.190093 0.184716 0.200195 0.196621
337500 0.189116 0.203619 0.197174 0.0 0.0 0.0 0.191972 0.205856 0.197533 0.184716 0.200195 0.196621
337500 0.182285 0.202043 0.205165 0.0 0.0 0.0 0.186776 0.206953 0.205809 0.17873 0.198173 0.204656
337500 0.181353 0.212305 0.196709 0.0 0.0 0.0 0.180788 0.211047 0.199448 0.182111 0.214007 0.193042
337500 0.183093 0.217591 0.195485 0.0 0.0 0.0 0.183888 0.220506 0.197463 0.182111 0.214007 0.193042
337500 0.182071 0.213518 0.201245 0.0 0.0 0.0 0.180788 0.211047 0.199448 0.183685 0.216642 0.203501
337500 0.187417 0.200719 0.184963 0.0 0.0 0.0 0.190862 0.200505 0.182694 0.183469 0.200983 0.187564
337500 0.185571 0.213322 0.190909 0.0 0.0 0.0 0.189493 0.212565 0.188492 0.182111 0.214007 0.193042
337500 0.187312 0.202327 0.188782 0.0 0.0 0.0 0.191451 0.203794 0.190093 0.183469 0.200983 0.187564
337500 0.182691 0.209737 0.201472 0.0 0.0 0.0 0.180788 0.211047 0.199448 0.186776 0.206953 0.205809
337500 0.184137 0.217303 0.191648 0.0 0.0 0.0 0.186301 0.220842 0.190159 0.182111 0.214007 0.193042
337500 0.186234 0.217851 0.197548 0.0 0.0 0.0 0.1895 0.214177 0.197667 0.183888 0.220506 0.197463
337500 0.18633 0.215512 0.200847 0.0 0.0 0.0 0.183685 0.216642 0.203501 0.1895 0.214177 0.197667
337500 0.194086 0.200717 0.204604 0.0 0.0 0.0 0.195258 0.202761 0.201946 0.192326 0.197671 0.208593
337500 0.196326 0.198319 0.218922 0.0 0.0 0.0 0.195649 0.200339 0.223094 0.196878 0.196688 0.215517
337500 0.189033 0.205272 0.18653 0.0 0.0 0.0 0.191451 0.203794 0.190093 0.187192 0.206414 0.183814
337500 0.191125 0.201968 0.186005 0.0 0.0 0.0 0.191451 0.203794 0.190093 0.190862 0.200505 0.182694
337500 0.195331 0.202612 0.19228 0.0 0.0 0.0 0.191451 0.203794 0.190093 0.199937 0.201229 0.194877
337500 0.196456 0.209214 0.189114 0.0 0.0 0.0 0.196644 0.209901 0.193176 0.196282 0.208592 0.185331
337500 0.193216 0.210377 0.186759 0.0 0.0 0.0 0.196282 0.208592 0.185331 0.189493 0.212565 0.188492
337500 0.189111 0.206889 0.195807 0.0 0.0 0.0 0.186221 0.20795 0.194063 0.191972 0.205856 0.197533
337500 0.194037 0.207635 0.195607 0.0 0.0 0.0 0.191972 0.205856 0.197533 0.196644 0.209901 0.193176
337500 0.19095 0.209287 0.197588 0.0 0.0 0.0 0.191972 0.205856 0.197533 0.1895 0.214177 0.197667
337500 0.194995 0.204091 0.196525 0.0 0.0 0.0 0.191972 0.205856 0.197533 0.199937 0.201229 0.194877
337500 0.193288 0.211142 0.190978 0.0 0.0 0.0 0.196644 0.209901 0.193176 0.189493 0.212565 0.188492
337500 0.19328 0.211905 0.195291 0.0 0.0 0.0 0.196644 0.209901 0.193176 0.1895 0.214177 0.197667
337500 0.189497 0.213365 0.193095 0.0 0.0 0.0 0.189493 0.212565 0.188492 0.1895 0.214177 0.197667
337500 0.193973 0.207694 0.19936 0.0 0.0 0.0 0.191972 0.205856 0.197533 0.196906 0.210409 0.202038
337500 0.188377 0.211188 0.201026 0.0 0.0 0.0 0.186776 0.206953 0.205809 0.1895 0.214177 0.197667
337500 0.196966 0.202193 0.199366 0.0 0.0 0.0 0.195258 0.202761 0.201946 0.199937 0.201229 0.194877
337500 0.195344 0.212494 0.183784 0.0 0.0 0.0 0.194158 0.217447 0.181829 0.196282 0.208592 0.185331
337500 0.193514 0.215471 0.189772 0.0 0.0 0.0 0.197642 0.218472 0.191086 0.189493 0.212565 0.188492
337500 0.2008 0.199932 0.200161 0.0 0.0 0.0 0.199937 0.201229 0.194877 0.201663 0.198654 0.205439
337500 0.198162 0.206231 0.182964 0.0 0.0 0.0 0.196282 0.208592 0.185331 0.200509 0.203305 0.180011
337500 0.198548 0.210334 0.18215 0.0 0.0 0.0 0.201193 0.212386 0.178437 0.196282 0.208592 0.185331
337500 0.200388 0.21134 0.195483 0.0 0.0 0.0 0.196644 0.209901 0.193176 0.203384 0.212508 0.197329
337500 0.204987 0.202555 0.193821 0.0 0.0 0.0 0.208158 0.203401 0.193159 0.199937 0.201229 0.194877
337500 0.194837 0.204317 0.210774 0.0 0.0 0.0 0.193128 0.204176 0.215082 0.195993 0.204427 0.207861
337500 0.190502 0.205315 0.211249 0.0 0.0 0.0 0.193128 0.204176 0.215082 0.186776 0.206953 0.205809
337500 0.193019 0.205233 0.207199 0.0 0.0 0.0 0.195993 0.204427 0.207861 0.186776 0.206953 0.205809
337500 0.196355 0.206789 0.205553 0.0 0.0 0.0 0.195993 0.204427 0.207861 0.196906 0.210409 0.202038
337500 0.192566 0.204082 0.203172 0.0 0.0 0.0 0.186776 0.206953 0.205809 0.195258 0.202761 0.201946
337500 0.197849 0.21071 0.206706 0.0 0.0 0.0 0.19883 0.21104 0.211559 0.196906 0.210409 0.202038
337500 0.196802 0.205853 0.218618 0.0 0.0 0.0 0.193128 0.204176 0.215082 0.199505 0.207103 0.221219
337500 0.194411 0.212305 0.213493 0.0 0.0 0.0 0.19883 0.21104 0.211559 0.189305 0.213786 0.215728
337500 0.189717 0.212974 0.206027 0.0 0.0 0.0 0.191853 0.21736 0.206185 0.186776 0.206953 0.205809
337500 0.195274 0.214252 0.208821 0.0 0.0 0.0 0.19883 0.21104 0.211559 0.191853 0.21736 0.206185
337500 0.200741 0.211643 0.19925 0.0 0.0 0.0 0.196906 0.210409 0.202038 0.203384 0.212508 0.197329
337500 0.20317 0.208728 0.210871 0.0 0.0 0.0 0.19883 0.21104 0.211559 0.208051 0.206146 0.210097
337500 0.201984 0.212776 0.208135 0.0 0.0 0.0 0.19883 0.21104 0.211559 0.204958 0.21443 0.204907
337500 0.197957 0.203149 0.215752 0.0 0.0 0.0 0.193128 0.204176 0.215082 0.202021 0.202301 0.216315
337500 0.195108 0.214465 0.218204 0.0 0.0 0.0 0.199748 0.215023 0.220183 0.189305 0.213786 0.215728
337500 0.199225 0.217512 0.216357 0.0 0.0 0.0 0.199748 0.215023 0.220183 0.198801 0.219547 0.213256
337500 0.18665 0.217828 0.212135 0.0 0.0 0.0 0.189305 0.213786 0.215728 0.18499 0.22037 0.209888
337500 0.199097 0.201392 0.219425 0.0 0.0 0.0 0.202021 0.202301 0.216315 0.195649 0.200339 0.223094
337500 0.195912 0.217955 0.18649 0.0 0.0 0.0 0.194158 0.217447 0.181829 0.197642 0.218472 0.191086
337500 0.201092 0.215312 0.189812 0.0 0.0 0.0 0.197642 0.218472 0.191086 0.205621 0.211183 0.188138
337500 0.202 0.216457 0.201885 0.0 0.0 0.0 0.204958 0.21443 0.204907 0.199595 0.218122 0.199427
337500 0.202262 0.21792 0.213662 0.0 0.0 0.0 0.206417 0.215986 0.214149 0.198801 0.219547 0.213256
337500 0.206702 0.201467 0.190726 0.0 0.0 0.0 0.208158 0.203401 0.193159 0.205273 0.199585 0.188335
337500 0.206948 0.200384 0.212021 0.0 0.0 0.0 0.208051 0.206146 0.210097 0.206169 0.196326 0.213381
337500 0.205547 0.201023 0.2184 0.0 0.0 0.0 0.202021 0.202301 0.216315 0.210562 0.199227 0.221365
337500 0.20272 0.206704 0.183527 0.0 0.0 0.0 0.205621 0.211183 0.188138 0.200509 0.203305 0.180011
337500 0.207174 0.205679 0.184894 0.0 0.0 0.0 0.208011 0.202727 0.183145 0.205621 0.211183 0.188138
337500 0.211062 0.208653 0.184809 0.0 0.0 0.0 0.205621 0.211183 0.188138 0.215068 0.206805 0.182357
337500 0.207065 0.209206 0.182223 0.0 0.0 0.0 0.205621 0.211183 0.188138 0.207864 0.208126 0.17895
337500 0.202434 0.216251 0.181107 0.0 0.0 0.0 0.201193 0.212386 0.178437 0.2034 0.219275 0.183186
337500 0.21125 0.203251 0.194416 0.0 0.0 0.0 0.208158 0.203401 0.193159 0.214052 0.203132 0.195555
337500 0.209477 0.206148 0.194866 0.0 0.0 0.0 0.208158 0.203401 0.193159 0.21119 0.209735 0.197083
337500 0.208913 0.210319 0.193425 0.0 0.0 0.0 0.205621 0.211183 0.188138 0.21119 0.209735 0.197083
337500 0.206751 0.211303 0.197223 0.0 0.0 0.0 0.203384 0.212508 0.197329 0.21119 0.209735 0.197083
337500 0.211302 0.206037 0.199374 0.0 0.0 0.0 0.21119 0.209735 0.197083 0.211379 0.20347 0.200974
337500 0.204033 0.213293 0.200457 0.0 0.0 0.0 0.204958 0.21443 0.204907 0.203384 0.212508 0.197329
337500 0.21403 0.213244 0.191846 0.0 0.0 0.0 0.215246 0.209642 0.190159 0.212728 0.21712 0.193653
337500 0.209978 0.214814 0.19152 0.0 0.0 0.0 0.205621 0.211183 0.188138 0.212728 0.21712 0.193653
337500 0.216993 0.211171 0.193039 0.0 0.0 0.0 0.218851 0.212814 0.196101 0.215246 0.209642 0.190159
337500 0.215211 0.211343 0.196567 0.0 0.0 0.0 0.218851 0.212814 0.196101 0.21119 0.209735 0.197083
337500 0.214231 0.208876 0.200139 0.0 0.0 0.0 0.218034 0.207822 0.203962 0.21119 0.209735 0.197083
337500 0.210208 0.204403 0.204184 0.0 0.0 0.0 0.208051 0.206146 0.210097 0.211379 0.20347 0.200974
337500 0.208504 0.204702 0.201028 0.0 0.0 0.0 0.211379 0.20347 0.200974 0.204671 0.206366 0.2011
337500 0.206089 0.206265 0.204877 0.0 0.0 0.0 0.208051 0.206146 0.210097 0.204671 0.206366 0.2011
337500 0.204803 0.210092 0.202863 0.0 0.0 0.0 0.204958 0.21443 0.204907 0.204671 0.206366 0.2011
337500 0.207143 0.211604 0.212348 0.0 0.0 0.0 0.208051 0.206146 0.210097 0.206417 0.215986 0.214149
337500 0.205704 0.215218 0.209637 0.0 0.0 0.0 0.206417 0.215986 0.214149 0.204958 0.21443 0.204907
337500 0.209788 0.215397 0.203204 0.0 0.0 0.0 0.214106 0.216279 0.201681 0.204958 0.21443 0.204907
337500 0.211906 0.201246 0.210717 0.0 0.0 0.0 0.208051 0.206146 0.210097 0.216395 0.19556 0.211438
337500 0.213764 0.205021 0.202045 0.0 0.0 0.0 0.218034 0.207822 0.203962 0.211379 0.20347 0.200974
337500 0.213113 0.206987 0.206986 0.0 0.0 0.0 0.208051 0.206146 0.210097 0.218034 0.207822 0.203962
337500 0.212693 0.206515 0.213181 0.0 0.0 0.0 0.208051 0.206146 0.210097 0.217712 0.206931 0.216514
337500 0.215729 0.214788 0.210786 0.0 0.0 0.0 0.214159 0.212237 0.210063 0.217922 0.218371 0.211796
337500 0.204433 0.205281 0.217988 0.0 0.0 0.0 0.202021 0.202301 0.216315 0.207382 0.208944 0.220033
337500 0.213398 0.216702 0.197556 0.0 0.0 0.0 0.214106 0.216279 0.201681 0.212728 0.21712 0.193653
337500 0.215893 0.217102 0.191163 0.0 0.0 0.0 0.220598 0.217097 0.187462 0.212728 0.21712 0.193653
337500 0.209253 0.216898 0.210818 0.0 0.0 0.0 0.206417 0.215986 0.214149 0.211303 0.217572 0.20841
337500 0.218197 0.216914 0.202275 0.0 0.0 0.0 0.214106 0.216279 0.201681 0.224631 0.217935 0.20321
337500 0.219919 0.206212 0.198514 0.0 0.0 0.0 0.218034 0.207822 0.203962 0.221671 0.204733 0.193448
337500 0.218508 0.210709 0.199402 0.0 0.0 0.0 0.218851 0.212814 0.196101 0.218034 0.207822 0.203962
