# ts x y z Fx Fy Fz x1 y1 z1 x2 y2 z2
3912500 0.182126 0.180906 0.19833 -23.5338 19.3937 10.6321 0.186016 0.177515 0.197396 0.1776 0.184852 0.199417
3912500 0.185845 0.199439 0.187815 9.56788 2.53512 7.3183 0.182504 0.198435 0.185997 0.189413 0.20051 0.189757
3912500 0.183382 0.196711 0.197053 -31.024 14.7785 5.00207 0.187154 0.194622 0.195759 0.180617 0.198241 0.198001
3912500 0.194467 0.185503 0.181338 15.0125 14.9632 -3.02141 0.191318 0.182862 0.181371 0.197025 0.187647 0.181312
3912500 0.198183 0.190112 0.183242 -7.60334 -11.5956 -12.4281 0.199558 0.19304 0.185534 0.197025 0.187647 0.181312
3912500 0.200176 0.179663 0.187519 3.00298 0.521233 11.6758 0.199423 0.178825 0.182617 0.20069 0.180235 0.190866
3912500 0.189975 0.178666 0.194152 3.82465 1.52882 -2.41207 0.186016 0.177515 0.197396 0.192609 0.179432 0.191994
3912500 0.194053 0.182031 0.190167 -1.69239 -2.91548 2.89039 0.195715 0.185022 0.188065 0.192609 0.179432 0.191994
3912500 0.185843 0.18275 0.191007 0.140702 27.7663 27.4524 0.185692 0.180024 0.189035 0.186034 0.186211 0.193512
3912500 0.192952 0.187803 0.187196 -8.98189 9.51079 -0.806418 0.195715 0.185022 0.188065 0.189185 0.191593 0.186011
3912500 0.19806 0.186184 0.191111 2.95505 1.67856 5.48422 0.195715 0.185022 0.188065 0.200976 0.18763 0.194898
3912500 0.186686 0.178956 0.208603 6.88877 -16.3271 -31.804 0.185299 0.181167 0.212102 0.187771 0.177228 0.205869
3912500 0.190177 0.179618 0.206242 -25.6537 -18.4312 -4.01502 0.193582 0.182999 0.206771 0.187771 0.177228 0.205869
3912500 0.188234 0.183625 0.214204 14.5972 17.0049 10.5795 0.185299 0.181167 0.212102 0.191813 0.186621 0.216767
3912500 0.197005 0.180008 0.216749 4.35126 3.38208 8.19128 0.195568 0.179379 0.213868 0.199142 0.180944 0.221035
3912500 0.197209 0.179873 0.207417 -9.49472 10.9387 -0.971726 0.201057 0.176556 0.208102 0.193582 0.182999 0.206771
3912500 0.197724 0.194044 0.188904 -10.6745 6.70235 14.6594 0.199558 0.19304 0.185534 0.195636 0.195188 0.19274
3912500 0.192412 0.197945 0.191195 -19.4297 15.3406 -4.89756 0.195636 0.195188 0.19274 0.189413 0.20051 0.189757
3912500 0.198172 0.191598 0.193765 -26.3778 40.3147 -19.467 0.200976 0.18763 0.194898 0.195636 0.195188 0.19274
3912500 0.202471 0.194844 0.183536 9.03429 7.78553 -8.45263 0.199558 0.19304 0.185534 0.207452 0.197929 0.180118
3912500 0.203083 0.192232 0.187165 5.27085 -0.28095 2.56932 0.199558 0.19304 0.185534 0.206796 0.19138 0.188882
3912500 0.189104 0.199681 0.20983 33.2411 26.0285 -18.0342 0.186137 0.197149 0.210827 0.192484 0.202565 0.208695
3912500 0.199695 0.192586 0.216466 -2.93635 -3.9012 6.69857 0.200752 0.194612 0.212258 0.198918 0.191096 0.219562
3912500 0.209417 0.180172 0.188095 -16.8152 34.3219 18.5056 0.21137 0.176672 0.185338 0.207727 0.183199 0.190481
3912500 0.200807 0.183249 0.192509 1.58462 -11.331 -6.78821 0.200976 0.18763 0.194898 0.20069 0.180235 0.190866
3912500 0.210276 0.186 0.192322 7.60263 8.74891 8.09821 0.207727 0.183199 0.190481 0.212752 0.18872 0.19411
3912500 0.202155 0.184898 0.198906 7.31172 -11.5099 14.3372 0.200976 0.18763 0.194898 0.203061 0.182798 0.201987
3912500 0.204365 0.188687 0.198407 19.0849 6.79644 14.5805 0.200976 0.18763 0.194898 0.20713 0.189549 0.201269
3912500 0.211262 0.192526 0.193997 2.99764 -13.6994 0.629464 0.210142 0.195386 0.193912 0.212752 0.18872 0.19411
3912500 0.214325 0.191244 0.191301 -3.03162 -4.63941 7.20093 0.216194 0.194243 0.187964 0.212752 0.18872 0.19411
3912500 0.202203 0.180126 0.204605 3.70345 6.36847 -6.76264 0.201057 0.176556 0.208102 0.203061 0.182798 0.201987
3912500 0.205932 0.182533 0.204519 -8.16694 0.196538 -9.72504 0.208991 0.182251 0.207218 0.203061 0.182798 0.201987
3912500 0.206753 0.189276 0.205314 -0.72725 0.664327 -11.003 0.206448 0.189054 0.208595 0.20713 0.189549 0.201269
3912500 0.200934 0.181084 0.210499 3.67057 -36.8773 -13.2043 0.200822 0.185191 0.212672 0.201057 0.176556 0.208102
3912500 0.208106 0.187507 0.210996 4.35478 -6.06377 6.81449 0.206448 0.189054 0.208595 0.209615 0.186098 0.213181
3912500 0.204111 0.187449 0.210288 -14.7205 -9.01577 7.03283 0.206448 0.189054 0.208595 0.200822 0.185191 0.212672
3912500 0.209143 0.180278 0.210795 -0.0524388 14.1369 -18.2591 0.209391 0.17706 0.21663 0.208991 0.182251 0.207218
3912500 0.210728 0.191451 0.201377 -19.7651 -9.83379 -4.09013 0.215485 0.193966 0.201519 0.20713 0.189549 0.201269
3912500 0.207064 0.192215 0.207866 1.61414 17.0116 -6.25136 0.206448 0.189054 0.208595 0.207857 0.196289 0.206926
3912500 0.216832 0.179631 0.208862 1.44597 0.328731 3.5344 0.216014 0.179188 0.205425 0.21757 0.180031 0.211961
3912500 0.208723 0.193688 0.19178 -10.1525 -8.94978 -10.4538 0.210142 0.195386 0.193912 0.206796 0.19138 0.188882
3912500 0.212651 0.197124 0.194267 9.30099 7.58285 -0.26731 0.210142 0.195386 0.193912 0.215176 0.198873 0.194624
3912500 0.209608 0.197956 0.195508 -6.99518 16.9917 11.318 0.210142 0.195386 0.193912 0.208787 0.201916 0.197968
3912500 0.21808 0.19783 0.194789 -22.686 4.85615 -3.258 0.221947 0.196441 0.195008 0.215176 0.198873 0.194624
3912500 0.211225 0.195263 0.204538 -53.2813 12.415 26.2965 0.215485 0.193966 0.201519 0.207857 0.196289 0.206926
3912500 0.21736 0.190114 0.204773 -18.977 52.9492 -32.1457 0.219038 0.186664 0.207686 0.215485 0.193966 0.201519
3912500 0.207069 0.195271 0.218617 39.4362 -27.2758 -9.85318 0.203908 0.19738 0.220049 0.210772 0.1928 0.216938
3912500 0.205223 0.199256 0.216693 4.47451 4.56756 -7.25831 0.203908 0.19738 0.220049 0.206499 0.201076 0.213438
3912500 0.203804 0.185861 0.216175 8.53364 3.01684 7.91461 0.200822 0.185191 0.212672 0.206018 0.186359 0.218776
3912500 0.202459 0.196109 0.216473 5.24911 7.56284 13.7045 0.200752 0.194612 0.212258 0.203908 0.19738 0.220049
3912500 0.194547 0.194398 0.206886 8.07615 6.26518 -6.12906 0.191896 0.191669 0.208679 0.19669 0.196604 0.205436
3912500 0.188954 0.194469 0.209776 -8.11574 9.48897 5.12182 0.191896 0.191669 0.208679 0.186137 0.197149 0.210827
3912500 0.208894 0.189234 0.185974 -1.10148 1.00058 1.05685 0.211608 0.186457 0.182213 0.206796 0.19138 0.188882
3912500 0.19186 0.189442 0.212248 0.855516 -3.56052 7.46031 0.191896 0.191669 0.208679 0.191813 0.186621 0.216767
3912500 0.199229 0.18324 0.196509 -4.19594 -17.6923 4.71406 0.200976 0.18763 0.194898 0.198098 0.180399 0.197552
3912500 0.195638 0.183658 0.218994 -10.8546 10.199 -4.60723 0.199142 0.180944 0.221035 0.191813 0.186621 0.216767
3912500 0.211246 0.183452 0.204026 -10.9471 -4.31498 11.1181 0.213412 0.184605 0.200959 0.208991 0.182251 0.207218
3912500 0.198688 0.195621 0.196041 3.439 0.389675 5.12891 0.195636 0.195188 0.19274 0.201748 0.196055 0.19935
3912500 0.219147 0.195369 0.197829 -5.52406 -1.13151 6.64156 0.221947 0.196441 0.195008 0.215485 0.193966 0.201519
3912500 0.205289 0.195026 0.19026 0.739732 -3.24968 -1.14694 0.203883 0.198432 0.191546 0.206796 0.19138 0.188882
3912500 0.206674 0.178924 0.198234 -6.05114 -12.039 1.1213 0.208171 0.1815 0.197537 0.204576 0.175312 0.199212
3912500 0.215146 0.189317 0.208709 -8.35694 7.13524 3.80477 0.219038 0.186664 0.207686 0.21257 0.191073 0.209386
3912500 0.210328 0.187033 0.201111 -8.87092 6.0468 -1.12514 0.213412 0.184605 0.200959 0.20713 0.189549 0.201269
3912500 0.217299 0.182364 0.206386 -17.7683 -34.5837 -5.54066 0.219038 0.186664 0.207686 0.216014 0.179188 0.205425
3912500 0.211048 0.201388 0.184712 13.7299 20.5714 23.5303 0.207452 0.197929 0.180118 0.213825 0.204058 0.188259
3912500 0.202895 0.197332 0.195158 -0.130567 -0.0767109 0.289801 0.203883 0.198432 0.191546 0.201748 0.196055 0.19935
3912500 0.204145 0.189671 0.191623 4.2336 4.02436 -5.97447 0.200976 0.18763 0.194898 0.206796 0.19138 0.188882
3912500 0.204663 0.201846 0.189823 0.0210084 0.356248 -0.153802 0.203883 0.198432 0.191546 0.205319 0.204715 0.188374
3912500 0.203851 0.181567 0.190693 -8.81085 -4.97005 1.63809 0.207727 0.183199 0.190481 0.20069 0.180235 0.190866
3912500 0.197361 0.182272 0.185647 4.561 -5.01304 -5.30745 0.195715 0.185022 0.188065 0.199423 0.178825 0.182617
3912500 0.211482 0.181309 0.183857 -0.0690523 1.60425 -0.785359 0.21137 0.176672 0.185338 0.211608 0.186457 0.182213
3912500 0.219187 0.180637 0.196274 -25.1246 -32.6226 3.98405 0.222623 0.186043 0.196492 0.215575 0.174953 0.196043
3912500 0.214777 0.181763 0.203301 3.55512 -10.9759 10.9656 0.213412 0.184605 0.200959 0.216014 0.179188 0.205425
3912500 0.213089 0.186621 0.197603 -2.84763 5.68016 -10.4048 0.213412 0.184605 0.200959 0.212752 0.18872 0.19411
3912500 0.215288 0.197083 0.19714 -8.36191 27.2592 -49.4081 0.215485 0.193966 0.201519 0.215176 0.198873 0.194624
3912500 0.207984 0.182215 0.194567 -0.412298 -1.33312 12.1683 0.207727 0.183199 0.190481 0.208171 0.1815 0.197537
3912500 0.210466 0.18286 0.199035 9.80313 3.64128 5.57954 0.208171 0.1815 0.197537 0.213412 0.184605 0.200959
3912500 0.194963 0.181047 0.181931 -20.7399 9.19407 0.353187 0.199423 0.178825 0.182617 0.191318 0.182862 0.181371
3912500 0.201515 0.18327 0.183703 2.55229 4.66237 2.03241 0.199423 0.178825 0.182617 0.202977 0.186375 0.184462
3912500 0.196779 0.186473 0.205751 -12.2002 -18.4716 5.46075 0.199601 0.18954 0.20485 0.193582 0.182999 0.206771
3912500 0.203452 0.189545 0.203018 9.25998 0.983658 -6.01824 0.199601 0.18954 0.20485 0.20713 0.189549 0.201269
3912500 0.200143 0.191929 0.20834 -3.89433 -7.17484 -12.8407 0.200752 0.194612 0.212258 0.199601 0.18954 0.20485
3912500 0.200642 0.1927 0.202182 3.56377 6.5627 -5.19491 0.199601 0.18954 0.20485 0.201748 0.196055 0.19935
3912500 0.189779 0.193944 0.205842 -1.06879 1.77106 -2.11379 0.191896 0.191669 0.208679 0.188122 0.195725 0.203621
3912500 0.196964 0.199574 0.218417 2.34648 10.9695 -19.9591 0.196432 0.197468 0.221162 0.197534 0.20183 0.215476
3912500 0.198948 0.198658 0.214062 -25.1765 50.5405 13.4191 0.200752 0.194612 0.212258 0.197534 0.20183 0.215476
3912500 0.204721 0.188661 0.186481 2.02496 4.09262 3.11289 0.202977 0.186375 0.184462 0.206796 0.19138 0.188882
3912500 0.216597 0.187677 0.195038 -8.79057 1.95577 -0.693366 0.222623 0.186043 0.196492 0.212752 0.18872 0.19411
3912500 0.183545 0.195542 0.208197 10.7066 9.36446 15.1745 0.180484 0.193645 0.205092 0.186137 0.197149 0.210827
3912500 0.188323 0.197669 0.192653 1.58949 8.8471 -7.38768 0.187154 0.194622 0.195759 0.189413 0.20051 0.189757
3912500 0.191086 0.179175 0.183176 1.27979 8.09229 -2.73084 0.190815 0.174852 0.185292 0.191318 0.182862 0.181371
3912500 0.204638 0.185226 0.192502 -12.9407 6.35508 10.2784 0.207727 0.183199 0.190481 0.200976 0.18763 0.194898
3912500 0.18658 0.190309 0.194607 -13.9241 -52.1908 -8.805 0.187154 0.194622 0.195759 0.186034 0.186211 0.193512
3912500 0.213282 0.196078 0.214566 8.54292 11.977 -11.8441 0.210772 0.1928 0.216938 0.216702 0.200548 0.211331
3912500 0.215053 0.198967 0.188106 -0.306096 2.73804 0.351466 0.216194 0.194243 0.187964 0.213825 0.204058 0.188259
3912500 0.197981 0.193471 0.205176 -5.06474 18.1318 -0.546652 0.199601 0.18954 0.20485 0.19669 0.196604 0.205436
3912500 0.199925 0.187027 0.182847 -3.25999 1.22363 -2.23612 0.202977 0.186375 0.184462 0.197025 0.187647 0.181312
3912500 0.189957 0.197609 0.197627 24.2119 30.1796 24.8767 0.187154 0.194622 0.195759 0.19289 0.200736 0.199582
3912500 0.209545 0.183289 0.214253 0.0716439 -8.14136 4.66324 0.209615 0.186098 0.213181 0.209391 0.17706 0.21663
3912500 0.182299 0.201013 0.19738 21.1348 28.3608 -2.18831 0.180617 0.198241 0.198001 0.184851 0.20522 0.196437
3912500 0.206377 0.186407 0.183576 -3.68785 -0.051043 1.61843 0.211608 0.186457 0.182213 0.202977 0.186375 0.184462
3912500 0.204513 0.195499 0.209436 19.6005 5.07532 -20.3794 0.200752 0.194612 0.212258 0.207857 0.196289 0.206926
3912500 0.18326 0.193621 0.193726 -6.77742 -1.48649 -2.24415 0.187154 0.194622 0.195759 0.179104 0.192553 0.191557
3912500 0.218743 0.190349 0.199224 -24.7074 31.2678 26.6173 0.222623 0.186043 0.196492 0.215485 0.193966 0.201519
3912500 0.189314 0.196638 0.18813 -1.00892 12.3092 7.13457 0.189185 0.191593 0.186011 0.189413 0.20051 0.189757
3912500 0.210063 0.188692 0.214636 0.924848 4.25845 3.37716 0.209615 0.186098 0.213181 0.210772 0.1928 0.216938
3912500 0.192681 0.187634 0.207791 5.26518 -14.3365 -2.90161 0.191896 0.191669 0.208679 0.193582 0.182999 0.206771
3912500 0.207584 0.186014 0.20798 1.33673 -5.73118 -1.72492 0.206448 0.189054 0.208595 0.208991 0.182251 0.207218
3912500 0.200787 0.189832 0.212468 -4.33727 -54.5863 -4.88648 0.200752 0.194612 0.212258 0.200822 0.185191 0.212672
3912500 0.203777 0.179264 0.200677 -0.801115 15.9064 7.23574 0.204576 0.175312 0.199212 0.203061 0.182798 0.201987
3912500 0.200002 0.183119 0.216752 0.404737 8.76792 -15.8725 0.199142 0.180944 0.221035 0.200822 0.185191 0.212672
3912500 0.198377 0.195777 0.208269 -5.68236 3.29861 -14.307 0.200752 0.194612 0.212258 0.19669 0.196604 0.205436
3912500 0.19609 0.189314 0.218449 7.80438 4.28461 1.56266 0.191813 0.186621 0.216767 0.198918 0.191096 0.219562
3912500 0.186026 0.182304 0.195257 2.37634 -24.6515 7.4095 0.186034 0.186211 0.193512 0.186016 0.177515 0.197396
3912500 0.197741 0.181783 0.213373 17.0079 23.2663 -8.08471 0.195568 0.179379 0.213868 0.200822 0.185191 0.212672
3912500 0.201422 0.185991 0.203343 9.26725 -12.3524 -6.07844 0.199601 0.18954 0.20485 0.203061 0.182798 0.201987
3912500 0.210551 0.193308 0.208332 -5.57755 4.91347 -3.64242 0.21257 0.191073 0.209386 0.207857 0.196289 0.206926
3912500 0.211849 0.191766 0.212416 -1.48656 0.369242 5.87282 0.21257 0.191073 0.209386 0.210772 0.1928 0.216938
3912500 0.207259 0.187306 0.189678 -4.48167 20.3202 -1.47908 0.207727 0.183199 0.190481 0.206796 0.19138 0.188882
3912500 0.216912 0.185152 0.199262 -18.4023 -3.01258 12.9039 0.222623 0.186043 0.196492 0.213412 0.184605 0.200959
3912500 0.207046 0.193876 0.185542 -3.65153 -10.5782 18.0914 0.207452 0.197929 0.180118 0.206796 0.19138 0.188882
3912500 0.198396 0.182442 0.189575 2.5625 -1.73755 1.33887 0.195715 0.185022 0.188065 0.20069 0.180235 0.190866
3912500 0.205904 0.182076 0.199511 -2.35426 0.0969558 2.08201 0.208171 0.1815 0.197537 0.203061 0.182798 0.201987
3912500 0.184997 0.194874 0.204222 4.11133 1.57208 -0.262058 0.180484 0.193645 0.205092 0.188122 0.195725 0.203621
3912500 0.207168 0.183187 0.218044 1.68126 -8.67069 -1.54752 0.206018 0.186359 0.218776 0.209391 0.17706 0.21663
3912500 0.212374 0.185996 0.214376 2.47369 0.299113 1.29485 0.209615 0.186098 0.213181 0.216065 0.185859 0.215975
3912500 0.190236 0.185284 0.200085 0.0 0.0 0.0 0.192304 0.183108 0.198683 0.187368 0.188116 0.202016
3912500 0.187417 0.188573 0.19022 2.8245 2.89793 -4.65369 0.186034 0.186211 0.193512 0.189185 0.191593 0.186011
3912500 0.202281 0.201662 0.19304 -1.34584 2.432 0.679953 0.203883 0.198432 0.191546 0.200098 0.206065 0.195075
3912500 0.208016 0.189066 0.218004 4.7251 6.18081 -0.528363 0.206018 0.186359 0.218776 0.210772 0.1928 0.216938
3912500 0.182557 0.185651 0.195946 -8.01334 -1.70483 3.9785 0.186034 0.186211 0.193512 0.1776 0.184852 0.199417
3912500 0.19139 0.194905 0.194251 12.2775 1.31624 -6.6748 0.187154 0.194622 0.195759 0.195636 0.195188 0.19274
3912500 0.183215 0.186728 0.200911 0.0 -0.0 -0.0 0.1776 0.184852 0.199417 0.187368 0.188116 0.202016
3912500 0.19037 0.185644 0.204313 0.0 -0.0 -0.0 0.193582 0.182999 0.206771 0.187368 0.188116 0.202016
3912500 0.192719 0.193563 0.189698 6.21894 3.59369 4.71427 0.189185 0.191593 0.186011 0.195636 0.195188 0.19274
3912500 0.209562 0.190081 0.208997 2.83239 1.31796 0.0453842 0.206448 0.189054 0.208595 0.21257 0.191073 0.209386
3912500 0.187804 0.192556 0.202944 0.0 0.0 0.0 0.187368 0.188116 0.202016 0.188122 0.195725 0.203621
3912500 0.203904 0.198157 0.212905 4.43518 5.36963 -0.131733 0.200752 0.194612 0.212258 0.206499 0.201076 0.213438
3912500 0.182424 0.185037 0.191253 0.0 0.0 0.0 0.186034 0.186211 0.193512 0.178532 0.183551 0.188815
3912500 0.182797 0.179089 0.208249 0.0 0.0 0.0 0.180614 0.177128 0.204891 0.185299 0.181167 0.212102
3912500 0.180563 0.196464 0.200907 0.0 0.0 0.0 0.180484 0.193645 0.205092 0.180617 0.198241 0.198001
3912500 0.18277 0.189304 0.192591 0.0 0.0 0.0 0.186034 0.186211 0.193512 0.179104 0.192553 0.191557
3912500 0.183818 0.19221 0.188963 0.0 0.0 0.0 0.189185 0.191593 0.186011 0.179104 0.192553 0.191557
3912500 0.182814 0.191297 0.208446 0.0 0.0 0.0 0.180484 0.193645 0.205092 0.184676 0.189259 0.21111
3912500 0.184958 0.185615 0.21157 0.0 0.0 0.0 0.185299 0.181167 0.212102 0.184676 0.189259 0.21111
3912500 0.185895 0.188847 0.206969 0.0 0.0 0.0 0.187368 0.188116 0.202016 0.184676 0.189259 0.21111
3912500 0.188092 0.190426 0.20996 0.0 0.0 0.0 0.191896 0.191669 0.208679 0.184676 0.189259 0.21111
3912500 0.185377 0.193187 0.210973 0.0 0.0 0.0 0.186137 0.197149 0.210827 0.184676 0.189259 0.21111
3912500 0.184015 0.190915 0.203515 0.0 0.0 0.0 0.180484 0.193645 0.205092 0.187368 0.188116 0.202016
3912500 0.187631 0.188274 0.213458 0.0 0.0 0.0 0.191813 0.186621 0.216767 0.184676 0.189259 0.21111
3912500 0.197981 0.184233 0.181832 0.0 0.0 0.0 0.199423 0.178825 0.182617 0.197025 0.187647 0.181312
3912500 0.193542 0.18406 0.184757 0.0 0.0 0.0 0.195715 0.185022 0.188065 0.191318 0.182862 0.181371
3912500 0.190403 0.186713 0.18336 0.0 0.0 0.0 0.189185 0.191593 0.186011 0.191318 0.182862 0.181371
3912500 0.185818 0.179149 0.192306 0.0 0.0 0.0 0.185692 0.180024 0.189035 0.186016 0.177515 0.197396
3912500 0.189896 0.181076 0.198194 0.0 0.0 0.0 0.186016 0.177515 0.197396 0.192304 0.183108 0.198683
3912500 0.18909 0.179838 0.190489 0.0 0.0 0.0 0.185692 0.180024 0.189035 0.192609 0.179432 0.191994
3912500 0.195458 0.180039 0.194879 0.0 0.0 0.0 0.192609 0.179432 0.191994 0.198098 0.180399 0.197552
3912500 0.192454 0.181442 0.195456 0.0 0.0 0.0 0.192609 0.179432 0.191994 0.192304 0.183108 0.198683
3912500 0.195214 0.181747 0.198115 0.0 0.0 0.0 0.192304 0.183108 0.198683 0.198098 0.180399 0.197552
3912500 0.193247 0.179596 0.19968 0.0 0.0 0.0 0.194554 0.17444 0.201058 0.192304 0.183108 0.198683
3912500 0.192823 0.183176 0.201947 0.0 0.0 0.0 0.192304 0.183108 0.198683 0.193582 0.182999 0.206771
3912500 0.192618 0.18594 0.196854 0.0 0.0 0.0 0.192913 0.18847 0.195105 0.192304 0.183108 0.198683
3912500 0.189595 0.184561 0.196452 0.0 0.0 0.0 0.186034 0.186211 0.193512 0.192304 0.183108 0.198683
3912500 0.196681 0.179942 0.191426 0.0 0.0 0.0 0.192609 0.179432 0.191994 0.20069 0.180235 0.190866
3912500 0.199353 0.180425 0.19431 0.0 0.0 0.0 0.20069 0.180235 0.190866 0.198098 0.180399 0.197552
3912500 0.200366 0.181602 0.199579 0.0 0.0 0.0 0.203061 0.182798 0.201987 0.198098 0.180399 0.197552
3912500 0.194084 0.178692 0.203825 0.0 0.0 0.0 0.194554 0.17444 0.201058 0.193582 0.182999 0.206771
3912500 0.189233 0.182144 0.209569 0.0 0.0 0.0 0.185299 0.181167 0.212102 0.193582 0.182999 0.206771
3912500 0.194764 0.18095 0.210998 0.0 0.0 0.0 0.195568 0.179379 0.213868 0.193582 0.182999 0.206771
3912500 0.194136 0.182246 0.214973 0.0 0.0 0.0 0.195568 0.179379 0.213868 0.191813 0.186621 0.216767
3912500 0.192741 0.184828 0.211525 0.0 0.0 0.0 0.191813 0.186621 0.216767 0.193582 0.182999 0.206771
3912500 0.197271 0.184222 0.209778 0.0 0.0 0.0 0.200822 0.185191 0.212672 0.193582 0.182999 0.206771
3912500 0.203474 0.179409 0.219174 0.0 0.0 0.0 0.199142 0.180944 0.221035 0.209391 0.17706 0.21663
3912500 0.20317 0.184221 0.219711 0.0 0.0 0.0 0.199142 0.180944 0.221035 0.206018 0.186359 0.218776
3912500 0.196429 0.186561 0.184377 0.0 0.0 0.0 0.195715 0.185022 0.188065 0.197025 0.187647 0.181312
3912500 0.194054 0.189248 0.183091 0.0 0.0 0.0 0.189185 0.191593 0.186011 0.197025 0.187647 0.181312
3912500 0.1983 0.193464 0.18145 0.0 0.0 0.0 0.199558 0.19304 0.185534 0.197157 0.193687 0.177772
3912500 0.194134 0.187044 0.192036 0.0 0.0 0.0 0.192913 0.18847 0.195105 0.195715 0.185022 0.188065
3912500 0.197647 0.189161 0.186791 0.0 0.0 0.0 0.195715 0.185022 0.188065 0.199558 0.19304 0.185534
3912500 0.190021 0.187598 0.194436 0.0 0.0 0.0 0.192913 0.18847 0.195105 0.186034 0.186211 0.193512
3912500 0.190563 0.191057 0.195372 0.0 0.0 0.0 0.192913 0.18847 0.195105 0.187154 0.194622 0.195759
3912500 0.194022 0.191284 0.194142 0.0 0.0 0.0 0.192913 0.18847 0.195105 0.195636 0.195188 0.19274
3912500 0.195199 0.192538 0.185734 0.0 0.0 0.0 0.199558 0.19304 0.185534 0.189185 0.191593 0.186011
3912500 0.188071 0.193361 0.191358 0.0 0.0 0.0 0.187154 0.194622 0.195759 0.189185 0.191593 0.186011
3912500 0.190653 0.188403 0.197923 0.0 0.0 0.0 0.192913 0.18847 0.195105 0.187368 0.188116 0.202016
3912500 0.193422 0.190309 0.197598 0.0 0.0 0.0 0.192913 0.18847 0.195105 0.193981 0.192205 0.200322
3912500 0.186682 0.187244 0.197653 0.0 0.0 0.0 0.186034 0.186211 0.193512 0.187368 0.188116 0.202016
3912500 0.18726 0.191479 0.198886 0.0 0.0 0.0 0.187154 0.194622 0.195759 0.187368 0.188116 0.202016
3912500 0.191046 0.19332 0.198361 0.0 0.0 0.0 0.187154 0.194622 0.195759 0.193981 0.192205 0.200322
3912500 0.187713 0.195365 0.200299 0.0 0.0 0.0 0.187154 0.194622 0.195759 0.188122 0.195725 0.203621
3912500 0.194691 0.193561 0.197068 0.0 0.0 0.0 0.195636 0.195188 0.19274 0.193981 0.192205 0.200322
3912500 0.186064 0.199744 0.196079 0.0 0.0 0.0 0.187154 0.194622 0.195759 0.184851 0.20522 0.196437
3912500 0.199587 0.185849 0.186143 0.0 0.0 0.0 0.195715 0.185022 0.188065 0.202977 0.186375 0.184462
3912500 0.201244 0.191133 0.181603 0.0 0.0 0.0 0.199558 0.19304 0.185534 0.202582 0.189431 0.178486
3912500 0.20137 0.189612 0.184964 0.0 0.0 0.0 0.199558 0.19304 0.185534 0.202977 0.186375 0.184462
3912500 0.196004 0.188223 0.195026 0.0 0.0 0.0 0.192913 0.18847 0.195105 0.200976 0.18763 0.194898
3912500 0.201737 0.195864 0.188564 0.0 0.0 0.0 0.203883 0.198432 0.191546 0.199558 0.19304 0.185534
3912500 0.20006 0.197034 0.192098 0.0 0.0 0.0 0.203883 0.198432 0.191546 0.195636 0.195188 0.19274
3912500 0.191141 0.190526 0.201052 0.0 0.0 0.0 0.187368 0.188116 0.202016 0.193981 0.192205 0.200322
3912500 0.189711 0.190062 0.205467 0.0 0.0 0.0 0.191896 0.191669 0.208679 0.187368 0.188116 0.202016
3912500 0.196472 0.191101 0.20233 0.0 0.0 0.0 0.199601 0.18954 0.20485 0.193981 0.192205 0.200322
3912500 0.195722 0.190718 0.206778 0.0 0.0 0.0 0.191896 0.191669 0.208679 0.199601 0.18954 0.20485
3912500 0.191006 0.194072 0.201997 0.0 0.0 0.0 0.188122 0.195725 0.203621 0.193981 0.192205 0.200322
3912500 0.193049 0.192043 0.204055 0.0 0.0 0.0 0.191896 0.191669 0.208679 0.193981 0.192205 0.200322
3912500 0.195334 0.194483 0.202878 0.0 0.0 0.0 0.19669 0.196604 0.205436 0.193981 0.192205 0.200322
3912500 0.187229 0.196472 0.206862 0.0 0.0 0.0 0.186137 0.197149 0.210827 0.188122 0.195725 0.203621
3912500 0.192281 0.193808 0.212358 0.0 0.0 0.0 0.191896 0.191669 0.208679 0.192615 0.195477 0.215482
3912500 0.189568 0.196342 0.213293 0.0 0.0 0.0 0.186137 0.197149 0.210827 0.192615 0.195477 0.215482
3912500 0.19229 0.192 0.215996 0.0 0.0 0.0 0.191813 0.186621 0.216767 0.192615 0.195477 0.215482
3912500 0.194539 0.196564 0.218348 0.0 0.0 0.0 0.196432 0.197468 0.221162 0.192615 0.195477 0.215482
3912500 0.19501 0.198654 0.215478 0.0 0.0 0.0 0.192615 0.195477 0.215482 0.197534 0.20183 0.215476
3912500 0.186182 0.199493 0.214362 0.0 0.0 0.0 0.186137 0.197149 0.210827 0.186248 0.202635 0.219493
3912500 0.190197 0.198265 0.217001 0.0 0.0 0.0 0.192615 0.195477 0.215482 0.186248 0.202635 0.219493
3912500 0.200234 0.188766 0.200266 0.0 0.0 0.0 0.200976 0.18763 0.194898 0.199601 0.18954 0.20485
3912500 0.19731 0.193931 0.199906 0.0 0.0 0.0 0.201748 0.196055 0.19935 0.193981 0.192205 0.200322
3912500 0.19886 0.196474 0.202825 0.0 0.0 0.0 0.201748 0.196055 0.19935 0.19669 0.196604 0.205436
3912500 0.20346 0.189372 0.206961 0.0 0.0 0.0 0.206448 0.189054 0.208595 0.199601 0.18954 0.20485
3912500 0.200185 0.187566 0.208593 0.0 0.0 0.0 0.200822 0.185191 0.212672 0.199601 0.18954 0.20485
3912500 0.196038 0.193152 0.210353 0.0 0.0 0.0 0.191896 0.191669 0.208679 0.200752 0.194612 0.212258
3912500 0.196087 0.195185 0.214104 0.0 0.0 0.0 0.200752 0.194612 0.212258 0.192615 0.195477 0.215482
3912500 0.196623 0.185964 0.214581 0.0 0.0 0.0 0.200822 0.185191 0.212672 0.191813 0.186621 0.216767
3912500 0.199738 0.188657 0.216592 0.0 0.0 0.0 0.200822 0.185191 0.212672 0.198918 0.191096 0.219562
3912500 0.201236 0.19412 0.219789 0.0 0.0 0.0 0.203908 0.19738 0.220049 0.198918 0.191096 0.219562
3912500 0.200595 0.1998 0.217672 0.0 0.0 0.0 0.203908 0.19738 0.220049 0.197534 0.20183 0.215476
3912500 0.206243 0.178625 0.19077 0.0 0.0 0.0 0.207727 0.183199 0.190481 0.204847 0.174105 0.19104
3912500 0.210481 0.179559 0.197069 0.0 0.0 0.0 0.208171 0.1815 0.197537 0.215575 0.174953 0.196043
3912500 0.214207 0.181154 0.199147 0.0 0.0 0.0 0.213412 0.184605 0.200959 0.215575 0.174953 0.196043
3912500 0.209426 0.184732 0.186859 0.0 0.0 0.0 0.207727 0.183199 0.190481 0.211608 0.186457 0.182213
3912500 0.205137 0.185036 0.187198 0.0 0.0 0.0 0.207727 0.183199 0.190481 0.202977 0.186375 0.184462
3912500 0.216591 0.179727 0.191262 0.0 0.0 0.0 0.215575 0.174953 0.196043 0.217161 0.182282 0.188591
3912500 0.214633 0.179912 0.187171 0.0 0.0 0.0 0.21137 0.176672 0.185338 0.217161 0.182282 0.188591
3912500 0.205471 0.17983 0.20761 0.0 0.0 0.0 0.201057 0.176556 0.208102 0.208991 0.182251 0.207218
3912500 0.205035 0.186179 0.201639 0.0 0.0 0.0 0.20713 0.189549 0.201269 0.203061 0.182798 0.201987
3912500 0.214285 0.188658 0.201193 0.0 0.0 0.0 0.213412 0.184605 0.200959 0.215485 0.193966 0.201519
3912500 0.208059 0.186013 0.204237 0.0 0.0 0.0 0.208991 0.182251 0.207218 0.20713 0.189549 0.201269
3912500 0.20935 0.184573 0.210654 0.0 0.0 0.0 0.209615 0.186098 0.213181 0.208991 0.182251 0.207218
3912500 0.212745 0.180719 0.206259 0.0 0.0 0.0 0.208991 0.182251 0.207218 0.216014 0.179188 0.205425
3912500 0.215937 0.185633 0.203977 0.0 0.0 0.0 0.219038 0.186664 0.207686 0.213412 0.184605 0.200959
3912500 0.204342 0.181957 0.214298 0.0 0.0 0.0 0.200822 0.185191 0.212672 0.209391 0.17706 0.21663
3912500 0.202768 0.188093 0.181308 0.0 0.0 0.0 0.202977 0.186375 0.184462 0.202582 0.189431 0.178486
3912500 0.205186 0.198354 0.187372 0.0 0.0 0.0 0.203883 0.198432 0.191546 0.207452 0.197929 0.180118
3912500 0.212545 0.195887 0.184688 0.0 0.0 0.0 0.216194 0.194243 0.187964 0.207452 0.197929 0.180118
3912500 0.209804 0.190141 0.191523 0.0 0.0 0.0 0.212752 0.18872 0.19411 0.206796 0.19138 0.188882
3912500 0.201381 0.192154 0.197232 0.0 0.0 0.0 0.200976 0.18763 0.194898 0.201748 0.196055 0.19935
3912500 0.207382 0.196833 0.192869 0.0 0.0 0.0 0.210142 0.195386 0.193912 0.203883 0.198432 0.191546
3912500 0.209935 0.189241 0.197696 0.0 0.0 0.0 0.212752 0.18872 0.19411 0.20713 0.189549 0.201269
3912500 0.213931 0.191091 0.197308 0.0 0.0 0.0 0.212752 0.18872 0.19411 0.215485 0.193966 0.201519
3912500 0.204582 0.192735 0.200359 0.0 0.0 0.0 0.201748 0.196055 0.19935 0.20713 0.189549 0.201269
3912500 0.204897 0.196281 0.203254 0.0 0.0 0.0 0.201748 0.196055 0.19935 0.207857 0.196289 0.206926
3912500 0.212082 0.194976 0.196676 0.0 0.0 0.0 0.210142 0.195386 0.193912 0.215485 0.193966 0.201519
3912500 0.206098 0.200112 0.194446 0.0 0.0 0.0 0.203883 0.198432 0.191546 0.208787 0.201916 0.197968
3912500 0.211139 0.192809 0.188457 0.0 0.0 0.0 0.216194 0.194243 0.187964 0.206796 0.19138 0.188882
3912500 0.212485 0.195049 0.191608 0.0 0.0 0.0 0.210142 0.195386 0.193912 0.216194 0.194243 0.187964
3912500 0.215571 0.197177 0.192033 0.0 0.0 0.0 0.216194 0.194243 0.187964 0.215176 0.198873 0.194624
3912500 0.207486 0.19295 0.204035 0.0 0.0 0.0 0.20713 0.189549 0.201269 0.207857 0.196289 0.206926
3912500 0.204122 0.191429 0.21009 0.0 0.0 0.0 0.206448 0.189054 0.208595 0.200752 0.194612 0.212258
3912500 0.206161 0.185848 0.212981 0.0 0.0 0.0 0.209615 0.186098 0.213181 0.200822 0.185191 0.212672
3912500 0.211048 0.188617 0.211339 0.0 0.0 0.0 0.209615 0.186098 0.213181 0.21257 0.191073 0.209386
3912500 0.213654 0.192255 0.206458 0.0 0.0 0.0 0.21257 0.191073 0.209386 0.215485 0.193966 0.201519
3912500 0.20794 0.186325 0.215786 0.0 0.0 0.0 0.209615 0.186098 0.213181 0.206018 0.186359 0.218776
3912500 0.201271 0.198989 0.20913 0.0 0.0 0.0 0.200752 0.194612 0.212258 0.201848 0.203622 0.205658
3912500 0.213932 0.194301 0.210026 0.0 0.0 0.0 0.21257 0.191073 0.209386 0.216702 0.200548 0.211331
3912500 0.188994 0.202909 0.198058 -14.212 9.28129 -8.71715 0.19289 0.200736 0.199582 0.184851 0.20522 0.196437
3912500 0.18313 0.212382 0.193925 -17.1506 -4.40125 -1.1897 0.186368 0.212911 0.193714 0.179369 0.211768 0.194169
3912500 0.196624 0.198291 0.189613 -6.9577 -18.0738 13.6233 0.197684 0.201619 0.18626 0.195636 0.195188 0.19274
3912500 0.194292 0.197902 0.196088 9.56157 -14.4943 -25.5917 0.19289 0.200736 0.199582 0.195636 0.195188 0.19274
3912500 0.195098 0.198335 0.202984 17.2374 -15.6781 18.16 0.19289 0.200736 0.199582 0.19669 0.196604 0.205436
3912500 0.192684 0.201663 0.2042 0.644563 4.50092 13.1892 0.19289 0.200736 0.199582 0.192484 0.202565 0.208695
3912500 0.190565 0.204549 0.189829 -10.2119 -26.3837 3.19574 0.191793 0.208855 0.189907 0.189413 0.20051 0.189757
3912500 0.196277 0.20324 0.197464 4.78017 3.38417 -4.21271 0.19289 0.200736 0.199582 0.200098 0.206065 0.195075
3912500 0.199118 0.204916 0.183016 3.30117 16.3954 -16.2755 0.197684 0.201619 0.18626 0.200531 0.208166 0.179818
3912500 0.192897 0.205797 0.211926 -1.81788 -8.22738 -11.2581 0.193313 0.209061 0.215188 0.192484 0.202565 0.208695
3912500 0.188535 0.214152 0.185535 -2.79174 -13.0122 -7.99269 0.189811 0.217628 0.188343 0.187598 0.211599 0.183472
3912500 0.188665 0.211194 0.192102 4.20915 -3.08708 -4.13993 0.186368 0.212911 0.193714 0.191793 0.208855 0.189907
3912500 0.194549 0.21195 0.191609 9.11902 13.6576 8.69179 0.191793 0.208855 0.189907 0.197075 0.214788 0.19317
3912500 0.187772 0.215416 0.195316 10.9715 15.8285 7.59802 0.186368 0.212911 0.193714 0.189742 0.218932 0.197566
3912500 0.197108 0.215016 0.197272 1.65061 -0.153706 10.879 0.197075 0.214788 0.19317 0.197145 0.215281 0.202033
3912500 0.193384 0.217136 0.199763 -8.64759 4.23744 -7.39287 0.197145 0.215281 0.202033 0.189742 0.218932 0.197566
3912500 0.196051 0.212377 0.213462 7.1724 10.1089 -7.19662 0.193313 0.209061 0.215188 0.198981 0.215925 0.211616
3912500 0.191497 0.213312 0.215443 -34.8563 62.0047 -4.33469 0.193313 0.209061 0.215188 0.189251 0.218569 0.215758
3912500 0.203059 0.218387 0.212988 22.2278 12.9679 12.0717 0.198981 0.215925 0.211616 0.206726 0.220601 0.214223
3912500 0.20137 0.213107 0.201621 12.9749 -6.89818 -3.66958 0.197145 0.215281 0.202033 0.204943 0.211269 0.201272
3912500 0.201245 0.217274 0.203431 24.8972 12.9822 3.99017 0.197145 0.215281 0.202033 0.205264 0.219227 0.2048
3912500 0.201091 0.209667 0.219252 -10.2847 20.1808 20.6382 0.202902 0.207067 0.216984 0.199508 0.21194 0.221234
3912500 0.205189 0.19892 0.198675 -6.57412 -6.72089 2.15978 0.208787 0.201916 0.197968 0.201748 0.196055 0.19935
3912500 0.214674 0.200798 0.192262 3.77762 -49.4799 48.0358 0.213825 0.204058 0.188259 0.215176 0.198873 0.194624
3912500 0.209663 0.203346 0.202394 -9.55981 -11.5806 -26.8686 0.210238 0.204285 0.2053 0.208787 0.201916 0.197968
3912500 0.210282 0.206241 0.185082 14.7813 -5.82361 14.3235 0.208 0.207649 0.183034 0.213825 0.204058 0.188259
3912500 0.208536 0.205736 0.195183 -1.90271 -15.1463 10.4141 0.208359 0.208428 0.193219 0.208787 0.201916 0.197968
3912500 0.214144 0.206662 0.192789 2.41278 -12.6839 -25.7852 0.214329 0.208166 0.195404 0.213825 0.204058 0.188259
3912500 0.205184 0.199551 0.206362 22.3291 -32.5753 -0.0315034 0.201848 0.203622 0.205658 0.207857 0.196289 0.206926
3912500 0.203607 0.207969 0.203165 6.30092 21.762 -16.2145 0.201848 0.203622 0.205658 0.204943 0.211269 0.201272
3912500 0.209529 0.206727 0.207087 -8.28515 16.3825 14.4727 0.210238 0.204285 0.2053 0.208258 0.211106 0.210293
3912500 0.204691 0.204088 0.215221 16.9908 -20.925 -10.6694 0.202902 0.207067 0.216984 0.206499 0.201076 0.213438
3912500 0.212332 0.203075 0.207253 13.1654 -11.4526 16.0522 0.210238 0.204285 0.2053 0.216702 0.200548 0.211331
3912500 0.204907 0.207863 0.181702 -14.3879 2.85089 -4.54336 0.208 0.207649 0.183034 0.200531 0.208166 0.179818
3912500 0.2033 0.216746 0.182294 9.02312 -5.11455 30.7511 0.201419 0.217232 0.178273 0.205937 0.216065 0.187931
3912500 0.211959 0.21507 0.189325 -29.5795 2.65498 -11.401 0.215506 0.214484 0.190147 0.205937 0.216065 0.187931
3912500 0.213071 0.210836 0.196052 -9.3951 32.8422 8.15233 0.214329 0.208166 0.195404 0.211268 0.214662 0.19698
3912500 0.207517 0.211084 0.19138 -7.69394 14.2257 -11.3832 0.208359 0.208428 0.193219 0.205937 0.216065 0.187931
3912500 0.207992 0.212905 0.199203 -24.9206 -11.3993 11.2851 0.211268 0.214662 0.19698 0.204943 0.211269 0.201272
3912500 0.212869 0.217944 0.199312 -6.95199 -21.8124 -11.6819 0.214412 0.221107 0.201559 0.211268 0.214662 0.19698
3912500 0.212203 0.218447 0.195093 1.77039 21.84 -12.5688 0.211268 0.214662 0.19698 0.213055 0.2219 0.193372
3912500 0.215965 0.215461 0.207881 3.40576 -5.47406 -8.49053 0.214554 0.216993 0.210105 0.218474 0.212737 0.203925
3912500 0.207152 0.198774 0.210307 0.427112 -10.1699 -15.9759 0.206499 0.201076 0.213438 0.207857 0.196289 0.206926
3912500 0.200115 0.214578 0.186171 21.0425 6.50644 2.96814 0.196558 0.213669 0.185095 0.205937 0.216065 0.187931
3912500 0.194793 0.213834 0.181704 3.49676 -1.12765 5.43283 0.192936 0.214008 0.178134 0.196558 0.213669 0.185095
3912500 0.20714 0.20404 0.205432 -3.81734 -0.681271 0.657753 0.210238 0.204285 0.2053 0.201848 0.203622 0.205658
3912500 0.212329 0.214913 0.210172 -11.4995 -9.42508 -1.83737 0.214554 0.216993 0.210105 0.208258 0.211106 0.210293
3912500 0.193511 0.215457 0.186562 -26.553 16.0928 7.44785 0.196558 0.213669 0.185095 0.189811 0.217628 0.188343
3912500 0.198325 0.211221 0.182747 9.13632 -15.7321 -18.7841 0.196558 0.213669 0.185095 0.200531 0.208166 0.179818
3912500 0.181782 0.2023 0.193754 3.68676 2.98062 2.13189 0.179921 0.200531 0.192127 0.184851 0.20522 0.196437
3912500 0.207818 0.20442 0.182065 -0.15355 -1.08982 -0.171936 0.208 0.207649 0.183034 0.207452 0.197929 0.180118
3912500 0.215676 0.215242 0.212333 3.3301 -7.94128 7.55517 0.214554 0.216993 0.210105 0.217894 0.211778 0.216738
3912500 0.198703 0.199343 0.205523 -7.27286 -11.7343 -2.27437 0.201848 0.203622 0.205658 0.19669 0.196604 0.205436
3912500 0.184879 0.217872 0.204285 1.51921 -3.19354 0.411622 0.183676 0.221431 0.203429 0.186933 0.211798 0.205745
3912500 0.216896 0.199103 0.200748 -8.59692 -33.9186 10.8703 0.218101 0.20349 0.20009 0.215485 0.193966 0.201519
3912500 0.215825 0.206311 0.197263 -18.2206 15.8001 -16.3126 0.218101 0.20349 0.20009 0.214329 0.208166 0.195404
3912500 0.18431 0.205806 0.191488 -2.12152 5.36914 -18.8437 0.184851 0.20522 0.196437 0.183861 0.206293 0.18738
3912500 0.194044 0.203954 0.18408 -4.79174 2.09218 -3.16149 0.197684 0.201619 0.18626 0.191314 0.205704 0.182447
3912500 0.210354 0.200876 0.212642 17.4851 -1.151 -6.62465 0.206499 0.201076 0.213438 0.216702 0.200548 0.211331
3912500 0.204379 0.21677 0.193957 -0.162588 0.276675 1.47884 0.205937 0.216065 0.187931 0.203562 0.21714 0.19712
3912500 0.201117 0.199854 0.189188 0.421816 -0.301407 0.314468 0.197684 0.201619 0.18626 0.203883 0.198432 0.191546
3912500 0.20664 0.206161 0.185743 -0.233746 -0.175069 0.512224 0.208 0.207649 0.183034 0.205319 0.204715 0.188374
3912500 0.200586 0.215294 0.191094 3.28266 -0.133945 -1.99245 0.197075 0.214788 0.19317 0.205937 0.216065 0.187931
3912500 0.203328 0.20523 0.19093 -0.290524 0.0808964 0.27263 0.205319 0.204715 0.188374 0.200098 0.206065 0.195075
3912500 0.195775 0.208487 0.204921 -0.626302 -1.31605 -10.3578 0.196072 0.209352 0.207915 0.195484 0.207642 0.201999
3912500 0.197198 0.211897 0.209347 -14.8671 -36.2835 -12.9477 0.198981 0.215925 0.211616 0.196072 0.209352 0.207915
3912500 0.187795 0.214866 0.191488 8.88571 9.74127 -16.0711 0.186368 0.212911 0.193714 0.189811 0.217628 0.188343
3912500 0.185767 0.209864 0.194793 -2.74875 -25.5778 5.21486 0.186368 0.212911 0.193714 0.184851 0.20522 0.196437
3912500 0.198214 0.207227 0.207078 10.9346 -9.5435 -6.43607 0.196072 0.209352 0.207915 0.201848 0.203622 0.205658
3912500 0.194463 0.204926 0.201049 20.4435 53.652 9.15069 0.19289 0.200736 0.199582 0.195484 0.207642 0.201999
3912500 0.186624 0.203415 0.188563 -9.68729 13.0549 -6.73574 0.189413 0.20051 0.189757 0.183861 0.206293 0.18738
3912500 0.190189 0.206219 0.217091 -17.1222 -12.3469 6.65017 0.193313 0.209061 0.215188 0.186248 0.202635 0.219493
3912500 0.207816 0.21249 0.215675 1.43318 4.41338 17.497 0.208258 0.211106 0.210293 0.207439 0.213673 0.220276
3912500 0.20663 0.215523 0.207305 -1.69846 8.99997 -6.89946 0.208258 0.211106 0.210293 0.205264 0.219227 0.2048
3912500 0.205106 0.208729 0.21423 5.87462 3.70422 -5.15512 0.202902 0.207067 0.216984 0.208258 0.211106 0.210293
3912500 0.198714 0.196903 0.185861 0.923351 -3.49225 0.253859 0.197684 0.201619 0.18626 0.199558 0.19304 0.185534
3912500 0.185752 0.208066 0.200464 -0.686611 -13.3293 -20.6897 0.186933 0.211798 0.205745 0.184851 0.20522 0.196437
3912500 0.194363 0.211452 0.187312 5.12979 4.91577 -3.52559 0.191793 0.208855 0.189907 0.196558 0.213669 0.185095
3912500 0.193124 0.210141 0.207215 -11.3058 3.73358 -4.67727 0.196072 0.209352 0.207915 0.186933 0.211798 0.205745
3912500 0.198393 0.210986 0.194 6.08328 -11.7766 1.74789 0.197075 0.214788 0.19317 0.200098 0.206065 0.195075
3912500 0.196133 0.210625 0.202013 -11.8329 -52.1946 -8.7898 0.197145 0.215281 0.202033 0.195484 0.207642 0.201999
3912500 0.211491 0.208291 0.194366 3.98857 -0.73657 1.93211 0.208359 0.208428 0.193219 0.214329 0.208166 0.195404
3912500 0.217201 0.208695 0.19462 3.1618 0.933198 -0.470375 0.214329 0.208166 0.195404 0.221987 0.209575 0.193312
3912500 0.195646 0.205066 0.215347 28.1283 -52.6829 -7.17953 0.193313 0.209061 0.215188 0.197534 0.20183 0.215476
3912500 0.184554 0.215639 0.193414 -2.15294 3.19156 -0.982509 0.186368 0.212911 0.193714 0.182293 0.219039 0.19304
3912500 0.197808 0.206174 0.203335 4.9938 -3.32988 4.19184 0.195484 0.207642 0.201999 0.201848 0.203622 0.205658
3912500 0.188172 0.215416 0.211095 0.236337 2.4246 4.22439 0.186933 0.211798 0.205745 0.189251 0.218569 0.215758
3912500 0.204976 0.207274 0.20792 -3.52191 -5.67049 -2.55344 0.208258 0.211106 0.210293 0.201848 0.203622 0.205658
3912500 0.19082 0.213162 0.189139 -2.76145 7.4896 -2.17619 0.191793 0.208855 0.189907 0.189811 0.217628 0.188343
3912500 0.209088 0.215236 0.193279 7.21096 -0.654732 9.06144 0.205937 0.216065 0.187931 0.211268 0.214662 0.19698
3912500 0.218272 0.207736 0.20185 -0.820927 13.267 7.65521 0.218101 0.20349 0.20009 0.218474 0.212737 0.203925
3912500 0.207071 0.217252 0.217149 1.28572 -4.93037 3.57466 0.206726 0.220601 0.214223 0.207439 0.213673 0.220276
3912500 0.183035 0.216338 0.208473 -1.96078 1.67518 0.964308 0.186933 0.211798 0.205745 0.180798 0.218942 0.210039
3912500 0.194617 0.206599 0.208231 -12.3984 -22.8363 -1.4811 0.196072 0.209352 0.207915 0.192484 0.202565 0.208695
3912500 0.216037 0.19695 0.205967 0.547941 -6.43636 -8.77531 0.216702 0.200548 0.211331 0.215485 0.193966 0.201519
3912500 0.200167 0.204399 0.216215 -11.1686 -11.6198 -5.95697 0.202902 0.207067 0.216984 0.197534 0.20183 0.215476
3912500 0.1949 0.199141 0.206823 2.29966 -2.30542 -1.61532 0.192484 0.202565 0.208695 0.19669 0.196604 0.205436
3912500 0.212652 0.200075 0.195945 7.35596 -4.84417 -5.32413 0.208787 0.201916 0.197968 0.215176 0.198873 0.194624
3912500 0.210487 0.206727 0.191289 1.53592 -0.807766 -1.34439 0.208359 0.208428 0.193219 0.213825 0.204058 0.188259
3912500 0.204695 0.20387 0.196605 -9.36338 6.16077 -4.53891 0.208787 0.201916 0.197968 0.200098 0.206065 0.195075
3912500 0.216181 0.217463 0.202589 0.990286 -2.41205 1.09101 0.214412 0.221107 0.201559 0.218474 0.212737 0.203925
3912500 0.18977 0.217723 0.205999 -8.49981 -23.3456 2.15968 0.191829 0.222025 0.206184 0.186933 0.211798 0.205745
3912500 0.204944 0.21004 0.218465 9.14741 9.53729 4.7344 0.202902 0.207067 0.216984 0.207439 0.213673 0.220276
3912500 0.190083 0.197786 0.20196 -3.17218 -3.68735 1.92182 0.19289 0.200736 0.199582 0.188122 0.195725 0.203621
3912500 0.203348 0.213657 0.210993 1.44499 -0.782766 0.0523159 0.198981 0.215925 0.211616 0.208258 0.211106 0.210293
3912500 0.181562 0.217502 0.19677 0.11785 1.40756 -3.95143 0.181016 0.216353 0.199558 0.182293 0.219039 0.19304
3912500 0.193256 0.201025 0.188132 0.0 0.0 0.0 0.197684 0.201619 0.18626 0.189413 0.20051 0.189757
3912500 0.196824 0.203055 0.207288 -18.181 -2.65992 2.89747 0.201848 0.203622 0.205658 0.192484 0.202565 0.208695
3912500 0.204182 0.214504 0.198984 0.161361 -1.81142 0.99425 0.203562 0.21714 0.19712 0.204943 0.211269 0.201272
3912500 0.205092 0.214955 0.202906 -0.33983 -1.60166 -0.811183 0.205264 0.219227 0.2048 0.204943 0.211269 0.201272
3912500 0.218891 0.215587 0.199333 -0.594548 -2.32416 2.8116 0.219193 0.21765 0.19601 0.218474 0.212737 0.203925
3912500 0.182359 0.207128 0.205034 -4.22388 -5.96823 -0.72625 0.186933 0.211798 0.205745 0.178737 0.203431 0.204472
3912500 0.191529 0.207115 0.185786 -1.03004 -1.99683 -4.30134 0.191793 0.208855 0.189907 0.191314 0.205704 0.182447
3912500 0.198835 0.203738 0.190461 0.467728 1.80788 2.66385 0.197684 0.201619 0.18626 0.200098 0.206065 0.195075
3912500 0.18174 0.208936 0.19515 1.13839 -1.25985 0.746324 0.179369 0.211768 0.194169 0.184851 0.20522 0.196437
3912500 0.181266 0.21118 0.202465 0.412413 0.036268 0.157976 0.178637 0.210893 0.200944 0.186933 0.211798 0.205745
3912500 0.190378 0.211006 0.200211 0.0 0.0 0.0 0.192086 0.210518 0.197466 0.186933 0.211798 0.205745
3912500 0.217293 0.216019 0.192989 -0.476283 -0.256557 -0.567978 0.219193 0.21765 0.19601 0.215506 0.214484 0.190147
3912500 0.206335 0.211201 0.205059 -0.305634 0.144719 -0.76779 0.208258 0.211106 0.210293 0.204943 0.211269 0.201272
3912500 0.214212 0.210047 0.202051 0.0 0.0 0.0 0.218474 0.212737 0.203925 0.211811 0.208433 0.200997
3912500 0.180284 0.214417 0.197159 0.0 0.0 0.0 0.181016 0.216353 0.199558 0.179369 0.211768 0.194169
3912500 0.18784 0.206084 0.184745 0.0 0.0 0.0 0.191314 0.205704 0.182447 0.183861 0.206293 0.18738
3912500 0.18768 0.207632 0.188596 0.0 0.0 0.0 0.191793 0.208855 0.189907 0.183861 0.206293 0.18738
3912500 0.180988 0.208853 0.199238 0.0 0.0 0.0 0.178637 0.210893 0.200944 0.184851 0.20522 0.196437
3912500 0.181851 0.204448 0.200379 0.0 0.0 0.0 0.178737 0.203431 0.204472 0.184851 0.20522 0.196437
3912500 0.182899 0.21501 0.201525 0.0 0.0 0.0 0.181016 0.216353 0.199558 0.186933 0.211798 0.205745
3912500 0.185816 0.218483 0.190838 0.0 0.0 0.0 0.189811 0.217628 0.188343 0.182293 0.219039 0.19304
3912500 0.193523 0.195852 0.200013 0.0 0.0 0.0 0.19289 0.200736 0.199582 0.193981 0.192205 0.200322
3912500 0.18941 0.210517 0.186255 0.0 0.0 0.0 0.191793 0.208855 0.189907 0.187598 0.211599 0.183472
3912500 0.190432 0.203402 0.185834 0.0 0.0 0.0 0.189413 0.20051 0.189757 0.191314 0.205704 0.182447
3912500 0.197745 0.201024 0.181416 0.0 0.0 0.0 0.197773 0.200511 0.178142 0.197684 0.201619 0.18626
3912500 0.195295 0.206873 0.18131 0.0 0.0 0.0 0.191314 0.205704 0.182447 0.200531 0.208166 0.179818
3912500 0.19196 0.209896 0.194289 0.0 0.0 0.0 0.191793 0.208855 0.189907 0.192086 0.210518 0.197466
3912500 0.195591 0.207685 0.192269 0.0 0.0 0.0 0.191793 0.208855 0.189907 0.200098 0.206065 0.195075
3912500 0.188516 0.207245 0.192988 0.0 0.0 0.0 0.191793 0.208855 0.189907 0.184851 0.20522 0.196437
3912500 0.194624 0.205484 0.188153 0.0 0.0 0.0 0.197684 0.201619 0.18626 0.191793 0.208855 0.189907
3912500 0.196807 0.214314 0.188988 0.0 0.0 0.0 0.197075 0.214788 0.19317 0.196558 0.213669 0.185095
3912500 0.18924 0.21179 0.195603 0.0 0.0 0.0 0.186368 0.212911 0.193714 0.192086 0.210518 0.197466
3912500 0.194289 0.212484 0.19557 0.0 0.0 0.0 0.192086 0.210518 0.197466 0.197075 0.214788 0.19317
3912500 0.195125 0.208903 0.196562 0.0 0.0 0.0 0.192086 0.210518 0.197466 0.200098 0.206065 0.195075
3912500 0.189235 0.208509 0.197065 0.0 0.0 0.0 0.192086 0.210518 0.197466 0.184851 0.20522 0.196437
3912500 0.187333 0.202763 0.192802 0.0 0.0 0.0 0.189413 0.20051 0.189757 0.184851 0.20522 0.196437
3912500 0.193836 0.209117 0.199807 0.0 0.0 0.0 0.192086 0.210518 0.197466 0.195484 0.207642 0.201999
3912500 0.194136 0.212527 0.199322 0.0 0.0 0.0 0.192086 0.210518 0.197466 0.197145 0.215281 0.202033
3912500 0.197168 0.207172 0.199472 0.0 0.0 0.0 0.195484 0.207642 0.201999 0.200098 0.206065 0.195075
3912500 0.195644 0.217649 0.18357 0.0 0.0 0.0 0.19449 0.222444 0.181643 0.196558 0.213669 0.185095
3912500 0.191115 0.214074 0.197511 0.0 0.0 0.0 0.192086 0.210518 0.197466 0.189742 0.218932 0.197566
3912500 0.193666 0.216226 0.190903 0.0 0.0 0.0 0.197075 0.214788 0.19317 0.189811 0.217628 0.188343
3912500 0.193623 0.216845 0.195238 0.0 0.0 0.0 0.197075 0.214788 0.19317 0.189742 0.218932 0.197566
3912500 0.201753 0.200188 0.1837 0.0 0.0 0.0 0.197684 0.201619 0.18626 0.207452 0.197929 0.180118
3912500 0.20099 0.200764 0.197383 0.0 0.0 0.0 0.200098 0.206065 0.195075 0.201748 0.196055 0.19935
3912500 0.197409 0.198454 0.199463 0.0 0.0 0.0 0.19289 0.200736 0.199582 0.201748 0.196055 0.19935
3912500 0.205174 0.207623 0.193934 0.0 0.0 0.0 0.208359 0.208428 0.193219 0.200098 0.206065 0.195075
3912500 0.202236 0.203571 0.187519 0.0 0.0 0.0 0.197684 0.201619 0.18626 0.205319 0.204715 0.188374
3912500 0.202854 0.20913 0.198598 0.0 0.0 0.0 0.200098 0.206065 0.195075 0.204943 0.211269 0.201272
3912500 0.200974 0.204949 0.200368 0.0 0.0 0.0 0.200098 0.206065 0.195075 0.201848 0.203622 0.205658
3912500 0.197102 0.202199 0.202439 0.0 0.0 0.0 0.19289 0.200736 0.199582 0.201848 0.203622 0.205658
3912500 0.198801 0.215418 0.181947 0.0 0.0 0.0 0.201419 0.217232 0.178273 0.196558 0.213669 0.185095
3912500 0.200678 0.2162 0.195363 0.0 0.0 0.0 0.197075 0.214788 0.19317 0.203562 0.21714 0.19712
3912500 0.19496 0.209341 0.210848 0.0 0.0 0.0 0.193313 0.209061 0.215188 0.196072 0.209352 0.207915
3912500 0.190676 0.210299 0.211284 0.0 0.0 0.0 0.193313 0.209061 0.215188 0.186933 0.211798 0.205745
3912500 0.196498 0.211808 0.205583 0.0 0.0 0.0 0.196072 0.209352 0.207915 0.197145 0.215281 0.202033
3912500 0.192771 0.209066 0.203188 0.0 0.0 0.0 0.186933 0.211798 0.205745 0.195484 0.207642 0.201999
3912500 0.194285 0.205718 0.204676 0.0 0.0 0.0 0.195484 0.207642 0.201999 0.192484 0.202565 0.208695
3912500 0.192853 0.213922 0.203593 0.0 0.0 0.0 0.186933 0.211798 0.205745 0.197145 0.215281 0.202033
3912500 0.190202 0.206466 0.207482 0.0 0.0 0.0 0.186933 0.211798 0.205745 0.192484 0.202565 0.208695
3912500 0.195262 0.202267 0.212426 0.0 0.0 0.0 0.192484 0.202565 0.208695 0.197534 0.20183 0.215476
3912500 0.196883 0.210826 0.218672 0.0 0.0 0.0 0.193313 0.209061 0.215188 0.199508 0.21194 0.221234
3912500 0.196677 0.203471 0.21898 0.0 0.0 0.0 0.195625 0.205245 0.223273 0.197534 0.20183 0.215476
3912500 0.188584 0.216095 0.200939 0.0 0.0 0.0 0.186933 0.211798 0.205745 0.189742 0.218932 0.197566
3912500 0.198046 0.215702 0.206731 0.0 0.0 0.0 0.198981 0.215925 0.211616 0.197145 0.215281 0.202033
3912500 0.19852 0.208085 0.216163 0.0 0.0 0.0 0.193313 0.209061 0.215188 0.202902 0.207067 0.216984
3912500 0.200944 0.216486 0.199123 0.0 0.0 0.0 0.197145 0.215281 0.202033 0.203562 0.21714 0.19712
3912500 0.199564 0.206338 0.219869 0.0 0.0 0.0 0.202902 0.207067 0.216984 0.195625 0.205245 0.223273
3912500 0.189777 0.218387 0.192968 0.0 0.0 0.0 0.189811 0.217628 0.188343 0.189742 0.218932 0.197566
3912500 0.199419 0.218077 0.216115 0.0 0.0 0.0 0.198981 0.215925 0.211616 0.199823 0.219861 0.220272
3912500 0.194468 0.217257 0.213537 0.0 0.0 0.0 0.198981 0.215925 0.211616 0.189251 0.218569 0.215758
3912500 0.202216 0.21773 0.208107 0.0 0.0 0.0 0.198981 0.215925 0.211616 0.205264 0.219227 0.2048
3912500 0.206014 0.202609 0.185682 0.0 0.0 0.0 0.205319 0.204715 0.188374 0.207452 0.197929 0.180118
3912500 0.201795 0.199642 0.202251 0.0 0.0 0.0 0.201848 0.203622 0.205658 0.201748 0.196055 0.19935
3912500 0.216351 0.200834 0.19682 0.0 0.0 0.0 0.218101 0.20349 0.20009 0.215176 0.198873 0.194624
3912500 0.211921 0.198302 0.199629 0.0 0.0 0.0 0.208787 0.201916 0.197968 0.215485 0.193966 0.201519
3912500 0.209233 0.201015 0.205986 0.0 0.0 0.0 0.210238 0.204285 0.2053 0.207857 0.196289 0.206926
3912500 0.211361 0.198081 0.208671 0.0 0.0 0.0 0.216702 0.200548 0.211331 0.207857 0.196289 0.206926
3912500 0.208434 0.197434 0.215023 0.0 0.0 0.0 0.206499 0.201076 0.213438 0.210772 0.1928 0.216938
3912500 0.207277 0.210702 0.184748 0.0 0.0 0.0 0.208 0.207649 0.183034 0.205937 0.216065 0.187931
3912500 0.211362 0.213675 0.18468 0.0 0.0 0.0 0.205937 0.216065 0.187931 0.215357 0.211733 0.182288
3912500 0.207364 0.214255 0.182113 0.0 0.0 0.0 0.205937 0.216065 0.187931 0.208153 0.213091 0.178897
3912500 0.213557 0.214672 0.193289 0.0 0.0 0.0 0.215506 0.214484 0.190147 0.211268 0.214662 0.19698
3912500 0.21217 0.205836 0.196402 0.0 0.0 0.0 0.208787 0.201916 0.197968 0.214329 0.208166 0.195404
3912500 0.209625 0.211247 0.194855 0.0 0.0 0.0 0.208359 0.208428 0.193219 0.211268 0.214662 0.19698
3912500 0.206825 0.206661 0.190774 0.0 0.0 0.0 0.208359 0.208428 0.193219 0.205319 0.204715 0.188374
3912500 0.208594 0.204568 0.188329 0.0 0.0 0.0 0.205319 0.204715 0.188374 0.213825 0.204058 0.188259
3912500 0.211179 0.203039 0.193357 0.0 0.0 0.0 0.208787 0.201916 0.197968 0.213825 0.204058 0.188259
3912500 0.213084 0.208388 0.198204 0.0 0.0 0.0 0.214329 0.208166 0.195404 0.211811 0.208433 0.200997
3912500 0.211604 0.21108 0.19935 0.0 0.0 0.0 0.211268 0.214662 0.19698 0.211811 0.208433 0.200997
3912500 0.210648 0.205977 0.199821 0.0 0.0 0.0 0.208787 0.201916 0.197968 0.211811 0.208433 0.200997
3912500 0.205517 0.202826 0.201591 0.0 0.0 0.0 0.208787 0.201916 0.197968 0.201848 0.203622 0.205658
3912500 0.214323 0.21817 0.191704 0.0 0.0 0.0 0.215506 0.214484 0.190147 0.213055 0.2219 0.193372
3912500 0.206885 0.216176 0.197058 0.0 0.0 0.0 0.203562 0.21714 0.19712 0.211268 0.214662 0.19698
3912500 0.213512 0.202821 0.199044 0.0 0.0 0.0 0.218101 0.20349 0.20009 0.208787 0.201916 0.197968
3912500 0.21447 0.213913 0.200065 0.0 0.0 0.0 0.218474 0.212737 0.203925 0.211268 0.214662 0.19698
3912500 0.215428 0.216336 0.19647 0.0 0.0 0.0 0.219193 0.21765 0.19601 0.211268 0.214662 0.19698
3912500 0.208883 0.209734 0.20112 0.0 0.0 0.0 0.211811 0.208433 0.200997 0.204943 0.211269 0.201272
3912500 0.211049 0.206475 0.203123 0.0 0.0 0.0 0.210238 0.204285 0.2053 0.211811 0.208433 0.200997
3912500 0.207228 0.205336 0.212135 0.0 0.0 0.0 0.208258 0.211106 0.210293 0.206499 0.201076 0.213438
3912500 0.204518 0.202266 0.210124 0.0 0.0 0.0 0.206499 0.201076 0.213438 0.201848 0.203622 0.205658
3912500 0.208265 0.202389 0.216762 0.0 0.0 0.0 0.210749 0.20398 0.221437 0.206499 0.201076 0.213438
3912500 0.207408 0.216487 0.212476 0.0 0.0 0.0 0.208258 0.211106 0.210293 0.206726 0.220601 0.214223
3912500 0.214323 0.206556 0.200642 0.0 0.0 0.0 0.218101 0.20349 0.20009 0.211811 0.208433 0.200997
3912500 0.213439 0.212039 0.207063 0.0 0.0 0.0 0.208258 0.211106 0.210293 0.218474 0.212737 0.203925
3912500 0.21216 0.206334 0.210772 0.0 0.0 0.0 0.208258 0.211106 0.210293 0.216702 0.200548 0.211331
3912500 0.212889 0.211535 0.213389 0.0 0.0 0.0 0.208258 0.211106 0.210293 0.217894 0.211778 0.216738
3912500 0.206142 0.205899 0.218822 0.0 0.0 0.0 0.202902 0.207067 0.216984 0.210749 0.20398 0.221437
3912500 0.204264 0.218106 0.200289 0.0 0.0 0.0 0.205264 0.219227 0.2048 0.203562 0.21714 0.19712
3912500 0.217521 0.202376 0.204751 0.0 0.0 0.0 0.218101 0.20349 0.20009 0.216702 0.200548 0.211331
