# ts x y z Fx Fy Fz x1 y1 z1 x2 y2 z2
1481250 0.184159 0.199574 0.191588 -0.116393 -0.0404335 -0.677779 0.184772 0.199109 0.196544 0.18365 0.19996 0.187474
1481250 0.185808 0.193151 0.187889 1.52646 0.824846 0.922191 0.182498 0.192069 0.186055 0.189343 0.194307 0.189847
1481250 0.183433 0.190472 0.197157 -5.18585 3.47654 0.983953 0.187205 0.18838 0.19586 0.180668 0.192007 0.198109
1481250 0.188957 0.196815 0.198083 -3.45643 2.05734 -0.636834 0.192893 0.194658 0.19953 0.184772 0.199109 0.196544
1481250 0.183635 0.18925 0.208153 0.13854 0.0726658 0.177079 0.18053 0.187332 0.2051 0.186265 0.190873 0.210738
1481250 0.194417 0.179117 0.181463 1.77193 2.18947 -0.135729 0.191366 0.17636 0.181534 0.196895 0.181355 0.181406
1481250 0.198051 0.18388 0.18326 -1.8647 -3.40763 -1.84109 0.199425 0.18688 0.185463 0.196895 0.181355 0.181406
1481250 0.199802 0.180721 0.182923 -0.0506648 0.020246 -0.0324624 0.202862 0.180053 0.18452 0.196895 0.181355 0.181406
1481250 0.192865 0.181522 0.187256 -0.852592 1.24529 -0.353268 0.195573 0.178688 0.188131 0.189172 0.185385 0.186064
1481250 0.197883 0.179866 0.191197 4.13217 2.7082 4.41474 0.195573 0.178688 0.188131 0.200756 0.181331 0.19501
1481250 0.196706 0.180178 0.205761 -0.0125351 -0.0192479 0.00262949 0.199442 0.183342 0.204917 0.193609 0.176594 0.206717
1481250 0.203293 0.183289 0.203082 0.0183021 -0.00345541 -0.00969241 0.199442 0.183342 0.204917 0.206971 0.183239 0.201329
1481250 0.199961 0.185752 0.208399 -0.00014396 -0.00326248 -0.00361067 0.200545 0.188458 0.212308 0.199442 0.183342 0.204917
1481250 0.196603 0.179505 0.214433 -3.00782 0.845899 1.91546 0.20078 0.17884 0.212499 0.191818 0.180267 0.216649
1481250 0.197659 0.187885 0.18887 -2.71126 2.951 6.7007 0.199425 0.18688 0.185463 0.195648 0.189029 0.192748
1481250 0.188311 0.191446 0.192749 0.0351224 0.0947099 -0.0696365 0.187205 0.18838 0.19586 0.189343 0.194307 0.189847
1481250 0.192382 0.191763 0.191245 -1.49258 1.5642 -0.489255 0.195648 0.189029 0.192748 0.189343 0.194307 0.189847
1481250 0.19657 0.192146 0.189611 -0.082354 -0.266594 0.371069 0.197559 0.195489 0.186247 0.195648 0.189029 0.192748
1481250 0.1943 0.191783 0.196066 0.42526 -0.779194 -0.70255 0.192893 0.194658 0.19953 0.195648 0.189029 0.192748
1481250 0.195066 0.192238 0.202945 1.09075 -1.7915 2.71932 0.192893 0.194658 0.19953 0.196632 0.190493 0.205407
1481250 0.192638 0.195621 0.20414 -0.155955 0.312498 0.924084 0.192893 0.194658 0.19953 0.19239 0.196558 0.208627
1481250 0.19622 0.197223 0.197387 0.675578 0.688067 -0.626899 0.192893 0.194658 0.19953 0.199973 0.200117 0.19497
1481250 0.198074 0.185373 0.193822 -1.17884 2.62014 -0.679602 0.200756 0.181331 0.19501 0.195648 0.189029 0.192748
1481250 0.202363 0.188715 0.18353 4.69384 3.92135 -2.65203 0.199425 0.18688 0.185463 0.207388 0.191854 0.180223
1481250 0.20291 0.186029 0.187158 0.0508773 -0.0191644 0.0340532 0.199425 0.18688 0.185463 0.206582 0.185132 0.188944
1481250 0.199029 0.198855 0.183087 0.216816 0.612145 -0.409475 0.197559 0.195489 0.186247 0.200479 0.202172 0.179972
1481250 0.189128 0.193531 0.209751 1.60155 2.06241 -0.724663 0.186265 0.190873 0.210738 0.19239 0.196558 0.208627
1481250 0.196809 0.193423 0.218406 -0.000168623 0.0021496 -0.00251636 0.19648 0.191332 0.221197 0.197163 0.195663 0.215414
1481250 0.196717 0.197024 0.207165 -2.05872 0.115237 0.621003 0.201725 0.197564 0.205473 0.19239 0.196558 0.208627
1481250 0.199529 0.186401 0.216511 -0.420102 -2.45848 3.96022 0.200545 0.188458 0.212308 0.198782 0.184888 0.219604
1481250 0.204561 0.182374 0.186541 0.0933913 0.108971 0.136341 0.202862 0.180053 0.18452 0.206582 0.185132 0.188944
1481250 0.210058 0.179809 0.192395 1.5409 2.35822 1.04708 0.207554 0.176953 0.190574 0.212491 0.182582 0.194163
1481250 0.212799 0.1803 0.197544 -0.047435 1.34335 -1.45939 0.213096 0.178108 0.200791 0.212491 0.182582 0.194163
1481250 0.201947 0.178577 0.199003 0.630465 -2.04227 2.13352 0.200756 0.181331 0.19501 0.202862 0.17646 0.202071
1481250 0.204179 0.182381 0.19849 5.32783 0.405113 5.39237 0.200756 0.181331 0.19501 0.206971 0.183239 0.201329
1481250 0.211071 0.186414 0.193957 0.044792 -0.105274 -0.0116009 0.210003 0.189293 0.193802 0.212491 0.182582 0.194163
1481250 0.213692 0.184817 0.197372 0.417399 0.948414 1.82464 0.212491 0.182582 0.194163 0.215274 0.187759 0.201596
1481250 0.214079 0.185117 0.191372 -0.72201 -1.6258 1.31143 0.215966 0.18813 0.188055 0.212491 0.182582 0.194163
1481250 0.206681 0.183058 0.205388 -0.107886 -0.459168 -5.37374 0.206445 0.182911 0.208679 0.206971 0.183239 0.201329
1481250 0.208018 0.181254 0.211065 1.96277 -2.42104 2.41535 0.206445 0.182911 0.208679 0.20945 0.179745 0.213237
1481250 0.204092 0.18122 0.210266 -2.951 -2.84814 1.78087 0.206445 0.182911 0.208679 0.20078 0.17884 0.212499
1481250 0.210547 0.185185 0.201444 -5.97462 -4.61092 -0.208897 0.215274 0.187759 0.201596 0.206971 0.183239 0.201329
1481250 0.206963 0.186085 0.207925 0.00905296 2.28701 -0.640974 0.206445 0.182911 0.208679 0.20763 0.190176 0.206953
1481250 0.212222 0.179641 0.214399 4.80573 0.537325 1.607 0.20945 0.179745 0.213237 0.215931 0.179502 0.215955
1481250 0.205111 0.192729 0.198658 -2.2044 -2.65607 0.614324 0.208632 0.195803 0.197895 0.201744 0.18979 0.199387
1481250 0.208553 0.18753 0.191743 -0.0833694 -0.153412 -0.138352 0.210003 0.189293 0.193802 0.206582 0.185132 0.188944
1481250 0.212529 0.190988 0.194252 0.146859 0.0847534 0.000557032 0.210003 0.189293 0.193802 0.21507 0.192693 0.194705
1481250 0.209464 0.191856 0.195413 -0.0101 0.125325 0.0590323 0.210003 0.189293 0.193802 0.208632 0.195803 0.197895
1481250 0.212527 0.193922 0.195965 1.83211 -1.31865 -1.0359 0.208632 0.195803 0.197895 0.21507 0.192693 0.194705
1481250 0.214589 0.194665 0.192371 0.222388 -1.57466 1.37388 0.213774 0.198005 0.188418 0.21507 0.192693 0.194705
1481250 0.209531 0.197264 0.20231 -0.217762 -1.13733 -2.45049 0.210121 0.198223 0.205209 0.208632 0.195803 0.197895
1481250 0.21797 0.19164 0.19491 -2.59958 0.633367 -0.493439 0.221831 0.190238 0.195184 0.21507 0.192693 0.194705
1481250 0.204295 0.189368 0.209473 2.743 0.89071 -2.8603 0.200545 0.188458 0.212308 0.20763 0.190176 0.206953
1481250 0.205004 0.193462 0.206295 0.904559 -1.52306 0.428647 0.201725 0.197564 0.205473 0.20763 0.190176 0.206953
1481250 0.211005 0.189109 0.204588 -7.12518 3.50341 4.30191 0.215274 0.187759 0.201596 0.20763 0.190176 0.206953
1481250 0.211834 0.185635 0.212352 -0.000183169 0.000460077 0.00255837 0.212555 0.185028 0.209303 0.210757 0.186542 0.216903
1481250 0.203461 0.201939 0.203006 0.62262 1.75869 -1.3845 0.201725 0.197564 0.205473 0.204778 0.20526 0.201132
1481250 0.20939 0.200674 0.20698 -0.418206 1.04823 0.569231 0.210121 0.198223 0.205209 0.208081 0.205067 0.210156
1481250 0.215066 0.18317 0.208645 -0.00385087 0.00376902 0.000680879 0.21886 0.180364 0.20765 0.212555 0.185028 0.209303
1481250 0.217166 0.183857 0.204791 -0.72645 1.27511 -0.776113 0.21886 0.180364 0.20765 0.215274 0.187759 0.201596
1481250 0.212185 0.197005 0.207191 2.16676 -1.22874 1.46855 0.210121 0.198223 0.205209 0.216496 0.194462 0.211328
1481250 0.207084 0.189074 0.218572 2.08035 -1.3037 -1.37817 0.203949 0.191234 0.219995 0.210757 0.186542 0.216903
1481250 0.215578 0.200228 0.19741 -0.231296 0.437357 -0.317507 0.217787 0.197325 0.200215 0.214126 0.202136 0.195566
1481250 0.182626 0.179353 0.196009 -1.01986 -0.231995 0.994178 0.186091 0.179967 0.19357 0.177684 0.178479 0.199485
1481250 0.206278 0.180091 0.183693 -0.0514112 -0.00371611 0.00469025 0.211532 0.18015 0.182421 0.202862 0.180053 0.18452
1481250 0.21014 0.194853 0.212603 0.523075 -0.0237223 -0.194392 0.206282 0.19509 0.213377 0.216496 0.194462 0.211328
1481250 0.20693 0.192728 0.210288 0.0308154 -2.76886 -3.55255 0.206282 0.19509 0.213377 0.20763 0.190176 0.206953
1481250 0.205133 0.193192 0.216636 0.357859 0.929103 -1.1472 0.203949 0.191234 0.219995 0.206282 0.19509 0.213377
1481250 0.203735 0.179507 0.216027 4.89456 0.00382909 5.09557 0.20078 0.17884 0.212499 0.205928 0.180002 0.218646
1481250 0.202386 0.18996 0.216466 0.250198 0.112991 0.402361 0.200545 0.188458 0.212308 0.203949 0.191234 0.219995
1481250 0.194563 0.188201 0.206832 2.82569 4.48998 -2.64439 0.192002 0.185366 0.208594 0.196632 0.190493 0.205407
1481250 0.207021 0.19798 0.205307 -1.01415 -0.0986754 -0.129289 0.210121 0.198223 0.205209 0.201725 0.197564 0.205473
1481250 0.189071 0.188179 0.209689 -2.30881 1.8021 0.413461 0.192002 0.185366 0.208594 0.186265 0.190873 0.210738
1481250 0.20874 0.18296 0.1861 -0.158724 0.116199 0.230586 0.211532 0.18015 0.182421 0.206582 0.185132 0.188944
1481250 0.191921 0.183116 0.212148 -0.605831 -3.57801 4.28128 0.192002 0.185366 0.208594 0.191818 0.180267 0.216649
1481250 0.198257 0.189648 0.208273 -1.17183 1.0396 -3.11508 0.200545 0.188458 0.212308 0.196632 0.190493 0.205407
1481250 0.215144 0.190893 0.197219 0.0599133 0.440176 -0.826694 0.215274 0.187759 0.201596 0.21507 0.192693 0.194705
1481250 0.198825 0.190191 0.202825 -2.69794 0.626925 2.41501 0.201744 0.18979 0.199387 0.196632 0.190493 0.205407
1481250 0.196295 0.180144 0.184459 2.33603 3.82379 -6.99234 0.195573 0.178688 0.188131 0.196895 0.181355 0.181406
1481250 0.181823 0.196082 0.193845 0.579704 0.853321 0.757989 0.180036 0.194246 0.192208 0.184772 0.199109 0.196544
1481250 0.198693 0.189409 0.196064 2.52219 -0.254216 2.66156 0.195648 0.189029 0.192748 0.201744 0.18979 0.199387
1481250 0.21899 0.189164 0.197963 -8.90647 -3.92476 6.48713 0.221831 0.190238 0.195184 0.215274 0.187759 0.201596
1481250 0.200959 0.193678 0.189185 0.0881757 -0.0510327 0.106607 0.197559 0.195489 0.186247 0.203698 0.192218 0.191552
1481250 0.203248 0.199102 0.190902 -0.586056 0.310116 0.648806 0.205267 0.198476 0.188393 0.199973 0.200117 0.19497
1481250 0.216639 0.178728 0.199211 -3.5877 -0.968294 1.0681 0.222421 0.179741 0.196632 0.213096 0.178108 0.200791
1481250 0.202794 0.191094 0.195179 -0.0502334 -0.06232 0.358117 0.203698 0.192218 0.191552 0.201744 0.18979 0.199387
1481250 0.20509 0.188796 0.190292 0.0857871 -0.269548 -0.0541713 0.203698 0.192218 0.191552 0.206582 0.185132 0.188944
1481250 0.20455 0.195618 0.189836 0.0351468 0.294424 -0.189735 0.203698 0.192218 0.191552 0.205267 0.198476 0.188393
1481250 0.183282 0.180407 0.200967 8.23466 3.918 1.20359 0.177684 0.178479 0.199485 0.187424 0.181833 0.202064
1481250 0.191058 0.184398 0.201278 0.00235161 0.00222688 -0.000339543 0.187424 0.181833 0.202064 0.193791 0.186327 0.200687
1481250 0.187847 0.18624 0.20296 0.000573633 0.00344726 0.00125151 0.187424 0.181833 0.202064 0.188156 0.189455 0.203614
1481250 0.190412 0.179302 0.204312 -3.69353 4.33699 -2.77652 0.193609 0.176594 0.206717 0.187424 0.181833 0.202064
1481250 0.192408 0.18551 0.215909 -0.000104248 0.00512439 -0.000260457 0.191818 0.180267 0.216649 0.192803 0.189024 0.215413
1481250 0.183364 0.187274 0.19378 -0.744222 -0.364962 -0.405621 0.187205 0.18838 0.19586 0.179264 0.186093 0.191561
1481250 0.191422 0.188704 0.194306 7.21706 1.17982 -1.60597 0.187205 0.18838 0.19586 0.195648 0.189029 0.192748
1481250 0.189953 0.181416 0.194721 -0.0176924 -0.00965443 -0.00753874 0.192754 0.182468 0.195556 0.186091 0.179967 0.19357
1481250 0.193249 0.184311 0.198006 0.000837271 0.0026163 0.00257747 0.192754 0.182468 0.195556 0.193791 0.186327 0.200687
1481250 0.195822 0.182032 0.195347 0.0192103 -0.00528343 -0.00328585 0.192754 0.182468 0.195556 0.200756 0.181331 0.19501
1481250 0.196296 0.185004 0.202562 -0.00289429 0.00225004 -0.00214002 0.199442 0.183342 0.204917 0.193791 0.186327 0.200687
1481250 0.185107 0.178891 0.211476 0.000446455 0.00497152 -0.000814776 0.18541 0.174578 0.212113 0.184844 0.182621 0.210924
1481250 0.189845 0.187659 0.205801 -0.000152293 0.000222487 -0.000193516 0.192002 0.185366 0.208594 0.188156 0.189455 0.203614
1481250 0.19611 0.188782 0.214087 -0.00118474 -0.00010355 0.000560708 0.200545 0.188458 0.212308 0.192803 0.189024 0.215413
1481250 0.197742 0.194802 0.181455 -0.0023757 -0.000789416 0.0493926 0.197865 0.19434 0.178237 0.197559 0.195489 0.186247
1481250 0.187314 0.18511 0.198958 0.486685 -1.88783 1.92849 0.187205 0.18838 0.19586 0.187424 0.181833 0.202064
1481250 0.208543 0.198295 0.188403 0.313335 0.0197837 0.0343159 0.205267 0.198476 0.188393 0.213774 0.198005 0.188418
1481250 0.209553 0.183988 0.208996 0.00388431 0.00110643 -0.00021165 0.206445 0.182911 0.208679 0.212555 0.185028 0.209303
1481250 0.189794 0.183662 0.205444 -3.10764 -1.50082 -4.69864 0.192002 0.185366 0.208594 0.187424 0.181833 0.202064
1481250 0.19862 0.193252 0.205433 -1.56281 -2.8791 0.288483 0.201725 0.197564 0.205473 0.196632 0.190493 0.205407
1481250 0.210723 0.200361 0.203033 0.0365578 0.707178 -0.716246 0.210121 0.198223 0.205209 0.211309 0.202443 0.200914
1481250 0.192436 0.187345 0.212283 -3.89832e-05 0.000346922 0.000727254 0.192002 0.185366 0.208594 0.192803 0.189024 0.215413
1481250 0.190281 0.178929 0.200115 -0.494408 0.653745 0.5103 0.192344 0.176831 0.198708 0.187424 0.181833 0.202064
1481250 0.20781 0.179865 0.215756 -2.08156 -0.355166 4.10041 0.20945 0.179745 0.213237 0.205928 0.180002 0.218646
1481250 0.18674 0.180875 0.197704 0.454941 0.716205 1.89284 0.186091 0.179967 0.19357 0.187424 0.181833 0.202064
1481250 0.195015 0.196066 0.21236 0.000445611 -0.000195075 0.000850348 0.19239 0.196558 0.208627 0.197163 0.195663 0.215414
1481250 0.202706 0.203042 0.198474 0.511846 0.392255 0.697812 0.199973 0.200117 0.19497 0.204778 0.20526 0.201132
1481250 0.198649 0.192497 0.214049 -0.00252646 0.00362834 0.00166058 0.200545 0.188458 0.212308 0.197163 0.195663 0.215414
1481250 0.202656 0.181741 0.181443 4.92847e-06 0.000508424 -0.00136963 0.202862 0.180053 0.18452 0.202472 0.183251 0.178689
1481250 0.213186 0.189894 0.214544 0.11198 0.196974 -0.0941776 0.210757 0.186542 0.216903 0.216496 0.194462 0.211328
1481250 0.19871 0.197695 0.190404 0.0337632 0.124136 0.171485 0.197559 0.195489 0.186247 0.199973 0.200117 0.19497
1481250 0.216162 0.194556 0.19692 -0.0899517 -0.288022 -0.311355 0.217787 0.197325 0.200215 0.21507 0.192693 0.194705
1481250 0.199767 0.182331 0.180007 0.00121596 0.0002005 -0.000660628 0.196895 0.181355 0.181406 0.202472 0.183251 0.178689
1481250 0.215828 0.190798 0.206008 -0.217034 -0.586084 -0.702097 0.216496 0.194462 0.211328 0.215274 0.187759 0.201596
1481250 0.193159 0.194856 0.188175 -0.300252 -0.00700975 0.174608 0.197559 0.195489 0.186247 0.189343 0.194307 0.189847
1481250 0.186483 0.197147 0.188655 -0.636056 0.454458 -0.264015 0.189343 0.194307 0.189847 0.18365 0.19996 0.187474
1481250 0.187443 0.182345 0.190276 0.467676 1.52266 -1.6847 0.186091 0.179967 0.19357 0.189172 0.185385 0.186064
1481250 0.204496 0.186341 0.20041 0.84775 -1.51326 0.394912 0.201744 0.18979 0.199387 0.206971 0.183239 0.201329
1481250 0.216629 0.192918 0.200851 -0.020051 -0.186912 0.0373599 0.217787 0.197325 0.200215 0.215274 0.187759 0.201596
1481250 0.182483 0.178607 0.191322 0.0 0.0 0.0 0.186091 0.179967 0.19357 0.178593 0.177059 0.188896
1481250 0.182298 0.194864 0.197488 0.0 0.0 0.0 0.180668 0.192007 0.198109 0.184772 0.199109 0.196544
1481250 0.18061 0.190128 0.200975 0.0 0.0 0.0 0.18053 0.187332 0.2051 0.180668 0.192007 0.198109
1481250 0.181835 0.198192 0.2005 0.0 0.0 0.0 0.178787 0.197167 0.204607 0.184772 0.199109 0.196544
1481250 0.182875 0.182891 0.192625 0.0 0.0 0.0 0.186091 0.179967 0.19357 0.179264 0.186093 0.191561
1481250 0.187592 0.19976 0.184891 0.0 0.0 0.0 0.191028 0.199516 0.182638 0.18365 0.19996 0.187474
1481250 0.183897 0.1858 0.188991 0.0 0.0 0.0 0.189172 0.185385 0.186064 0.179264 0.186093 0.191561
1481250 0.186054 0.193494 0.196184 0.0 0.0 0.0 0.187205 0.18838 0.19586 0.184772 0.199109 0.196544
1481250 0.187259 0.196532 0.1929 0.0 0.0 0.0 0.189343 0.194307 0.189847 0.184772 0.199109 0.196544
1481250 0.182932 0.184746 0.208347 0.0 0.0 0.0 0.18053 0.187332 0.2051 0.184844 0.182621 0.210924
1481250 0.184065 0.184548 0.203543 0.0 0.0 0.0 0.18053 0.187332 0.2051 0.187424 0.181833 0.202064
1481250 0.185034 0.188623 0.204223 0.0 0.0 0.0 0.18053 0.187332 0.2051 0.188156 0.189455 0.203614
1481250 0.193969 0.182919 0.183171 0.0 0.0 0.0 0.189172 0.185385 0.186064 0.196895 0.181355 0.181406
1481250 0.190425 0.180269 0.183477 0.0 0.0 0.0 0.189172 0.185385 0.186064 0.191366 0.17636 0.181534
1481250 0.192554 0.179755 0.197094 0.0 0.0 0.0 0.192754 0.182468 0.195556 0.192344 0.176831 0.198708
1481250 0.190582 0.182245 0.198207 0.0 0.0 0.0 0.192754 0.182468 0.195556 0.187424 0.181833 0.202064
1481250 0.197512 0.182846 0.186789 0.0 0.0 0.0 0.195573 0.178688 0.188131 0.199425 0.18688 0.185463
1481250 0.19049 0.184916 0.195679 0.0 0.0 0.0 0.192754 0.182468 0.195556 0.187205 0.18838 0.19586
1481250 0.193933 0.185177 0.194411 0.0 0.0 0.0 0.192754 0.182468 0.195556 0.195648 0.189029 0.192748
1481250 0.186634 0.184103 0.194687 0.0 0.0 0.0 0.187205 0.18838 0.19586 0.186091 0.179967 0.19357
1481250 0.199461 0.179454 0.186205 0.0 0.0 0.0 0.195573 0.178688 0.188131 0.202862 0.180053 0.18452
1481250 0.186018 0.182301 0.206888 0.0 0.0 0.0 0.187424 0.181833 0.202064 0.184844 0.182621 0.210924
1481250 0.187737 0.181683 0.213301 0.0 0.0 0.0 0.191818 0.180267 0.216649 0.184844 0.182621 0.210924
1481250 0.188229 0.183959 0.209822 0.0 0.0 0.0 0.192002 0.185366 0.208594 0.184844 0.182621 0.210924
1481250 0.18553 0.186654 0.210835 0.0 0.0 0.0 0.186265 0.190873 0.210738 0.184844 0.182621 0.210924
1481250 0.192749 0.181321 0.207721 0.0 0.0 0.0 0.192002 0.185366 0.208594 0.193609 0.176594 0.206717
1481250 0.195696 0.184398 0.206768 0.0 0.0 0.0 0.192002 0.185366 0.208594 0.199442 0.183342 0.204917
1481250 0.197879 0.187357 0.20519 0.0 0.0 0.0 0.199442 0.183342 0.204917 0.196632 0.190493 0.205407
1481250 0.200048 0.182453 0.200353 0.0 0.0 0.0 0.200756 0.181331 0.19501 0.199442 0.183342 0.204917
1481250 0.201243 0.179757 0.203419 0.0 0.0 0.0 0.199442 0.183342 0.204917 0.202862 0.17646 0.202071
1481250 0.203389 0.183136 0.207037 0.0 0.0 0.0 0.206445 0.182911 0.208679 0.199442 0.183342 0.204917
1481250 0.200082 0.181226 0.208545 0.0 0.0 0.0 0.20078 0.17884 0.212499 0.199442 0.183342 0.204917
1481250 0.200559 0.186506 0.202235 0.0 0.0 0.0 0.199442 0.183342 0.204917 0.201744 0.18979 0.199387
1481250 0.196009 0.183086 0.218428 0.0 0.0 0.0 0.191818 0.180267 0.216649 0.198782 0.184888 0.219604
1481250 0.198186 0.187138 0.181469 0.0 0.0 0.0 0.199425 0.18688 0.185463 0.197067 0.187301 0.177862
1481250 0.190247 0.197138 0.185979 0.0 0.0 0.0 0.189343 0.194307 0.189847 0.191028 0.199516 0.182638
1481250 0.193826 0.197828 0.184185 0.0 0.0 0.0 0.197559 0.195489 0.186247 0.191028 0.199516 0.182638
1481250 0.195117 0.186289 0.185716 0.0 0.0 0.0 0.199425 0.18688 0.185463 0.189172 0.185385 0.186064
1481250 0.188094 0.187065 0.191438 0.0 0.0 0.0 0.187205 0.18838 0.19586 0.189172 0.185385 0.186064
1481250 0.192721 0.187418 0.189727 0.0 0.0 0.0 0.189172 0.185385 0.186064 0.195648 0.189029 0.192748
1481250 0.189269 0.190469 0.188204 0.0 0.0 0.0 0.189172 0.185385 0.186064 0.189343 0.194307 0.189847
1481250 0.198585 0.190793 0.185817 0.0 0.0 0.0 0.197559 0.195489 0.186247 0.199425 0.18688 0.185463
1481250 0.189985 0.191484 0.197654 0.0 0.0 0.0 0.187205 0.18838 0.19586 0.192893 0.194658 0.19953
1481250 0.191016 0.194508 0.19441 0.0 0.0 0.0 0.192893 0.194658 0.19953 0.189343 0.194307 0.189847
1481250 0.19096 0.187245 0.198612 0.0 0.0 0.0 0.187205 0.18838 0.19586 0.193791 0.186327 0.200687
1481250 0.187754 0.189038 0.200339 0.0 0.0 0.0 0.187205 0.18838 0.19586 0.188156 0.189455 0.203614
1481250 0.194588 0.187522 0.197279 0.0 0.0 0.0 0.195648 0.189029 0.192748 0.193791 0.186327 0.200687
1481250 0.193415 0.18985 0.200202 0.0 0.0 0.0 0.192893 0.194658 0.19953 0.193791 0.186327 0.200687
1481250 0.190104 0.191631 0.201935 0.0 0.0 0.0 0.192893 0.194658 0.19953 0.188156 0.189455 0.203614
1481250 0.194478 0.199262 0.18824 0.0 0.0 0.0 0.197559 0.195489 0.186247 0.191628 0.202683 0.190082
1481250 0.194372 0.198894 0.200984 0.00197588 0.00855852 0.00408591 0.192893 0.194658 0.19953 0.195331 0.20164 0.201926
1481250 0.201125 0.184893 0.181685 0.0 0.0 0.0 0.199425 0.18688 0.185463 0.202472 0.183251 0.178689
1481250 0.201248 0.183297 0.184963 0.0 0.0 0.0 0.199425 0.18688 0.185463 0.202862 0.180053 0.18452
1481250 0.201653 0.194012 0.183738 0.0 0.0 0.0 0.197559 0.195489 0.186247 0.207388 0.191854 0.180223
1481250 0.201579 0.189608 0.188533 0.0 0.0 0.0 0.203698 0.192218 0.191552 0.199425 0.18688 0.185463
1481250 0.199967 0.190777 0.192107 0.0 0.0 0.0 0.203698 0.192218 0.191552 0.195648 0.189029 0.192748
1481250 0.197409 0.192211 0.199458 0.0 0.0 0.0 0.192893 0.194658 0.19953 0.201744 0.18979 0.199387
1481250 0.202155 0.197307 0.187527 0.0 0.0 0.0 0.197559 0.195489 0.186247 0.205267 0.198476 0.188393
1481250 0.202122 0.195597 0.192999 0.0 0.0 0.0 0.203698 0.192218 0.191552 0.199973 0.200117 0.19497
1481250 0.204555 0.197871 0.196518 0.0 0.0 0.0 0.208632 0.195803 0.197895 0.199973 0.200117 0.19497
1481250 0.197047 0.19606 0.202325 0.0 0.0 0.0 0.192893 0.194658 0.19953 0.201725 0.197564 0.205473
1481250 0.200851 0.198875 0.200225 0.0 0.0 0.0 0.199973 0.200117 0.19497 0.201725 0.197564 0.205473
1481250 0.19093 0.18795 0.202172 0.0 0.0 0.0 0.188156 0.189455 0.203614 0.193791 0.186327 0.200687
1481250 0.192991 0.185933 0.204218 0.0 0.0 0.0 0.192002 0.185366 0.208594 0.193791 0.186327 0.200687
1481250 0.195211 0.188443 0.203045 0.0 0.0 0.0 0.196632 0.190493 0.205407 0.193791 0.186327 0.200687
1481250 0.187304 0.19013 0.206819 0.0 0.0 0.0 0.186265 0.190873 0.210738 0.188156 0.189455 0.203614
1481250 0.189732 0.189931 0.213217 0.0 0.0 0.0 0.186265 0.190873 0.210738 0.192803 0.189024 0.215413
1481250 0.194828 0.19311 0.206778 0.0 0.0 0.0 0.19239 0.196558 0.208627 0.196632 0.190493 0.205407
1481250 0.19493 0.192298 0.215413 0.0 0.0 0.0 0.192803 0.189024 0.215413 0.197163 0.195663 0.215414
1481250 0.186323 0.193119 0.214251 0.0 0.0 0.0 0.186265 0.190873 0.210738 0.18641 0.196283 0.219345
1481250 0.194659 0.190228 0.218333 0.0 0.0 0.0 0.19648 0.191332 0.221197 0.192803 0.189024 0.215413
1481250 0.195813 0.186981 0.217522 0.0 0.0 0.0 0.192803 0.189024 0.215413 0.198782 0.184888 0.219604
1481250 0.190379 0.191815 0.216904 0.0 0.0 0.0 0.192803 0.189024 0.215413 0.18641 0.196283 0.219345
1481250 0.196522 0.197282 0.218848 0.0 0.0 0.0 0.195736 0.199184 0.223052 0.197163 0.195663 0.215414
1481250 0.1972 0.187846 0.200129 0.0 0.0 0.0 0.201744 0.18979 0.199387 0.193791 0.186327 0.200687
1481250 0.195998 0.186849 0.210331 0.0 0.0 0.0 0.192002 0.185366 0.208594 0.200545 0.188458 0.212308
1481250 0.200421 0.193574 0.217614 0.0 0.0 0.0 0.203949 0.191234 0.219995 0.197163 0.195663 0.215414
1481250 0.199643 0.182319 0.216542 0.0 0.0 0.0 0.20078 0.17884 0.212499 0.198782 0.184888 0.219604
1481250 0.201181 0.187873 0.219786 0.0 0.0 0.0 0.203949 0.191234 0.219995 0.198782 0.184888 0.219604
1481250 0.204996 0.178681 0.187273 0.0 0.0 0.0 0.207554 0.176953 0.190574 0.202862 0.180053 0.18452
1481250 0.204444 0.178994 0.192603 0.0 0.0 0.0 0.207554 0.176953 0.190574 0.200756 0.181331 0.19501
1481250 0.209726 0.182948 0.197754 0.0 0.0 0.0 0.212491 0.182582 0.194163 0.206971 0.183239 0.201329
1481250 0.207066 0.181097 0.189754 0.0 0.0 0.0 0.207554 0.176953 0.190574 0.206582 0.185132 0.188944
1481250 0.209569 0.183881 0.19158 0.0 0.0 0.0 0.212491 0.182582 0.194163 0.206582 0.185132 0.188944
1481250 0.201275 0.185804 0.197306 0.0 0.0 0.0 0.200756 0.181331 0.19501 0.201744 0.18979 0.199387
1481250 0.203929 0.183438 0.191706 0.0 0.0 0.0 0.200756 0.181331 0.19501 0.206582 0.185132 0.188944
1481250 0.21636 0.181513 0.195125 0.0 0.0 0.0 0.222421 0.179741 0.196632 0.212491 0.182582 0.194163
1481250 0.204857 0.179787 0.201712 0.0 0.0 0.0 0.206971 0.183239 0.201329 0.202862 0.17646 0.202071
1481250 0.21009 0.180665 0.201056 0.0 0.0 0.0 0.213096 0.178108 0.200791 0.206971 0.183239 0.201329
1481250 0.207907 0.179656 0.204284 0.0 0.0 0.0 0.208845 0.175981 0.20725 0.206971 0.183239 0.201329
1481250 0.207518 0.179852 0.208041 0.0 0.0 0.0 0.206445 0.182911 0.208679 0.208845 0.175981 0.20725
1481250 0.206044 0.179428 0.212949 0.0 0.0 0.0 0.20945 0.179745 0.213237 0.20078 0.17884 0.212499
1481250 0.214017 0.182217 0.201132 0.0 0.0 0.0 0.213096 0.178108 0.200791 0.215274 0.187759 0.201596
1481250 0.207295 0.186668 0.204079 0.0 0.0 0.0 0.206971 0.183239 0.201329 0.20763 0.190176 0.206953
1481250 0.204037 0.185212 0.210161 0.0 0.0 0.0 0.206445 0.182911 0.208679 0.200545 0.188458 0.212308
1481250 0.210956 0.182346 0.21133 0.0 0.0 0.0 0.20945 0.179745 0.213237 0.212555 0.185028 0.209303
1481250 0.200665 0.183616 0.212406 0.0 0.0 0.0 0.200545 0.188458 0.212308 0.20078 0.17884 0.212499
1481250 0.209955 0.182414 0.214658 0.0 0.0 0.0 0.20945 0.179745 0.213237 0.210757 0.186542 0.216903
1481250 0.215685 0.179159 0.203873 0.0 0.0 0.0 0.21886 0.180364 0.20765 0.213096 0.178108 0.200791
1481250 0.207957 0.182789 0.217916 0.0 0.0 0.0 0.205928 0.180002 0.218646 0.210757 0.186542 0.216903
1481250 0.206889 0.187731 0.185619 0.0 0.0 0.0 0.207388 0.191854 0.180223 0.206582 0.185132 0.188944
1481250 0.205045 0.192122 0.187415 0.0 0.0 0.0 0.203698 0.192218 0.191552 0.207388 0.191854 0.180223
1481250 0.210992 0.195361 0.184847 0.0 0.0 0.0 0.207388 0.191854 0.180223 0.213774 0.198005 0.188418
1481250 0.205958 0.196355 0.185731 0.0 0.0 0.0 0.205267 0.198476 0.188393 0.207388 0.191854 0.180223
1481250 0.212386 0.18972 0.184786 0.0 0.0 0.0 0.215966 0.18813 0.188055 0.207388 0.191854 0.180223
1481250 0.207226 0.190619 0.19281 0.0 0.0 0.0 0.210003 0.189293 0.193802 0.203698 0.192218 0.191552
1481250 0.205927 0.193874 0.194418 0.0 0.0 0.0 0.203698 0.192218 0.191552 0.208632 0.195803 0.197895
1481250 0.211074 0.196884 0.193395 0.0 0.0 0.0 0.208632 0.195803 0.197895 0.213774 0.198005 0.188418
1481250 0.204779 0.190025 0.203287 0.0 0.0 0.0 0.201744 0.18979 0.199387 0.20763 0.190176 0.206953
1481250 0.201736 0.193403 0.202188 0.0 0.0 0.0 0.201725 0.197564 0.205473 0.201744 0.18979 0.199387
1481250 0.211921 0.188772 0.196634 0.0 0.0 0.0 0.210003 0.189293 0.193802 0.215274 0.187759 0.201596
1481250 0.211741 0.192075 0.199627 0.0 0.0 0.0 0.208632 0.195803 0.197895 0.215274 0.187759 0.201596
1481250 0.205378 0.196669 0.201467 0.0 0.0 0.0 0.208632 0.195803 0.197895 0.201725 0.197564 0.205473
1481250 0.211986 0.199703 0.196474 0.0 0.0 0.0 0.208632 0.195803 0.197895 0.214126 0.202136 0.195566
1481250 0.210268 0.199889 0.199738 0.0 0.0 0.0 0.208632 0.195803 0.197895 0.211309 0.202443 0.200914
1481250 0.210921 0.186555 0.188532 0.0 0.0 0.0 0.215966 0.18813 0.188055 0.206582 0.185132 0.188944
1481250 0.212315 0.188879 0.191575 0.0 0.0 0.0 0.210003 0.189293 0.193802 0.215966 0.18813 0.188055
1481250 0.21542 0.190956 0.192119 0.0 0.0 0.0 0.215966 0.18813 0.188055 0.21507 0.192693 0.194705
1481250 0.214912 0.192919 0.188229 0.0 0.0 0.0 0.215966 0.18813 0.188055 0.213774 0.198005 0.188418
1481250 0.213278 0.196612 0.199072 0.0 0.0 0.0 0.217787 0.197325 0.200215 0.208632 0.195803 0.197895
1481250 0.203692 0.192132 0.212894 0.0 0.0 0.0 0.200545 0.188458 0.212308 0.206282 0.19509 0.213377
1481250 0.201106 0.19281 0.209069 0.0 0.0 0.0 0.200545 0.188458 0.212308 0.201725 0.197564 0.205473
1481250 0.210446 0.18727 0.208298 0.0 0.0 0.0 0.212555 0.185028 0.209303 0.20763 0.190176 0.206953
1481250 0.213567 0.186081 0.206437 0.0 0.0 0.0 0.212555 0.185028 0.209303 0.215274 0.187759 0.201596
1481250 0.20907 0.194862 0.205946 0.0 0.0 0.0 0.210121 0.198223 0.205209 0.20763 0.190176 0.206953
1481250 0.204341 0.19618 0.210011 0.0 0.0 0.0 0.206282 0.19509 0.213377 0.201725 0.197564 0.205473
1481250 0.208067 0.196363 0.216673 0.0 0.0 0.0 0.210578 0.198067 0.22131 0.206282 0.19509 0.213377
1481250 0.218538 0.184136 0.19933 0.0 0.0 0.0 0.222421 0.179741 0.196632 0.215274 0.187759 0.201596
1481250 0.213853 0.188174 0.209972 0.0 0.0 0.0 0.212555 0.185028 0.209303 0.216496 0.194462 0.211328
1481250 0.211142 0.19191 0.208686 0.0 0.0 0.0 0.216496 0.194462 0.211328 0.20763 0.190176 0.206953
1481250 0.213214 0.197897 0.203195 0.0 0.0 0.0 0.210121 0.198223 0.205209 0.217787 0.197325 0.200215
1481250 0.213883 0.200447 0.200637 0.0 0.0 0.0 0.217787 0.197325 0.200215 0.211309 0.202443 0.200914
1481250 0.217253 0.196174 0.204824 0.0 0.0 0.0 0.217787 0.197325 0.200215 0.216496 0.194462 0.211328
1481250 0.219686 0.200354 0.196973 0.0 0.0 0.0 0.217787 0.197325 0.200215 0.221763 0.203597 0.193423
1481250 0.217878 0.201648 0.20192 0.0 0.0 0.0 0.217787 0.197325 0.200215 0.21798 0.206661 0.203928
1481250 0.185677 0.202025 0.200523 -0.00672666 -0.0130521 -0.0152879 0.186864 0.205849 0.205741 0.184772 0.199109 0.196544
1481250 0.183122 0.206342 0.194102 -1.76331 -0.500767 -0.129238 0.186364 0.206886 0.193958 0.179358 0.20571 0.194268
1481250 0.185762 0.213033 0.195105 -5.33224 -0.897766 -2.65161 0.1897 0.213112 0.197515 0.182265 0.212963 0.192966
1481250 0.181203 0.204992 0.202506 0.145457 0.048969 0.0977635 0.178576 0.204595 0.201005 0.186864 0.205849 0.205741
1481250 0.181173 0.217881 0.198074 2.03122 1.39543 -0.813914 0.178315 0.216236 0.198675 0.184002 0.219511 0.197479
1481250 0.183856 0.217659 0.20023 -0.149291 0.935501 -1.19722 0.183686 0.21551 0.203424 0.184002 0.219511 0.197479
1481250 0.18486 0.211941 0.20428 0.0108028 -0.0540924 0.019035 0.183686 0.21551 0.203424 0.186864 0.205849 0.205741
1481250 0.190449 0.19836 0.18996 -0.132572 -0.694202 0.0790023 0.191628 0.202683 0.190082 0.189343 0.194307 0.189847
1481250 0.192768 0.19981 0.211845 0.0177872 -1.17947 -0.90156 0.19315 0.203092 0.215094 0.19239 0.196558 0.208627
1481250 0.194539 0.200588 0.20816 -0.0596194 -0.0927376 -0.00379515 0.196006 0.203338 0.207841 0.19239 0.196558 0.208627
1481250 0.194448 0.201131 0.219088 0.753179 -0.961432 1.49721 0.19315 0.203092 0.215094 0.195736 0.199184 0.223052
1481250 0.188267 0.208005 0.185669 -0.559115 -1.40101 -0.759324 0.18958 0.211543 0.188384 0.187303 0.205406 0.183675
1481250 0.188593 0.205106 0.192317 0.945096 -1.07847 -0.763059 0.186364 0.206886 0.193958 0.191628 0.202683 0.190082
1481250 0.194306 0.205901 0.191681 0.738199 1.26379 0.504975 0.191628 0.202683 0.190082 0.196761 0.208853 0.193148
1481250 0.187752 0.209476 0.195438 0.331467 0.95714 0.427486 0.186364 0.206886 0.193958 0.1897 0.213112 0.197515
1481250 0.196876 0.209064 0.197251 0.277509 -0.0568795 1.69464 0.196761 0.208853 0.193148 0.197009 0.209308 0.202014
1481250 0.193295 0.211241 0.199728 -4.00625 3.09189 -2.60271 0.197009 0.209308 0.202014 0.1897 0.213112 0.197515
1481250 0.191881 0.213958 0.185148 -3.15467 -4.02341 3.72338 0.194277 0.216473 0.18178 0.18958 0.211543 0.188384
1481250 0.197263 0.212816 0.19218 0.0714103 0.40336 -0.0356135 0.196761 0.208853 0.193148 0.197846 0.217416 0.191056
1481250 0.190759 0.21464 0.201742 -2.18649 -2.4571 -5.21355 0.191855 0.216219 0.206111 0.1897 0.213112 0.197515
1481250 0.195902 0.206404 0.213381 1.6402 1.93564 -0.568299 0.19315 0.203092 0.215094 0.198847 0.209949 0.211547
1481250 0.195665 0.202479 0.204848 -0.0304432 -0.0340728 -0.106751 0.196006 0.203338 0.207841 0.195331 0.20164 0.201926
1481250 0.197106 0.205897 0.209276 -0.0421551 -0.148219 -0.0595559 0.198847 0.209949 0.211547 0.196006 0.203338 0.207841
1481250 0.191448 0.207396 0.215361 -0.149066 0.674046 0.0421617 0.19315 0.203092 0.215094 0.189344 0.212717 0.215692
1481250 0.198525 0.213595 0.200566 0.0101662 0.0461244 -0.00972829 0.197009 0.209308 0.202014 0.199733 0.217012 0.199412
1481250 0.194433 0.212763 0.204062 0.379424 -0.739368 -0.349934 0.191855 0.216219 0.206111 0.197009 0.209308 0.202014
1481250 0.197666 0.200152 0.203222 1.0196 -0.560341 0.348384 0.195331 0.20164 0.201926 0.201725 0.197564 0.205473
1481250 0.202877 0.212502 0.212904 1.96651 1.12555 0.28417 0.198847 0.209949 0.211547 0.206501 0.214799 0.214125
1481250 0.201218 0.207115 0.201536 3.36785 -2.49398 -0.543618 0.197009 0.209308 0.202014 0.204778 0.20526 0.201132
1481250 0.201073 0.21134 0.203467 1.89116 1.21759 0.708225 0.197009 0.209308 0.202014 0.205057 0.213332 0.204893
1481250 0.190714 0.214628 0.210465 -0.422194 -1.81619 4.3087 0.191855 0.216219 0.206111 0.189344 0.212717 0.215692
1481250 0.200862 0.203729 0.219062 -1.50906 3.77422 2.64488 0.202469 0.201095 0.216678 0.199457 0.206032 0.221146
1481250 0.198896 0.217191 0.195705 0.0447042 -0.0231632 0.131244 0.197846 0.217416 0.191056 0.199733 0.217012 0.199412
1481250 0.210239 0.200172 0.185215 0.534093 -0.297599 0.646748 0.207962 0.201569 0.183151 0.213774 0.198005 0.188418
1481250 0.20838 0.199668 0.195169 0.20566 -2.55799 1.25671 0.208203 0.202392 0.193246 0.208632 0.195803 0.197895
1481250 0.213997 0.200624 0.19295 0.000731592 -0.767892 -0.956001 0.214126 0.202136 0.195566 0.213774 0.198005 0.188418
1481250 0.204365 0.198109 0.215036 2.40694 -2.9894 -1.2507 0.202469 0.201095 0.216678 0.206282 0.19509 0.213377
1481250 0.204863 0.201819 0.181834 -0.418346 -0.0308703 -0.216248 0.207962 0.201569 0.183151 0.200479 0.202172 0.179972
1481250 0.203113 0.210799 0.182461 0.703112 -0.211843 2.46206 0.201239 0.211283 0.178434 0.205739 0.210121 0.188107
1481250 0.211783 0.209137 0.189422 -6.25361 0.51885 -0.460772 0.215344 0.208557 0.190197 0.205739 0.210121 0.188107
1481250 0.212935 0.204846 0.19619 -0.298133 0.698071 0.0374781 0.214126 0.202136 0.195566 0.211228 0.208729 0.197084
1481250 0.207346 0.205079 0.191459 -1.10339 2.26851 -1.27293 0.208203 0.202392 0.193246 0.205739 0.210121 0.188107
1481250 0.207888 0.206933 0.19918 -4.09672 -2.7692 1.94759 0.211228 0.208729 0.197084 0.204778 0.20526 0.201132
1481250 0.212733 0.21208 0.199384 -0.394713 -1.61229 -1.14882 0.214184 0.215311 0.201603 0.211228 0.208729 0.197084
1481250 0.212104 0.212565 0.195266 0.0455223 0.701733 -0.27496 0.211228 0.208729 0.197084 0.212903 0.216064 0.193608
1481250 0.218058 0.20646 0.191561 3.56265 -3.87439 2.2506 0.215344 0.208557 0.190197 0.221763 0.203597 0.193423
1481250 0.206436 0.209563 0.207293 -0.0404407 0.240653 -0.143372 0.208081 0.205067 0.210156 0.205057 0.213332 0.204893
1481250 0.207699 0.206539 0.215522 0.0584175 0.174703 0.622716 0.208081 0.205067 0.210156 0.207373 0.207797 0.220109
1481250 0.209987 0.21462 0.216901 -2.51047 -0.378178 -1.95789 0.213191 0.214456 0.219453 0.206501 0.214799 0.214125
1481250 0.206084 0.217185 0.202449 -0.0158567 -0.119191 0.0563119 0.207083 0.220937 0.200071 0.205057 0.213332 0.204893
1481250 0.208821 0.215193 0.20695 1.60539 0.870257 1.27923 0.205057 0.213332 0.204893 0.211416 0.216477 0.20837
1481250 0.212622 0.215969 0.205422 -0.934782 0.0138805 2.58892 0.214184 0.215311 0.201603 0.211416 0.216477 0.20837
1481250 0.215573 0.209519 0.207855 0.095058 -0.185764 -0.211524 0.21422 0.211127 0.210064 0.21798 0.206661 0.203928
1481250 0.212112 0.21713 0.189884 0.301336 -1.13011 2.62765 0.211381 0.218115 0.186443 0.212903 0.216064 0.193608
1481250 0.214925 0.217329 0.186851 -0.76174 0.127265 -0.206901 0.220625 0.216065 0.187506 0.211381 0.218115 0.186443
1481250 0.214251 0.216812 0.209868 -2.71801 -0.129223 -0.957152 0.217993 0.217254 0.211846 0.211416 0.216477 0.20837
1481250 0.199937 0.208529 0.186361 1.31018 0.56941 0.547754 0.196392 0.207557 0.185294 0.205739 0.210121 0.188107
1481250 0.204779 0.20273 0.213994 0.815716 0.850347 -0.970237 0.202469 0.201095 0.216678 0.208081 0.205067 0.210156
1481250 0.194701 0.20777 0.181866 0.00555778 0.00122066 0.0140342 0.192921 0.207994 0.178259 0.196392 0.207557 0.185294
1481250 0.1831 0.210467 0.208527 -0.460672 0.722637 0.285013 0.186864 0.205849 0.205741 0.18094 0.213117 0.210125
1481250 0.21699 0.202684 0.194762 0.230929 0.0394048 -0.106458 0.214126 0.202136 0.195566 0.221763 0.203597 0.193423
1481250 0.21205 0.208985 0.210096 -0.204969 -0.170158 -0.0328717 0.21422 0.211127 0.210064 0.208081 0.205067 0.210156
1481250 0.203194 0.207651 0.210892 1.59328 -1.18301 -0.366409 0.198847 0.209949 0.211547 0.208081 0.205067 0.210156
1481250 0.193316 0.209357 0.18669 -2.76716 1.61359 0.69787 0.196392 0.207557 0.185294 0.18958 0.211543 0.188384
1481250 0.184271 0.216274 0.191616 -1.91952 -2.32579 1.34289 0.186415 0.219812 0.190174 0.182265 0.212963 0.192966
1481250 0.18964 0.21233 0.192964 0.16193 1.48119 4.36163 0.18958 0.211543 0.188384 0.1897 0.213112 0.197515
1481250 0.19821 0.205161 0.182927 1.59209 -1.71923 -1.37395 0.196392 0.207557 0.185294 0.200479 0.202172 0.179972
1481250 0.213451 0.208636 0.193364 -2.28841 0.806556 3.7941 0.215344 0.208557 0.190197 0.211228 0.208729 0.197084
1481250 0.191297 0.200933 0.18597 -0.709353 -3.44095 -5.51613 0.191628 0.202683 0.190082 0.191028 0.199516 0.182638
1481250 0.193057 0.204148 0.207164 -0.0315804 0.0126471 -0.0117942 0.196006 0.203338 0.207841 0.186864 0.205849 0.205741
1481250 0.212709 0.205448 0.213243 5.11877 -0.189048 4.43982 0.208081 0.205067 0.210156 0.217713 0.20586 0.21658
1481250 0.199346 0.212035 0.216018 0.920696 1.46383 3.14386 0.198847 0.209949 0.211547 0.199808 0.213963 0.22015
1481250 0.204243 0.210933 0.194136 -0.0467665 0.0603442 0.19804 0.205739 0.210121 0.188107 0.203458 0.211359 0.1973
1481250 0.204051 0.208621 0.19902 0.0358149 -0.175455 0.0741117 0.203458 0.211359 0.1973 0.204778 0.20526 0.201132
1481250 0.206165 0.205179 0.20492 -0.739941 -0.295108 -3.00189 0.208081 0.205067 0.210156 0.204778 0.20526 0.201132
1481250 0.203199 0.214387 0.217097 0.721993 0.0976738 -0.8951 0.199808 0.213963 0.22015 0.206501 0.214799 0.214125
1481250 0.206595 0.2 0.185809 -0.417029 -0.561842 0.661204 0.207962 0.201569 0.183151 0.205267 0.198476 0.188393
1481250 0.19791 0.209622 0.206687 -0.186569 -0.511867 -5.58813 0.198847 0.209949 0.211547 0.197009 0.209308 0.202014
1481250 0.207771 0.198341 0.182178 -0.03404 -0.703067 -0.094822 0.207962 0.201569 0.183151 0.207388 0.191854 0.180223
1481250 0.191918 0.203914 0.194381 0.0107928 2.10841 4.66142 0.191628 0.202683 0.190082 0.192129 0.204808 0.197503
1481250 0.190386 0.205153 0.200231 -1.30741 0.637885 2.74533 0.192129 0.204808 0.197503 0.186864 0.205849 0.205741
1481250 0.192744 0.207854 0.203581 0.921601 0.427493 -0.503323 0.186864 0.205849 0.205741 0.197009 0.209308 0.202014
1481250 0.182801 0.208717 0.201423 0.0 0.0 0.0 0.180906 0.210022 0.199411 0.186864 0.205849 0.205741
1481250 0.19378 0.203174 0.199784 0.461208 -0.665893 0.967172 0.192129 0.204808 0.197503 0.195331 0.20164 0.201926
1481250 0.215393 0.209358 0.212252 0.190937 -0.512512 0.580557 0.21422 0.211127 0.210064 0.217713 0.20586 0.21658
1481250 0.210371 0.200684 0.191367 0.287658 -0.232731 -0.173997 0.208203 0.202392 0.193246 0.213774 0.198005 0.188418
1481250 0.218549 0.209581 0.199397 -0.107438 -0.383865 0.443714 0.218961 0.211694 0.196116 0.21798 0.206661 0.203928
1481250 0.204292 0.215309 0.184911 -0.40703 4.34886 -2.39883 0.205739 0.210121 0.188107 0.203488 0.218191 0.183136
1481250 0.204827 0.201225 0.207758 -1.17062 -2.01116 -1.10055 0.208081 0.205067 0.210156 0.201725 0.197564 0.205473
1481250 0.200318 0.209355 0.191151 1.48533 0.0713697 -0.580972 0.196761 0.208853 0.193148 0.205739 0.210121 0.188107
1481250 0.185694 0.212297 0.190818 -4.83213 1.88842 2.96647 0.18958 0.211543 0.188384 0.182265 0.212963 0.192966
1481250 0.2137 0.203954 0.201994 -0.333807 -0.139074 -0.133587 0.21798 0.206661 0.203928 0.211309 0.202443 0.200914
1481250 0.181699 0.202856 0.195252 1.53634 -2.57088 1.03124 0.179358 0.20571 0.194268 0.184772 0.199109 0.196544
1481250 0.21827 0.215939 0.202216 2.95028 0.538754 -0.0269149 0.214184 0.215311 0.201603 0.224696 0.216925 0.203179
1481250 0.201731 0.21398 0.198279 -0.0977538 0.146182 0.0254716 0.203458 0.211359 0.1973 0.199733 0.217012 0.199412
1481250 0.182299 0.214301 0.20681 -0.703988 -0.284712 1.38816 0.183686 0.21551 0.203424 0.18094 0.213117 0.210125
1481250 0.194108 0.206633 0.199333 1.64101 1.94525 1.32439 0.192129 0.204808 0.197503 0.197009 0.209308 0.202014
1481250 0.211276 0.205028 0.199339 -0.0776126 -0.484976 0.263436 0.211228 0.208729 0.197084 0.211309 0.202443 0.200914
1481250 0.198921 0.214815 0.212506 0.000263573 0.00515628 0.00188113 0.198847 0.209949 0.211547 0.198977 0.218461 0.213224
1481250 0.212718 0.202289 0.198239 -0.31949 0.0151018 0.427334 0.214126 0.202136 0.195566 0.211309 0.202443 0.200914
1481250 0.187335 0.215827 0.204624 0.213014 0.0551451 0.0753629 0.183686 0.21551 0.203424 0.191855 0.216219 0.206111
1481250 0.212857 0.213727 0.209241 -0.393969 0.802618 -0.10503 0.21422 0.211127 0.210064 0.211416 0.216477 0.20837
1481250 0.183135 0.216186 0.210216 0.00250049 0.00260846 0.000335422 0.18094 0.213117 0.210125 0.18522 0.219101 0.210302
1481250 0.199349 0.216447 0.216325 -2.90787e-05 6.11105e-05 -9.14754e-05 0.199808 0.213963 0.22015 0.198977 0.218461 0.213224
1481250 0.188065 0.217865 0.208505 -0.00154279 0.000355832 0.000958463 0.191855 0.216219 0.206111 0.18522 0.219101 0.210302
1481250 0.217097 0.210078 0.193066 -2.17369 -2.34298 -5.40664 0.218961 0.211694 0.196116 0.215344 0.208557 0.190197
1481250 0.190169 0.200081 0.216974 -0.807947 -1.14708 0.556721 0.19315 0.203092 0.215094 0.18641 0.196283 0.219345
1481250 0.186807 0.216645 0.212376 -0.000640885 0.000666387 -0.000632574 0.189344 0.212717 0.215692 0.18522 0.219101 0.210302
1481250 0.180217 0.208124 0.197121 0.0 0.0 0.0 0.180906 0.210022 0.199411 0.179358 0.20571 0.194268
1481250 0.213526 0.215698 0.197494 -0.0239899 0.0911917 -2.43534 0.214184 0.215311 0.201603 0.212903 0.216064 0.193608
1481250 0.180919 0.202557 0.199318 0.0 0.0 0.0 0.178576 0.204595 0.201005 0.184772 0.199109 0.196544
1481250 0.188393 0.201032 0.193132 0.0 0.0 0.0 0.191628 0.202683 0.190082 0.184772 0.199109 0.196544
1481250 0.185733 0.20384 0.194983 0.0 0.0 0.0 0.186364 0.206886 0.193958 0.184772 0.199109 0.196544
1481250 0.189233 0.2026 0.197126 0.0 0.0 0.0 0.192129 0.204808 0.197503 0.184772 0.199109 0.196544
1481250 0.187493 0.201308 0.18873 0.0 0.0 0.0 0.191628 0.202683 0.190082 0.18365 0.19996 0.187474
1481250 0.182355 0.201039 0.205109 0.0 0.0 0.0 0.186864 0.205849 0.205741 0.178787 0.197167 0.204607
1481250 0.181489 0.211315 0.196653 0.0 0.0 0.0 0.180906 0.210022 0.199411 0.182265 0.212963 0.192966
1481250 0.182139 0.212489 0.201189 0.0 0.0 0.0 0.180906 0.210022 0.199411 0.183686 0.21551 0.203424
1481250 0.183225 0.216616 0.195462 0.0 0.0 0.0 0.184002 0.219511 0.197479 0.182265 0.212963 0.192966
1481250 0.184539 0.209626 0.193517 0.0 0.0 0.0 0.186364 0.206886 0.193958 0.182265 0.212963 0.192966
1481250 0.180814 0.215898 0.200884 -0.141551 0.0205553 -0.0898888 0.183686 0.21551 0.203424 0.178315 0.216236 0.198675
1481250 0.186421 0.214454 0.200738 0.0 0.0 0.0 0.183686 0.21551 0.203424 0.1897 0.213112 0.197515
1481250 0.184276 0.212992 0.212337 0.0 0.0 0.0 0.18094 0.213117 0.210125 0.189344 0.212717 0.215692
1481250 0.18448 0.217405 0.206989 0.0 0.0 0.0 0.183686 0.21551 0.203424 0.18522 0.219101 0.210302
1481250 0.186384 0.216869 0.197496 0.0 0.0 0.0 0.1897 0.213112 0.197515 0.184002 0.219511 0.197479
1481250 0.195445 0.201545 0.192318 0.0 0.0 0.0 0.191628 0.202683 0.190082 0.199973 0.200117 0.19497
1481250 0.195107 0.203062 0.196542 0.0 0.0 0.0 0.192129 0.204808 0.197503 0.199973 0.200117 0.19497
1481250 0.198163 0.20508 0.193943 0.0 0.0 0.0 0.196761 0.208853 0.193148 0.199973 0.200117 0.19497
1481250 0.197027 0.20112 0.199388 0.0 0.0 0.0 0.195331 0.20164 0.201926 0.199973 0.200117 0.19497
1481250 0.20503 0.20155 0.193911 0.0 0.0 0.0 0.208203 0.202392 0.193246 0.199973 0.200117 0.19497
1481250 0.195369 0.199023 0.215272 0.0 0.0 0.0 0.19315 0.203092 0.215094 0.197163 0.195663 0.215414
1481250 0.194157 0.199644 0.204605 0.0 0.0 0.0 0.195331 0.20164 0.201926 0.19239 0.196558 0.208627
1481250 0.190119 0.200413 0.207441 0.0 0.0 0.0 0.186864 0.205849 0.205741 0.19239 0.196558 0.208627
1481250 0.199767 0.198363 0.216035 0.0 0.0 0.0 0.202469 0.201095 0.216678 0.197163 0.195663 0.215414
1481250 0.19938 0.200255 0.219605 0.0 0.0 0.0 0.202469 0.201095 0.216678 0.195736 0.199184 0.223052
1481250 0.189174 0.204265 0.186445 0.0 0.0 0.0 0.191628 0.202683 0.190082 0.187303 0.205406 0.183675
1481250 0.194198 0.205348 0.1875 0.0 0.0 0.0 0.191628 0.202683 0.190082 0.196392 0.207557 0.185294
1481250 0.190623 0.207068 0.189249 0.0 0.0 0.0 0.191628 0.202683 0.190082 0.18958 0.211543 0.188384
1481250 0.196571 0.208217 0.189082 0.0 0.0 0.0 0.196761 0.208853 0.193148 0.196392 0.207557 0.185294
1481250 0.189262 0.205876 0.195741 0.0 0.0 0.0 0.186364 0.206886 0.193958 0.192129 0.204808 0.197503
1481250 0.187697 0.208851 0.191649 0.0 0.0 0.0 0.186364 0.206886 0.193958 0.18958 0.211543 0.188384
1481250 0.194177 0.20663 0.195579 0.0 0.0 0.0 0.192129 0.204808 0.197503 0.196761 0.208853 0.193148
1481250 0.191125 0.208276 0.197509 0.0 0.0 0.0 0.192129 0.204808 0.197503 0.1897 0.213112 0.197515
1481250 0.193393 0.21015 0.190913 0.0 0.0 0.0 0.196761 0.208853 0.193148 0.18958 0.211543 0.188384
1481250 0.193437 0.210892 0.195205 0.0 0.0 0.0 0.196761 0.208853 0.193148 0.1897 0.213112 0.197515
1481250 0.18853 0.21015 0.200909 0.0 0.0 0.0 0.186864 0.205849 0.205741 0.1897 0.213112 0.197515
1481250 0.195458 0.211531 0.183742 0.0 0.0 0.0 0.194277 0.216473 0.18178 0.196392 0.207557 0.185294
1481250 0.19366 0.214476 0.189703 0.0 0.0 0.0 0.197846 0.217416 0.191056 0.18958 0.211543 0.188384
1481250 0.187951 0.215835 0.189306 0.0 0.0 0.0 0.186415 0.219812 0.190174 0.18958 0.211543 0.188384
1481250 0.188014 0.216585 0.193749 0.0 0.0 0.0 0.186415 0.219812 0.190174 0.1897 0.213112 0.197515
1481250 0.190696 0.21766 0.197466 0.0 0.0 0.0 0.1897 0.213112 0.197515 0.191782 0.222547 0.197409
1481250 0.198629 0.209312 0.182129 0.0 0.0 0.0 0.201239 0.211283 0.178434 0.196392 0.207557 0.185294
1481250 0.200483 0.210279 0.195455 0.0 0.0 0.0 0.196761 0.208853 0.193148 0.203458 0.211359 0.1973
1481250 0.194855 0.203274 0.210767 0.0 0.0 0.0 0.19315 0.203092 0.215094 0.196006 0.203338 0.207841
1481250 0.190552 0.204267 0.211229 0.0 0.0 0.0 0.19315 0.203092 0.215094 0.186864 0.205849 0.205741
1481250 0.196404 0.20574 0.205532 0.0 0.0 0.0 0.196006 0.203338 0.207841 0.197009 0.209308 0.202014
1481250 0.192645 0.203012 0.203137 0.0 0.0 0.0 0.186864 0.205849 0.205741 0.195331 0.20164 0.201926
1481250 0.195988 0.204671 0.201961 0.0 0.0 0.0 0.197009 0.209308 0.202014 0.195331 0.20164 0.201926
1481250 0.196784 0.204821 0.218583 0.0 0.0 0.0 0.19315 0.203092 0.215094 0.199457 0.206032 0.221146
1481250 0.188188 0.209553 0.211059 0.0 0.0 0.0 0.186864 0.205849 0.205741 0.189344 0.212717 0.215692
1481250 0.194438 0.211267 0.213471 0.0 0.0 0.0 0.198847 0.209949 0.211547 0.189344 0.212717 0.215692
1481250 0.189755 0.211892 0.205957 0.0 0.0 0.0 0.191855 0.216219 0.206111 0.186864 0.205849 0.205741
1481250 0.195284 0.213178 0.208778 0.0 0.0 0.0 0.198847 0.209949 0.211547 0.191855 0.216219 0.206111
1481250 0.198128 0.201232 0.206963 0.0 0.0 0.0 0.196006 0.203338 0.207841 0.201725 0.197564 0.205473
1481250 0.200828 0.210557 0.199223 0.0 0.0 0.0 0.197009 0.209308 0.202014 0.203458 0.211359 0.1973
1481250 0.202044 0.211725 0.208123 0.0 0.0 0.0 0.198847 0.209949 0.211547 0.205057 0.213332 0.204893
1481250 0.198212 0.202043 0.215956 0.0 0.0 0.0 0.19315 0.203092 0.215094 0.202469 0.201095 0.216678
1481250 0.195158 0.213444 0.21817 0.0 0.0 0.0 0.199808 0.213963 0.22015 0.189344 0.212717 0.215692
1481250 0.190888 0.21813 0.214029 0.0 0.0 0.0 0.189344 0.212717 0.215692 0.191978 0.221883 0.212855
1481250 0.196075 0.216982 0.18645 0.0 0.0 0.0 0.194277 0.216473 0.18178 0.197846 0.217416 0.191056
1481250 0.199635 0.217507 0.182568 0.0 0.0 0.0 0.194277 0.216473 0.18178 0.203488 0.218191 0.183136
1481250 0.20126 0.214296 0.189781 0.0 0.0 0.0 0.197846 0.217416 0.191056 0.205739 0.210121 0.188107
1481250 0.202122 0.215396 0.201871 0.0 0.0 0.0 0.205057 0.213332 0.204893 0.199733 0.217012 0.199412
1481250 0.202397 0.216831 0.213634 0.0 0.0 0.0 0.206501 0.214799 0.214125 0.198977 0.218461 0.213224
1481250 0.206722 0.200453 0.190798 0.0 0.0 0.0 0.208203 0.202392 0.193246 0.205267 0.198476 0.188393
1481250 0.207027 0.199258 0.212043 0.0 0.0 0.0 0.208081 0.205067 0.210156 0.206282 0.19509 0.213377
1481250 0.205818 0.199881 0.218591 0.0 0.0 0.0 0.202469 0.201095 0.216678 0.210578 0.198067 0.22131
1481250 0.202755 0.205647 0.183491 0.0 0.0 0.0 0.205739 0.210121 0.188107 0.200479 0.202172 0.179972
1481250 0.207184 0.204599 0.184886 0.0 0.0 0.0 0.207962 0.201569 0.183151 0.205739 0.210121 0.188107
1481250 0.211151 0.20764 0.184812 0.0 0.0 0.0 0.205739 0.210121 0.188107 0.215136 0.205752 0.182386
1481250 0.207133 0.208163 0.182258 0.0 0.0 0.0 0.205739 0.210121 0.188107 0.207903 0.207024 0.179024
1481250 0.202503 0.215201 0.181076 0.0 0.0 0.0 0.201239 0.211283 0.178434 0.203488 0.218191 0.183136
1481250 0.211311 0.202292 0.194463 0.0 0.0 0.0 0.208203 0.202392 0.193246 0.214126 0.202136 0.195566
1481250 0.20952 0.205184 0.194916 0.0 0.0 0.0 0.208203 0.202392 0.193246 0.211228 0.208729 0.197084
1481250 0.208984 0.209333 0.193412 0.0 0.0 0.0 0.205739 0.210121 0.188107 0.211228 0.208729 0.197084
1481250 0.20681 0.210259 0.197206 0.0 0.0 0.0 0.203458 0.211359 0.1973 0.211228 0.208729 0.197084
1481250 0.204119 0.212208 0.200434 0.0 0.0 0.0 0.205057 0.213332 0.204893 0.203458 0.211359 0.1973
1481250 0.214166 0.212216 0.191844 0.0 0.0 0.0 0.215344 0.208557 0.190197 0.212903 0.216064 0.193608
1481250 0.210132 0.213799 0.191479 0.0 0.0 0.0 0.205739 0.210121 0.188107 0.212903 0.216064 0.193608
1481250 0.209303 0.215204 0.187056 0.0 0.0 0.0 0.205739 0.210121 0.188107 0.211381 0.218115 0.186443
1481250 0.206009 0.216154 0.190303 0.0 0.0 0.0 0.205739 0.210121 0.188107 0.206178 0.219897 0.191686
1481250 0.215288 0.21032 0.196575 0.0 0.0 0.0 0.218961 0.211694 0.196116 0.211228 0.208729 0.197084
1481250 0.21423 0.207845 0.200125 0.0 0.0 0.0 0.21798 0.206661 0.203928 0.211228 0.208729 0.197084
1481250 0.208512 0.203686 0.201008 0.0 0.0 0.0 0.211309 0.202443 0.200914 0.204778 0.20526 0.201132
1481250 0.207204 0.210509 0.212362 0.0 0.0 0.0 0.208081 0.205067 0.210156 0.206501 0.214799 0.214125
1481250 0.204908 0.209034 0.202875 0.0 0.0 0.0 0.205057 0.213332 0.204893 0.204778 0.20526 0.201132
1481250 0.205796 0.214117 0.209619 0.0 0.0 0.0 0.206501 0.214799 0.214125 0.205057 0.213332 0.204893
1481250 0.209877 0.214411 0.203156 0.0 0.0 0.0 0.214184 0.215311 0.201603 0.205057 0.213332 0.204893
1481250 0.206923 0.211449 0.217019 0.0 0.0 0.0 0.206501 0.214799 0.214125 0.207373 0.207797 0.220109
1481250 0.210787 0.218038 0.200869 0.0 0.0 0.0 0.214184 0.215311 0.201603 0.207083 0.220937 0.200071
1481250 0.209355 0.215808 0.210785 0.0 0.0 0.0 0.206501 0.214799 0.214125 0.211416 0.216477 0.20837
1481250 0.216649 0.21348 0.198773 0.0 0.0 0.0 0.214184 0.215311 0.201603 0.218961 0.211694 0.196116
1481250 0.213103 0.205911 0.206998 0.0 0.0 0.0 0.208081 0.205067 0.210156 0.21798 0.206661 0.203928
1481250 0.215839 0.21158 0.202615 0.0 0.0 0.0 0.214184 0.215311 0.201603 0.21798 0.206661 0.203928
1481250 0.215796 0.213719 0.210808 0.0 0.0 0.0 0.21422 0.211127 0.210064 0.217993 0.217254 0.211846
1481250 0.204677 0.204146 0.218223 0.0 0.0 0.0 0.202469 0.201095 0.216678 0.207373 0.207797 0.220109
1481250 0.207338 0.218188 0.184748 0.0 0.0 0.0 0.211381 0.218115 0.186443 0.203488 0.218191 0.183136
1481250 0.210199 0.218363 0.196611 0.0 0.0 0.0 0.207083 0.220937 0.200071 0.212903 0.216064 0.193608
1481250 0.209538 0.218017 0.192645 0.0 0.0 0.0 0.206178 0.219897 0.191686 0.212903 0.216064 0.193608
1481250 0.215945 0.213906 0.194866 0.0 0.0 0.0 0.218961 0.211694 0.196116 0.212903 0.216064 0.193608
1481250 0.21601 0.216099 0.191152 0.0 0.0 0.0 0.220625 0.216065 0.187506 0.212903 0.216064 0.193608
1481250 0.219942 0.205109 0.198484 0.0 0.0 0.0 0.21798 0.206661 0.203928 0.221763 0.203597 0.193423
