# ts x y z Fx Fy Fz x1 y1 z1 x2 y2 z2
2718750 0.182132 0.178611 0.198358 -8.78929 10.3925 3.18004 0.186031 0.175233 0.197406 0.177596 0.182541 0.199465
2718750 0.185816 0.197174 0.187853 2.13261 0.771106 1.68438 0.182485 0.196176 0.18601 0.189373 0.19824 0.189821
2718750 0.183411 0.194419 0.197118 -18.0621 10.2012 2.76194 0.187184 0.192328 0.195827 0.180646 0.195953 0.198065
2718750 0.188989 0.200665 0.198095 -16.44 12.8625 -5.94775 0.1929 0.198503 0.199596 0.184831 0.202964 0.196499
2718750 0.183549 0.193279 0.208194 8.92832 8.53132 9.94757 0.180482 0.191358 0.205108 0.186145 0.194906 0.210808
2718750 0.19444 0.183202 0.181382 11.4689 7.26189 -1.01047 0.191327 0.180519 0.181439 0.196969 0.185382 0.181335
2718750 0.198119 0.187869 0.183241 -3.95502 -14.9488 -9.39598 0.199485 0.190823 0.185506 0.196969 0.185382 0.181335
2718750 0.199866 0.184757 0.182874 -2.61367 0.222213 -1.76995 0.202915 0.184099 0.184493 0.196969 0.185382 0.181335
2718750 0.194053 0.179753 0.190173 -2.95811 -8.33291 6.39248 0.195716 0.182753 0.188087 0.192609 0.177145 0.191985
2718750 0.185851 0.18045 0.191039 1.49057 7.60882 4.48449 0.185737 0.177707 0.189083 0.185996 0.183934 0.193521
2718750 0.192953 0.185537 0.187225 -4.33741 4.94118 -0.460124 0.195716 0.182753 0.188087 0.189187 0.189332 0.186048
2718750 0.198039 0.183913 0.19115 6.06126 3.87786 11.5488 0.195716 0.182753 0.188087 0.200928 0.185354 0.194959
2718750 0.18823 0.181314 0.214192 15.0393 17.265 9.8468 0.185309 0.178815 0.21212 0.191792 0.184361 0.216718
2718750 0.197689 0.191814 0.188899 -8.11008 7.47212 23.9737 0.199485 0.190823 0.185506 0.195643 0.192943 0.192762
2718750 0.192395 0.195687 0.191238 -3.57478 2.12156 -1.37637 0.195643 0.192943 0.192762 0.189373 0.19824 0.189821
2718750 0.196609 0.196062 0.189643 -1.44962 -15.2201 16.7317 0.197645 0.199407 0.186299 0.195643 0.192943 0.192762
2718750 0.194301 0.195663 0.196105 14.0729 -18.9631 -21.5129 0.1929 0.198503 0.199596 0.195643 0.192943 0.192762
2718750 0.195106 0.196096 0.202996 8.00138 -5.81902 12.312 0.1929 0.198503 0.199596 0.196697 0.19436 0.205448
2718750 0.19269 0.199436 0.204212 1.91677 2.79333 17.2709 0.1929 0.198503 0.199596 0.192485 0.200343 0.208705
2718750 0.196272 0.201032 0.19748 2.08155 1.50654 -0.815648 0.1929 0.198503 0.199596 0.200075 0.203885 0.195093
2718750 0.198153 0.189339 0.193805 -16.4979 34.5745 -9.03996 0.200928 0.185354 0.194959 0.195643 0.192943 0.192762
2718750 0.202416 0.192623 0.183531 17.4829 9.29535 -7.74045 0.199485 0.190823 0.185506 0.207429 0.195701 0.180154
2718750 0.202995 0.190004 0.187163 1.8625 -0.79593 0.967022 0.199485 0.190823 0.185506 0.206692 0.189141 0.188909
2718750 0.199085 0.202718 0.183073 7.56814 15.9308 -11.3729 0.197645 0.199407 0.186299 0.200504 0.205983 0.179892
2718750 0.189109 0.197448 0.209825 27.5444 22.4372 -3.20895 0.186145 0.194906 0.210808 0.192485 0.200343 0.208705
2718750 0.19966 0.190343 0.216487 -6.95674 -6.8596 16.2394 0.20073 0.192385 0.212292 0.198872 0.188841 0.219574
2718750 0.204641 0.186402 0.186511 1.61103 1.81723 1.23135 0.202915 0.184099 0.184493 0.206692 0.189141 0.188909
2718750 0.200776 0.18096 0.19259 0.881783 -6.11929 -3.16479 0.200928 0.185354 0.194959 0.200671 0.177938 0.190961
2718750 0.210229 0.183768 0.192345 5.67962 5.34891 5.28059 0.207681 0.180962 0.190508 0.212703 0.186492 0.194129
2718750 0.213028 0.184354 0.197601 -0.598581 3.50826 -8.44829 0.21334 0.1823 0.200935 0.212703 0.186492 0.194129
2718750 0.20212 0.182625 0.198965 7.00465 -8.66649 15.2856 0.200928 0.185354 0.194959 0.203037 0.180528 0.202045
2718750 0.204324 0.186419 0.198459 19.022 3.84161 14.4333 0.200928 0.185354 0.194959 0.207094 0.187287 0.201313
2718750 0.211237 0.190308 0.193972 0.488857 -2.27028 0.00627277 0.210136 0.193176 0.193854 0.212703 0.186492 0.194129
2718750 0.21426 0.18901 0.191307 -3.5958 -7.30482 5.82862 0.21611 0.192002 0.187953 0.212703 0.186492 0.194129
2718750 0.205914 0.180284 0.204571 -10.3564 3.14572 -9.36667 0.208981 0.180025 0.207263 0.203037 0.180528 0.202045
2718750 0.214698 0.179482 0.203311 1.18113 -3.05222 1.81183 0.21334 0.1823 0.200935 0.21593 0.176927 0.205465
2718750 0.206746 0.187038 0.205363 0.721393 -1.03635 -10.7006 0.206463 0.186836 0.208646 0.207094 0.187287 0.201313
2718750 0.200898 0.178819 0.210486 0.0135794 -0.133053 -0.0462086 0.200779 0.18295 0.21262 0.201029 0.174263 0.208133
2718750 0.208074 0.185263 0.211062 2.63868 -3.88256 4.36366 0.206463 0.186836 0.208646 0.209541 0.18383 0.213262
2718750 0.204102 0.185222 0.210297 -16.0296 -12.5262 8.01655 0.206463 0.186836 0.208646 0.200779 0.18295 0.21262
2718750 0.210692 0.18919 0.201415 -19.952 -13.1851 -3.62581 0.215449 0.191705 0.20155 0.207094 0.187287 0.201313
2718750 0.207054 0.189997 0.207898 2.06123 17.3452 -6.85605 0.206463 0.186836 0.208646 0.207817 0.194071 0.206933
2718750 0.212306 0.183714 0.214439 4.47277 -0.022626 1.12982 0.209541 0.18383 0.213262 0.216007 0.183559 0.216015
2718750 0.205172 0.196644 0.198684 -4.3315 -4.9428 1.44592 0.208742 0.199671 0.197961 0.201759 0.193751 0.199376
2718750 0.208676 0.191465 0.191758 -2.24994 -3.66924 -3.24534 0.210136 0.193176 0.193854 0.206692 0.189141 0.188909
2718750 0.212645 0.194904 0.194262 4.3329 2.27337 0.142394 0.210136 0.193176 0.193854 0.215168 0.196643 0.194673
2718750 0.209587 0.195732 0.195471 -0.695349 3.83553 1.6374 0.210136 0.193176 0.193854 0.208742 0.199671 0.197961
2718750 0.218065 0.195577 0.194834 -14.2383 2.85648 -1.29219 0.221922 0.194157 0.195049 0.215168 0.196643 0.194673
2718750 0.204481 0.193277 0.209456 11.2586 3.00415 -11.7985 0.20073 0.192385 0.212292 0.207817 0.194071 0.206933
2718750 0.211187 0.193026 0.204556 -42.0556 10.2253 20.5675 0.215449 0.191705 0.20155 0.207817 0.194071 0.206933
2718750 0.21731 0.18785 0.204809 -18.4647 46.4924 -27.5727 0.218977 0.184398 0.207726 0.215449 0.191705 0.20155
2718750 0.207073 0.193042 0.218646 20.9997 -13.4893 -14.0794 0.203921 0.195177 0.220064 0.210767 0.190541 0.216985
2718750 0.211408 0.179019 0.183937 -0.0100773 0.129977 -0.0592958 0.211267 0.174375 0.185395 0.211566 0.184174 0.182317
2718750 0.206324 0.184129 0.183636 -2.33135 -0.115786 0.987707 0.211566 0.184174 0.182317 0.202915 0.184099 0.184493
2718750 0.194973 0.178711 0.182011 -20.3755 14.3418 -2.3526 0.199436 0.176499 0.182711 0.191327 0.180519 0.181439
2718750 0.207118 0.196565 0.21031 0.109696 -10.3497 -13.9332 0.206471 0.198874 0.213437 0.207817 0.194071 0.206933
2718750 0.205215 0.197053 0.2167 1.47518 4.07997 -5.71676 0.203921 0.195177 0.220064 0.206471 0.198874 0.213437
2718750 0.203757 0.183612 0.216128 5.3529 2.66318 7.1411 0.200779 0.18295 0.21262 0.205968 0.184103 0.218733
2718750 0.202456 0.193895 0.216496 1.77335 0.714811 3.63606 0.20073 0.192385 0.212292 0.203921 0.195177 0.220064
2718750 0.194544 0.192148 0.206872 8.38964 11.7851 -5.44715 0.191881 0.189411 0.208635 0.196697 0.19436 0.205448
2718750 0.188951 0.192218 0.209745 -6.91218 7.52322 1.24516 0.191881 0.189411 0.208635 0.186145 0.194906 0.210808
2718750 0.208817 0.186975 0.186035 -0.612143 0.751443 1.23258 0.211566 0.184174 0.182317 0.206692 0.189141 0.188909
2718750 0.191842 0.187182 0.212202 -2.93868 -9.12792 14.7417 0.191881 0.189411 0.208635 0.191792 0.184361 0.216718
2718750 0.199224 0.180941 0.196556 -2.30193 -9.62729 2.34565 0.200928 0.185354 0.194959 0.198121 0.178085 0.19759
2718750 0.195616 0.181394 0.218943 -12.8912 7.37248 -5.25239 0.199119 0.178675 0.220981 0.191792 0.184361 0.216718
2718750 0.215271 0.194842 0.197182 -3.69145 17.3747 -33.5934 0.215449 0.191705 0.20155 0.215168 0.196643 0.194673
2718750 0.207917 0.179926 0.194583 0.0503239 -1.82304 4.29708 0.207681 0.180962 0.190508 0.208089 0.179172 0.197545
2718750 0.211204 0.181185 0.204036 -14.7695 -11.9825 20.3355 0.21334 0.1823 0.200935 0.208981 0.180025 0.207263
2718750 0.181797 0.200011 0.193811 1.35571 1.8346 1.74171 0.179959 0.198221 0.192182 0.184831 0.202964 0.196499
2718750 0.198697 0.193346 0.196065 4.24216 -0.0900137 5.88718 0.195643 0.192943 0.192762 0.201759 0.193751 0.199376
2718750 0.219117 0.193095 0.197865 -21.4864 -8.1373 29.7224 0.221922 0.194157 0.195049 0.215449 0.191705 0.20155
2718750 0.216851 0.182853 0.199266 -27.9161 -0.457243 10.0903 0.222581 0.183756 0.196541 0.21334 0.1823 0.200935
2718750 0.205218 0.192798 0.190293 0.153924 -0.519103 -0.114148 0.203841 0.196214 0.191585 0.206692 0.189141 0.188909
2718750 0.213269 0.193821 0.214604 2.01888 3.78483 -2.09385 0.210767 0.190541 0.216985 0.21668 0.198292 0.211358
2718750 0.186587 0.20115 0.188625 -2.44364 2.57906 -1.7034 0.189373 0.19824 0.189821 0.183827 0.204032 0.187441
2718750 0.194438 0.202715 0.201048 7.14401 14.8794 7.8448 0.1929 0.198503 0.199596 0.195435 0.205445 0.20199
2718750 0.210388 0.180542 0.19903 3.67738 3.13428 2.35258 0.208089 0.179172 0.197545 0.21334 0.1823 0.200935
2718750 0.188317 0.195387 0.192719 0.578924 3.331 -3.91186 0.187184 0.192328 0.195827 0.189373 0.19824 0.189821
2718750 0.201484 0.180974 0.18376 0.582856 2.12372 0.44069 0.199436 0.176499 0.182711 0.202915 0.184099 0.184493
2718750 0.196754 0.184199 0.205803 -6.10014 -9.29174 2.63683 0.199572 0.187273 0.204909 0.193562 0.180718 0.206816
2718750 0.200118 0.189681 0.208388 -0.938439 -2.08687 -4.20372 0.20073 0.192385 0.212292 0.199572 0.187273 0.204909
2718750 0.200633 0.190415 0.202225 0.492593 0.853917 -0.747741 0.199572 0.187273 0.204909 0.201759 0.193751 0.199376
2718750 0.211847 0.18956 0.212452 -1.42061 0.285174 5.5515 0.212571 0.188903 0.209414 0.210767 0.190541 0.216985
2718750 0.186575 0.188023 0.194645 0.0548571 -7.93142 -1.59017 0.187184 0.192328 0.195827 0.185996 0.183934 0.193521
2718750 0.196956 0.197347 0.218444 0.834983 3.8877 -3.65339 0.196445 0.195234 0.221189 0.197504 0.199613 0.215502
2718750 0.198922 0.196437 0.214092 -1.75693 4.89671 1.29327 0.20073 0.192385 0.212292 0.197504 0.199613 0.215502
2718750 0.207185 0.185068 0.189705 -0.179359 2.17909 -0.0822741 0.207681 0.180962 0.190508 0.206692 0.189141 0.188909
2718750 0.215123 0.187108 0.208742 -6.37696 6.10299 2.48338 0.218977 0.184398 0.207726 0.212571 0.188903 0.209414
2718750 0.189292 0.194372 0.188183 -0.0464856 9.8857 2.45835 0.189187 0.189332 0.186048 0.189373 0.19824 0.189821
2718750 0.193971 0.201727 0.184158 -3.17492 2.90107 -2.14559 0.197645 0.199407 0.186299 0.191218 0.203466 0.182553
2718750 0.209479 0.181012 0.21431 0.469288 -3.53685 1.07817 0.209541 0.18383 0.213262 0.209342 0.174761 0.216635
2718750 0.214995 0.196731 0.188124 -0.131774 1.81011 0.0608789 0.21611 0.192002 0.187953 0.213795 0.201827 0.188308
2718750 0.189977 0.195345 0.197668 4.60145 6.51759 2.65152 0.187184 0.192328 0.195827 0.1929 0.198503 0.199596
2718750 0.182308 0.198737 0.197443 8.95364 14.1032 -0.553632 0.180646 0.195953 0.198065 0.184831 0.202964 0.196499
2718750 0.197367 0.179977 0.185701 1.87928 -3.15763 -1.90216 0.195716 0.182753 0.188087 0.199436 0.176499 0.182711
2718750 0.197972 0.191216 0.205209 -0.594529 2.26415 0.388265 0.199572 0.187273 0.204909 0.196697 0.19436 0.205448
2718750 0.204591 0.182972 0.192544 -13.8029 5.93454 9.53156 0.207681 0.180962 0.190508 0.200928 0.185354 0.194959
2718750 0.210273 0.184749 0.201121 -7.81544 4.99825 -0.667876 0.21334 0.1823 0.200935 0.207094 0.187287 0.201313
2718750 0.183305 0.191308 0.193776 -6.63258 -2.40875 -4.94072 0.187184 0.192328 0.195827 0.179165 0.19022 0.191586
2718750 0.20342 0.18728 0.20307 8.87761 -1.53843 -4.67669 0.199572 0.187273 0.204909 0.207094 0.187287 0.201313
2718750 0.217225 0.180101 0.206426 -6.33212 -18.6756 -2.49937 0.218977 0.184398 0.207726 0.21593 0.176927 0.205465
2718750 0.21263 0.197839 0.195972 5.25057 -3.68946 -3.23654 0.208742 0.199671 0.197961 0.215168 0.196643 0.194673
2718750 0.218705 0.188076 0.199263 -3.92786 6.11932 4.04354 0.222581 0.183756 0.196541 0.215449 0.191705 0.20155
2718750 0.196054 0.187057 0.218437 1.38673 1.21698 0.759405 0.191792 0.184361 0.216718 0.198872 0.188841 0.219574
2718750 0.205847 0.179774 0.199542 -1.39773 0.710665 1.32123 0.208089 0.179172 0.197545 0.203037 0.180528 0.202045
2718750 0.192663 0.185365 0.207788 0.305806 -4.39981 -0.438207 0.191881 0.189411 0.208635 0.193562 0.180718 0.206816
2718750 0.210016 0.186428 0.214703 0.166336 0.551055 0.228489 0.209541 0.18383 0.213262 0.210767 0.190541 0.216985
2718750 0.207588 0.183793 0.208028 0.953411 -4.28116 -1.24875 0.206463 0.186836 0.208646 0.208981 0.180025 0.207263
2718750 0.197704 0.179536 0.213322 12.4863 13.8532 -5.98005 0.195534 0.177128 0.213817 0.200779 0.18295 0.21262
2718750 0.186012 0.180024 0.195267 -0.302036 -2.89111 0.891589 0.185996 0.183934 0.193521 0.186031 0.175233 0.197406
2718750 0.201363 0.189758 0.197275 0.0741774 0.286108 0.127555 0.200928 0.185354 0.194959 0.201759 0.193751 0.199376
2718750 0.211021 0.199158 0.184755 5.06684 6.45758 5.96708 0.207429 0.195701 0.180154 0.213795 0.201827 0.188308
2718750 0.210534 0.191117 0.208351 -3.48515 2.7433 -1.8365 0.212571 0.188903 0.209414 0.207817 0.194071 0.206933
2718750 0.200755 0.187598 0.212458 -0.00366023 -0.569248 -0.0706998 0.20073 0.192385 0.212292 0.200779 0.18295 0.21262
2718750 0.201396 0.183723 0.203401 0.135445 -0.19795 -0.062996 0.199572 0.187273 0.204909 0.203037 0.180528 0.202045
2718750 0.198372 0.19354 0.20829 -6.28389 5.13999 -10.3367 0.20073 0.192385 0.212292 0.196697 0.19436 0.205448
2718750 0.210328 0.198654 0.212652 6.68812 -0.674731 -2.48144 0.206471 0.198874 0.213437 0.21668 0.198292 0.211358
2718750 0.20466 0.201656 0.19661 -3.95961 1.73444 -0.588791 0.208742 0.199671 0.197961 0.200075 0.203885 0.195093
2718750 0.206973 0.191641 0.185572 -0.203375 -1.08723 1.08015 0.207429 0.195701 0.180154 0.206692 0.189141 0.188909
2718750 0.207984 0.186967 0.218002 0.0 0.0 0.0 0.205968 0.184103 0.218733 0.210767 0.190541 0.216985
2718750 0.198803 0.201541 0.19049 0.628708 1.44221 1.96053 0.197645 0.199407 0.186299 0.200075 0.203885 0.195093
2718750 0.1964 0.184188 0.184401 3.56272 3.21156 -10.6033 0.195716 0.182753 0.188087 0.196969 0.185382 0.181335
2718750 0.198868 0.194099 0.202844 -3.7403 1.36701 4.32819 0.201759 0.193751 0.199376 0.196697 0.19436 0.205448
2718750 0.200368 0.179202 0.199626 -2.22571 -1.72953 -2.51348 0.203037 0.180528 0.202045 0.198121 0.178085 0.19759
2718750 0.192725 0.191311 0.189727 10.0875 5.4104 7.48162 0.189187 0.189332 0.186048 0.195643 0.192943 0.192762
2718750 0.20957 0.187887 0.209037 3.73033 0.975868 -0.0915677 0.206463 0.186836 0.208646 0.212571 0.188903 0.209414
2718750 0.202877 0.195074 0.195192 -0.0941876 -0.32026 0.799426 0.203841 0.196214 0.191585 0.201759 0.193751 0.199376
2718750 0.182534 0.18336 0.195972 -8.3502 -1.88831 4.22911 0.185996 0.183934 0.193521 0.177596 0.182541 0.199465
2718750 0.191408 0.192635 0.194296 19.9027 4.80279 -6.65199 0.187184 0.192328 0.195827 0.195643 0.192943 0.192762
2718750 0.204066 0.187416 0.191665 0.550106 0.284935 -0.409568 0.200928 0.185354 0.194959 0.206692 0.189141 0.188909
2718750 0.190343 0.18337 0.204378 -6.38121 6.74148 -7.05492 0.193562 0.180718 0.206816 0.187335 0.185849 0.2021
2718750 0.183194 0.184443 0.20098 16.0865 7.26035 2.19276 0.177596 0.182541 0.199465 0.187335 0.185849 0.2021
2718750 0.187397 0.186303 0.190242 1.32768 4.49395 -5.53952 0.185996 0.183934 0.193521 0.189187 0.189332 0.186048
2718750 0.187259 0.189092 0.19896 0.745599 -8.6365 6.16276 0.187184 0.192328 0.195827 0.187335 0.185849 0.2021
2718750 0.216007 0.194691 0.205996 -0.316411 -3.33623 -3.61301 0.21668 0.198292 0.211358 0.215449 0.191705 0.20155
2718750 0.19659 0.183607 0.21453 -5.26383 0.907451 3.51077 0.200779 0.18295 0.21262 0.191792 0.184361 0.216718
2718750 0.189688 0.187693 0.205483 -8.55931 -4.45595 -9.05601 0.191881 0.189411 0.208635 0.187335 0.185849 0.2021
2718750 0.192481 0.191396 0.212297 -0.00022787 0.00767925 0.0135779 0.191881 0.189411 0.208635 0.19299 0.19308 0.215404
2718750 0.213888 0.188743 0.197333 1.87969 3.50973 3.64325 0.212703 0.186492 0.194129 0.215449 0.191705 0.20155
2718750 0.184979 0.183134 0.211545 0.0 -0.0 -0.0 0.185309 0.178815 0.21212 0.184694 0.186871 0.211049
2718750 0.184984 0.192611 0.20421 0.00200257 0.000370859 -0.000683019 0.180482 0.191358 0.205108 0.188101 0.193479 0.203588
2718750 0.189919 0.178649 0.198274 0.00196811 0.00236667 0.000403379 0.186031 0.175233 0.197406 0.192336 0.180772 0.198814
2718750 0.195241 0.179423 0.198199 -0.0 -0.0 -0.0 0.192336 0.180772 0.198814 0.198121 0.178085 0.19759
2718750 0.189976 0.185178 0.194495 -0.0833763 -0.0401104 -0.0290192 0.192863 0.186081 0.195201 0.185996 0.183934 0.193521
2718750 0.19338 0.187881 0.197679 0.000652016 0.00736092 0.00796328 0.192863 0.186081 0.195201 0.193945 0.18985 0.20039
2718750 0.195955 0.185803 0.195108 0.159935 -0.0363853 -0.0190922 0.192863 0.186081 0.195201 0.200928 0.185354 0.194959
2718750 0.191107 0.188133 0.201124 0.00417095 0.00335422 -0.000690455 0.187335 0.185849 0.2021 0.193945 0.18985 0.20039
2718750 0.187778 0.190261 0.20296 0.00229404 0.011337 0.000780331 0.187335 0.185849 0.2021 0.188101 0.193479 0.203588
2718750 0.196439 0.188708 0.202393 -0.00811321 0.00494526 -0.00527667 0.199572 0.187273 0.204909 0.193945 0.18985 0.20039
2718750 0.189761 0.191693 0.205804 0.0 0.0 0.0 0.191881 0.189411 0.208635 0.188101 0.193479 0.203588
2718750 0.201076 0.197639 0.189227 0.076348 -0.0326966 0.0455752 0.197645 0.199407 0.186299 0.203841 0.196214 0.191585
2718750 0.204634 0.199623 0.189858 0.132074 0.724824 -0.232935 0.203841 0.196214 0.191585 0.2053 0.202488 0.188406
2718750 0.210504 0.203648 0.199837 0.00620915 0.0249341 0.0113602 0.208742 0.199671 0.197961 0.211629 0.206189 0.201036
2718750 0.194734 0.194167 0.218324 -0.0328219 -0.0189491 -0.0390437 0.196445 0.195234 0.221189 0.19299 0.19308 0.215404
2718750 0.209382 0.182369 0.18692 2.95357 1.22148 -5.02816 0.207681 0.180962 0.190508 0.211566 0.184174 0.182317
2718750 0.20382 0.179297 0.190758 -2.75956 -1.56877 0.560562 0.207681 0.180962 0.190508 0.200671 0.177938 0.190961
2718750 0.182414 0.182838 0.191278 0.0 0.0 0.0 0.185996 0.183934 0.193521 0.178561 0.18121 0.188872
2718750 0.180575 0.194279 0.200953 0.0 0.0 0.0 0.180482 0.191358 0.205108 0.180646 0.195953 0.198065
2718750 0.182773 0.187108 0.192605 0.0 0.0 0.0 0.185996 0.183934 0.193521 0.179165 0.19022 0.191586
2718750 0.183849 0.190017 0.188993 0.0 0.0 0.0 0.189187 0.189332 0.186048 0.179165 0.19022 0.191586
2718750 0.182823 0.189073 0.20842 0.0 0.0 0.0 0.180482 0.191358 0.205108 0.184694 0.186871 0.211049
2718750 0.187637 0.186046 0.213404 0.0 0.0 0.0 0.191792 0.184361 0.216718 0.184694 0.186871 0.211049
2718750 0.185891 0.186622 0.206973 0.0 0.0 0.0 0.187335 0.185849 0.2021 0.184694 0.186871 0.211049
2718750 0.188089 0.188289 0.209908 0.0 0.0 0.0 0.191881 0.189411 0.208635 0.184694 0.186871 0.211049
2718750 0.18539 0.190976 0.210933 0.0 0.0 0.0 0.186145 0.194906 0.210808 0.184694 0.186871 0.211049
2718750 0.183992 0.188744 0.203565 0.0 0.0 0.0 0.180482 0.191358 0.205108 0.187335 0.185849 0.2021
2718750 0.193547 0.181864 0.184798 0.0 0.0 0.0 0.195716 0.182753 0.188087 0.191327 0.180519 0.181439
2718750 0.197952 0.18205 0.181878 0.0 0.0 0.0 0.199436 0.176499 0.182711 0.196969 0.185382 0.181335
2718750 0.190407 0.184512 0.18341 0.0 0.0 0.0 0.189187 0.189332 0.186048 0.191327 0.180519 0.181439
2718750 0.192466 0.179234 0.195511 0.0 0.0 0.0 0.192609 0.177145 0.191985 0.192336 0.180772 0.198814
2718750 0.189592 0.182353 0.196519 0.0 0.0 0.0 0.185996 0.183934 0.193521 0.192336 0.180772 0.198814
2718750 0.19283 0.18075 0.202039 0.000205493 -3.309e-05 0.00065231 0.192336 0.180772 0.198814 0.193562 0.180718 0.206816
2718750 0.194108 0.184834 0.192087 0.0 0.0 0.0 0.192863 0.186081 0.195201 0.195716 0.182753 0.188087
2718750 0.197613 0.187025 0.186786 0.0 0.0 0.0 0.195716 0.182753 0.188087 0.199485 0.190823 0.185506
2718750 0.192607 0.183696 0.196952 0.0 0.0 0.0 0.192863 0.186081 0.195201 0.192336 0.180772 0.198814
2718750 0.186641 0.185079 0.197692 0.0 0.0 0.0 0.185996 0.183934 0.193521 0.187335 0.185849 0.2021
2718750 0.190236 0.183115 0.20019 0.0 0.0 0.0 0.192336 0.180772 0.198814 0.187335 0.185849 0.2021
2718750 0.199557 0.183684 0.186166 0.0 0.0 0.0 0.195716 0.182753 0.188087 0.202915 0.184099 0.184493
2718750 0.198388 0.180372 0.189632 0.0 0.0 0.0 0.195716 0.182753 0.188087 0.200671 0.177938 0.190961
2718750 0.189226 0.179935 0.209599 0.0 0.0 0.0 0.185309 0.178815 0.21212 0.193562 0.180718 0.206816
2718750 0.194737 0.17858 0.210986 -0.492377 2.2148 -4.81428 0.195534 0.177128 0.213817 0.193562 0.180718 0.206816
2718750 0.19411 0.180096 0.214925 0.0 0.0 0.0 0.195534 0.177128 0.213817 0.191792 0.184361 0.216718
2718750 0.19272 0.182663 0.211524 0.0 0.0 0.0 0.191792 0.184361 0.216718 0.193562 0.180718 0.206816
2718750 0.19724 0.182067 0.209774 0.0 0.0 0.0 0.200779 0.18295 0.21262 0.193562 0.180718 0.206816
2718750 0.192509 0.189582 0.215932 -3.41202e-05 0.00491029 -0.000385667 0.191792 0.184361 0.216718 0.19299 0.19308 0.215404
2718750 0.199971 0.181076 0.216704 0.0 0.0 0.0 0.199119 0.178675 0.220981 0.200779 0.18295 0.21262
2718750 0.203132 0.182066 0.21967 0.0 0.0 0.0 0.199119 0.178675 0.220981 0.205968 0.184103 0.218733
2718750 0.194021 0.187089 0.183115 0.0 0.0 0.0 0.189187 0.189332 0.186048 0.196969 0.185382 0.181335
2718750 0.198282 0.191287 0.181432 0.0 0.0 0.0 0.199485 0.190823 0.185506 0.197197 0.191307 0.177761
2718750 0.197773 0.198829 0.181496 0.0 0.0 0.0 0.19786 0.198091 0.178278 0.197645 0.199407 0.186299
2718750 0.190546 0.188831 0.195444 0.0 0.0 0.0 0.192863 0.186081 0.195201 0.187184 0.192328 0.195827
2718750 0.193995 0.189077 0.194195 0.0 0.0 0.0 0.192863 0.186081 0.195201 0.195643 0.192943 0.192762
2718750 0.195158 0.190406 0.185729 0.0 0.0 0.0 0.199485 0.190823 0.185506 0.189187 0.189332 0.186048
2718750 0.188087 0.191186 0.191407 0.0 0.0 0.0 0.187184 0.192328 0.195827 0.189187 0.189332 0.186048
2718750 0.198656 0.194897 0.18586 0.0 0.0 0.0 0.197645 0.199407 0.186299 0.199485 0.190823 0.185506
2718750 0.191036 0.198571 0.194424 0.0 0.0 0.0 0.1929 0.198503 0.199596 0.189373 0.19824 0.189821
2718750 0.193215 0.198991 0.188181 0.0 0.0 0.0 0.197645 0.199407 0.186299 0.189373 0.19824 0.189821
2718750 0.190609 0.18619 0.198001 0.0 0.0 0.0 0.192863 0.186081 0.195201 0.187335 0.185849 0.2021
2718750 0.191041 0.191114 0.198418 0.0 0.0 0.0 0.187184 0.192328 0.195827 0.193945 0.18985 0.20039
2718750 0.187709 0.193205 0.200311 0.0 0.0 0.0 0.187184 0.192328 0.195827 0.188101 0.193479 0.203588
2718750 0.194676 0.191375 0.197105 0.0 0.0 0.0 0.195643 0.192943 0.192762 0.193945 0.18985 0.20039
2718750 0.193511 0.193669 0.200048 0.0 0.0 0.0 0.1929 0.198503 0.199596 0.193945 0.18985 0.20039
2718750 0.190072 0.195756 0.201948 0.0 0.0 0.0 0.1929 0.198503 0.199596 0.188101 0.193479 0.203588
2718750 0.190364 0.201253 0.185916 0.0 0.0 0.0 0.189373 0.19824 0.189821 0.191218 0.203466 0.182553
2718750 0.186069 0.197569 0.196143 0.0 0.0 0.0 0.187184 0.192328 0.195827 0.184831 0.202964 0.196499
2718750 0.187302 0.200601 0.192863 0.0 0.0 0.0 0.189373 0.19824 0.189821 0.184831 0.202964 0.196499
2718750 0.19458 0.203346 0.188227 0.0 0.0 0.0 0.197645 0.199407 0.186299 0.191744 0.206589 0.190018
2718750 0.201305 0.187469 0.184964 0.0 0.0 0.0 0.199485 0.190823 0.185506 0.202915 0.184099 0.184493
2718750 0.201196 0.189007 0.181633 0.0 0.0 0.0 0.199485 0.190823 0.185506 0.202557 0.187189 0.178581
2718750 0.201719 0.198071 0.183735 0.0 0.0 0.0 0.197645 0.199407 0.186299 0.207429 0.195701 0.180154
2718750 0.20168 0.19375 0.188568 0.0 0.0 0.0 0.203841 0.196214 0.191585 0.199485 0.190823 0.185506
2718750 0.20004 0.194906 0.192128 0.0 0.0 0.0 0.203841 0.196214 0.191585 0.195643 0.192943 0.192762
2718750 0.197417 0.196287 0.199482 0.0 0.0 0.0 0.1929 0.198503 0.199596 0.201759 0.193751 0.199376
2718750 0.202209 0.201453 0.187552 0.0 0.0 0.0 0.197645 0.199407 0.186299 0.2053 0.202488 0.188406
2718750 0.197096 0.200072 0.202414 0.0 0.0 0.0 0.1929 0.198503 0.199596 0.201822 0.201404 0.20559
2718750 0.195699 0.18856 0.206785 0.0 0.0 0.0 0.191881 0.189411 0.208635 0.199572 0.187273 0.204909
2718750 0.190978 0.191894 0.202008 0.0 0.0 0.0 0.188101 0.193479 0.203588 0.193945 0.18985 0.20039
2718750 0.193023 0.189853 0.204065 0.0 0.0 0.0 0.191881 0.189411 0.208635 0.193945 0.18985 0.20039
2718750 0.195322 0.192302 0.20291 0.0 0.0 0.0 0.196697 0.19436 0.205448 0.193945 0.18985 0.20039
2718750 0.187216 0.194334 0.206838 0.0 0.0 0.0 0.186145 0.194906 0.210808 0.188101 0.193479 0.203588
2718750 0.189776 0.19415 0.213244 0.0 0.0 0.0 0.186145 0.194906 0.210808 0.19299 0.19308 0.215404
2718750 0.195194 0.196473 0.215454 0.0 0.0 0.0 0.19299 0.19308 0.215404 0.197504 0.199613 0.215502
2718750 0.195956 0.191158 0.217502 0.0 0.0 0.0 0.19299 0.19308 0.215404 0.198872 0.188841 0.219574
2718750 0.186197 0.197349 0.21435 0.0 0.0 0.0 0.186145 0.194906 0.210808 0.186286 0.200375 0.219486
2718750 0.190451 0.196057 0.216953 0.0 0.0 0.0 0.19299 0.19308 0.215404 0.186286 0.200375 0.219486
2718750 0.200152 0.185415 0.2086 0.0 0.0 0.0 0.200779 0.18295 0.21262 0.199572 0.187273 0.204909
2718750 0.2002 0.1866 0.200324 0.0 0.0 0.0 0.200928 0.185354 0.194959 0.199572 0.187273 0.204909
2718750 0.197295 0.191721 0.199946 0.0 0.0 0.0 0.201759 0.193751 0.199376 0.193945 0.18985 0.20039
2718750 0.203456 0.187235 0.207014 0.0 0.0 0.0 0.206463 0.186836 0.208646 0.199572 0.187273 0.204909
2718750 0.196019 0.191012 0.210346 0.0 0.0 0.0 0.191881 0.189411 0.208635 0.20073 0.192385 0.212292
2718750 0.196302 0.192994 0.214074 0.0 0.0 0.0 0.20073 0.192385 0.212292 0.19299 0.19308 0.215404
2718750 0.200583 0.19769 0.217695 0.0 0.0 0.0 0.203921 0.195177 0.220064 0.197504 0.199613 0.215502
2718750 0.199698 0.186512 0.216578 0.0 0.0 0.0 0.200779 0.18295 0.21262 0.198872 0.188841 0.219574
2718750 0.201218 0.191994 0.219801 0.0 0.0 0.0 0.203921 0.195177 0.220064 0.198872 0.188841 0.219574
2718750 0.202247 0.199668 0.193069 0.0 0.0 0.0 0.203841 0.196214 0.191585 0.200075 0.203885 0.195093
2718750 0.205085 0.182885 0.187224 0.0 0.0 0.0 0.207681 0.180962 0.190508 0.202915 0.184099 0.184493
2718750 0.202725 0.185942 0.181362 0.0 0.0 0.0 0.202915 0.184099 0.184493 0.202557 0.187189 0.178581
2718750 0.214142 0.17897 0.199152 0.0 0.0 0.0 0.21334 0.1823 0.200935 0.215511 0.172673 0.196095
2718750 0.20931 0.182429 0.210715 0.0 0.0 0.0 0.209541 0.18383 0.213262 0.208981 0.180025 0.207263
2718750 0.205146 0.181604 0.209771 0.0 0.0 0.0 0.200779 0.18295 0.21262 0.208981 0.180025 0.207263
2718750 0.206106 0.183696 0.213008 0.0 0.0 0.0 0.209541 0.18383 0.213262 0.200779 0.18295 0.21262
2718750 0.207883 0.184169 0.215809 0.0 0.0 0.0 0.209541 0.18383 0.213262 0.205968 0.184103 0.218733
2718750 0.204297 0.179799 0.214273 0.0 0.0 0.0 0.200779 0.18295 0.21262 0.209342 0.174761 0.216635
2718750 0.205009 0.184019 0.201687 0.0 0.0 0.0 0.207094 0.187287 0.201313 0.203037 0.180528 0.202045
2718750 0.214233 0.186481 0.201193 0.0 0.0 0.0 0.21334 0.1823 0.200935 0.215449 0.191705 0.20155
2718750 0.208039 0.183875 0.20428 0.0 0.0 0.0 0.208981 0.180025 0.207263 0.207094 0.187287 0.201313
2718750 0.211015 0.1865 0.211393 0.0 0.0 0.0 0.209541 0.18383 0.213262 0.212571 0.188903 0.209414
2718750 0.215875 0.183456 0.203984 0.0 0.0 0.0 0.218977 0.184398 0.207726 0.21334 0.1823 0.200935
2718750 0.212698 0.178581 0.2063 0.0 0.0 0.0 0.208981 0.180025 0.207263 0.21593 0.176927 0.205465
2718750 0.207119 0.181129 0.218022 0.0 0.0 0.0 0.205968 0.184103 0.218733 0.209342 0.174761 0.216635
2718750 0.20515 0.196235 0.187408 0.0 0.0 0.0 0.203841 0.196214 0.191585 0.207429 0.195701 0.180154
2718750 0.212488 0.193752 0.18469 0.0 0.0 0.0 0.21611 0.192002 0.187953 0.207429 0.195701 0.180154
2718750 0.209732 0.188013 0.191543 0.0 0.0 0.0 0.212703 0.186492 0.194129 0.206692 0.189141 0.188909
2718750 0.207363 0.194724 0.192851 0.0 0.0 0.0 0.210136 0.193176 0.193854 0.203841 0.196214 0.191585
2718750 0.206055 0.197983 0.194465 0.0 0.0 0.0 0.203841 0.196214 0.191585 0.208742 0.199671 0.197961
2718750 0.209895 0.187102 0.197726 0.0 0.0 0.0 0.212703 0.186492 0.194129 0.207094 0.187287 0.201313
2718750 0.204568 0.190348 0.200396 1.52946 -2.33579 0.312781 0.201759 0.193751 0.199376 0.207094 0.187287 0.201313
2718750 0.204881 0.194125 0.20327 0.0 0.0 0.0 0.201759 0.193751 0.199376 0.207817 0.194071 0.206933
2718750 0.212069 0.192851 0.196647 0.0 0.0 0.0 0.210136 0.193176 0.193854 0.215449 0.191705 0.20155
2718750 0.211883 0.196151 0.19964 0.0 0.0 0.0 0.208742 0.199671 0.197961 0.215449 0.191705 0.20155
2718750 0.212112 0.203698 0.19643 0.0 0.0 0.0 0.208742 0.199671 0.197961 0.214259 0.205934 0.195457
2718750 0.211142 0.2009 0.193376 0.0 0.0 0.0 0.208742 0.199671 0.197961 0.213795 0.201827 0.188308
2718750 0.205482 0.200693 0.201558 0.0 0.0 0.0 0.208742 0.199671 0.197961 0.201822 0.201404 0.20559
2718750 0.216554 0.185637 0.195065 0.0 0.0 0.0 0.222581 0.183756 0.196541 0.212703 0.186492 0.194129
2718750 0.211048 0.190672 0.188461 0.0 0.0 0.0 0.21611 0.192002 0.187953 0.206692 0.189141 0.188909
2718750 0.212453 0.192929 0.191562 0.0 0.0 0.0 0.210136 0.193176 0.193854 0.21611 0.192002 0.187953
2718750 0.215537 0.195047 0.192056 0.0 0.0 0.0 0.21611 0.192002 0.187953 0.215168 0.196643 0.194673
2718750 0.20745 0.190814 0.204059 0.0 0.0 0.0 0.207094 0.187287 0.201313 0.207817 0.194071 0.206933
2718750 0.204123 0.18931 0.210133 0.0 0.0 0.0 0.206463 0.186836 0.208646 0.20073 0.192385 0.212292
2718750 0.203882 0.196151 0.21292 0.0 0.0 0.0 0.20073 0.192385 0.212292 0.206471 0.198874 0.213437
2718750 0.213643 0.190153 0.206489 0.0 0.0 0.0 0.212571 0.188903 0.209414 0.215449 0.191705 0.20155
2718750 0.208416 0.195308 0.215044 0.0 0.0 0.0 0.206471 0.198874 0.213437 0.210767 0.190541 0.216985
2718750 0.20125 0.196867 0.209116 0.0 0.0 0.0 0.20073 0.192385 0.212292 0.201822 0.201404 0.20559
2718750 0.204493 0.200157 0.210096 0.0 0.0 0.0 0.206471 0.198874 0.213437 0.201822 0.201404 0.20559
2718750 0.213925 0.192202 0.210057 0.0 0.0 0.0 0.212571 0.188903 0.209414 0.21668 0.198292 0.211358
2718750 0.21133 0.19595 0.208685 0.0 0.0 0.0 0.21668 0.198292 0.211358 0.207817 0.194071 0.206933
2718750 0.183137 0.21015 0.194037 -9.69778 -1.11187 2.00964 0.186378 0.210684 0.193866 0.179374 0.20953 0.194236
2718750 0.19052 0.20228 0.189916 -1.78132 -13.4134 -1.2018 0.191744 0.206589 0.190018 0.189373 0.19824 0.189821
2718750 0.19289 0.203587 0.211925 -0.900545 -13.7343 -9.94404 0.193299 0.206862 0.215176 0.192485 0.200343 0.208705
2718750 0.194616 0.20438 0.208232 -3.72274 -8.75332 2.3154 0.19607 0.207134 0.20791 0.192485 0.200343 0.208705
2718750 0.196812 0.200835 0.207261 -19.1839 -3.13876 9.92704 0.201822 0.201404 0.20559 0.192485 0.200343 0.208705
2718750 0.188468 0.211927 0.185623 -4.79524 -9.18468 -6.1015 0.189751 0.215393 0.18844 0.187526 0.20938 0.183554
2718750 0.188649 0.208951 0.192237 6.50883 -6.92742 -4.64883 0.186378 0.210684 0.193866 0.191744 0.206589 0.190018
2718750 0.194476 0.209721 0.191689 15.3438 16.0713 5.19008 0.191744 0.206589 0.190018 0.196981 0.212593 0.193221
2718750 0.187774 0.213226 0.195418 2.61127 7.72841 4.09795 0.186378 0.210684 0.193866 0.189733 0.216794 0.197596
2718750 0.197035 0.212823 0.197321 0.674612 5.48993 25.2411 0.196981 0.212593 0.193221 0.197098 0.21309 0.202082
2718750 0.193356 0.214972 0.199802 -16.5212 8.06172 -6.50329 0.197098 0.21309 0.202082 0.189733 0.216794 0.197596
2718750 0.192024 0.217775 0.18516 -4.0601 -4.12468 4.17814 0.19439 0.220255 0.181745 0.189751 0.215393 0.18844
2718750 0.197479 0.216537 0.192188 1.04921 17.9853 -1.98813 0.196981 0.212593 0.193221 0.198056 0.221117 0.190989
2718750 0.190763 0.218315 0.201831 -7.84063 -6.24208 -18.4593 0.191827 0.219887 0.206209 0.189733 0.216794 0.197596
2718750 0.196045 0.210172 0.21345 6.20369 7.87157 -2.29129 0.193299 0.206862 0.215176 0.198983 0.213714 0.211603
2718750 0.195749 0.206279 0.204914 -0.320743 -2.12224 -4.60037 0.19607 0.207134 0.20791 0.195435 0.205445 0.20199
2718750 0.197198 0.209681 0.20934 -6.4027 -13.1292 -10.6449 0.198983 0.213714 0.211603 0.19607 0.207134 0.20791
2718750 0.191491 0.211119 0.215441 -4.42035 17.7602 0.724609 0.193299 0.206862 0.215176 0.189254 0.216384 0.21577
2718750 0.198658 0.217334 0.200562 1.24036 3.55996 -0.63336 0.197098 0.21309 0.202082 0.199903 0.220717 0.19935
2718750 0.194463 0.216487 0.204145 9.68736 -15.0739 -11.9016 0.191827 0.219887 0.206209 0.197098 0.21309 0.202082
2718750 0.203033 0.216224 0.212973 13.5187 9.42836 2.16076 0.198983 0.213714 0.211603 0.206676 0.218482 0.214205
2718750 0.201318 0.210918 0.201621 17.6908 -12.7887 -0.997372 0.197098 0.21309 0.202082 0.204886 0.209081 0.201231
2718750 0.201185 0.215098 0.203495 20.3354 7.68237 10.0263 0.197098 0.21309 0.202082 0.205191 0.217067 0.20488
2718750 0.190658 0.218295 0.210554 -6.23683 -7.08675 14.4191 0.191827 0.219887 0.206209 0.189254 0.216384 0.21577
2718750 0.201061 0.207488 0.219214 -6.19955 12.8029 12.6491 0.202861 0.204886 0.216938 0.199486 0.209763 0.221203
2718750 0.214658 0.198568 0.19231 3.8523 -31.6932 29.3685 0.213795 0.201827 0.188308 0.215168 0.196643 0.194673
2718750 0.209635 0.20108 0.202392 -0.696895 -2.63453 -11.8136 0.210221 0.202006 0.205302 0.208742 0.199671 0.197961
2718750 0.210262 0.204012 0.185121 21.2843 -7.8748 18.329 0.207986 0.20542 0.183068 0.213795 0.201827 0.188308
2718750 0.208484 0.203502 0.195189 0.872797 -5.21999 2.82448 0.208302 0.206202 0.193235 0.208742 0.199671 0.197961
2718750 0.214089 0.204431 0.19284 2.25105 -10.8386 -21.3752 0.214259 0.205934 0.195457 0.213795 0.201827 0.188308
2718750 0.20515 0.197333 0.206336 15.8791 -26.8608 2.8228 0.201822 0.201404 0.20559 0.207817 0.194071 0.206933
2718750 0.203564 0.205768 0.203112 4.56245 19.9744 -13.1393 0.201822 0.201404 0.20559 0.204886 0.209081 0.201231
2718750 0.209512 0.204465 0.207068 -1.33304 7.73839 4.05193 0.210221 0.202006 0.205302 0.208241 0.208875 0.210235
2718750 0.204656 0.201896 0.215197 9.43788 -12.2961 -5.55033 0.202861 0.204886 0.216938 0.206471 0.198874 0.213437
2718750 0.212312 0.200803 0.207263 7.25826 -2.92326 5.0214 0.210221 0.202006 0.205302 0.21668 0.198292 0.211358
2718750 0.204887 0.205653 0.181753 -20.0266 5.05876 -8.9436 0.207986 0.20542 0.183068 0.200504 0.205983 0.179892
2718750 0.203225 0.214579 0.182406 8.77167 0.72838 16.1791 0.201339 0.215061 0.178386 0.20587 0.213903 0.188041
2718750 0.2119 0.21289 0.189393 -15.4989 0.365359 -4.72003 0.215453 0.212293 0.190189 0.20587 0.213903 0.188041
2718750 0.213035 0.20862 0.196108 -7.16417 26.2557 5.51456 0.214259 0.205934 0.195457 0.211281 0.212468 0.19704
2718750 0.207456 0.20888 0.191429 -0.98065 5.91341 -3.05133 0.208302 0.206202 0.193235 0.20587 0.213903 0.188041
2718750 0.207969 0.210714 0.199211 -26.2282 -13.5514 11.3365 0.211281 0.212468 0.19704 0.204886 0.209081 0.201231
2718750 0.212852 0.215785 0.199342 -4.31655 -16.5499 -10.7351 0.214367 0.218982 0.201562 0.211281 0.212468 0.19704
2718750 0.212181 0.216268 0.195163 1.1965 20.5196 -9.46575 0.211281 0.212468 0.19704 0.213002 0.219733 0.193452
2718750 0.206582 0.213331 0.207322 -2.10412 8.21885 -3.80251 0.208241 0.208875 0.210235 0.205191 0.217067 0.20488
2718750 0.210117 0.218296 0.217035 -11.076 2.28267 -11.7002 0.213279 0.218125 0.219635 0.206676 0.218482 0.214205
2718750 0.215822 0.213303 0.20789 0.2991 -0.560905 -0.704112 0.214441 0.214871 0.210109 0.218279 0.210514 0.203944
2718750 0.200058 0.21237 0.186282 7.00101 3.06492 1.80451 0.196507 0.211433 0.185208 0.20587 0.213903 0.188041
2718750 0.205075 0.206528 0.21418 3.19694 2.56674 -2.98883 0.202861 0.204886 0.216938 0.208241 0.208875 0.210235
2718750 0.194757 0.211619 0.181808 0.293055 -0.0844259 0.437808 0.192916 0.211814 0.17823 0.196507 0.211433 0.185208
2718750 0.20712 0.201784 0.205408 -2.1826 0.135549 -0.112717 0.210221 0.202006 0.205302 0.201822 0.201404 0.20559
2718750 0.21713 0.206467 0.19467 2.21306 0.723243 -0.402991 0.214259 0.205934 0.195457 0.221913 0.207355 0.193358
2718750 0.21225 0.212752 0.210154 -0.414086 -0.381125 -0.0805703 0.214441 0.214871 0.210109 0.208241 0.208875 0.210235
2718750 0.193456 0.213222 0.186667 -19.4827 10.5807 5.32833 0.196507 0.211433 0.185208 0.189751 0.215393 0.18844
2718750 0.198285 0.209008 0.182843 11.6536 -10.7176 -11.5802 0.196507 0.211433 0.185208 0.200504 0.205983 0.179892
2718750 0.207801 0.202191 0.1821 0.209576 -1.97887 -0.539482 0.207986 0.20542 0.183068 0.207429 0.195701 0.180154
2718750 0.215594 0.213103 0.212309 0.851516 -1.25937 1.1501 0.214441 0.214871 0.210109 0.217875 0.209607 0.216658
2718750 0.198697 0.197109 0.205503 -6.16967 -6.92706 1.00642 0.201822 0.201404 0.20559 0.196697 0.19436 0.205448
2718750 0.213054 0.217443 0.20924 -0.484433 1.38237 -0.522063 0.214441 0.214871 0.210109 0.211588 0.220164 0.20832
2718750 0.190198 0.203994 0.217082 -1.32565 -1.71905 0.880504 0.193299 0.206862 0.215176 0.186286 0.200375 0.219486
2718750 0.184882 0.215696 0.204296 0.727569 -4.35827 1.12282 0.183677 0.219255 0.203443 0.186939 0.209621 0.20575
2718750 0.216838 0.196851 0.200789 -4.0788 -15.4478 4.94905 0.218024 0.201247 0.200139 0.215449 0.191705 0.20155
2718750 0.211427 0.206062 0.194401 2.47298 -0.3985 1.29062 0.208302 0.206202 0.193235 0.214259 0.205934 0.195457
2718750 0.215752 0.204075 0.197314 -14.3206 13.469 -12.0955 0.218024 0.201247 0.200139 0.214259 0.205934 0.195457
2718750 0.185743 0.205844 0.200501 -1.38853 -5.61356 -5.62172 0.186939 0.209621 0.20575 0.184831 0.202964 0.196499
2718750 0.218141 0.205501 0.201886 -0.103515 0.718692 0.317454 0.218024 0.201247 0.200139 0.218279 0.210514 0.203944
2718750 0.184282 0.203548 0.19155 -0.848818 -0.353834 -8.44584 0.184831 0.202964 0.196499 0.183827 0.204032 0.187441
2718750 0.196085 0.208431 0.202026 -2.72023 -16.1318 2.30353 0.197098 0.21309 0.202082 0.195435 0.205445 0.20199
2718750 0.209068 0.213055 0.19336 3.94864 -1.08795 4.71714 0.20587 0.213903 0.188041 0.211281 0.212468 0.19704
2718750 0.19833 0.208798 0.194037 1.59716 -3.74262 1.47123 0.196981 0.212593 0.193221 0.200075 0.203885 0.195093
2718750 0.20703 0.21511 0.217104 0.0741759 -0.262286 0.284271 0.206676 0.218482 0.214205 0.207409 0.211506 0.220203
2718750 0.197768 0.203969 0.203305 2.95102 -1.70189 1.0184 0.195435 0.205445 0.20199 0.201822 0.201404 0.20559
2718750 0.184563 0.213404 0.1935 -4.59235 4.95001 -0.736211 0.186378 0.210684 0.193866 0.182302 0.216793 0.193043
2718750 0.200132 0.202199 0.216207 -1.50475 -1.81913 -0.763619 0.202861 0.204886 0.216938 0.197504 0.199613 0.215502
2718750 0.198203 0.205009 0.207049 7.27585 -7.43233 -1.25575 0.19607 0.207134 0.20791 0.201822 0.201404 0.20559
2718750 0.207793 0.210293 0.215609 0.435867 1.915 5.97553 0.208241 0.208875 0.210235 0.207409 0.211506 0.220203
2718750 0.193124 0.207937 0.207213 -9.95699 2.20137 -0.746778 0.19607 0.207134 0.20791 0.186939 0.209621 0.20575
2718750 0.185765 0.207626 0.194909 -3.39802 -9.59225 4.41017 0.186378 0.210684 0.193866 0.184831 0.202964 0.196499
2718750 0.195622 0.202857 0.215356 3.13283 -5.47122 -0.757781 0.193299 0.206862 0.215176 0.197504 0.199613 0.215502
2718750 0.188176 0.213235 0.211104 0.631218 1.32391 1.54146 0.186939 0.209621 0.20575 0.189254 0.216384 0.21577
2718750 0.208243 0.200097 0.21674 -0.846127 -1.03834 -2.35272 0.210736 0.201818 0.221385 0.206471 0.198874 0.213437
2718750 0.185797 0.216794 0.195185 -15.245 -2.7916 -10.4935 0.189733 0.216794 0.197596 0.182302 0.216793 0.193043
2718750 0.187776 0.212636 0.191617 1.89465 4.34197 -4.94162 0.186378 0.210684 0.193866 0.189751 0.215393 0.18844
2718750 0.181259 0.208938 0.202507 6.30319 1.92871 4.14166 0.178625 0.208621 0.201003 0.186939 0.209621 0.20575
2718750 0.21683 0.217158 0.198721 0.981745 -0.71875 -0.81274 0.214367 0.218982 0.201562 0.219143 0.215445 0.196054
2718750 0.21044 0.204499 0.191317 0.706524 -0.442111 -0.44032 0.208302 0.206202 0.193235 0.213795 0.201827 0.188308
2718750 0.201435 0.217998 0.189714 0.442486 -0.29246 -0.167214 0.198056 0.221117 0.190989 0.20587 0.213903 0.188041
2718750 0.215979 0.217543 0.210843 0.0 0.0 0.0 0.214441 0.214871 0.210109 0.218122 0.220934 0.211865
2718750 0.183064 0.214169 0.208499 -0.00619908 0.010417 0.00506391 0.186939 0.209621 0.20575 0.18084 0.216779 0.210077
2718750 0.203341 0.211436 0.210959 4.16915 -2.00687 -1.3587 0.198983 0.213714 0.211603 0.208241 0.208875 0.210235
2718750 0.199422 0.215778 0.21609 1.2238 10.8246 16.2329 0.198983 0.213714 0.211603 0.199827 0.217685 0.220235
2718750 0.204954 0.20505 0.207856 -3.98931 -6.74104 -3.70353 0.208241 0.208875 0.210235 0.201822 0.201404 0.20559
2718750 0.181733 0.206691 0.195215 7.85073 -8.94435 1.2266 0.179374 0.20953 0.194236 0.184831 0.202964 0.196499
2718750 0.212871 0.209226 0.213321 16.1237 -1.22699 13.3035 0.208241 0.208875 0.210235 0.217875 0.209607 0.216658
2718750 0.191453 0.204864 0.185894 1.48143 -6.84233 -14.9049 0.191744 0.206589 0.190018 0.191218 0.203466 0.182553
2718750 0.194485 0.204939 0.219221 4.08808 -6.70084 9.94973 0.193299 0.206862 0.215176 0.195662 0.203031 0.223236
2718750 0.204266 0.212419 0.199051 0.00312378 -0.0124611 0.00576158 0.20376 0.21514 0.197275 0.204886 0.209081 0.201231
2718750 0.189742 0.216096 0.193033 0.308633 4.77886 14.9669 0.189751 0.215393 0.18844 0.189733 0.216794 0.197596
2718750 0.204486 0.214714 0.194097 -0.00119635 0.000215502 0.00308215 0.20587 0.213903 0.188041 0.20376 0.21514 0.197275
2718750 0.206295 0.208994 0.205011 -2.66125 -0.528592 -5.2389 0.208241 0.208875 0.210235 0.204886 0.209081 0.201231
2718750 0.21878 0.213374 0.199367 -0.248757 -0.661098 0.871294 0.219143 0.215445 0.196054 0.218279 0.210514 0.203944
2718750 0.182912 0.212642 0.201516 0.000734669 -0.000414627 0.000917738 0.181036 0.21405 0.199542 0.186939 0.209621 0.20575
2718750 0.198022 0.213396 0.20675 -2.67946 1.62634 -19.0515 0.198983 0.213714 0.211603 0.197098 0.21309 0.202082
2718750 0.192827 0.211631 0.203624 13.2491 6.46711 -6.89786 0.186939 0.209621 0.20575 0.197098 0.21309 0.202082
2718750 0.191997 0.207683 0.194358 0.0136407 0.0331168 0.0839302 0.191744 0.206589 0.190018 0.192181 0.208477 0.19751
2718750 0.193859 0.206914 0.19982 -0.0 -0.0 0.0 0.192181 0.208477 0.19751 0.195435 0.205445 0.20199
2718750 0.190445 0.208856 0.200238 -0.0275157 -0.0012348 0.0373368 0.192181 0.208477 0.19751 0.186939 0.209621 0.20575
2718750 0.206624 0.203933 0.185776 -0.499827 -0.493092 1.33637 0.207986 0.20542 0.183068 0.2053 0.202488 0.188406
2718750 0.213534 0.212374 0.19334 -4.11162 -0.790713 9.09653 0.215453 0.212293 0.190189 0.211281 0.212468 0.19704
2718750 0.217241 0.213821 0.193032 -6.83884 -3.35864 -9.46741 0.219143 0.215445 0.196054 0.215453 0.212293 0.190189
2718750 0.214012 0.207739 0.202078 -0.0132484 -0.00574856 -0.0049899 0.218279 0.210514 0.203944 0.211629 0.206189 0.201036
2718750 0.200503 0.213112 0.191169 10.0571 3.0488 -4.86888 0.196981 0.212593 0.193221 0.20587 0.213903 0.188041
2718750 0.203307 0.203021 0.190957 -0.44995 0.189747 0.46616 0.2053 0.202488 0.188406 0.200075 0.203885 0.195093
2718750 0.180295 0.212247 0.197184 0.0 0.0 0.0 0.181036 0.21405 0.199542 0.179374 0.20953 0.194236
2718750 0.181577 0.215223 0.196762 0.000642278 0.00171218 -0.00273252 0.181036 0.21405 0.199542 0.182302 0.216793 0.193043
2718750 0.182204 0.216565 0.201276 0.0 0.0 0.0 0.181036 0.21405 0.199542 0.183677 0.219255 0.203443
2718750 0.187776 0.20394 0.184827 0.0 0.0 0.0 0.191218 0.203466 0.182553 0.183827 0.204032 0.187441
2718750 0.18764 0.205473 0.18868 0.0 0.0 0.0 0.191744 0.206589 0.190018 0.183827 0.204032 0.187441
2718750 0.180972 0.20669 0.199299 0.0 0.0 0.0 0.178625 0.208621 0.201003 0.184831 0.202964 0.196499
2718750 0.181856 0.202077 0.200438 0.7948 0.481777 -1.16048 0.178767 0.201156 0.204527 0.184831 0.202964 0.196499
2718750 0.182376 0.205104 0.205067 0.0 0.0 0.0 0.186939 0.209621 0.20575 0.178767 0.201156 0.204527
2718750 0.185794 0.216342 0.190888 0.0 0.0 0.0 0.189751 0.215393 0.18844 0.182302 0.216793 0.193043
2718750 0.182241 0.218176 0.206796 0.0 0.0 0.0 0.183677 0.219255 0.203443 0.18084 0.216779 0.210077
2718750 0.186429 0.218337 0.200785 0.0 0.0 0.0 0.183677 0.219255 0.203443 0.189733 0.216794 0.197596
2718750 0.194903 0.197113 0.206834 0.0 0.0 0.0 0.192485 0.200343 0.208705 0.196697 0.19436 0.205448
2718750 0.195246 0.200146 0.212447 0.0 0.0 0.0 0.192485 0.200343 0.208705 0.197504 0.199613 0.215502
2718750 0.196673 0.201354 0.218982 0.0 0.0 0.0 0.195662 0.203031 0.223236 0.197504 0.199613 0.215502
2718750 0.189351 0.208382 0.186347 0.0 0.0 0.0 0.191744 0.206589 0.190018 0.187526 0.20938 0.183554
2718750 0.194313 0.209408 0.187419 0.0 0.0 0.0 0.191744 0.206589 0.190018 0.196507 0.211433 0.185208
2718750 0.190768 0.211118 0.189241 0.0 0.0 0.0 0.191744 0.206589 0.190018 0.189751 0.215393 0.18844
2718750 0.195555 0.20556 0.192335 0.0 0.0 0.0 0.191744 0.206589 0.190018 0.200075 0.203885 0.195093
2718750 0.188482 0.205086 0.193074 0.0 0.0 0.0 0.191744 0.206589 0.190018 0.184831 0.202964 0.196499
2718750 0.196736 0.212197 0.189071 0.0 0.0 0.0 0.196981 0.212593 0.193221 0.196507 0.211433 0.185208
2718750 0.189292 0.209775 0.195695 0.0 0.0 0.0 0.186378 0.210684 0.193866 0.192181 0.208477 0.19751
2718750 0.194301 0.210497 0.195614 0.0 0.0 0.0 0.192181 0.208477 0.19751 0.196981 0.212593 0.193221
2718750 0.195176 0.206933 0.196591 0.0 0.0 0.0 0.192181 0.208477 0.19751 0.200075 0.203885 0.195093
2718750 0.189285 0.206507 0.197111 0.0 0.0 0.0 0.192181 0.208477 0.19751 0.184831 0.202964 0.196499
2718750 0.193591 0.214113 0.190979 0.0 0.0 0.0 0.196981 0.212593 0.193221 0.189751 0.215393 0.18844
2718750 0.194173 0.210547 0.199364 0.0 0.0 0.0 0.192181 0.208477 0.19751 0.197098 0.21309 0.202082
2718750 0.19713 0.20508 0.199473 0.0 0.0 0.0 0.195435 0.205445 0.20199 0.200075 0.203885 0.195093
2718750 0.195571 0.215533 0.183675 0.0 0.0 0.0 0.19439 0.220255 0.181745 0.196507 0.211433 0.185208
2718750 0.191166 0.212113 0.197546 0.0 0.0 0.0 0.192181 0.208477 0.19751 0.189733 0.216794 0.197596
2718750 0.193569 0.214774 0.195283 0.0 0.0 0.0 0.196981 0.212593 0.193221 0.189733 0.216794 0.197596
2718750 0.193854 0.218423 0.189697 0.0 0.0 0.0 0.198056 0.221117 0.190989 0.189751 0.215393 0.18844
2718750 0.200982 0.198619 0.197405 0.0 0.0 0.0 0.200075 0.203885 0.195093 0.201759 0.193751 0.199376
2718750 0.198736 0.213311 0.182056 0.0 0.0 0.0 0.201339 0.215061 0.178386 0.196507 0.211433 0.185208
2718750 0.200755 0.214213 0.195473 0.0 0.0 0.0 0.196981 0.212593 0.193221 0.20376 0.21514 0.197275
2718750 0.205131 0.205512 0.19395 0.0 0.0 0.0 0.208302 0.206202 0.193235 0.200075 0.203885 0.195093
2718750 0.202812 0.207045 0.198584 0.0 0.0 0.0 0.200075 0.203885 0.195093 0.204886 0.209081 0.201231
2718750 0.20095 0.202849 0.200344 0.0 0.0 0.0 0.200075 0.203885 0.195093 0.201822 0.201404 0.20559
2718750 0.194952 0.207229 0.21084 0.0 0.0 0.0 0.193299 0.206862 0.215176 0.19607 0.207134 0.20791
2718750 0.190669 0.208206 0.21128 0.0 0.0 0.0 0.193299 0.206862 0.215176 0.186939 0.209621 0.20575
2718750 0.196478 0.209699 0.205601 0.0 0.0 0.0 0.19607 0.207134 0.20791 0.197098 0.21309 0.202082
2718750 0.19274 0.206974 0.203183 0.0 0.0 0.0 0.186939 0.209621 0.20575 0.195435 0.205445 0.20199
2718750 0.194257 0.20361 0.204674 0.0 0.0 0.0 0.195435 0.205445 0.20199 0.192485 0.200343 0.208705
2718750 0.190205 0.204362 0.20749 0.0 0.0 0.0 0.186939 0.209621 0.20575 0.192485 0.200343 0.208705
2718750 0.196863 0.208736 0.21865 0.0 0.0 0.0 0.193299 0.206862 0.215176 0.199486 0.209763 0.221203
2718750 0.18858 0.214036 0.200961 0.0 0.0 0.0 0.186939 0.209621 0.20575 0.189733 0.216794 0.197596
2718750 0.189768 0.21577 0.206018 0.0 0.0 0.0 0.191827 0.219887 0.206209 0.186939 0.209621 0.20575
2718750 0.195336 0.21706 0.208858 0.0 0.0 0.0 0.198983 0.213714 0.211603 0.191827 0.219887 0.206209
2718750 0.194469 0.215154 0.213539 0.0 0.0 0.0 0.198983 0.213714 0.211603 0.189254 0.216384 0.21577
2718750 0.201049 0.214508 0.199236 0.0 0.0 0.0 0.197098 0.21309 0.202082 0.20376 0.21514 0.197275
2718750 0.198492 0.205993 0.216133 0.0 0.0 0.0 0.193299 0.206862 0.215176 0.202861 0.204886 0.216938
2718750 0.202181 0.215642 0.208144 0.0 0.0 0.0 0.198983 0.213714 0.211603 0.205191 0.217067 0.20488
2718750 0.199555 0.204241 0.219829 0.0 0.0 0.0 0.202861 0.204886 0.216938 0.195662 0.203031 0.223236
2718750 0.201972 0.217726 0.198237 -0.000249267 0.00052838 0.000195969 0.20376 0.21514 0.197275 0.199903 0.220717 0.19935
2718750 0.195127 0.217308 0.218254 0.0 0.0 0.0 0.199827 0.217685 0.220235 0.189254 0.216384 0.21577
2718750 0.203299 0.218291 0.217182 0.0 0.0 0.0 0.199827 0.217685 0.220235 0.206676 0.218482 0.214205
2718750 0.205993 0.200485 0.185712 0.0 0.0 0.0 0.2053 0.202488 0.188406 0.207429 0.195701 0.180154
2718750 0.201786 0.197481 0.202235 0.0 0.0 0.0 0.201822 0.201404 0.20559 0.201759 0.193751 0.199376
2718750 0.216318 0.198705 0.196869 0.0 0.0 0.0 0.218024 0.201247 0.200139 0.215168 0.196643 0.194673
2718750 0.213452 0.200678 0.199067 0.0 0.0 0.0 0.218024 0.201247 0.200139 0.208742 0.199671 0.197961
2718750 0.209208 0.198862 0.205991 0.0 0.0 0.0 0.210221 0.202006 0.205302 0.207817 0.194071 0.206933
2718750 0.207207 0.203221 0.212111 0.0 0.0 0.0 0.208241 0.208875 0.210235 0.206471 0.198874 0.213437
2718750 0.207246 0.208596 0.184805 0.0 0.0 0.0 0.207986 0.20542 0.183068 0.20587 0.213903 0.188041
2718750 0.211286 0.211593 0.184766 0.0 0.0 0.0 0.20587 0.213903 0.188041 0.215271 0.209541 0.182361
2718750 0.207284 0.212178 0.182208 0.0 0.0 0.0 0.20587 0.213903 0.188041 0.208062 0.210904 0.178986
2718750 0.2096 0.209131 0.194888 0.0 0.0 0.0 0.208302 0.206202 0.193235 0.211281 0.212468 0.19704
2718750 0.206789 0.204535 0.190797 0.0 0.0 0.0 0.208302 0.206202 0.193235 0.2053 0.202488 0.188406
2718750 0.20701 0.214191 0.197171 0.0 0.0 0.0 0.20376 0.21514 0.197275 0.211281 0.212468 0.19704
2718750 0.208571 0.202441 0.188364 0.0 0.0 0.0 0.2053 0.202488 0.188406 0.213795 0.201827 0.188308
2718750 0.212957 0.206262 0.198243 0.0 0.0 0.0 0.214259 0.205934 0.195457 0.211629 0.206189 0.201036
2718750 0.211498 0.20897 0.199392 0.0 0.0 0.0 0.211281 0.212468 0.19704 0.211629 0.206189 0.201036
2718750 0.214271 0.216086 0.19176 0.0 0.0 0.0 0.215453 0.212293 0.190189 0.213002 0.219733 0.193452
2718750 0.210244 0.217677 0.191354 0.0 0.0 0.0 0.20587 0.213903 0.188041 0.213002 0.219733 0.193452
2718750 0.204358 0.216139 0.200414 0.0 0.0 0.0 0.205191 0.217067 0.20488 0.20376 0.21514 0.197275
2718750 0.214395 0.211805 0.200106 0.0 0.0 0.0 0.218279 0.210514 0.203944 0.211281 0.212468 0.19704
2718750 0.215408 0.214233 0.196518 0.0 0.0 0.0 0.219143 0.215445 0.196054 0.211281 0.212468 0.19704
2718750 0.208751 0.207629 0.201121 0.0 0.0 0.0 0.211629 0.206189 0.201036 0.204886 0.209081 0.201231
2718750 0.210935 0.204126 0.20314 -0.0 0.0 0.0 0.210221 0.202006 0.205302 0.211629 0.206189 0.201036
2718750 0.207374 0.214416 0.212442 0.0 0.0 0.0 0.208241 0.208875 0.210235 0.206676 0.218482 0.214205
2718750 0.205029 0.212984 0.202923 0.0 0.0 0.0 0.205191 0.217067 0.20488 0.204886 0.209081 0.201231
2718750 0.214181 0.20443 0.200681 0.0 0.0 0.0 0.218024 0.201247 0.200139 0.211629 0.206189 0.201036
2718750 0.213339 0.209913 0.207046 0.0 0.0 0.0 0.208241 0.208875 0.210235 0.218279 0.210514 0.203944
2718750 0.204907 0.208069 0.218407 0.0 0.0 0.0 0.202861 0.204886 0.216938 0.207409 0.211506 0.220203
2718750 0.206114 0.203824 0.218773 0.0 0.0 0.0 0.202861 0.204886 0.216938 0.210736 0.201818 0.221385
2718750 0.216086 0.217782 0.194753 0.0 0.0 0.0 0.219143 0.215445 0.196054 0.213002 0.219733 0.193452
2718750 0.205953 0.217994 0.209653 0.0 0.0 0.0 0.206676 0.218482 0.214205 0.205191 0.217067 0.20488
2718750 0.210039 0.218279 0.203128 0.0 0.0 0.0 0.214367 0.218982 0.201562 0.205191 0.217067 0.20488
2718750 0.216077 0.215499 0.202599 0.0 0.0 0.0 0.214367 0.218982 0.201562 0.218279 0.210514 0.203944
2718750 0.217469 0.20023 0.204792 0.0 0.0 0.0 0.218024 0.201247 0.200139 0.21668 0.198292 0.211358
