# ts x y z Fx Fy Fz x1 y1 z1 x2 y2 z2
3668750 0.182155 0.179876 0.198364 -22.7251 21.2323 9.65094 0.18605 0.176487 0.197438 0.177625 0.183818 0.199442
3668750 0.185832 0.198413 0.187836 16.3121 3.1831 11.7376 0.182515 0.197373 0.185993 0.189373 0.199523 0.189803
3668750 0.183393 0.195723 0.197077 -25.915 11.4949 4.33021 0.187172 0.193625 0.195815 0.180624 0.197261 0.198002
3668750 0.188972 0.201973 0.198071 -10.563 7.12151 -6.29244 0.192884 0.199807 0.199564 0.184812 0.204277 0.196483
3668750 0.194446 0.18447 0.18136 18.3122 13.0204 -3.22993 0.191325 0.181797 0.181409 0.196981 0.186641 0.18132
3668750 0.198134 0.189121 0.183233 -6.55273 -11.7947 -12.7962 0.199504 0.192067 0.185505 0.196981 0.186641 0.18132
3668750 0.200146 0.178616 0.187612 2.5018 1.63984 7.96315 0.199429 0.177771 0.182705 0.200636 0.179194 0.190962
3668750 0.194061 0.18098 0.190211 -2.76817 -3.51525 2.55396 0.195658 0.183989 0.188085 0.192673 0.178365 0.19206
3668750 0.185884 0.181736 0.191098 -0.205724 26.3206 25.6873 0.185714 0.179007 0.18913 0.186099 0.185201 0.193596
3668750 0.192919 0.186793 0.187216 -9.3914 7.37015 -3.8631 0.195658 0.183989 0.188085 0.189185 0.190616 0.186033
3668750 0.197996 0.185166 0.19113 2.23543 1.41021 4.19898 0.195658 0.183989 0.188085 0.200903 0.18663 0.194918
3668750 0.190237 0.178532 0.206257 -22.0711 -16.8025 -1.35146 0.193585 0.181973 0.206767 0.187871 0.176099 0.205897
3668750 0.188231 0.182557 0.214182 14.6061 8.74487 10.6694 0.185322 0.180059 0.212089 0.191777 0.185603 0.216733
3668750 0.196971 0.179006 0.216672 0.480817 0.434322 1.24752 0.195515 0.178388 0.213798 0.199139 0.179924 0.220949
3668750 0.197207 0.178847 0.207432 -9.29023 6.7918 -0.0174485 0.201051 0.175528 0.208138 0.193585 0.181973 0.206767
3668750 0.197703 0.193085 0.188889 -4.81213 2.66253 6.43235 0.199504 0.192067 0.185505 0.195651 0.194244 0.192742
3668750 0.192399 0.196979 0.19122 -23.6041 18.437 -5.73543 0.195651 0.194244 0.192742 0.189373 0.199523 0.189803
3668750 0.194297 0.196965 0.19608 9.50403 -13.6856 -23.9283 0.192884 0.199807 0.199564 0.195651 0.194244 0.192742
3668750 0.195078 0.197398 0.202971 11.9546 -10.9179 12.6777 0.192884 0.199807 0.199564 0.19666 0.195661 0.205427
3668750 0.192673 0.200733 0.204182 1.2224 3.00917 11.4759 0.192884 0.199807 0.199564 0.192467 0.201634 0.208677
3668750 0.196254 0.202336 0.197445 0.730184 0.376598 -0.366005 0.192884 0.199807 0.199564 0.200054 0.205189 0.195054
3668750 0.198145 0.190628 0.193775 -35.4413 40.673 -19.5135 0.200903 0.18663 0.194918 0.195651 0.194244 0.192742
3668750 0.202429 0.193881 0.183531 3.02721 1.91946 -2.89416 0.199504 0.192067 0.185505 0.207431 0.196982 0.180155
3668750 0.203016 0.191256 0.187161 8.85603 -1.98244 2.53387 0.199504 0.192067 0.185505 0.206714 0.190401 0.188906
3668750 0.189117 0.198711 0.209805 25.4458 16.2538 -5.65466 0.186176 0.196145 0.210795 0.192467 0.201634 0.208677
3668750 0.199616 0.191603 0.216485 -1.70111 -2.09043 3.82842 0.200661 0.193643 0.212281 0.198848 0.190101 0.219578
3668750 0.209346 0.179178 0.188107 -15.1975 21.7826 13.3962 0.211307 0.175678 0.185355 0.207649 0.182207 0.190489
3668750 0.200745 0.182224 0.192574 -0.578995 -10.8734 -8.22059 0.200903 0.18663 0.194918 0.200636 0.179194 0.190962
3668750 0.210188 0.185018 0.192329 9.09865 7.08242 6.00505 0.207649 0.182207 0.190489 0.212652 0.187748 0.194117
3668750 0.202059 0.183902 0.198937 3.84486 -8.01122 8.7874 0.200903 0.18663 0.194918 0.202947 0.181805 0.202026
3668750 0.204298 0.187669 0.198427 18.2685 4.09611 13.7022 0.200903 0.18663 0.194918 0.207068 0.188516 0.201289
3668750 0.211169 0.191557 0.194011 2.57026 -11.9014 0.237002 0.210055 0.19442 0.193931 0.212652 0.187748 0.194117
3668750 0.214232 0.19028 0.191322 -9.18705 -9.92084 15.0948 0.21611 0.193291 0.188001 0.212652 0.187748 0.194117
3668750 0.202136 0.179118 0.204642 4.51497 8.1095 -9.34065 0.201051 0.175528 0.208138 0.202947 0.181805 0.202026
3668750 0.205833 0.181531 0.204542 -1.96089 -0.224683 -1.82781 0.208908 0.181238 0.207223 0.202947 0.181805 0.202026
3668750 0.206733 0.188272 0.205339 2.63458 -0.287306 -11.9313 0.206461 0.188073 0.208624 0.207068 0.188516 0.201289
3668750 0.200894 0.180086 0.210476 0.438723 -36.2988 -26.5363 0.200752 0.184218 0.212596 0.201051 0.175528 0.208138
3668750 0.208063 0.18649 0.211038 9.63148 -9.58772 10.5812 0.206461 0.188073 0.208624 0.209521 0.185049 0.213237
3668750 0.20409 0.186472 0.210274 -6.81369 -6.70323 5.58466 0.206461 0.188073 0.208624 0.200752 0.184218 0.212596
3668750 0.209096 0.179238 0.210785 0.339507 2.01308 -4.78418 0.209402 0.175977 0.216596 0.208908 0.181238 0.207223
3668750 0.210653 0.190443 0.201397 -25.095 -13.6731 -5.35147 0.215392 0.19299 0.20154 0.207068 0.188516 0.201289
3668750 0.207038 0.191243 0.2079 4.73334 15.0076 -5.28043 0.206461 0.188073 0.208624 0.20778 0.195328 0.206967
3668750 0.216796 0.178599 0.208865 1.39546 0.750622 13.225 0.215919 0.178172 0.205441 0.217587 0.178985 0.21195
3668750 0.212301 0.184954 0.214382 2.93501 -0.0717787 1.79584 0.209521 0.185049 0.213237 0.21602 0.184828 0.215914
3668750 0.208639 0.192716 0.191801 -5.74762 -6.77497 -6.17467 0.210055 0.19442 0.193931 0.206714 0.190401 0.188906
3668750 0.212579 0.196139 0.194275 6.37642 2.99069 0.766383 0.210055 0.19442 0.193931 0.215118 0.19787 0.194621
3668750 0.209539 0.197008 0.195505 -4.14373 12.3483 10.0384 0.210055 0.19442 0.193931 0.208745 0.200996 0.197929
3668750 0.218024 0.196832 0.194811 -13.4947 2.514 -0.766929 0.221892 0.19545 0.195063 0.215118 0.19787 0.194621
3668750 0.211141 0.194296 0.20457 -36.0053 4.87232 20.8379 0.215392 0.19299 0.20154 0.20778 0.195328 0.206967
3668750 0.217297 0.189116 0.204752 -8.14512 27.5304 -25.6423 0.219003 0.185646 0.207628 0.215392 0.19299 0.20154
3668750 0.207083 0.194277 0.218575 44.2437 -25.3837 -11.5641 0.203937 0.196391 0.22003 0.21077 0.1918 0.21687
3668750 0.207095 0.197845 0.210329 0.761369 -7.05715 -12.1711 0.20646 0.200177 0.213443 0.20778 0.195328 0.206967
3668750 0.205218 0.198313 0.216686 3.11697 3.23996 -5.12986 0.203937 0.196391 0.22003 0.20646 0.200177 0.213443
3668750 0.203755 0.184856 0.21609 0.964511 0.420639 1.02688 0.200752 0.184218 0.212596 0.205984 0.185329 0.218684
3668750 0.202433 0.19513 0.216472 3.07747 4.70209 12.885 0.200661 0.193643 0.212281 0.203937 0.196391 0.22003
3668750 0.194544 0.193424 0.206867 9.50898 8.13031 -7.94931 0.191927 0.190655 0.208649 0.19666 0.195661 0.205427
3668750 0.188989 0.193459 0.209745 -9.312 7.62813 1.49509 0.191927 0.190655 0.208649 0.186176 0.196145 0.210795
3668750 0.208825 0.188251 0.186011 -4.38771 4.23282 8.06003 0.211555 0.185471 0.182266 0.206714 0.190401 0.188906
3668750 0.191861 0.188425 0.212216 1.12983 -4.16571 6.65412 0.191927 0.190655 0.208649 0.191777 0.185603 0.216733
3668750 0.199171 0.182219 0.196486 -8.49643 -23.1748 4.04387 0.200903 0.18663 0.194918 0.19805 0.179364 0.1975
3668750 0.195619 0.18264 0.218933 -3.04207 2.49496 -2.59041 0.199139 0.179924 0.220949 0.191777 0.185603 0.216733
3668750 0.211128 0.182375 0.20398 -2.11013 -1.60698 2.76609 0.21326 0.183466 0.200866 0.208908 0.181238 0.207223
3668750 0.181802 0.201327 0.193766 2.47107 1.80094 1.57693 0.179978 0.199539 0.192118 0.184812 0.204277 0.196483
3668750 0.198712 0.194648 0.19604 0.881139 0.197368 1.30912 0.195651 0.194244 0.192742 0.20178 0.195054 0.199346
3668750 0.219076 0.194384 0.19787 -6.74547 -2.84246 9.35398 0.221892 0.19545 0.195063 0.215392 0.19299 0.20154
3668750 0.205224 0.194061 0.190266 0.378464 -0.738465 -0.419873 0.203833 0.197479 0.191536 0.206714 0.190401 0.188906
3668750 0.215146 0.188355 0.208638 -7.62049 4.08361 2.8575 0.219003 0.185646 0.207628 0.212593 0.190148 0.209306
3668750 0.21022 0.185946 0.201074 -5.37119 3.81427 -0.60198 0.21326 0.183466 0.200866 0.207068 0.188516 0.201289
3668750 0.217229 0.181347 0.20637 -11.0653 -27.7 -13.4072 0.219003 0.185646 0.207628 0.215919 0.178172 0.205441
3668750 0.211025 0.200444 0.18475 14.7272 10.0778 13.5647 0.207431 0.196982 0.180155 0.213799 0.203117 0.188297
3668750 0.210313 0.199964 0.212639 8.81623 -0.953765 -3.29501 0.20646 0.200177 0.213443 0.216659 0.199614 0.211315
3668750 0.202883 0.196356 0.195151 -0.582488 -0.281904 1.54628 0.203833 0.197479 0.191536 0.20178 0.195054 0.199346
3668750 0.182606 0.184612 0.196007 0.0 0.0 0.0 0.186099 0.185201 0.193596 0.177625 0.183818 0.199442
3668750 0.204067 0.188683 0.191645 3.09741 1.52076 -3.92128 0.200903 0.18663 0.194918 0.206714 0.190401 0.188906
3668750 0.190365 0.184648 0.204352 -0.116809 0.0660988 -0.072108 0.193585 0.181973 0.206767 0.187356 0.187148 0.202095
3668750 0.183218 0.185732 0.200967 0.0430385 0.00730576 0.0126579 0.177625 0.183818 0.199442 0.187356 0.187148 0.202095
3668750 0.187264 0.19039 0.198951 -0.00707223 -0.039689 0.0450912 0.187172 0.193625 0.195815 0.187356 0.187148 0.202095
3668750 0.196569 0.184864 0.214524 -1.18022 0.399898 0.553142 0.200752 0.184218 0.212596 0.191777 0.185603 0.216733
3668750 0.189723 0.188911 0.205487 0.0 0.0 0.0 0.191927 0.190655 0.208649 0.187356 0.187148 0.202095
3668750 0.189905 0.179951 0.198263 0.00395736 0.00289017 0.00141982 0.18605 0.176487 0.197438 0.192301 0.182104 0.198775
3668750 0.204611 0.200892 0.189812 0.443329 1.65429 -0.534975 0.203833 0.197479 0.191536 0.205265 0.203762 0.188363
3668750 0.203786 0.180547 0.190749 -2.70273 -0.69044 0.0843957 0.207649 0.182207 0.190489 0.200636 0.179194 0.190962
3668750 0.197332 0.181229 0.185697 3.24293 -7.22707 -7.60054 0.195658 0.183989 0.188085 0.199429 0.177771 0.182705
3668750 0.211424 0.180318 0.183891 -0.816626 10.8162 -5.0189 0.211307 0.175678 0.185355 0.211555 0.185471 0.182266
3668750 0.219089 0.179632 0.196295 -22.9661 -27.9319 2.30635 0.222513 0.185045 0.19652 0.215489 0.17394 0.196058
3668750 0.184018 0.189822 0.203548 0.030548 -0.0255281 -0.0209888 0.180502 0.192638 0.20508 0.187356 0.187148 0.202095
3668750 0.214654 0.180689 0.203266 10.2627 -20.0152 12.2621 0.21326 0.183466 0.200866 0.215919 0.178172 0.205441
3668750 0.212962 0.185564 0.197559 -2.56208 8.71464 -19.9744 0.21326 0.183466 0.200866 0.212652 0.187748 0.194117
3668750 0.215218 0.19609 0.197145 -5.8121 18.7308 -33.7373 0.215392 0.19299 0.20154 0.215118 0.19787 0.194621
3668750 0.194439 0.204007 0.201021 24.1365 51.8713 10.2037 0.192884 0.199807 0.199564 0.195448 0.206729 0.201965
3668750 0.207843 0.181127 0.194556 0.47211 -0.438543 3.3304 0.207649 0.182207 0.190489 0.207983 0.180342 0.197511
3668750 0.210294 0.18171 0.19898 2.68678 1.42488 2.33283 0.207983 0.180342 0.197511 0.21326 0.183466 0.200866
3668750 0.194969 0.179986 0.181992 -12.0158 7.30348 -0.113739 0.199429 0.177771 0.182705 0.191325 0.181797 0.181409
3668750 0.18655 0.202395 0.188607 -8.27959 11.2395 -5.47356 0.189373 0.199523 0.189803 0.183754 0.205241 0.187422
3668750 0.201484 0.182242 0.183761 0.461109 0.710145 0.247978 0.199429 0.177771 0.182705 0.202919 0.185364 0.184499
3668750 0.196744 0.185483 0.205754 -14.0756 -12.1399 2.10846 0.199534 0.188582 0.204859 0.193585 0.181973 0.206767
3668750 0.203388 0.188549 0.203033 7.39879 0.0370229 -5.07022 0.199534 0.188582 0.204859 0.207068 0.188516 0.201289
3668750 0.200065 0.190967 0.208356 -1.87927 -5.1569 -5.9387 0.200661 0.193643 0.212281 0.199534 0.188582 0.204859
3668750 0.200623 0.191721 0.202185 0.727007 4.67225 -4.50283 0.199534 0.188582 0.204859 0.20178 0.195054 0.199346
3668750 0.190022 0.186538 0.194673 -0.0 0.0 0.0 0.192868 0.187508 0.195454 0.186099 0.185201 0.193596
3668750 0.193336 0.18937 0.197895 0.000573389 0.00121937 0.00218765 0.192868 0.187508 0.195454 0.193849 0.191407 0.200565
3668750 0.195948 0.187171 0.195248 0.0103208 -0.000154985 0.000638196 0.192868 0.187508 0.195454 0.200903 0.18663 0.194918
3668750 0.184999 0.184375 0.21149 -0.00338778 0.0145751 -0.00141342 0.185322 0.180059 0.212089 0.184719 0.18811 0.210971
3668750 0.191062 0.189579 0.201222 0.00221 0.00101694 -0.000641744 0.187356 0.187148 0.202095 0.193849 0.191407 0.200565
3668750 0.187822 0.191553 0.20298 -0.00013567 0.00418515 0.00121452 0.187356 0.187148 0.202095 0.188163 0.194766 0.203625
3668750 0.196369 0.190155 0.202469 0.0 -0.0 -0.0 0.199534 0.188582 0.204859 0.193849 0.191407 0.200565
3668750 0.189816 0.192961 0.205831 -0.0 -0.0 -0.0 0.191927 0.190655 0.208649 0.188163 0.194766 0.203625
3668750 0.196942 0.198652 0.218325 1.94441 6.0385 -11.1201 0.196451 0.196534 0.221068 0.197469 0.200922 0.215384
3668750 0.198871 0.197724 0.21402 -24.7148 43.9767 27.779 0.200661 0.193643 0.212281 0.197469 0.200922 0.215384
3668750 0.216485 0.178618 0.191305 0.000213155 0.00357742 -0.00457102 0.215489 0.17394 0.196058 0.217041 0.181231 0.18865
3668750 0.204653 0.187665 0.186512 0.578146 0.53401 0.634292 0.202919 0.185364 0.184499 0.206714 0.190401 0.188906
3668750 0.21454 0.178809 0.187212 0.00494501 0.00664154 0.00294492 0.211307 0.175678 0.185355 0.217041 0.181231 0.18865
3668750 0.216493 0.186695 0.195053 -4.11106 0.442552 -1.11283 0.222513 0.185045 0.19652 0.212652 0.187748 0.194117
3668750 0.183575 0.194537 0.208174 8.57729 8.20197 10.4824 0.180502 0.192638 0.20508 0.186176 0.196145 0.210795
3668750 0.18831 0.196677 0.192705 2.95828 13.83 -10.7343 0.187172 0.193625 0.195815 0.189373 0.199523 0.189803
3668750 0.204563 0.18423 0.192515 -13.8231 10.6965 13.1942 0.207649 0.182207 0.190489 0.200903 0.18663 0.194918
3668750 0.186622 0.189306 0.194677 -16.1241 -55.0496 -12.6407 0.187172 0.193625 0.195815 0.186099 0.185201 0.193596
3668750 0.213262 0.195107 0.214519 14.5406 15.1923 -15.6856 0.21077 0.1918 0.21687 0.216659 0.199614 0.211315
3668750 0.214998 0.198021 0.188144 -1.71844 7.74108 1.5045 0.21611 0.193291 0.188001 0.213799 0.203117 0.188297
3668750 0.197934 0.192521 0.205175 -10.811 24.454 -2.18425 0.199534 0.188582 0.204859 0.19666 0.195661 0.205427
3668750 0.199874 0.186019 0.182869 -0.461273 0.17589 -0.316841 0.202919 0.185364 0.184499 0.196981 0.186641 0.18132
3668750 0.192591 0.184872 0.197074 -0.000241257 -0.00154096 0.00131892 0.192868 0.187508 0.195454 0.192301 0.182104 0.198775
3668750 0.189963 0.196645 0.197647 25.5469 27.1484 24.29 0.187172 0.193625 0.195815 0.192884 0.199807 0.199564
3668750 0.209484 0.182229 0.214281 -0.284315 -18.1662 10.2404 0.209521 0.185049 0.213237 0.209402 0.175977 0.216596
3668750 0.182287 0.200047 0.197399 19.8192 26.5304 -2.08189 0.180624 0.197261 0.198002 0.184812 0.204277 0.196483
3668750 0.206321 0.185406 0.183619 -0.452017 -0.0103808 0.197225 0.211555 0.185471 0.182266 0.202919 0.185364 0.184499
3668750 0.204429 0.194535 0.209468 16.2158 1.6967 -15.2669 0.200661 0.193643 0.212281 0.20778 0.195328 0.206967
3668750 0.204946 0.185061 0.201668 -5.51024 -8.16526 2.47536 0.207068 0.188516 0.201289 0.202947 0.181805 0.202026
3668750 0.183301 0.192597 0.193749 -0.294035 -0.0459017 -0.108613 0.187172 0.193625 0.195815 0.179171 0.1915 0.191543
3668750 0.192361 0.190842 0.21596 0.0009376 0.00410221 -0.00111332 0.191777 0.185603 0.216733 0.192753 0.194354 0.215442
3668750 0.218642 0.189364 0.199248 -20.8388 24.6702 21.9222 0.222513 0.185045 0.19652 0.215392 0.19299 0.20154
3668750 0.192818 0.182052 0.201996 0.00098588 0.000671333 0.00479198 0.192301 0.182104 0.198775 0.193585 0.181973 0.206767
3668750 0.189291 0.195655 0.188166 -0.808032 15.5482 9.44186 0.189185 0.190616 0.186033 0.189373 0.199523 0.189803
3668750 0.210005 0.187662 0.214643 1.82093 8.9346 6.85541 0.209521 0.185049 0.213237 0.21077 0.1918 0.21687
3668750 0.192699 0.186614 0.207773 4.16077 -13.6252 -4.87741 0.191927 0.190655 0.208649 0.193585 0.181973 0.206767
3668750 0.195188 0.180728 0.198135 0.0 0.0 -0.0 0.192301 0.182104 0.198775 0.19805 0.179364 0.1975
3668750 0.207555 0.185019 0.207998 0.929565 -1.72337 -0.5 0.206461 0.188073 0.208624 0.208908 0.181238 0.207223
3668750 0.18813 0.189314 0.209872 -0.00376722 -0.000711596 0.000922872 0.191927 0.190655 0.208649 0.184719 0.18811 0.210971
3668750 0.200707 0.188862 0.212441 -6.91449 -53.7049 6.13984 0.200661 0.193643 0.212281 0.200752 0.184218 0.212596
3668750 0.215966 0.195993 0.205971 -0.805047 -8.39373 -17.3532 0.216659 0.199614 0.211315 0.215392 0.19299 0.20154
3668750 0.199965 0.182123 0.216671 2.58462 4.13412 -12.6872 0.199139 0.179924 0.220949 0.200752 0.184218 0.212596
3668750 0.198321 0.194823 0.208273 -1.69268 0.334954 -3.13411 0.200661 0.193643 0.212281 0.19666 0.195661 0.205427
3668750 0.196033 0.18831 0.218445 5.39318 2.51928 1.38776 0.191777 0.185603 0.216733 0.198848 0.190101 0.219578
3668750 0.186077 0.181286 0.195323 4.39708 -27.5484 10.76 0.186099 0.185201 0.193596 0.18605 0.176487 0.197438
3668750 0.197681 0.1808 0.213301 8.20462 8.58451 -3.77725 0.195515 0.178388 0.213798 0.200752 0.184218 0.212596
3668750 0.201331 0.185015 0.203368 8.09105 -14.6296 -9.39843 0.199534 0.188582 0.204859 0.202947 0.181805 0.202026
3668750 0.210531 0.192367 0.208304 -5.20923 5.52221 -3.93278 0.212593 0.190148 0.209306 0.20778 0.195328 0.206967
3668750 0.211861 0.190811 0.212341 -0.523506 0.997483 2.56294 0.212593 0.190148 0.209306 0.21077 0.1918 0.21687
3668750 0.182461 0.183829 0.191308 0.0 0.0 0.0 0.186099 0.185201 0.193596 0.178535 0.182491 0.188836
3668750 0.180575 0.1953 0.200903 0.0 0.0 0.0 0.180502 0.192638 0.20508 0.180624 0.197261 0.198002
3668750 0.182837 0.1881 0.192631 0.0 0.0 0.0 0.186099 0.185201 0.193596 0.179171 0.1915 0.191543
3668750 0.183854 0.191019 0.188967 0.0 0.0 0.0 0.189185 0.190616 0.186033 0.179171 0.1915 0.191543
3668750 0.182854 0.190045 0.208363 0.0 0.0 0.0 0.180502 0.192638 0.20508 0.184719 0.18811 0.210971
3668750 0.185922 0.187602 0.206927 0.0 0.0 0.0 0.187356 0.187148 0.202095 0.184719 0.18811 0.210971
3668750 0.185426 0.191929 0.210885 0.0 0.0 0.0 0.186176 0.196145 0.210795 0.184719 0.18811 0.210971
3668750 0.18503 0.193828 0.20422 0.0 0.0 0.0 0.180502 0.192638 0.20508 0.188163 0.194766 0.203625
3668750 0.187649 0.186999 0.213362 0.0 0.0 0.0 0.191777 0.185603 0.216733 0.184719 0.18811 0.210971
3668750 0.193517 0.182837 0.184787 0.0 0.0 0.0 0.195658 0.183989 0.188085 0.191325 0.181797 0.181409
3668750 0.197958 0.183034 0.181874 0.0 0.0 0.0 0.199429 0.177771 0.182705 0.196981 0.186641 0.18132
3668750 0.190407 0.185512 0.183394 0.0 0.0 0.0 0.189185 0.190616 0.186033 0.191325 0.181797 0.181409
3668750 0.189135 0.178624 0.190571 0.0 0.0 0.0 0.185714 0.179007 0.18913 0.192673 0.178365 0.19206
3668750 0.195465 0.178816 0.194884 0.0 0.0 0.0 0.192673 0.178365 0.19206 0.19805 0.179364 0.1975
3668750 0.192482 0.180231 0.195532 0.0 0.0 0.0 0.192673 0.178365 0.19206 0.192301 0.182104 0.198775
3668750 0.196379 0.185369 0.184392 0.0 0.0 0.0 0.195658 0.183989 0.188085 0.196981 0.186641 0.18132
3668750 0.197592 0.187986 0.186787 0.0 0.0 0.0 0.195658 0.183989 0.188085 0.199504 0.192067 0.185505
3668750 0.18962 0.183376 0.196537 0.0 0.0 0.0 0.186099 0.185201 0.193596 0.192301 0.182104 0.198775
3668750 0.190228 0.184153 0.200167 0.0 0.0 0.0 0.192301 0.182104 0.198775 0.187356 0.187148 0.202095
3668750 0.196687 0.178714 0.191508 0.0 0.0 0.0 0.192673 0.178365 0.19206 0.200636 0.179194 0.190962
3668750 0.199303 0.179213 0.194332 0.0 0.0 0.0 0.200636 0.179194 0.190962 0.19805 0.179364 0.1975
3668750 0.19834 0.181336 0.189637 0.0 0.0 0.0 0.195658 0.183989 0.188085 0.200636 0.179194 0.190962
3668750 0.200287 0.180412 0.199569 0.0 0.0 0.0 0.202947 0.181805 0.202026 0.19805 0.179364 0.1975
3668750 0.199529 0.184655 0.186173 0.0 0.0 0.0 0.195658 0.183989 0.188085 0.202919 0.185364 0.184499
3668750 0.189246 0.180898 0.209562 0.0 0.0 0.0 0.185322 0.180059 0.212089 0.193585 0.181973 0.206767
3668750 0.194734 0.17977 0.210953 0.0 0.0 0.0 0.195515 0.178388 0.213798 0.193585 0.181973 0.206767
3668750 0.194089 0.18107 0.214915 0.0 0.0 0.0 0.195515 0.178388 0.213798 0.191777 0.185603 0.216733
3668750 0.192724 0.183631 0.211506 0.0 0.0 0.0 0.191777 0.185603 0.216733 0.193585 0.181973 0.206767
3668750 0.197236 0.18305 0.209736 0.0 0.0 0.0 0.200752 0.184218 0.212596 0.193585 0.181973 0.206767
3668750 0.203148 0.183022 0.21962 0.0 0.0 0.0 0.199139 0.179924 0.220949 0.205984 0.185329 0.218684
3668750 0.194026 0.18808 0.183107 0.0 0.0 0.0 0.189185 0.190616 0.186033 0.196981 0.186641 0.18132
3668750 0.19831 0.192267 0.181436 0.0 0.0 0.0 0.199504 0.192067 0.185505 0.197232 0.192575 0.177763
3668750 0.19777 0.199816 0.181433 0.0 0.0 0.0 0.197851 0.199368 0.178217 0.19765 0.200649 0.186221
3668750 0.190543 0.189939 0.195605 0.0 0.0 0.0 0.192868 0.187508 0.195454 0.187172 0.193625 0.195815
3668750 0.194001 0.190188 0.194353 0.0 0.0 0.0 0.192868 0.187508 0.195454 0.195651 0.194244 0.192742
3668750 0.187454 0.18751 0.190279 0.0 0.0 0.0 0.186099 0.185201 0.193596 0.189185 0.190616 0.186033
3668750 0.195168 0.191391 0.185727 0.0 0.0 0.0 0.199504 0.192067 0.185505 0.189185 0.190616 0.186033
3668750 0.188081 0.1922 0.1914 0.0 0.0 0.0 0.187172 0.193625 0.195815 0.189185 0.190616 0.186033
3668750 0.192728 0.192538 0.18971 0.0 0.0 0.0 0.189185 0.190616 0.186033 0.195651 0.194244 0.192742
3668750 0.191407 0.193868 0.194281 0.0 0.0 0.0 0.187172 0.193625 0.195815 0.195651 0.194244 0.192742
3668750 0.191027 0.199591 0.194403 0.0 0.0 0.0 0.192884 0.199807 0.199564 0.189373 0.199523 0.189803
3668750 0.190622 0.187297 0.198163 0.0 0.0 0.0 0.192868 0.187508 0.195454 0.187356 0.187148 0.202095
3668750 0.186712 0.186082 0.197733 0.0 0.0 0.0 0.186099 0.185201 0.193596 0.187356 0.187148 0.202095
3668750 0.190977 0.192297 0.198526 0.0 0.0 0.0 0.187172 0.193625 0.195815 0.193849 0.191407 0.200565
3668750 0.187746 0.194217 0.200327 0.0 0.0 0.0 0.187172 0.193625 0.195815 0.188163 0.194766 0.203625
3668750 0.194621 0.192562 0.19721 0.0 0.0 0.0 0.195651 0.194244 0.192742 0.193849 0.191407 0.200565
3668750 0.193443 0.194862 0.200148 0.0 0.0 0.0 0.192884 0.199807 0.199564 0.193849 0.191407 0.200565
3668750 0.190104 0.196839 0.201955 -0.00127627 -0.00103136 0.000754154 0.192884 0.199807 0.199564 0.188163 0.194766 0.203625
3668750 0.190361 0.202243 0.185885 0.0 0.0 0.0 0.189373 0.199523 0.189803 0.191217 0.204716 0.182496
3668750 0.186055 0.1986 0.196132 0.0 0.0 0.0 0.187172 0.193625 0.195815 0.184812 0.204277 0.196483
3668750 0.187293 0.201625 0.19285 0.0 0.0 0.0 0.189373 0.199523 0.189803 0.184812 0.204277 0.196483
3668750 0.201216 0.189991 0.181653 0.0 0.0 0.0 0.199504 0.192067 0.185505 0.202574 0.188464 0.178596
3668750 0.201314 0.188446 0.184972 0.0 0.0 0.0 0.199504 0.192067 0.185505 0.202919 0.185364 0.184499
3668750 0.201686 0.194729 0.188545 0.0 0.0 0.0 0.203833 0.197479 0.191536 0.199504 0.192067 0.185505
3668750 0.20004 0.195914 0.192095 0.0 0.0 0.0 0.203833 0.197479 0.191536 0.195651 0.194244 0.192742
3668750 0.197423 0.197316 0.199453 0.0 0.0 0.0 0.192884 0.199807 0.199564 0.20178 0.195054 0.199346
3668750 0.197084 0.201092 0.202391 0.0 0.0 0.0 0.192884 0.199807 0.199564 0.201818 0.202679 0.205581
3668750 0.195704 0.189559 0.206767 0.0 0.0 0.0 0.191927 0.190655 0.208649 0.199534 0.188582 0.204859
3668750 0.190962 0.193048 0.20212 0.0 0.0 0.0 0.188163 0.194766 0.203625 0.193849 0.191407 0.200565
3668750 0.192989 0.191007 0.204178 0.0 0.0 0.0 0.191927 0.190655 0.208649 0.193849 0.191407 0.200565
3668750 0.195251 0.19347 0.202996 0.0 0.0 0.0 0.19666 0.195661 0.205427 0.193849 0.191407 0.200565
3668750 0.187271 0.195319 0.20685 0.0 0.0 0.0 0.186176 0.196145 0.210795 0.188163 0.194766 0.203625
3668750 0.192374 0.192656 0.212324 0.00013876 0.000268521 0.000447814 0.191927 0.190655 0.208649 0.192753 0.194354 0.215442
3668750 0.189663 0.195127 0.213259 0.0 0.0 0.0 0.186176 0.196145 0.210795 0.192753 0.194354 0.215442
3668750 0.194619 0.195387 0.218281 0.0 0.0 0.0 0.196451 0.196534 0.221068 0.192753 0.194354 0.215442
3668750 0.195819 0.192146 0.217524 0.0 0.0 0.0 0.192753 0.194354 0.215442 0.198848 0.190101 0.219578
3668750 0.195049 0.197489 0.215413 0.0 0.0 0.0 0.192753 0.194354 0.215442 0.197469 0.200922 0.215384
3668750 0.186239 0.198301 0.214302 0.0 0.0 0.0 0.186176 0.196145 0.210795 0.186326 0.201596 0.219392
3668750 0.190316 0.197031 0.216939 0.0 0.0 0.0 0.192753 0.194354 0.215442 0.186326 0.201596 0.219392
3668750 0.200115 0.186428 0.20856 0.0 0.0 0.0 0.200752 0.184218 0.212596 0.199534 0.188582 0.204859
3668750 0.200162 0.187616 0.20028 0.0 0.0 0.0 0.200903 0.18663 0.194918 0.199534 0.188582 0.204859
3668750 0.197247 0.192907 0.200045 0.0 0.0 0.0 0.20178 0.195054 0.199346 0.193849 0.191407 0.200565
3668750 0.198855 0.195334 0.202819 0.0 0.0 0.0 0.20178 0.195054 0.199346 0.19666 0.195661 0.205427
3668750 0.203437 0.188229 0.206982 0.0 0.0 0.0 0.206461 0.188073 0.208624 0.199534 0.188582 0.204859
3668750 0.196012 0.191985 0.210347 0.0 0.0 0.0 0.191927 0.190655 0.208649 0.200661 0.193643 0.212281
3668750 0.196129 0.193983 0.214092 0.0 0.0 0.0 0.200661 0.193643 0.212281 0.192753 0.194354 0.215442
3668750 0.199667 0.187498 0.216567 0.0 0.0 0.0 0.200752 0.184218 0.212596 0.198848 0.190101 0.219578
3668750 0.20121 0.192955 0.219787 0.0 0.0 0.0 0.203937 0.196391 0.22003 0.198848 0.190101 0.219578
3668750 0.202232 0.200677 0.193023 0.0 0.0 0.0 0.203833 0.197479 0.191536 0.200054 0.205189 0.195054
3668750 0.200573 0.198681 0.217613 0.0 0.0 0.0 0.203937 0.196391 0.22003 0.197469 0.200922 0.215384
3668750 0.214078 0.17989 0.199096 0.0 0.0 0.0 0.21326 0.183466 0.200866 0.215489 0.17394 0.196058
3668750 0.205746 0.180922 0.199515 0.0 0.0 0.0 0.207983 0.180342 0.197511 0.202947 0.181805 0.202026
3668750 0.209359 0.18357 0.186889 0.0 0.0 0.0 0.207649 0.182207 0.190489 0.211555 0.185471 0.182266
3668750 0.205069 0.183861 0.187224 0.0 0.0 0.0 0.207649 0.182207 0.190489 0.202919 0.185364 0.184499
3668750 0.207179 0.186253 0.189695 0.0 0.0 0.0 0.207649 0.182207 0.190489 0.206714 0.190401 0.188906
3668750 0.205421 0.178637 0.20763 0.0 0.0 0.0 0.201051 0.175528 0.208138 0.208908 0.181238 0.207223
3668750 0.20509 0.182566 0.209737 0.0 0.0 0.0 0.200752 0.184218 0.212596 0.208908 0.181238 0.207223
3668750 0.204304 0.180765 0.214238 0.0 0.0 0.0 0.200752 0.184218 0.212596 0.209402 0.175977 0.216596
3668750 0.214156 0.187416 0.20115 0.0 0.0 0.0 0.21326 0.183466 0.200866 0.215392 0.19299 0.20154
3668750 0.207984 0.184817 0.20425 0.0 0.0 0.0 0.208908 0.181238 0.207223 0.207068 0.188516 0.201289
3668750 0.209259 0.183366 0.210689 0.0 0.0 0.0 0.209521 0.185049 0.213237 0.208908 0.181238 0.207223
3668750 0.206076 0.184654 0.212985 0.0 0.0 0.0 0.209521 0.185049 0.213237 0.200752 0.184218 0.212596
3668750 0.212653 0.179531 0.206271 0.0 0.0 0.0 0.208908 0.181238 0.207223 0.215919 0.178172 0.205441
3668750 0.216773 0.183998 0.199215 0.0 0.0 0.0 0.222513 0.185045 0.19652 0.21326 0.183466 0.200866
3668750 0.215837 0.184377 0.203902 0.0 0.0 0.0 0.219003 0.185646 0.207628 0.21326 0.183466 0.200866
3668750 0.207149 0.182071 0.21797 0.0 0.0 0.0 0.205984 0.185329 0.218684 0.209402 0.175977 0.216596
3668750 0.202736 0.186933 0.181386 0.0 0.0 0.0 0.202919 0.185364 0.184499 0.202574 0.188464 0.178596
3668750 0.206987 0.192843 0.185572 0.0 0.0 0.0 0.207431 0.196982 0.180155 0.206714 0.190401 0.188906
3668750 0.205146 0.197232 0.187381 0.0 0.0 0.0 0.203833 0.197479 0.191536 0.207431 0.196982 0.180155
3668750 0.212486 0.194766 0.184728 0.0 0.0 0.0 0.21611 0.193291 0.188001 0.207431 0.196982 0.180155
3668750 0.209713 0.188993 0.191541 0.0 0.0 0.0 0.212652 0.187748 0.194117 0.206714 0.190401 0.188906
3668750 0.201363 0.190981 0.197241 0.0 0.0 0.0 0.200903 0.18663 0.194918 0.20178 0.195054 0.199346
3668750 0.207313 0.195702 0.192877 0.0 0.0 0.0 0.210055 0.19442 0.193931 0.203833 0.197479 0.191536
3668750 0.209852 0.188065 0.197712 0.0 0.0 0.0 0.212652 0.187748 0.194117 0.207068 0.188516 0.201289
3668750 0.213833 0.189944 0.197322 0.0 0.0 0.0 0.212652 0.187748 0.194117 0.215392 0.19299 0.20154
3668750 0.204563 0.191545 0.200369 0.0 0.0 0.0 0.20178 0.195054 0.199346 0.207068 0.188516 0.201289
3668750 0.204871 0.195128 0.203273 0.0 0.0 0.0 0.20178 0.195054 0.199346 0.20778 0.195328 0.206967
3668750 0.211993 0.193834 0.196697 0.0 0.0 0.0 0.210055 0.19442 0.193931 0.215392 0.19299 0.20154
3668750 0.206051 0.199002 0.194424 0.0 0.0 0.0 0.203833 0.197479 0.191536 0.208745 0.200996 0.197929
3668750 0.211055 0.191671 0.18849 0.0 0.0 0.0 0.21611 0.193291 0.188001 0.206714 0.190401 0.188906
3668750 0.212399 0.193916 0.191636 0.0 0.0 0.0 0.210055 0.19442 0.193931 0.21611 0.193291 0.188001
3668750 0.215503 0.196023 0.192048 0.0 0.0 0.0 0.21611 0.193291 0.188001 0.215118 0.19787 0.194621
3668750 0.207414 0.19178 0.204065 0.0 0.0 0.0 0.207068 0.188516 0.201289 0.20778 0.195328 0.206967
3668750 0.204093 0.19028 0.210118 0.0 0.0 0.0 0.206461 0.188073 0.208624 0.200661 0.193643 0.212281
3668750 0.20958 0.189062 0.20897 0.0 0.0 0.0 0.206461 0.188073 0.208624 0.212593 0.190148 0.209306
3668750 0.21101 0.187456 0.211328 0.0 0.0 0.0 0.209521 0.185049 0.213237 0.212593 0.190148 0.209306
3668750 0.203839 0.19716 0.212917 0.0 0.0 0.0 0.200661 0.193643 0.212281 0.20646 0.200177 0.213443
3668750 0.213633 0.19114 0.206414 0.0 0.0 0.0 0.212593 0.190148 0.209306 0.215392 0.19299 0.20154
3668750 0.207873 0.18511 0.215772 0.0 0.0 0.0 0.209521 0.185049 0.213237 0.205984 0.185329 0.218684
3668750 0.208411 0.196317 0.214993 0.0 0.0 0.0 0.20646 0.200177 0.213443 0.21077 0.1918 0.21687
3668750 0.201207 0.19786 0.209104 0.0 0.0 0.0 0.200661 0.193643 0.212281 0.201818 0.202679 0.205581
3668750 0.204481 0.201177 0.210092 0.0 0.0 0.0 0.20646 0.200177 0.213443 0.201818 0.202679 0.205581
3668750 0.213931 0.193202 0.209965 0.0 0.0 0.0 0.212593 0.190148 0.209306 0.216659 0.199614 0.211315
3668750 0.211294 0.19696 0.208688 0.0 0.0 0.0 0.216659 0.199614 0.211315 0.20778 0.195328 0.206967
3668750 0.207995 0.18798 0.21792 0.0 0.0 0.0 0.205984 0.185329 0.218684 0.21077 0.1918 0.21687
3668750 0.183109 0.211456 0.193992 -5.89525 -1.1336 1.28076 0.186351 0.211984 0.193814 0.179345 0.210844 0.194199
3668750 0.196616 0.197335 0.189596 -6.03701 -18.7583 13.8488 0.19765 0.200649 0.186221 0.195651 0.194244 0.192742
3668750 0.1905 0.203567 0.189876 -16.987 -41.2828 3.96269 0.191703 0.207879 0.189953 0.189373 0.199523 0.189803
3668750 0.199094 0.203971 0.183008 7.74912 15.837 -21.3801 0.19765 0.200649 0.186221 0.200519 0.207245 0.179841
3668750 0.19287 0.204887 0.211888 -3.70888 -13.0138 -10.6432 0.193277 0.208172 0.21513 0.192467 0.201634 0.208677
3668750 0.196801 0.202118 0.207242 -1.14244 -0.156771 0.187479 0.201818 0.202679 0.205581 0.192467 0.201634 0.208677
3668750 0.188415 0.213148 0.185568 -1.94004 -11.9758 -9.56409 0.18972 0.21664 0.188341 0.187457 0.210582 0.183531
3668750 0.188617 0.210246 0.19218 2.44574 -1.33438 -1.31287 0.186351 0.211984 0.193814 0.191703 0.207879 0.189953
3668750 0.194443 0.211012 0.19161 14.1847 13.3884 10.9644 0.191703 0.207879 0.189953 0.196955 0.213885 0.193129
3668750 0.187759 0.214526 0.195354 9.41609 12.9995 11.1609 0.186351 0.211984 0.193814 0.189734 0.218094 0.197515
3668750 0.19702 0.21411 0.197231 -1.47818 0.748098 10.3291 0.196955 0.213885 0.193129 0.197096 0.214371 0.201993
3668750 0.193355 0.216263 0.199718 -8.5557 3.15975 -6.55335 0.197096 0.214371 0.201993 0.189734 0.218094 0.197515
3668750 0.197466 0.217833 0.192116 1.8475 16.4011 -7.11807 0.196955 0.213885 0.193129 0.19806 0.222416 0.190939
3668750 0.196006 0.211488 0.213392 10.2752 9.38242 -4.29664 0.193277 0.208172 0.21513 0.198927 0.215038 0.211532
3668750 0.191506 0.212441 0.21539 -43.1361 70.313 6.79105 0.193277 0.208172 0.21513 0.189315 0.21772 0.215713
3668750 0.202997 0.217504 0.212918 18.2711 15.6877 7.49777 0.198927 0.215038 0.211532 0.206658 0.219723 0.214165
3668750 0.201313 0.212187 0.201561 15.112 -5.85465 -3.41707 0.197096 0.214371 0.201993 0.204879 0.210339 0.201195
3668750 0.201186 0.216373 0.203408 21.7484 9.75282 3.50822 0.197096 0.214371 0.201993 0.205195 0.218334 0.204796
3668750 0.201039 0.208789 0.219212 -9.07698 10.9784 13.6839 0.202815 0.206173 0.216935 0.199486 0.211077 0.221203
3668750 0.205185 0.197958 0.198654 -4.74028 -3.03451 0.40496 0.208745 0.200996 0.197929 0.20178 0.195054 0.199346
3668750 0.214629 0.199818 0.192274 0.99377 -31.7981 32.6312 0.213799 0.203117 0.188297 0.215118 0.19787 0.194621
3668750 0.209629 0.20242 0.202357 -4.44394 -5.20456 -12.3058 0.210209 0.203355 0.205265 0.208745 0.200996 0.197929
3668750 0.210266 0.205299 0.185107 14.473 -5.39259 11.33 0.20799 0.206705 0.183051 0.213799 0.203117 0.188297
3668750 0.20849 0.204826 0.195159 -1.08901 -11.4618 10.1314 0.20831 0.207527 0.193206 0.208745 0.200996 0.197929
3668750 0.214093 0.205735 0.192822 1.83813 -10.9655 -24.0635 0.214263 0.207246 0.195434 0.213799 0.203117 0.188297
3668750 0.205128 0.198598 0.20635 22.096 -27.4297 -0.466121 0.201818 0.202679 0.205581 0.20778 0.195328 0.206967
3668750 0.203558 0.207033 0.203088 9.34321 23.041 -18.7921 0.201818 0.202679 0.205581 0.204879 0.210339 0.201195
3668750 0.209487 0.205799 0.207046 -2.49682 8.01416 8.11064 0.210209 0.203355 0.205265 0.208192 0.210181 0.21024
3668750 0.204628 0.203191 0.215198 7.77925 -14.9726 -5.51059 0.202815 0.206173 0.216935 0.20646 0.200177 0.213443
3668750 0.212298 0.202143 0.207224 6.18807 -5.52744 7.1304 0.210209 0.203355 0.205265 0.216659 0.199614 0.211315
3668750 0.204896 0.206929 0.181722 -8.46352 2.04753 -3.30996 0.20799 0.206705 0.183051 0.200519 0.207245 0.179841
3668750 0.20324 0.21585 0.182332 6.17239 -4.33788 18.1977 0.20137 0.216314 0.178303 0.205863 0.215199 0.187981
3668750 0.21189 0.214183 0.189343 -15.1253 1.35211 -5.70467 0.215441 0.213584 0.190146 0.205863 0.215199 0.187981
3668750 0.213024 0.209926 0.196076 -9.58145 33.9096 6.38439 0.214263 0.207246 0.195434 0.211248 0.213766 0.196995
3668750 0.207459 0.210195 0.191389 -6.17143 11.7433 -9.94441 0.20831 0.207527 0.193206 0.205863 0.215199 0.187981
3668750 0.207949 0.211991 0.199171 -22.0058 -8.28099 17.4667 0.211248 0.213766 0.196995 0.204879 0.210339 0.201195
3668750 0.212822 0.217062 0.199325 -8.08591 -15.542 -15.4909 0.214341 0.22024 0.201571 0.211248 0.213766 0.196995
3668750 0.212179 0.217565 0.195134 2.75504 23.3211 -14.7539 0.211248 0.213766 0.196995 0.213029 0.221029 0.193435
3668750 0.215813 0.214555 0.207869 1.34955 -0.961273 -1.81157 0.214446 0.216119 0.2101 0.218243 0.211773 0.203903
3668750 0.200055 0.213635 0.186234 9.15593 0.932842 2.37301 0.196507 0.21268 0.185167 0.205863 0.215199 0.187981
3668750 0.194758 0.21289 0.181769 2.43359 0.488694 4.30091 0.192918 0.213112 0.178193 0.196507 0.21268 0.185167
3668750 0.207111 0.203105 0.205382 -1.56879 -0.186002 0.306611 0.210209 0.203355 0.205265 0.201818 0.202679 0.205581
3668750 0.212236 0.21402 0.210149 -1.27851 -0.876375 0.017419 0.214446 0.216119 0.2101 0.208192 0.210181 0.21024
3668750 0.193442 0.214468 0.186601 -4.40473 1.89689 2.60966 0.196507 0.21268 0.185167 0.18972 0.21664 0.188341
3668750 0.198292 0.210262 0.182798 2.11715 -4.46028 -3.58459 0.196507 0.21268 0.185167 0.200519 0.207245 0.179841
3668750 0.207804 0.203475 0.182089 0.31758 -5.34651 -2.28804 0.20799 0.206705 0.183051 0.207431 0.196982 0.180155
3668750 0.215581 0.214354 0.212311 1.22273 -3.16821 4.26492 0.214446 0.216119 0.2101 0.217824 0.210863 0.216683
3668750 0.198672 0.1984 0.205487 -12.524 -16.6333 -3.7005 0.201818 0.202679 0.205581 0.19666 0.195661 0.205427
3668750 0.18489 0.216992 0.204268 9.07142 -18.0689 2.96527 0.18369 0.22055 0.203409 0.18694 0.210921 0.205735
3668750 0.216802 0.198125 0.200754 -9.04368 -24.6937 7.64669 0.218007 0.202511 0.200082 0.215392 0.19299 0.20154
3668750 0.215748 0.205368 0.197278 -18.0077 15.3573 -17.2516 0.218007 0.202511 0.200082 0.214263 0.207246 0.195434
3668750 0.184234 0.204803 0.191532 -1.53339 5.37267 -20.2339 0.184812 0.204277 0.196483 0.183754 0.205241 0.187422
3668750 0.193973 0.202974 0.184092 -5.55117 3.6477 -4.6738 0.19765 0.200649 0.186221 0.191217 0.204716 0.182496
3668750 0.185787 0.218096 0.195119 -5.98473 0.983569 -3.11247 0.189734 0.218094 0.197515 0.182283 0.218098 0.192991
3668750 0.181271 0.210213 0.202476 0.683605 -0.038642 0.37483 0.178641 0.209884 0.200964 0.18694 0.210921 0.205735
3668750 0.194483 0.206237 0.219164 0.509828 -1.67952 4.0897 0.193277 0.208172 0.21513 0.195679 0.204316 0.223169
3668750 0.204289 0.215909 0.194002 -0.412378 0.496778 4.27949 0.205863 0.215199 0.187981 0.203462 0.216282 0.197162
3668750 0.191944 0.208911 0.194308 -0.0 -0.0 0.0 0.191703 0.207879 0.189953 0.192119 0.20966 0.197472
3668750 0.190404 0.210078 0.200208 -0.00219154 0.00125734 0.0036784 0.192119 0.20966 0.197472 0.18694 0.210921 0.205735
3668750 0.201074 0.198893 0.189165 0.280016 -0.198207 0.208442 0.19765 0.200649 0.186221 0.203833 0.197479 0.191536
3668750 0.206608 0.205212 0.185745 -0.896437 -0.800646 2.21848 0.20799 0.206705 0.183051 0.205265 0.203762 0.188363
3668750 0.210435 0.205006 0.199801 0.0 -0.0 -0.0 0.208745 0.200996 0.197929 0.211516 0.207569 0.200997
3668750 0.200484 0.214405 0.19109 5.2442 0.781059 -4.27028 0.196955 0.213885 0.193129 0.205863 0.215199 0.187981
3668750 0.203278 0.204306 0.190915 -0.716915 0.0601154 1.1437 0.205265 0.203762 0.188363 0.200054 0.205189 0.195054
3668750 0.202798 0.208118 0.198546 0.226243 0.343325 0.299448 0.200054 0.205189 0.195054 0.204879 0.210339 0.201195
3668750 0.194942 0.208316 0.210807 0.746412 0.0602492 -3.51117 0.193277 0.208172 0.21513 0.196067 0.208414 0.207885
3668750 0.195753 0.207561 0.204889 0.501609 -2.34321 -10.7491 0.196067 0.208414 0.207885 0.195448 0.206729 0.201965
3668750 0.197174 0.210978 0.209297 -20.0535 -34.3637 -14.7136 0.198927 0.215038 0.211532 0.196067 0.208414 0.207885
3668750 0.218746 0.214654 0.199339 0.0514217 -0.635919 1.24748 0.21911 0.21674 0.196035 0.218243 0.211773 0.203903
3668750 0.187747 0.213914 0.191546 4.83941 5.60448 -5.25117 0.186351 0.211984 0.193814 0.18972 0.21664 0.188341
3668750 0.185741 0.20893 0.194872 -1.75411 -19.9615 9.66746 0.186351 0.211984 0.193814 0.184812 0.204277 0.196483
3668750 0.1982 0.206287 0.20703 13.0696 -9.8897 -6.32919 0.196067 0.208414 0.207885 0.201818 0.202679 0.205581
3668750 0.204098 0.213614 0.198973 0.489384 -4.24364 3.67669 0.203462 0.216282 0.197162 0.204879 0.210339 0.201195
3668750 0.182927 0.21391 0.201466 0.00232318 -0.00223048 0.00212299 0.181057 0.215303 0.199476 0.18694 0.210921 0.205735
3668750 0.190203 0.205264 0.217014 -21.5067 -14.4014 13.0403 0.193277 0.208172 0.21513 0.186326 0.201596 0.219392
3668750 0.207773 0.211592 0.215618 -2.03443 1.69812 9.05704 0.208192 0.210181 0.21024 0.207415 0.212799 0.220215
3668750 0.194475 0.217776 0.20406 23.6121 -23.1552 -12.2425 0.191852 0.221182 0.206128 0.197096 0.214371 0.201993
3668750 0.206562 0.214616 0.207279 -3.34988 6.35943 -5.767 0.208192 0.210181 0.21024 0.205195 0.218334 0.204796
3668750 0.205028 0.207822 0.214179 2.58334 1.14624 -2.76796 0.202815 0.206173 0.216935 0.208192 0.210181 0.21024
3668750 0.198669 0.195931 0.185828 3.38716 -10.0335 0.321482 0.19765 0.200649 0.186221 0.199504 0.192067 0.185505
3668750 0.185732 0.207151 0.200486 -3.43561 -11.0467 -21.8197 0.18694 0.210921 0.205735 0.184812 0.204277 0.196483
3668750 0.194294 0.210469 0.187372 4.32314 5.80001 -4.0765 0.191703 0.207879 0.189953 0.196507 0.21268 0.185167
3668750 0.193122 0.209223 0.207191 -12.611 3.68916 -5.26656 0.196067 0.208414 0.207885 0.18694 0.210921 0.205735
3668750 0.198306 0.210095 0.193968 0.256842 -0.865448 0.335192 0.196955 0.213885 0.193129 0.200054 0.205189 0.195054
3668750 0.196091 0.209714 0.201976 -8.68093 -52.6149 -8.30718 0.197096 0.214371 0.201993 0.195448 0.206729 0.201965
3668750 0.211434 0.20738 0.194375 3.46221 -0.522409 1.84869 0.20831 0.207527 0.193206 0.214263 0.207246 0.195434
3668750 0.217133 0.207781 0.194643 2.84081 1.03225 -0.827329 0.214263 0.207246 0.195434 0.221915 0.208671 0.193325
3668750 0.195593 0.204166 0.21527 30.1009 -51.668 11.4382 0.193277 0.208172 0.21513 0.197469 0.200922 0.215384
3668750 0.18454 0.214706 0.193448 -1.94721 3.09201 0.164335 0.186351 0.211984 0.193814 0.182283 0.218098 0.192991
3668750 0.197774 0.20525 0.203286 4.17563 -2.7344 3.45087 0.195448 0.206729 0.201965 0.201818 0.202679 0.205581
3668750 0.181581 0.216499 0.196702 0.000675031 0.00172926 -0.00641229 0.181057 0.215303 0.199476 0.182283 0.218098 0.192991
3668750 0.188209 0.214554 0.211066 0.819153 6.25928 11.2568 0.18694 0.210921 0.205735 0.189315 0.21772 0.215713
3668750 0.204928 0.206339 0.207854 -1.47061 -1.51395 -0.643622 0.208192 0.210181 0.21024 0.201818 0.202679 0.205581
3668750 0.2168 0.218434 0.198716 4.38832 -2.0164 -5.19287 0.214341 0.22024 0.201571 0.21911 0.21674 0.196035
3668750 0.190729 0.21218 0.189162 -5.89026 19.7438 -0.69346 0.191703 0.207879 0.189953 0.18972 0.21664 0.188341
3668750 0.209045 0.214352 0.193309 2.99552 0.121228 4.77179 0.205863 0.215199 0.187981 0.211248 0.213766 0.196995
3668750 0.218116 0.206763 0.201836 0.410091 2.20947 1.10738 0.218007 0.202511 0.200082 0.218243 0.211773 0.203903
3668750 0.207024 0.216376 0.21709 -0.388095 -8.23759 5.81928 0.206658 0.219723 0.214165 0.207415 0.212799 0.220215
3668750 0.183099 0.215493 0.208491 -0.413578 0.347138 0.24163 0.18694 0.210921 0.205735 0.180895 0.218116 0.210073
3668750 0.194607 0.205664 0.208206 -10.3618 -24.1673 -0.852329 0.196067 0.208414 0.207885 0.192467 0.201634 0.208677
3668750 0.200091 0.203497 0.216144 -3.57651 -3.51902 -0.227837 0.202815 0.206173 0.216935 0.197469 0.200922 0.215384
3668750 0.194875 0.198203 0.20681 5.70906 -7.84349 -6.31405 0.192467 0.201634 0.208677 0.19666 0.195661 0.205427
3668750 0.180294 0.213251 0.197125 0.0 0.0 0.0 0.181057 0.215303 0.199476 0.179345 0.210844 0.194199
3668750 0.182223 0.217562 0.201216 0.0 0.0 0.0 0.181057 0.215303 0.199476 0.18369 0.22055 0.203409
3668750 0.187738 0.204893 0.184792 0.0 0.0 0.0 0.191217 0.204716 0.182496 0.183754 0.205241 0.187422
3668750 0.181709 0.207939 0.195187 0.0 0.0 0.0 0.179345 0.210844 0.194199 0.184812 0.204277 0.196483
3668750 0.18758 0.206444 0.188642 0.0 0.0 0.0 0.191703 0.207879 0.189953 0.183754 0.205241 0.187422
3668750 0.180974 0.207696 0.19927 0.0 0.0 0.0 0.178641 0.209884 0.200964 0.184812 0.204277 0.196483
3668750 0.181832 0.203301 0.200415 0.0 0.0 0.0 0.178738 0.202423 0.204495 0.184812 0.204277 0.196483
3668750 0.182362 0.206112 0.205044 0.0 0.0 0.0 0.18694 0.210921 0.205735 0.178738 0.202423 0.204495
3668750 0.185767 0.217349 0.190811 0.0 0.0 0.0 0.18972 0.21664 0.188341 0.182283 0.218098 0.192991
3668750 0.18424 0.217896 0.212312 0.0 0.0 0.0 0.180895 0.218116 0.210073 0.189315 0.21772 0.215713
3668750 0.193217 0.19998 0.18814 0.0 0.0 0.0 0.19765 0.200649 0.186221 0.189373 0.199523 0.189803
3668750 0.189291 0.209347 0.18631 0.0 0.0 0.0 0.191703 0.207879 0.189953 0.187457 0.210582 0.183531
3668750 0.191432 0.206066 0.185835 0.0 0.0 0.0 0.191703 0.207879 0.189953 0.191217 0.204716 0.182496
3668750 0.195519 0.206585 0.192285 0.0 0.0 0.0 0.191703 0.207879 0.189953 0.200054 0.205189 0.195054
3668750 0.188449 0.206114 0.193036 0.0 0.0 0.0 0.191703 0.207879 0.189953 0.184812 0.204277 0.196483
3668750 0.19456 0.204339 0.18816 0.0 0.0 0.0 0.19765 0.200649 0.186221 0.191703 0.207879 0.189953
3668750 0.19672 0.213196 0.189007 0.0 0.0 0.0 0.196955 0.213885 0.193129 0.196507 0.21268 0.185167
3668750 0.189251 0.210754 0.195655 0.0 0.0 0.0 0.186351 0.211984 0.193814 0.192119 0.20966 0.197472
3668750 0.194255 0.211466 0.195552 0.0 0.0 0.0 0.192119 0.20966 0.197472 0.196955 0.213885 0.193129
3668750 0.195131 0.207902 0.196553 0.0 0.0 0.0 0.192119 0.20966 0.197472 0.200054 0.205189 0.195054
3668750 0.189242 0.207479 0.197083 0.0 0.0 0.0 0.192119 0.20966 0.197472 0.184812 0.204277 0.196483
3668750 0.198794 0.202748 0.190429 0.0 0.0 0.0 0.19765 0.200649 0.186221 0.200054 0.205189 0.195054
3668750 0.193836 0.208149 0.199789 0.0056769 -0.00374109 0.00540355 0.192119 0.20966 0.197472 0.195448 0.206729 0.201965
3668750 0.194137 0.21151 0.199305 0.0 0.0 0.0 0.192119 0.20966 0.197472 0.197096 0.214371 0.201993
3668750 0.197127 0.206104 0.199441 0.0 0.0 0.0 0.195448 0.206729 0.201965 0.200054 0.205189 0.195054
3668750 0.195594 0.216514 0.183643 0.0 0.0 0.0 0.194444 0.221508 0.181711 0.196507 0.21268 0.185167
3668750 0.191133 0.213087 0.197489 0.0 0.0 0.0 0.192119 0.20966 0.197472 0.189734 0.218094 0.197515
3668750 0.193556 0.215113 0.190883 0.0 0.0 0.0 0.196955 0.213885 0.193129 0.18972 0.21664 0.188341
3668750 0.193552 0.215804 0.195194 0.0 0.0 0.0 0.196955 0.213885 0.193129 0.189734 0.218094 0.197515
3668750 0.201724 0.199056 0.183694 0.0 0.0 0.0 0.19765 0.200649 0.186221 0.207431 0.196982 0.180155
3668750 0.200986 0.199649 0.197371 0.0 0.0 0.0 0.200054 0.205189 0.195054 0.20178 0.195054 0.199346
3668750 0.205123 0.206562 0.193918 0.0 0.0 0.0 0.20831 0.207527 0.193206 0.200054 0.205189 0.195054
3668750 0.20465 0.202907 0.196573 0.0 0.0 0.0 0.208745 0.200996 0.197929 0.200054 0.205189 0.195054
3668750 0.20219 0.202439 0.187497 0.0 0.0 0.0 0.19765 0.200649 0.186221 0.205265 0.203762 0.188363
3668750 0.200934 0.203869 0.200317 0.0 0.0 0.0 0.200054 0.205189 0.195054 0.201818 0.202679 0.205581
3668750 0.198749 0.214292 0.182002 0.0 0.0 0.0 0.20137 0.216314 0.178303 0.196507 0.21268 0.185167
3668750 0.200566 0.215154 0.19537 0.0 0.0 0.0 0.196955 0.213885 0.193129 0.203462 0.216282 0.197162
3668750 0.190656 0.209244 0.211245 0.0 0.0 0.0 0.193277 0.208172 0.21513 0.18694 0.210921 0.205735
3668750 0.196474 0.210711 0.205549 0.0 0.0 0.0 0.196067 0.208414 0.207885 0.197096 0.214371 0.201993
3668750 0.192746 0.207995 0.203161 0.0 0.0 0.0 0.18694 0.210921 0.205735 0.195448 0.206729 0.201965
3668750 0.194255 0.204628 0.204647 0.0 0.0 0.0 0.195448 0.206729 0.201965 0.192467 0.201634 0.208677
3668750 0.192825 0.212857 0.203566 0.0 0.0 0.0 0.18694 0.210921 0.205735 0.197096 0.214371 0.201993
3668750 0.190194 0.205387 0.207467 0.0 0.0 0.0 0.18694 0.210921 0.205735 0.192467 0.201634 0.208677
3668750 0.197992 0.214634 0.206669 0.0 0.0 0.0 0.198927 0.215038 0.211532 0.197096 0.214371 0.201993
3668750 0.195217 0.201177 0.212365 0.0 0.0 0.0 0.192467 0.201634 0.208677 0.197469 0.200922 0.215384
3668750 0.196853 0.209781 0.218628 0.0 0.0 0.0 0.193277 0.208172 0.21513 0.199486 0.211077 0.221203
3668750 0.196663 0.202381 0.218879 0.0 0.0 0.0 0.195679 0.204316 0.223169 0.197469 0.200922 0.215384
3668750 0.188581 0.215072 0.200906 0.0 0.0 0.0 0.18694 0.210921 0.205735 0.189734 0.218094 0.197515
3668750 0.189786 0.216803 0.205962 0.0 0.0 0.0 0.191852 0.221182 0.206128 0.18694 0.210921 0.205735
3668750 0.195322 0.218106 0.208778 0.0 0.0 0.0 0.198927 0.215038 0.211532 0.191852 0.221182 0.206128
3668750 0.199388 0.21703 0.216036 0.0 0.0 0.0 0.198927 0.215038 0.211532 0.199817 0.218994 0.220201
3668750 0.194467 0.216218 0.21347 0.0 0.0 0.0 0.198927 0.215038 0.211532 0.189315 0.21772 0.215713
3668750 0.203285 0.212687 0.210923 0.0 0.0 0.0 0.198927 0.215038 0.211532 0.208192 0.210181 0.21024
3668750 0.198454 0.207021 0.216108 0.0 0.0 0.0 0.193277 0.208172 0.21513 0.202815 0.206173 0.216935
3668750 0.200862 0.215439 0.199133 0.0 0.0 0.0 0.197096 0.214371 0.201993 0.203462 0.216282 0.197162
3668750 0.202151 0.216671 0.208064 0.0 0.0 0.0 0.198927 0.215038 0.211532 0.205195 0.218334 0.204796
3668750 0.19954 0.205255 0.219793 0.0 0.0 0.0 0.202815 0.206173 0.216935 0.195679 0.204316 0.223169
3668750 0.189726 0.217306 0.192943 0.0 0.0 0.0 0.18972 0.21664 0.188341 0.189734 0.218094 0.197515
3668750 0.195151 0.218364 0.218205 0.0 0.0 0.0 0.199817 0.218994 0.220201 0.189315 0.21772 0.215713
3668750 0.20597 0.201486 0.185688 0.0 0.0 0.0 0.205265 0.203762 0.188363 0.207431 0.196982 0.180155
3668750 0.2126 0.199038 0.195927 0.0 0.0 0.0 0.208745 0.200996 0.197929 0.215118 0.19787 0.194621
3668750 0.201797 0.198496 0.202213 0.0 0.0 0.0 0.201818 0.202679 0.205581 0.20178 0.195054 0.199346
3668750 0.216278 0.199669 0.196816 0.0 0.0 0.0 0.218007 0.202511 0.200082 0.215118 0.19787 0.194621
3668750 0.211854 0.197184 0.199618 0.0 0.0 0.0 0.208745 0.200996 0.197929 0.215392 0.19299 0.20154
3668750 0.209182 0.199901 0.205982 0.0 0.0 0.0 0.210209 0.203355 0.205265 0.20778 0.195328 0.206967
3668750 0.207175 0.204255 0.212115 0.0 0.0 0.0 0.208192 0.210181 0.21024 0.20646 0.200177 0.213443
3668750 0.208208 0.201324 0.21676 0.0 0.0 0.0 0.210673 0.203095 0.22143 0.20646 0.200177 0.213443
3668750 0.207244 0.209615 0.184778 0.0 0.0 0.0 0.20799 0.206705 0.183051 0.205863 0.215199 0.187981
3668750 0.211276 0.212604 0.184724 0.0 0.0 0.0 0.205863 0.215199 0.187981 0.215268 0.210804 0.182323
3668750 0.207286 0.213157 0.182127 0.0 0.0 0.0 0.205863 0.215199 0.187981 0.208077 0.212127 0.178888
3668750 0.213511 0.213604 0.193297 0.0 0.0 0.0 0.215441 0.213584 0.190146 0.211248 0.213766 0.196995
3668750 0.212111 0.204746 0.196407 0.0 0.0 0.0 0.208745 0.200996 0.197929 0.214263 0.207246 0.195434
3668750 0.209586 0.210179 0.194856 0.0 0.0 0.0 0.20831 0.207527 0.193206 0.211248 0.213766 0.196995
3668750 0.206772 0.205563 0.190763 0.0 0.0 0.0 0.20831 0.207527 0.193206 0.205265 0.203762 0.188363
3668750 0.210444 0.205746 0.191297 0.0 0.0 0.0 0.20831 0.207527 0.193206 0.213799 0.203117 0.188297
3668750 0.20855 0.203448 0.188337 0.0 0.0 0.0 0.205265 0.203762 0.188363 0.213799 0.203117 0.188297
3668750 0.211144 0.201938 0.193356 0.0 0.0 0.0 0.208745 0.200996 0.197929 0.213799 0.203117 0.188297
3668750 0.212881 0.207345 0.198215 0.0 0.0 0.0 0.214263 0.207246 0.195434 0.211516 0.207569 0.200997
3668750 0.211396 0.210056 0.199352 0.0 0.0 0.0 0.211248 0.213766 0.196995 0.211516 0.207569 0.200997
3668750 0.205479 0.201724 0.201533 0.0 0.0 0.0 0.208745 0.200996 0.197929 0.201818 0.202679 0.205581
3668750 0.214274 0.217116 0.191736 0.0 0.0 0.0 0.215441 0.213584 0.190146 0.213029 0.221029 0.193435
3668750 0.206818 0.215134 0.197091 0.0 0.0 0.0 0.203462 0.216282 0.197162 0.211248 0.213766 0.196995
3668750 0.213441 0.201699 0.199021 0.0 0.0 0.0 0.218007 0.202511 0.200082 0.208745 0.200996 0.197929
3668750 0.214353 0.212816 0.200065 0.0 0.0 0.0 0.218243 0.211773 0.203903 0.211248 0.213766 0.196995
3668750 0.217216 0.21505 0.193001 0.0 0.0 0.0 0.21911 0.21674 0.196035 0.215441 0.213584 0.190146
3668750 0.215372 0.215263 0.196492 0.0 0.0 0.0 0.21911 0.21674 0.196035 0.211248 0.213766 0.196995
3668750 0.208661 0.208694 0.201081 0.0 0.0 0.0 0.211516 0.207569 0.200997 0.204879 0.210339 0.201195
3668750 0.21087 0.205465 0.203102 0.0 0.0 0.0 0.210209 0.203355 0.205265 0.211516 0.207569 0.200997
3668750 0.206267 0.210208 0.20499 0.0 0.0 0.0 0.208192 0.210181 0.21024 0.204879 0.210339 0.201195
3668750 0.207337 0.215418 0.212419 0.0 0.0 0.0 0.208192 0.210181 0.21024 0.206658 0.219723 0.214165
3668750 0.205024 0.213978 0.202862 0.0 0.0 0.0 0.205195 0.218334 0.204796 0.204879 0.210339 0.201195
3668750 0.214082 0.205499 0.200634 0.0 0.0 0.0 0.218007 0.202511 0.200082 0.211516 0.207569 0.200997
3668750 0.213925 0.20906 0.202038 0.0 0.0 0.0 0.218243 0.211773 0.203903 0.211516 0.207569 0.200997
3668750 0.213285 0.210922 0.207025 0.0 0.0 0.0 0.208192 0.210181 0.21024 0.218243 0.211773 0.203903
3668750 0.212818 0.210444 0.213335 0.0 0.0 0.0 0.208192 0.210181 0.21024 0.217824 0.210863 0.216683
3668750 0.204883 0.20909 0.218409 0.0 0.0 0.0 0.202815 0.206173 0.216935 0.207415 0.212799 0.220215
3668750 0.206056 0.204837 0.218789 0.0 0.0 0.0 0.202815 0.206173 0.216935 0.210673 0.203095 0.22143
3668750 0.204175 0.217066 0.200314 0.0 0.0 0.0 0.205195 0.218334 0.204796 0.203462 0.216282 0.197162
3668750 0.216036 0.21649 0.202585 0.0 0.0 0.0 0.214341 0.22024 0.201571 0.218243 0.211773 0.203903
3668750 0.217446 0.201244 0.204739 0.0 0.0 0.0 0.218007 0.202511 0.200082 0.216659 0.199614 0.211315
