# ts x y z Fx Fy Fz x1 y1 z1 x2 y2 z2
5806250 0.183428 0.193416 0.197034 -10.96 8.41372 5.24285 0.187199 0.19128 0.19581 0.180663 0.194981 0.197931
5806250 0.188984 0.199699 0.198044 -14.8921 10.5303 -3.89591 0.192876 0.197527 0.199578 0.184844 0.202009 0.196413
5806250 0.198242 0.186741 0.183312 -3.10532 -12.5546 -8.52421 0.199578 0.189666 0.185631 0.197117 0.184278 0.181359
5806250 0.194095 0.178666 0.190226 -3.43423 -10.9843 7.29493 0.195694 0.181658 0.188079 0.192705 0.176066 0.192092
5806250 0.185962 0.179337 0.191146 0.802299 4.04083 2.21092 0.185749 0.176593 0.1892 0.186233 0.182823 0.193617
5806250 0.192951 0.184472 0.187251 -1.27933 1.82856 -0.459749 0.195694 0.181658 0.188079 0.189212 0.188309 0.186122
5806250 0.198026 0.182812 0.191137 8.88639 3.66017 8.33831 0.195694 0.181658 0.188079 0.200926 0.184248 0.19494
5806250 0.188218 0.18021 0.214162 13.8068 15.2286 8.55735 0.185279 0.177737 0.212082 0.191801 0.183224 0.216699
5806250 0.19776 0.190709 0.188997 -7.88372 8.25043 21.5028 0.199578 0.189666 0.185631 0.195689 0.191896 0.192829
5806250 0.192464 0.194659 0.191295 -10.9773 6.98775 -3.50647 0.195689 0.191896 0.192829 0.189464 0.19723 0.189867
5806250 0.196695 0.194995 0.189701 -0.527418 -5.6565 5.55425 0.197773 0.198319 0.186347 0.195689 0.191896 0.192829
5806250 0.194313 0.194651 0.196131 8.33245 -11.1254 -12.3583 0.192876 0.197527 0.199578 0.195689 0.191896 0.192829
5806250 0.192669 0.198451 0.204197 -0.466091 4.43801 11.9355 0.192876 0.197527 0.199578 0.192466 0.19935 0.208692
5806250 0.198176 0.188264 0.193831 -11.4965 24.4642 -5.58329 0.200926 0.184248 0.19494 0.195689 0.191896 0.192829
5806250 0.202483 0.191515 0.183662 15.1446 10.0091 -6.86563 0.199578 0.189666 0.185631 0.20745 0.194677 0.180295
5806250 0.203099 0.188894 0.187288 1.82202 -0.281146 1.20743 0.199578 0.189666 0.185631 0.206808 0.188081 0.189034
5806250 0.199175 0.20164 0.183112 1.55009 5.54102 -3.99949 0.197773 0.198319 0.186347 0.200557 0.204914 0.179923
5806250 0.18916 0.196389 0.209856 9.88435 12.2452 -4.67072 0.186258 0.19379 0.210877 0.192466 0.19935 0.208692
5806250 0.199624 0.189258 0.216437 -0.737883 -4.86955 9.46444 0.200692 0.191264 0.212224 0.198839 0.187781 0.219538
5806250 0.200788 0.179847 0.192584 0.443075 -5.32255 -2.07931 0.200926 0.184248 0.19494 0.200693 0.176819 0.190964
5806250 0.210235 0.18266 0.192357 5.83023 6.20274 6.01631 0.207692 0.179864 0.190497 0.212704 0.185374 0.194162
5806250 0.202107 0.18153 0.198957 7.30207 -9.07699 15.7348 0.200926 0.184248 0.19494 0.203015 0.179441 0.202044
5806250 0.204313 0.185335 0.198442 13.0292 5.83535 10.6888 0.200926 0.184248 0.19494 0.207076 0.186222 0.201299
5806250 0.211192 0.189176 0.194171 0.0982948 -0.221707 -0.0381522 0.210056 0.192033 0.194177 0.212704 0.185374 0.194162
5806250 0.214238 0.187955 0.191384 -2.24281 -6.25264 5.39111 0.21606 0.191021 0.188081 0.212704 0.185374 0.194162
5806250 0.205888 0.179184 0.204574 -13.721 4.22292 -12.2953 0.20895 0.178911 0.207269 0.203015 0.179441 0.202044
5806250 0.206763 0.185979 0.205351 -1.02535 1.96239 -15.2801 0.206509 0.185781 0.208637 0.207076 0.186222 0.201299
5806250 0.208078 0.184164 0.211051 6.7419 -4.77527 7.40454 0.206509 0.185781 0.208637 0.209507 0.182691 0.213248
5806250 0.204151 0.184139 0.210264 -12.42 -8.64276 5.63417 0.206509 0.185781 0.208637 0.200831 0.181827 0.212554
5806250 0.210679 0.188118 0.201411 -12.3572 -5.75602 -2.46212 0.215442 0.190624 0.201559 0.207076 0.186222 0.201299
5806250 0.207072 0.188947 0.207884 0.148951 9.62968 -2.56095 0.206509 0.185781 0.208637 0.207798 0.193028 0.206914
5806250 0.205257 0.195699 0.198691 -7.03637 -7.4668 2.86946 0.20881 0.198747 0.197971 0.201861 0.192786 0.199379
5806250 0.208679 0.190358 0.191997 -0.337591 -0.410694 -0.738454 0.210056 0.192033 0.194177 0.206808 0.188081 0.189034
5806250 0.212581 0.193772 0.194412 0.554273 0.392668 -0.0555801 0.210056 0.192033 0.194177 0.215121 0.195521 0.194648
5806250 0.209565 0.194675 0.195671 -0.0649043 0.545275 0.206579 0.210056 0.192033 0.194177 0.20881 0.198747 0.197971
5806250 0.218033 0.194498 0.194832 -8.16244 1.60238 -1.06483 0.221909 0.193136 0.195076 0.215121 0.195521 0.194648
5806250 0.211173 0.191966 0.20455 -25.6947 11.4579 14.122 0.215442 0.190624 0.201559 0.207798 0.193028 0.206914
5806250 0.217311 0.186757 0.204804 -8.80069 18.4182 -10.846 0.218985 0.183295 0.207709 0.215442 0.190624 0.201559
5806250 0.207069 0.191901 0.218584 12.5305 -10.7543 -4.29321 0.203895 0.193998 0.22001 0.210788 0.189443 0.216913
5806250 0.207096 0.195505 0.210303 2.87357 -10.3181 -10.2302 0.206446 0.197798 0.213441 0.207798 0.193028 0.206914
5806250 0.20519 0.195927 0.216676 0.506434 1.41104 -1.89585 0.203895 0.193998 0.22001 0.206446 0.197798 0.213441
5806250 0.203806 0.182479 0.216065 13.5494 0.075612 18.8564 0.200831 0.181827 0.212554 0.206014 0.182962 0.218672
5806250 0.194614 0.191109 0.206845 7.45054 11.2989 -5.88587 0.192019 0.18834 0.208658 0.196711 0.193347 0.20538
5806250 0.189076 0.191124 0.209792 -6.09026 4.85608 3.38617 0.192019 0.18834 0.208658 0.186258 0.19379 0.210877
5806250 0.208877 0.185939 0.186102 -0.505635 0.784087 0.801242 0.211552 0.183167 0.18231 0.206808 0.188081 0.189034
5806250 0.191923 0.186082 0.212206 -1.74595 -10.9088 12.8538 0.192019 0.18834 0.208658 0.191801 0.183224 0.216699
5806250 0.199193 0.179854 0.196564 -0.249946 -0.896972 0.196684 0.200926 0.184248 0.19494 0.198071 0.17701 0.197615
5806250 0.195659 0.180307 0.218928 -12.4892 11.5428 -5.31247 0.199195 0.177635 0.220972 0.191801 0.183224 0.216699
5806250 0.211212 0.180134 0.204093 -14.3981 -11.7936 18.9567 0.213386 0.181309 0.201041 0.20895 0.178911 0.207269
5806250 0.181838 0.199056 0.193697 3.98471 4.97031 5.35937 0.180015 0.197266 0.19205 0.184844 0.202009 0.196413
5806250 0.219107 0.192047 0.197885 -27.0344 -14.2161 21.7742 0.221909 0.193136 0.195076 0.215442 0.190624 0.201559
5806250 0.205378 0.191776 0.190365 0.106957 -0.385132 -0.0798217 0.204041 0.195226 0.191608 0.206808 0.188081 0.189034
5806250 0.216828 0.195764 0.200754 -0.674279 -4.6535 1.23722 0.218012 0.200156 0.200066 0.215442 0.190624 0.201559
5806250 0.215722 0.203068 0.19734 -3.97116 6.70335 -4.46242 0.218012 0.200156 0.200066 0.214217 0.204982 0.195548
5806250 0.215153 0.186055 0.208684 -0.00698572 0.00689837 0.00157363 0.218985 0.183295 0.207709 0.212617 0.187883 0.209329
5806250 0.210288 0.183721 0.201167 -6.14441 5.8385 -0.785234 0.213386 0.181309 0.201041 0.207076 0.186222 0.201299
5806250 0.217263 0.17899 0.206387 -1.48302 -3.89665 -0.502527 0.218985 0.183295 0.207709 0.215991 0.17581 0.205411
5806250 0.211048 0.19817 0.184866 1.75109 2.56854 2.58455 0.20745 0.194677 0.180295 0.213825 0.200867 0.188395
5806250 0.210302 0.197597 0.212645 1.12981 -0.190282 -0.105967 0.206446 0.197798 0.213441 0.216653 0.197265 0.211334
5806250 0.203032 0.194097 0.195205 -0.0558972 -0.174166 0.464494 0.204041 0.195226 0.191608 0.201861 0.192786 0.199379
5806250 0.201245 0.196606 0.18926 0.100945 -0.0727965 0.0788636 0.197773 0.198319 0.186347 0.204041 0.195226 0.191608
5806250 0.204743 0.198659 0.189888 0.0108259 0.436977 -0.214818 0.204041 0.195226 0.191608 0.205333 0.201544 0.188442
5806250 0.213052 0.183301 0.197671 0.335317 2.29402 -3.94324 0.213386 0.181309 0.201041 0.212704 0.185374 0.194162
5806250 0.194459 0.201725 0.20103 2.38289 6.06949 1.01754 0.192876 0.197527 0.199578 0.195485 0.204446 0.201971
5806250 0.196748 0.183112 0.205741 -0.225433 -0.354632 0.0794792 0.199502 0.186229 0.204791 0.193628 0.179582 0.206816
5806250 0.203377 0.186225 0.203005 0.387176 -0.0418277 -0.124058 0.199502 0.186229 0.204791 0.207076 0.186222 0.201299
5806250 0.200063 0.188601 0.208293 -0.0244733 -0.0642396 -0.137291 0.200692 0.191264 0.212224 0.199502 0.186229 0.204791
5806250 0.204596 0.18187 0.19253 -10.1181 4.21774 5.85291 0.207692 0.179864 0.190497 0.200926 0.184248 0.19494
5806250 0.21688 0.181833 0.199326 -28.4745 -1.80708 9.27652 0.222582 0.182687 0.196528 0.213386 0.181309 0.201041
5806250 0.212275 0.182574 0.214417 12.0797 -2.56561 5.87119 0.209507 0.182691 0.213248 0.215979 0.182417 0.21598
5806250 0.196265 0.200052 0.197484 0.675978 0.694609 -0.403115 0.192876 0.197527 0.199578 0.200086 0.202901 0.195121
5806250 0.202424 0.192743 0.216436 3.68575 2.17612 5.92821 0.200692 0.191264 0.212224 0.203895 0.193998 0.22001
5806250 0.194119 0.200648 0.184181 -1.29647 0.629147 -0.518681 0.197773 0.198319 0.186347 0.191379 0.202393 0.182558
5806250 0.215238 0.193734 0.197169 -1.79462 5.06952 -8.15989 0.215442 0.190624 0.201559 0.215121 0.195521 0.194648
5806250 0.186704 0.200133 0.188594 -1.61702 1.38038 -0.983676 0.189464 0.19723 0.189867 0.183971 0.203009 0.187333
5806250 0.194554 0.182138 0.181426 4.75094 2.82896 -0.127959 0.191399 0.179503 0.181508 0.197117 0.184278 0.181359
5806250 0.201543 0.179905 0.18388 0.227898 0.795898 0.260323 0.199511 0.175457 0.182693 0.202962 0.183012 0.18471
5806250 0.196957 0.19634 0.218242 -0.0 -0.0 -0.0 0.1964 0.194239 0.220989 0.197554 0.198592 0.215298
5806250 0.198933 0.195372 0.213947 -0.00284076 0.00544054 0.00141953 0.200692 0.191264 0.212224 0.197554 0.198592 0.215298
5806250 0.204719 0.185328 0.186685 0.541736 0.8483 0.491559 0.202962 0.183012 0.18471 0.206808 0.188081 0.189034
5806250 0.20795 0.178932 0.194597 -0.0499724 -0.835599 2.22549 0.207692 0.179864 0.190497 0.208138 0.178255 0.197577
5806250 0.210436 0.179592 0.199094 1.46129 1.25258 1.16636 0.208138 0.178255 0.197577 0.213386 0.181309 0.201041
5806250 0.183657 0.192194 0.208247 4.11919 1.98347 5.2341 0.180585 0.19031 0.205142 0.186258 0.19379 0.210877
5806250 0.188371 0.194359 0.192735 0.354335 1.54552 -1.16373 0.187199 0.19128 0.19581 0.189464 0.19723 0.189867
5806250 0.21327 0.192753 0.214552 2.8283 5.54955 -3.17219 0.210788 0.189443 0.216913 0.216653 0.197265 0.211334
5806250 0.182323 0.197772 0.197328 1.45351 3.4194 -1.03894 0.180663 0.194981 0.197931 0.184844 0.202009 0.196413
5806250 0.185943 0.196149 0.187846 10.1308 4.97295 7.46766 0.182646 0.195136 0.185953 0.189464 0.19723 0.189867
5806250 0.195105 0.195098 0.202949 5.90038 -4.20335 8.58899 0.192876 0.197527 0.199578 0.196711 0.193347 0.20538
5806250 0.204128 0.186335 0.191724 0.0 0.0 0.0 0.200926 0.184248 0.19494 0.206808 0.188081 0.189034
5806250 0.214984 0.195761 0.188233 -0.107136 1.62335 0.0863134 0.21606 0.191021 0.188081 0.213825 0.200867 0.188395
5806250 0.204454 0.192198 0.209413 8.23167 3.84988 -6.38996 0.200692 0.191264 0.212224 0.207798 0.193028 0.206914
5806250 0.197949 0.190189 0.205119 -0.0131483 0.0543902 0.008992 0.199502 0.186229 0.204791 0.196711 0.193347 0.20538
5806250 0.189354 0.193356 0.188241 -0.0950563 0.719037 0.360807 0.189212 0.188309 0.186122 0.189464 0.19723 0.189867
5806250 0.207248 0.18399 0.189763 -0.00253842 0.0182458 -0.000361875 0.207692 0.179864 0.190497 0.206808 0.188081 0.189034
5806250 0.215991 0.193634 0.205991 -0.0522311 -0.728175 -0.787048 0.216653 0.197265 0.211334 0.215442 0.190624 0.201559
5806250 0.196037 0.185967 0.218407 0.904868 0.789499 0.526163 0.191801 0.183224 0.216699 0.198839 0.187781 0.219538
5806250 0.211883 0.188509 0.212371 0.0 -0.0 0.0 0.212617 0.187883 0.209329 0.210788 0.189443 0.216913
5806250 0.210553 0.190109 0.208295 0.0 0.0 0.0 0.212617 0.187883 0.209329 0.207798 0.193028 0.206914
5806250 0.182738 0.182275 0.196027 -5.73137 0.178558 4.31577 0.186233 0.182823 0.193617 0.177755 0.181494 0.199464
5806250 0.187541 0.18523 0.190328 1.93822 6.9225 -7.69683 0.186233 0.182823 0.193617 0.189212 0.188309 0.186122
5806250 0.198365 0.192482 0.208222 -4.81425 4.5865 -9.52901 0.200692 0.191264 0.212224 0.196711 0.193347 0.20538
5806250 0.212628 0.196795 0.195961 5.46505 -3.97865 -2.63595 0.20881 0.198747 0.197971 0.215121 0.195521 0.194648
5806250 0.183322 0.190248 0.193761 -3.68795 -1.37935 -2.73326 0.187199 0.19128 0.19581 0.179183 0.189147 0.191574
5806250 0.206346 0.183073 0.183764 -0.984324 -0.109818 0.424237 0.211552 0.183167 0.18231 0.202962 0.183012 0.18471
5806250 0.209616 0.18685 0.208989 -0.0 0.0 -0.0 0.206509 0.185781 0.208637 0.212617 0.187883 0.209329
5806250 0.185089 0.191615 0.204262 0.0 0.0 0.0 0.180585 0.19031 0.205142 0.188214 0.192435 0.203643
5806250 0.189881 0.190686 0.205851 0.0 0.0 0.0 0.192019 0.18834 0.208658 0.188214 0.192435 0.203643
5806250 0.189835 0.186639 0.205491 -9.95124 -5.6963 -10.2422 0.192019 0.18834 0.208658 0.187492 0.184813 0.202091
5806250 0.183352 0.183402 0.200974 15.1912 7.97353 3.49821 0.177755 0.181494 0.199464 0.187492 0.184813 0.202091
5806250 0.190273 0.181891 0.200063 -2.53273 3.18463 2.81403 0.192282 0.17978 0.198598 0.187492 0.184813 0.202091
5806250 0.191439 0.191588 0.194321 16.4254 3.84739 -4.94824 0.187199 0.19128 0.19581 0.195689 0.191896 0.192829
5806250 0.187346 0.18805 0.198947 1.1756 -4.29474 4.4159 0.187199 0.19128 0.19581 0.187492 0.184813 0.202091
5806250 0.192761 0.190275 0.189797 7.21612 3.82704 5.32857 0.189212 0.188309 0.186122 0.195689 0.191896 0.192829
5806250 0.198771 0.192341 0.1961 7.35059 0.221789 10.3182 0.195689 0.191896 0.192829 0.201861 0.192786 0.199379
5806250 0.205865 0.178781 0.199559 -0.876843 0.408592 0.827872 0.208138 0.178255 0.197577 0.203015 0.179441 0.202044
5806250 0.209271 0.181089 0.210715 -1.36358 -5.28862 -6.29981 0.209507 0.182691 0.213248 0.20895 0.178911 0.207269
5806250 0.213886 0.18764 0.197355 1.20588 4.77965 7.2484 0.212704 0.185374 0.194162 0.215442 0.190624 0.201559
5806250 0.196471 0.183088 0.184411 6.17084 5.8068 -15.7374 0.195694 0.181658 0.188079 0.197117 0.184278 0.181359
5806250 0.190456 0.182286 0.204374 -7.46455 7.66991 -4.4607 0.193628 0.179582 0.206816 0.187492 0.184813 0.202091
5806250 0.186846 0.183791 0.197741 0.788077 3.00923 7.45409 0.186233 0.182823 0.193617 0.187492 0.184813 0.202091
5806250 0.185026 0.182068 0.211555 0.000974473 0.0101096 -0.000832439 0.185279 0.177737 0.212082 0.184806 0.185814 0.2111
5806250 0.190108 0.184273 0.194722 -0.0349479 -0.0186116 -0.0148645 0.192918 0.185325 0.195524 0.186233 0.182823 0.193617
5806250 0.193365 0.187213 0.19795 0.000528359 0.00446314 0.00425218 0.192918 0.185325 0.195524 0.193855 0.189278 0.200603
5806250 0.195988 0.184912 0.1953 0.0499593 -0.012975 -0.00921717 0.192918 0.185325 0.195524 0.200926 0.184248 0.19494
5806250 0.191123 0.187361 0.201242 0.00172682 0.00166364 -0.000352886 0.187492 0.184813 0.202091 0.193855 0.189278 0.200603
5806250 0.196358 0.187926 0.20246 -0.00492301 0.00352837 -0.00302948 0.199502 0.186229 0.204791 0.193855 0.189278 0.200603
5806250 0.192326 0.19042 0.212304 -0.00214477 0.0318525 0.043664 0.192019 0.18834 0.208658 0.192587 0.192185 0.215396
5806250 0.210392 0.202786 0.199869 1.04512 4.63384 2.55768 0.20881 0.198747 0.197971 0.211404 0.205368 0.201082
5806250 0.19892 0.193106 0.202806 -6.42055 2.20475 7.06595 0.201861 0.192786 0.199379 0.196711 0.193347 0.20538
5806250 0.216283 0.197384 0.196826 -0.286561 -0.563407 -0.467608 0.218012 0.200156 0.200066 0.215121 0.195521 0.194648
5806250 0.197298 0.180726 0.20974 -12.9187 -7.01646 -12.2032 0.200831 0.181827 0.212554 0.193628 0.179582 0.206816
5806250 0.204607 0.18933 0.20039 3.62529 -5.93436 0.857113 0.201861 0.192786 0.199379 0.207076 0.186222 0.201299
5806250 0.181905 0.201078 0.200367 4.20302 2.6445 -7.0292 0.178854 0.200111 0.204472 0.184844 0.202009 0.196413
5806250 0.194512 0.193222 0.21822 -0.00862852 -0.00228984 -0.0102871 0.1964 0.194239 0.220989 0.192587 0.192185 0.215396
5806250 0.20788 0.182817 0.215774 -6.86926 -1.38628 9.99328 0.209507 0.182691 0.213248 0.206014 0.182962 0.218672
5806250 0.194047 0.188002 0.194426 0.0 -0.0 -0.0 0.192918 0.185325 0.195524 0.195689 0.191896 0.192829
5806250 0.199965 0.183661 0.182992 -1.25797 0.27054 -1.01808 0.202962 0.183012 0.18471 0.197117 0.184278 0.181359
5806250 0.209788 0.186713 0.191625 -1.69788 1.16407 -1.37856 0.212704 0.185374 0.194162 0.206808 0.188081 0.189034
5806250 0.182555 0.181673 0.191329 0.0 0.0 0.0 0.186233 0.182823 0.193617 0.178591 0.180128 0.188865
5806250 0.18063 0.193209 0.200886 0.0 0.0 0.0 0.180585 0.19031 0.205142 0.180663 0.194981 0.197931
5806250 0.182911 0.185946 0.192654 0.0 0.0 0.0 0.186233 0.182823 0.193617 0.179183 0.189147 0.191574
5806250 0.183873 0.188898 0.189024 0.0 0.0 0.0 0.189212 0.188309 0.186122 0.179183 0.189147 0.191574
5806250 0.182934 0.187954 0.208462 0.0 0.0 0.0 0.180585 0.19031 0.205142 0.184806 0.185814 0.2111
5806250 0.184126 0.187634 0.203576 0.0 0.0 0.0 0.180585 0.19031 0.205142 0.187492 0.184813 0.202091
5806250 0.198071 0.180906 0.181887 0.0 0.0 0.0 0.199511 0.175457 0.182693 0.197117 0.184278 0.181359
5806250 0.193575 0.180741 0.184829 0.0 0.0 0.0 0.195694 0.181658 0.188079 0.191399 0.179503 0.181508
5806250 0.197391 0.179053 0.185685 0.0 0.0 0.0 0.195694 0.181658 0.188079 0.199511 0.175457 0.182693
5806250 0.194122 0.18595 0.18316 0.0 0.0 0.0 0.189212 0.188309 0.186122 0.197117 0.184278 0.181359
5806250 0.190461 0.183425 0.183483 0.0 0.0 0.0 0.189212 0.188309 0.186122 0.191399 0.179503 0.181508
5806250 0.186167 0.179033 0.195328 0.0 0.0 0.0 0.186233 0.182823 0.193617 0.18609 0.174062 0.197432
5806250 0.189666 0.18124 0.196445 0.0 0.0 0.0 0.186233 0.182823 0.193617 0.192282 0.17978 0.198598
5806250 0.192825 0.179847 0.201914 0.0 0.0 0.0 0.192282 0.17978 0.198598 0.193628 0.179582 0.206816
5806250 0.197653 0.185832 0.186846 0.0 0.0 0.0 0.195694 0.181658 0.188079 0.199578 0.189666 0.185631
5806250 0.186703 0.187088 0.194683 0.0 0.0 0.0 0.187199 0.19128 0.19581 0.186233 0.182823 0.193617
5806250 0.192611 0.18276 0.197019 0.0 0.0 0.0 0.192918 0.185325 0.195524 0.192282 0.17978 0.198598
5806250 0.199574 0.182527 0.186277 0.0 0.0 0.0 0.195694 0.181658 0.188079 0.202962 0.183012 0.18471
5806250 0.198392 0.179198 0.18963 0.0 0.0 0.0 0.195694 0.181658 0.188079 0.200693 0.176819 0.190964
5806250 0.189242 0.178765 0.209583 0.0 0.0 0.0 0.185279 0.177737 0.212082 0.193628 0.179582 0.206816
5806250 0.194182 0.178877 0.214918 0.0 0.0 0.0 0.195648 0.175961 0.213815 0.191801 0.183224 0.216699
5806250 0.192758 0.181464 0.21152 0.0 0.0 0.0 0.191801 0.183224 0.216699 0.193628 0.179582 0.206816
5806250 0.192765 0.18441 0.207802 0.0 0.0 0.0 0.192019 0.18834 0.208658 0.193628 0.179582 0.206816
5806250 0.187707 0.184891 0.213424 0.0 0.0 0.0 0.191801 0.183224 0.216699 0.184806 0.185814 0.2111
5806250 0.192276 0.188728 0.215923 0.0 0.0 0.0 0.191801 0.183224 0.216699 0.192587 0.192185 0.215396
5806250 0.196623 0.182625 0.214488 0.0 0.0 0.0 0.200831 0.181827 0.212554 0.191801 0.183224 0.216699
5806250 0.200033 0.17993 0.216664 0.0 0.0 0.0 0.199195 0.177635 0.220972 0.200831 0.181827 0.212554
5806250 0.20319 0.180906 0.219627 0.0 0.0 0.0 0.199195 0.177635 0.220972 0.206014 0.182962 0.218672
5806250 0.198298 0.190131 0.181566 0.0 0.0 0.0 0.199578 0.189666 0.185631 0.197137 0.190276 0.177902
5806250 0.197864 0.197708 0.181485 0.0 0.0 0.0 0.197919 0.19706 0.178227 0.197773 0.198319 0.186347
5806250 0.190587 0.187894 0.195633 0.0 0.0 0.0 0.192918 0.185325 0.195524 0.187199 0.19128 0.19581
5806250 0.195225 0.189239 0.185835 0.0 0.0 0.0 0.199578 0.189666 0.185631 0.189212 0.188309 0.186122
5806250 0.188109 0.190082 0.191434 0.0 0.0 0.0 0.187199 0.19128 0.19581 0.189212 0.188309 0.186122
5806250 0.198768 0.193704 0.185952 0.0 0.0 0.0 0.197773 0.198319 0.186347 0.199578 0.189666 0.185631
5806250 0.189974 0.194473 0.19765 0.0 0.0 0.0 0.187199 0.19128 0.19581 0.192876 0.197527 0.199578
5806250 0.191074 0.19751 0.194442 0.0 0.0 0.0 0.192876 0.197527 0.199578 0.189464 0.19723 0.189867
5806250 0.193326 0.197876 0.18823 0.0 0.0 0.0 0.197773 0.198319 0.186347 0.189464 0.19723 0.189867
5806250 0.190708 0.185255 0.198192 0.0 0.0 0.0 0.192918 0.185325 0.195524 0.187492 0.184813 0.202091
5806250 0.190998 0.190273 0.198538 0.0 0.0 0.0 0.187199 0.19128 0.19581 0.193855 0.189278 0.200603
5806250 0.187779 0.192111 0.200359 0.0 0.0 0.0 0.187199 0.19128 0.19581 0.188214 0.192435 0.203643
5806250 0.194646 0.190535 0.197261 0.0 0.0 0.0 0.195689 0.191896 0.192829 0.193855 0.189278 0.200603
5806250 0.193449 0.192864 0.20017 0.0 0.0 0.0 0.192876 0.197527 0.199578 0.193855 0.189278 0.200603
5806250 0.190132 0.194529 0.201971 0.0 -0.0 0.0 0.192876 0.197527 0.199578 0.188214 0.192435 0.203643
5806250 0.190495 0.200142 0.185943 0.0 0.0 0.0 0.189464 0.19723 0.189867 0.191379 0.202393 0.182558
5806250 0.186086 0.196499 0.196094 0.0 0.0 0.0 0.187199 0.19128 0.19581 0.184844 0.202009 0.196413
5806250 0.18736 0.199549 0.19285 0.0 0.0 0.0 0.189464 0.19723 0.189867 0.184844 0.202009 0.196413
5806250 0.194663 0.202239 0.188241 0.0 0.0 0.0 0.197773 0.198319 0.186347 0.191777 0.205597 0.189998
5806250 0.198876 0.200503 0.190529 0.100653 0.295634 0.396239 0.197773 0.198319 0.186347 0.200086 0.202901 0.195121
5806250 0.201375 0.186283 0.185138 0.0 0.0 0.0 0.199578 0.189666 0.185631 0.202962 0.183012 0.18471
5806250 0.20129 0.187856 0.18167 0.0 0.0 0.0 0.199578 0.189666 0.185631 0.202649 0.186159 0.178542
5806250 0.201807 0.196942 0.183823 0.0 0.0 0.0 0.197773 0.198319 0.186347 0.20745 0.194677 0.180295
5806250 0.201831 0.192612 0.188643 0.0 0.0 0.0 0.204041 0.195226 0.191608 0.199578 0.189666 0.185631
5806250 0.200172 0.193824 0.192172 0.0 0.0 0.0 0.204041 0.195226 0.191608 0.195689 0.191896 0.192829
5806250 0.197461 0.195248 0.199476 0.0 0.0 0.0 0.192876 0.197527 0.199578 0.201861 0.192786 0.199379
5806250 0.202283 0.200382 0.187595 0.0 0.0 0.0 0.197773 0.198319 0.186347 0.205333 0.201544 0.188442
5806250 0.197087 0.199015 0.202429 0.0 0.0 0.0 0.192876 0.197527 0.199578 0.201827 0.200396 0.205638
5806250 0.186027 0.185507 0.206994 0.0 0.0 0.0 0.187492 0.184813 0.202091 0.184806 0.185814 0.2111
5806250 0.188216 0.187158 0.209944 0.0 0.0 0.0 0.192019 0.18834 0.208658 0.184806 0.185814 0.2111
5806250 0.185506 0.189823 0.210992 0.0 0.0 0.0 0.186258 0.19379 0.210877 0.184806 0.185814 0.2111
5806250 0.18791 0.18922 0.202988 -0.000274071 0.00407372 0.000798941 0.187492 0.184813 0.202091 0.188214 0.192435 0.203643
5806250 0.195736 0.187434 0.206738 0.0 0.0 0.0 0.192019 0.18834 0.208658 0.199502 0.186229 0.204791
5806250 0.190989 0.191034 0.202164 0.0 0.0 0.0 0.188214 0.192435 0.203643 0.193855 0.189278 0.200603
5806250 0.193037 0.188994 0.204196 0.0 0.0 0.0 0.192019 0.18834 0.208658 0.193855 0.189278 0.200603
5806250 0.195287 0.191445 0.202986 0.0 0.0 0.0 0.196711 0.193347 0.20538 0.193855 0.189278 0.200603
5806250 0.187326 0.193208 0.206921 0.0 0.0 0.0 0.186258 0.19379 0.210877 0.188214 0.192435 0.203643
5806250 0.189616 0.193077 0.213276 0.0 0.0 0.0 0.186258 0.19379 0.210877 0.192587 0.192185 0.215396
5806250 0.194908 0.19604 0.20679 0.0 0.0 0.0 0.192466 0.19935 0.208692 0.196711 0.193347 0.20538
5806250 0.195018 0.195445 0.215356 0.0 0.0 0.0 0.192587 0.192185 0.215396 0.197554 0.198592 0.215298
5806250 0.195273 0.199073 0.212332 0.0 0.0 0.0 0.192466 0.19935 0.208692 0.197554 0.198592 0.215298
5806250 0.186294 0.196197 0.214368 0.0 0.0 0.0 0.186258 0.19379 0.210877 0.186358 0.199334 0.219428
5806250 0.190228 0.195033 0.21693 0.0 0.0 0.0 0.192587 0.192185 0.215396 0.186358 0.199334 0.219428
5806250 0.200164 0.185459 0.200254 0.0 0.0 0.0 0.200926 0.184248 0.19494 0.199502 0.186229 0.204791
5806250 0.201358 0.182799 0.203346 0.0 0.0 0.0 0.199502 0.186229 0.204791 0.203015 0.179441 0.202044
5806250 0.200142 0.184266 0.208507 0.0 0.0 0.0 0.200831 0.181827 0.212554 0.199502 0.186229 0.204791
5806250 0.20065 0.189551 0.202166 0.0 0.0 0.0 0.199502 0.186229 0.204791 0.201861 0.192786 0.199379
5806250 0.19729 0.190915 0.200074 0.0 0.0 0.0 0.201861 0.192786 0.199379 0.193855 0.189278 0.200603
5806250 0.203455 0.186119 0.206959 0.0 0.0 0.0 0.206509 0.185781 0.208637 0.199502 0.186229 0.204791
5806250 0.196077 0.189851 0.210325 0.0 0.0 0.0 0.192019 0.18834 0.208658 0.200692 0.191264 0.212224
5806250 0.196056 0.191929 0.214044 0.0 0.0 0.0 0.200692 0.191264 0.212224 0.192587 0.192185 0.215396
5806250 0.201901 0.198345 0.214398 0.0 0.0 0.0 0.206446 0.197798 0.213441 0.197554 0.198592 0.215298
5806250 0.200605 0.196529 0.217567 0.0 0.0 0.0 0.203895 0.193998 0.22001 0.197554 0.198592 0.215298
5806250 0.1997 0.18536 0.216527 0.0 0.0 0.0 0.200831 0.181827 0.212554 0.198839 0.187781 0.219538
5806250 0.201189 0.190812 0.219757 0.0 0.0 0.0 0.203895 0.193998 0.22001 0.198839 0.187781 0.219538
5806250 0.202371 0.198613 0.193094 0.0 0.0 0.0 0.204041 0.195226 0.191608 0.200086 0.202901 0.195121
5806250 0.204704 0.200841 0.196629 0.0 0.0 0.0 0.20881 0.198747 0.197971 0.200086 0.202901 0.195121
5806250 0.209387 0.181455 0.186909 0.0 0.0 0.0 0.207692 0.179864 0.190497 0.211552 0.183167 0.18231
5806250 0.205117 0.181726 0.187337 0.0 0.0 0.0 0.207692 0.179864 0.190497 0.202962 0.183012 0.18471
5806250 0.202796 0.184819 0.181445 0.0 0.0 0.0 0.202962 0.183012 0.18471 0.202649 0.186159 0.178542
5806250 0.201419 0.188869 0.197267 0.0 0.0 0.0 0.200926 0.184248 0.19494 0.201861 0.192786 0.199379
5806250 0.205155 0.180424 0.209743 0.0 0.0 0.0 0.200831 0.181827 0.212554 0.20895 0.178911 0.207269
5806250 0.206102 0.1825 0.212978 0.0 0.0 0.0 0.209507 0.182691 0.213248 0.200831 0.181827 0.212554
5806250 0.209474 0.180014 0.214294 0.0 0.0 0.0 0.209507 0.182691 0.213248 0.209392 0.173594 0.216608
5806250 0.204349 0.178593 0.214221 0.0 0.0 0.0 0.200831 0.181827 0.212554 0.209392 0.173594 0.216608
5806250 0.204992 0.182876 0.201682 0.0 0.0 0.0 0.207076 0.186222 0.201299 0.203015 0.179441 0.202044
5806250 0.21426 0.185384 0.201258 0.0 0.0 0.0 0.213386 0.181309 0.201041 0.215442 0.190624 0.201559
5806250 0.208017 0.182722 0.204278 0.0 0.0 0.0 0.20895 0.178911 0.207269 0.207076 0.186222 0.201299
5806250 0.207603 0.182858 0.208026 0.0 0.0 0.0 0.206509 0.185781 0.208637 0.20895 0.178911 0.207269
5806250 0.211018 0.185354 0.211349 0.0 0.0 0.0 0.209507 0.182691 0.213248 0.212617 0.187883 0.209329
5806250 0.200767 0.186621 0.212392 0.0 0.0 0.0 0.200692 0.191264 0.212224 0.200831 0.181827 0.212554
5806250 0.210006 0.185453 0.214669 0.0 0.0 0.0 0.209507 0.182691 0.213248 0.210788 0.189443 0.216913
5806250 0.215907 0.182348 0.204035 0.0 0.0 0.0 0.218985 0.183295 0.207709 0.213386 0.181309 0.201041
5806250 0.207167 0.179919 0.217969 0.0 0.0 0.0 0.206014 0.182962 0.218672 0.209392 0.173594 0.216608
5806250 0.208022 0.185835 0.217934 0.0 0.0 0.0 0.206014 0.182962 0.218672 0.210788 0.189443 0.216913
5806250 0.207056 0.190737 0.1857 0.0 0.0 0.0 0.20745 0.194677 0.180295 0.206808 0.188081 0.189034
5806250 0.205289 0.195167 0.187475 0.0 0.0 0.0 0.204041 0.195226 0.191608 0.20745 0.194677 0.180295
5806250 0.212472 0.192688 0.184828 0.0 0.0 0.0 0.21606 0.191021 0.188081 0.20745 0.194677 0.180295
5806250 0.20741 0.193583 0.193041 0.0 0.0 0.0 0.210056 0.192033 0.194177 0.204041 0.195226 0.191608
5806250 0.206199 0.196957 0.194482 0.0 0.0 0.0 0.204041 0.195226 0.191608 0.20881 0.198747 0.197971
5806250 0.20989 0.185944 0.197736 0.0 0.0 0.0 0.212704 0.185374 0.194162 0.207076 0.186222 0.201299
5806250 0.204925 0.193052 0.203262 0.0 0.0 0.0 0.201861 0.192786 0.199379 0.207798 0.193028 0.206914
5806250 0.212019 0.191665 0.196855 0.0 0.0 0.0 0.210056 0.192033 0.194177 0.215442 0.190624 0.201559
5806250 0.211918 0.195087 0.19965 0.0 0.0 0.0 0.20881 0.198747 0.197971 0.215442 0.190624 0.201559
5806250 0.212113 0.20269 0.196491 0.0 0.0 0.0 0.20881 0.198747 0.197971 0.214217 0.204982 0.195548
5806250 0.211195 0.199893 0.193423 0.0 0.0 0.0 0.20881 0.198747 0.197971 0.213825 0.200867 0.188395
5806250 0.205523 0.199663 0.201586 0.0 0.0 0.0 0.20881 0.198747 0.197971 0.201827 0.200396 0.205638
5806250 0.216557 0.184473 0.19508 0.0 0.0 0.0 0.222582 0.182687 0.196528 0.212704 0.185374 0.194162
5806250 0.211091 0.189582 0.18859 0.0 0.0 0.0 0.21606 0.191021 0.188081 0.206808 0.188081 0.189034
5806250 0.212389 0.191784 0.191811 0.0 0.0 0.0 0.210056 0.192033 0.194177 0.21606 0.191021 0.188081
5806250 0.215492 0.193914 0.192094 0.0 0.0 0.0 0.21606 0.191021 0.188081 0.215121 0.195521 0.194648
5806250 0.213483 0.199603 0.199034 0.0 0.0 0.0 0.218012 0.200156 0.200066 0.20881 0.198747 0.197971
5806250 0.207436 0.189693 0.204044 0.0 0.0 0.0 0.207076 0.186222 0.201299 0.207798 0.193028 0.206914
5806250 0.204138 0.188163 0.210101 0.0 0.0 0.0 0.206509 0.185781 0.208637 0.200692 0.191264 0.212224
5806250 0.203855 0.194989 0.212892 0.0 0.0 0.0 0.200692 0.191264 0.212224 0.206446 0.197798 0.213441
5806250 0.213671 0.189043 0.206439 0.0 0.0 0.0 0.212617 0.187883 0.209329 0.215442 0.190624 0.201559
5806250 0.208417 0.194157 0.215015 0.0 0.0 0.0 0.206446 0.197798 0.213441 0.210788 0.189443 0.216913
5806250 0.201235 0.195734 0.209104 0.0 0.0 0.0 0.200692 0.191264 0.212224 0.201827 0.200396 0.205638
5806250 0.204484 0.199044 0.21012 0.0 0.0 0.0 0.206446 0.197798 0.213441 0.201827 0.200396 0.205638
5806250 0.218707 0.187145 0.199259 0.0 0.0 0.0 0.222582 0.182687 0.196528 0.215442 0.190624 0.201559
5806250 0.21395 0.191114 0.209992 0.0 0.0 0.0 0.212617 0.187883 0.209329 0.216653 0.197265 0.211334
5806250 0.211312 0.194847 0.208664 0.0 0.0 0.0 0.216653 0.197265 0.211334 0.207798 0.193028 0.206914
5806250 0.214032 0.20344 0.20068 0.0 0.0 0.0 0.218012 0.200156 0.200066 0.211404 0.205368 0.201082
5806250 0.217456 0.199099 0.204738 0.0 0.0 0.0 0.218012 0.200156 0.200066 0.216653 0.197265 0.211334
5806250 0.218127 0.204547 0.201838 0.0 0.0 0.0 0.218012 0.200156 0.200066 0.218246 0.209417 0.203929
5806250 0.18316 0.209215 0.193999 -7.49336 -1.80439 -0.579977 0.186402 0.209731 0.193792 0.179395 0.208614 0.194239
5806250 0.182765 0.206104 0.210104 -4.96618 -4.64646 6.74395 0.186943 0.208625 0.205696 0.17991 0.204381 0.213115
5806250 0.189502 0.205463 0.183042 -1.55227 2.91379 0.954026 0.191379 0.202393 0.182558 0.187737 0.208351 0.183497
5806250 0.190583 0.201279 0.18993 -1.21238 -10.7229 0.0732183 0.191777 0.205597 0.189998 0.189464 0.19723 0.189867
5806250 0.192913 0.202589 0.211913 -2.18092 -10.6538 -7.88087 0.193363 0.205859 0.215164 0.192466 0.19935 0.208692
5806250 0.188614 0.210923 0.185563 -1.41252 -5.392 -3.06907 0.189809 0.214425 0.188375 0.187737 0.208351 0.183497
5806250 0.188677 0.207981 0.192186 4.01465 -4.45088 -3.52316 0.186402 0.209731 0.193792 0.191777 0.205597 0.189998
5806250 0.19452 0.208732 0.191646 11.5199 16.2006 5.08191 0.191777 0.205597 0.189998 0.197035 0.211607 0.193158
5806250 0.187795 0.212274 0.195347 1.50365 2.88846 1.13302 0.186402 0.209731 0.193792 0.189751 0.215843 0.197529
5806250 0.197063 0.211837 0.197259 3.1797 -1.36925 25.8207 0.197035 0.211607 0.193158 0.197096 0.212105 0.202019
5806250 0.193364 0.214004 0.199738 -13.0525 9.67833 -7.73599 0.197096 0.212105 0.202019 0.189751 0.215843 0.197529
5806250 0.192112 0.216816 0.185124 -10.3078 -10.7263 10.5378 0.19451 0.219304 0.18174 0.189809 0.214425 0.188375
5806250 0.197512 0.215558 0.192136 1.32746 8.70925 -0.845864 0.197035 0.211607 0.193158 0.198067 0.220144 0.190949
5806250 0.190782 0.217357 0.201767 -5.78785 -5.79898 -13.5966 0.191847 0.218922 0.206147 0.189751 0.215843 0.197529
5806250 0.196048 0.209206 0.213417 6.24959 11.2938 -5.57196 0.193363 0.205859 0.215164 0.198921 0.212788 0.211546
5806250 0.191565 0.210122 0.215411 -2.31574 9.45182 0.536197 0.193363 0.205859 0.215164 0.189341 0.215394 0.215717
5806250 0.203028 0.215195 0.212933 9.72255 6.42645 5.39914 0.198921 0.212788 0.211546 0.206722 0.21736 0.21418
5806250 0.201316 0.209919 0.201611 11.5365 -3.82397 -0.801222 0.197096 0.212105 0.202019 0.204884 0.208071 0.201266
5806250 0.201203 0.214089 0.203417 6.97797 4.56165 1.68634 0.197096 0.212105 0.202019 0.205228 0.216033 0.204787
5806250 0.190708 0.217319 0.210496 -1.38066 -6.04629 15.0785 0.191847 0.218922 0.206147 0.189341 0.215394 0.215717
5806250 0.201104 0.206445 0.219259 -3.09629 6.76185 4.44091 0.202903 0.203804 0.217025 0.199531 0.208754 0.221212
5806250 0.21464 0.197506 0.192327 1.00616 -9.85124 8.73351 0.213825 0.200867 0.188395 0.215121 0.195521 0.194648
5806250 0.209659 0.200163 0.202409 -0.446988 -1.96427 -4.10906 0.210217 0.201094 0.205324 0.20881 0.198747 0.197971
5806250 0.210313 0.203033 0.185171 8.29268 -4.4235 9.97617 0.208049 0.204428 0.183093 0.213825 0.200867 0.188395
5806250 0.208505 0.202575 0.1952 0.295623 -4.39169 2.21751 0.20829 0.205274 0.193247 0.20881 0.198747 0.197971
5806250 0.214073 0.203476 0.19293 0.586569 -5.59642 -7.56679 0.214217 0.204982 0.195548 0.213825 0.200867 0.188395
5806250 0.205142 0.196305 0.206347 6.07832 -9.80613 2.73482 0.201827 0.200396 0.205638 0.207798 0.193028 0.206914
5806250 0.203565 0.204759 0.203153 3.23649 8.46335 -3.09039 0.201827 0.200396 0.205638 0.204884 0.208071 0.201266
5806250 0.209486 0.203535 0.207108 -0.655719 2.07597 1.05885 0.210217 0.201094 0.205324 0.208177 0.207911 0.210306
5806250 0.204665 0.200818 0.215243 2.86097 -7.24074 -3.3226 0.202903 0.203804 0.217025 0.206446 0.197798 0.213441
5806250 0.212301 0.199854 0.20727 2.84053 -2.51667 3.50652 0.210217 0.201094 0.205324 0.216653 0.197265 0.211334
5806250 0.204946 0.204629 0.18178 -9.73364 1.8407 -2.95612 0.208049 0.204428 0.183093 0.200557 0.204914 0.179923
5806250 0.203253 0.213557 0.182361 4.50492 -2.10875 15.2483 0.201348 0.213987 0.178344 0.205925 0.212955 0.187992
5806250 0.21194 0.211919 0.189383 -30.7642 1.64519 -3.56208 0.215484 0.211309 0.190203 0.205925 0.212955 0.187992
5806250 0.21299 0.207675 0.196168 -2.53998 9.26646 1.78479 0.214217 0.204982 0.195548 0.211231 0.211534 0.197056
5806250 0.207468 0.207945 0.19142 -1.98167 4.14348 -2.4133 0.20829 0.205274 0.193247 0.205925 0.212955 0.187992
5806250 0.207944 0.209741 0.199236 -9.77866 -5.12516 4.27265 0.211231 0.211534 0.197056 0.204884 0.208071 0.201266
5806250 0.212817 0.214812 0.199407 -1.55043 -4.4452 -2.27468 0.214346 0.217973 0.201672 0.211231 0.211534 0.197056
5806250 0.212128 0.215328 0.195163 1.22704 9.57395 -3.26798 0.211231 0.211534 0.197056 0.212946 0.218787 0.193436
5806250 0.210145 0.217221 0.217035 -11.4361 1.76859 -7.33102 0.213291 0.217093 0.219658 0.206722 0.21736 0.21418
5806250 0.20897 0.217811 0.206951 7.74428 3.193 6.15407 0.205228 0.216033 0.204787 0.211551 0.219038 0.208443
5806250 0.215851 0.212204 0.207915 0.117241 -0.219103 -0.245433 0.214505 0.213772 0.210156 0.218246 0.209417 0.203929
5806250 0.200117 0.211401 0.186235 4.73493 1.93151 0.948261 0.196568 0.210451 0.185161 0.205925 0.212955 0.187992
5806250 0.194754 0.210652 0.181798 1.22883 -0.433524 3.35628 0.192844 0.210863 0.178258 0.196568 0.210451 0.185161
5806250 0.207119 0.200836 0.20544 -2.924 -0.34493 -0.34766 0.210217 0.201094 0.205324 0.201827 0.200396 0.205638
5806250 0.212268 0.211701 0.210209 -0.328306 -0.357802 -0.058058 0.214505 0.213772 0.210156 0.208177 0.207911 0.210306
5806250 0.20785 0.201188 0.182163 -0.123055 -1.23834 -0.155883 0.208049 0.204428 0.183093 0.20745 0.194677 0.180295
5806250 0.21561 0.211999 0.212377 0.00165946 -0.00302613 0.00269439 0.214505 0.213772 0.210156 0.217795 0.208494 0.21677
5806250 0.185831 0.215847 0.195092 -13.7927 -2.22769 -10.4683 0.189751 0.215843 0.197529 0.18235 0.21585 0.192927
5806250 0.206671 0.202965 0.185806 -0.451325 -0.288053 0.852596 0.208049 0.204428 0.183093 0.205333 0.201544 0.188442
5806250 0.200557 0.212141 0.191112 18.3948 1.31479 -7.35791 0.197035 0.211607 0.193158 0.205925 0.212955 0.187992
5806250 0.195775 0.20529 0.204895 -0.0155882 -0.26411 -1.77663 0.196072 0.206154 0.207891 0.195485 0.204446 0.201971
5806250 0.197175 0.208722 0.209306 -0.487433 -1.55939 -0.579982 0.198921 0.212788 0.211546 0.196072 0.206154 0.207891
5806250 0.187814 0.211677 0.191547 3.4841 5.41277 -8.20121 0.186402 0.209731 0.193792 0.189809 0.214425 0.188375
5806250 0.185785 0.206672 0.19483 -1.81901 -10.8469 1.83978 0.186402 0.209731 0.193792 0.184844 0.202009 0.196413
5806250 0.196805 0.199835 0.207277 -12.4483 -0.394944 6.07835 0.201827 0.200396 0.205638 0.192466 0.19935 0.208692
5806250 0.194547 0.203922 0.219203 5.3059 -7.25649 11.4844 0.193363 0.205859 0.215164 0.195723 0.201999 0.223211
5806250 0.203331 0.202062 0.19099 -0.574708 0.296644 0.702632 0.205333 0.201544 0.188442 0.200086 0.202901 0.195121
5806250 0.218732 0.212347 0.199396 -0.865993 -2.73605 6.14797 0.219085 0.214467 0.196114 0.218246 0.209417 0.203929
5806250 0.198666 0.216351 0.200512 0.0997591 0.426419 -0.0966856 0.197096 0.212105 0.202019 0.199918 0.219736 0.19931
5806250 0.198206 0.204019 0.207055 1.18512 -1.63454 -0.665892 0.196072 0.206154 0.207891 0.201827 0.200396 0.205638
5806250 0.198708 0.196098 0.205481 -3.4656 -4.89113 0.774885 0.201827 0.200396 0.205638 0.196711 0.193347 0.20538
5806250 0.207802 0.209269 0.215702 0.0661582 0.16356 0.715814 0.208177 0.207911 0.210306 0.207481 0.21043 0.220315
5806250 0.217092 0.205492 0.19476 0.209745 0.00431844 -0.0694863 0.214217 0.204982 0.195548 0.221884 0.206342 0.193447
5806250 0.205074 0.205495 0.21426 0.19377 0.116529 -0.300635 0.202903 0.203804 0.217025 0.208177 0.207911 0.210306
5806250 0.184367 0.202555 0.191452 -1.23225 -0.237358 -7.2647 0.184844 0.202009 0.196413 0.183971 0.203009 0.187333
5806250 0.206573 0.212329 0.207304 -0.339031 1.80893 -0.992628 0.208177 0.207911 0.210306 0.205228 0.216033 0.204787
5806250 0.193126 0.206952 0.207183 -1.76 0.662418 -0.189487 0.196072 0.206154 0.207891 0.186943 0.208625 0.205696
5806250 0.190266 0.202974 0.217049 -5.18549 -6.72846 3.31475 0.193363 0.205859 0.215164 0.186358 0.199334 0.219428
5806250 0.2114 0.205121 0.194454 0.580294 -0.046932 0.338052 0.20829 0.205274 0.193247 0.214217 0.204982 0.195548
5806250 0.193516 0.212246 0.186613 -5.02172 2.89757 1.36076 0.196568 0.210451 0.185161 0.189809 0.214425 0.188375
5806250 0.182273 0.217022 0.206752 -0.0614228 -0.0715243 0.253066 0.183671 0.218254 0.203379 0.180905 0.215815 0.210055
5806250 0.196114 0.207437 0.201989 -0.933782 -6.27521 -0.979902 0.197096 0.212105 0.202019 0.195485 0.204446 0.201971
5806250 0.184598 0.212455 0.193407 -2.93183 4.6902 -1.55422 0.186402 0.209731 0.193792 0.18235 0.21585 0.192927
5806250 0.216019 0.216317 0.210881 0.282403 0.400718 0.0494808 0.214505 0.213772 0.210156 0.218132 0.21987 0.211892
5806250 0.185752 0.204871 0.200429 -0.575582 -2.49377 -2.52696 0.186943 0.208625 0.205696 0.184844 0.202009 0.196413
5806250 0.194473 0.215513 0.204082 3.19499 -6.00789 -2.90341 0.191847 0.218922 0.206147 0.197096 0.212105 0.202019
5806250 0.198343 0.207988 0.182831 2.19146 -2.23935 -3.00988 0.196568 0.210451 0.185161 0.200557 0.204914 0.179923
5806250 0.197801 0.202967 0.20331 1.15474 -1.06154 0.818154 0.195485 0.204446 0.201971 0.201827 0.200396 0.205638
5806250 0.204926 0.204063 0.207916 -4.69597 -7.32623 -3.08722 0.208177 0.207911 0.210306 0.201827 0.200396 0.205638
5806250 0.181249 0.20792 0.20248 1.26664 0.384384 0.661667 0.178608 0.207593 0.200989 0.186943 0.208625 0.205696
5806250 0.183106 0.213194 0.208466 -0.0747964 0.123039 0.0819819 0.186943 0.208625 0.205696 0.180905 0.215815 0.210055
5806250 0.209061 0.212115 0.19335 1.43734 -0.0969733 1.85738 0.205925 0.212955 0.187992 0.211231 0.211534 0.197056
5806250 0.2023 0.218075 0.201767 -2.83445 1.8484 -2.05367 0.205228 0.216033 0.204787 0.199918 0.219736 0.19931
5806250 0.217229 0.21284 0.193068 -12.0012 -9.93121 -27.0093 0.219085 0.214467 0.196114 0.215484 0.211309 0.190203
5806250 0.18773 0.204255 0.188616 -1.89793 -0.929433 -0.916752 0.191777 0.205597 0.189998 0.183971 0.203009 0.187333
5806250 0.181752 0.205758 0.195179 2.80708 -3.42154 0.399185 0.179395 0.208614 0.194239 0.184844 0.202009 0.196413
5806250 0.191557 0.203827 0.185888 -2.45598 -4.2094 -12.9607 0.191777 0.205597 0.189998 0.191379 0.202393 0.182558
5806250 0.194979 0.206035 0.210824 0.745062 -0.268113 -2.09842 0.193363 0.205859 0.215164 0.196072 0.206154 0.207891
5806250 0.197991 0.21244 0.20669 -5.8006 -7.1979 -30.337 0.198921 0.212788 0.211546 0.197096 0.212105 0.202019
5806250 0.18978 0.215136 0.192967 1.28859 4.2643 14.614 0.189809 0.214425 0.188375 0.189751 0.215843 0.197529
5806250 0.208603 0.201284 0.188424 0.311909 0.00334986 0.0392436 0.205333 0.201544 0.188442 0.213825 0.200867 0.188395
5806250 0.190484 0.207862 0.200206 -0.0207947 -0.000958208 0.0279387 0.192237 0.207483 0.197489 0.186943 0.208625 0.205696
5806250 0.199414 0.214808 0.216046 5.53266 7.70796 23.4004 0.198921 0.212788 0.211546 0.19987 0.216675 0.220204
5806250 0.18488 0.214697 0.204235 0.344547 -1.66 0.206847 0.183671 0.218254 0.203379 0.186943 0.208625 0.205696
5806250 0.182955 0.211566 0.20137 0.00195608 -0.000987928 0.00235431 0.181096 0.212937 0.199354 0.186943 0.208625 0.205696
5806250 0.192043 0.20669 0.194337 0.0060516 0.0185287 0.0448043 0.191777 0.205597 0.189998 0.192237 0.207483 0.197489
5806250 0.193912 0.205917 0.1998 0.0171701 -0.0216663 0.0221453 0.192237 0.207483 0.197489 0.195485 0.204446 0.201971
5806250 0.192827 0.210642 0.203565 8.4021 1.44414 -3.42646 0.186943 0.208625 0.205696 0.197096 0.212105 0.202019
5806250 0.204444 0.218139 0.184807 -1.40532 12.7814 -6.61961 0.205925 0.212955 0.187992 0.203622 0.221018 0.183037
5806250 0.204254 0.213598 0.193996 -0.00249157 0.000281151 0.00557958 0.205925 0.212955 0.187992 0.203377 0.213935 0.197147
5806250 0.210818 0.20326 0.203174 0.0879518 0.759199 -0.927327 0.210217 0.201094 0.205324 0.211404 0.205368 0.201082
5806250 0.204054 0.211302 0.198996 0.00415494 -0.008765 0.00696903 0.203377 0.213935 0.197147 0.204884 0.208071 0.201266
5806250 0.213855 0.206819 0.202103 -6.10918 -4.95942 -3.55606 0.218246 0.209417 0.203929 0.211404 0.205368 0.201082
5806250 0.206103 0.202561 0.218851 0.0 0.0 0.0 0.202903 0.203804 0.217025 0.210648 0.200681 0.221443
5806250 0.208192 0.198996 0.216766 -4.30874 -2.63544 -5.72925 0.210648 0.200681 0.221443 0.206446 0.197798 0.213441
5806250 0.202815 0.205841 0.198615 0.604363 0.675454 0.566583 0.200086 0.202901 0.195121 0.204884 0.208071 0.201266
5806250 0.203278 0.210493 0.210963 6.28773 -4.68707 -1.22826 0.198921 0.212788 0.211546 0.208177 0.207911 0.210306
5806250 0.181633 0.214183 0.196605 0.0 0.0 0.0 0.181096 0.212937 0.199354 0.18235 0.21585 0.192927
5806250 0.212799 0.208191 0.213412 11.5218 -0.545105 10.2144 0.208177 0.207911 0.210306 0.217795 0.208494 0.21677
5806250 0.209525 0.218334 0.21085 3.84127 0.374229 -4.25541 0.206722 0.21736 0.21418 0.211551 0.219038 0.208443
5806250 0.21679 0.216165 0.198805 3.64202 -3.61623 -3.84071 0.214346 0.217973 0.201672 0.219085 0.214467 0.196114
5806250 0.210445 0.203559 0.191358 0.485916 -0.470746 -0.340422 0.20829 0.205274 0.193247 0.213825 0.200867 0.188395
5806250 0.208609 0.206527 0.201161 -4.72602 2.90896 0.15462 0.211404 0.205368 0.201082 0.204884 0.208071 0.201266
5806250 0.180341 0.211155 0.19708 0.0 0.0 0.0 0.181096 0.212937 0.199354 0.179395 0.208614 0.194239
5806250 0.182239 0.215434 0.201141 0.0 0.0 0.0 0.181096 0.212937 0.199354 0.183671 0.218254 0.203379
5806250 0.187933 0.202822 0.184781 0.0 0.0 0.0 0.191379 0.202393 0.182558 0.183971 0.203009 0.187333
5806250 0.180969 0.205623 0.199257 0.0 0.0 0.0 0.178608 0.207593 0.200989 0.184844 0.202009 0.196413
5806250 0.182428 0.204013 0.205012 0.0 0.0 0.0 0.186943 0.208625 0.205696 0.178854 0.200111 0.204472
5806250 0.185849 0.21532 0.190795 0.0 0.0 0.0 0.189809 0.214425 0.188375 0.18235 0.21585 0.192927
5806250 0.184247 0.21578 0.212301 0.0 0.0 0.0 0.180905 0.215815 0.210055 0.189341 0.215394 0.215717
5806250 0.186438 0.217291 0.200718 0.0 0.0 0.0 0.183671 0.218254 0.203379 0.189751 0.215843 0.197529
5806250 0.195686 0.201983 0.215245 0.0 0.0 0.0 0.193363 0.205859 0.215164 0.197554 0.198592 0.215298
5806250 0.194612 0.203531 0.208217 0.0 0.0 0.0 0.196072 0.206154 0.207891 0.192466 0.19935 0.208692
5806250 0.194281 0.202546 0.204659 0.0 0.0 0.0 0.195485 0.204446 0.201971 0.192466 0.19935 0.208692
5806250 0.190198 0.2033 0.207461 0.0 0.0 0.0 0.186943 0.208625 0.205696 0.192466 0.19935 0.208692
5806250 0.196735 0.200264 0.218862 0.0 0.0 0.0 0.195723 0.201999 0.223211 0.197554 0.198592 0.215298
5806250 0.200186 0.201287 0.216152 0.0 0.0 0.0 0.202903 0.203804 0.217025 0.197554 0.198592 0.215298
5806250 0.18949 0.207302 0.186304 0.0 0.0 0.0 0.191777 0.205597 0.189998 0.187737 0.208351 0.183497
5806250 0.195348 0.203622 0.181417 0.0 0.0 0.0 0.191379 0.202393 0.182558 0.200557 0.204914 0.179923
5806250 0.194366 0.208355 0.187386 0.0 0.0 0.0 0.191777 0.205597 0.189998 0.196568 0.210451 0.185161
5806250 0.190817 0.21007 0.1892 0.0 0.0 0.0 0.191777 0.205597 0.189998 0.189809 0.214425 0.188375
5806250 0.195581 0.204502 0.192339 0.0 0.0 0.0 0.191777 0.205597 0.189998 0.200086 0.202901 0.195121
5806250 0.188509 0.204043 0.193023 0.0 0.0 0.0 0.191777 0.205597 0.189998 0.184844 0.202009 0.196413
5806250 0.196799 0.211146 0.189017 0.0 0.0 0.0 0.197035 0.211607 0.193158 0.196568 0.210451 0.185161
5806250 0.189335 0.208735 0.195648 0.0 0.0 0.0 0.186402 0.209731 0.193792 0.192237 0.207483 0.197489
5806250 0.19436 0.209439 0.195576 0.0 0.0 0.0 0.192237 0.207483 0.197489 0.197035 0.211607 0.193158
5806250 0.195218 0.205876 0.19659 0.0 0.0 0.0 0.192237 0.207483 0.197489 0.200086 0.202901 0.195121
5806250 0.189327 0.205462 0.197065 0.0 0.0 0.0 0.192237 0.207483 0.197489 0.184844 0.202009 0.196413
5806250 0.19365 0.213067 0.190915 0.0 0.0 0.0 0.197035 0.211607 0.193158 0.189809 0.214425 0.188375
5806250 0.19837 0.207948 0.194015 0.0 0.0 0.0 0.197035 0.211607 0.193158 0.200086 0.202901 0.195121
5806250 0.194209 0.20949 0.199327 0.0 0.0 0.0 0.192237 0.207483 0.197489 0.197096 0.212105 0.202019
5806250 0.197167 0.204018 0.199472 0.0 0.0 0.0 0.195485 0.204446 0.201971 0.200086 0.202901 0.195121
5806250 0.195663 0.214499 0.183647 0.0 0.0 0.0 0.19451 0.219304 0.18174 0.196568 0.210451 0.185161
5806250 0.191209 0.211071 0.197506 0.0 0.0 0.0 0.192237 0.207483 0.197489 0.189751 0.215843 0.197529
5806250 0.193609 0.213736 0.195218 0.0 0.0 0.0 0.197035 0.211607 0.193158 0.189751 0.215843 0.197529
5806250 0.19389 0.217384 0.189644 0.0 0.0 0.0 0.198067 0.220144 0.190949 0.189809 0.214425 0.188375
5806250 0.201047 0.197576 0.19742 0.0 0.0 0.0 0.200086 0.202901 0.195121 0.201861 0.192786 0.199379
5806250 0.198778 0.212221 0.182013 0.0 0.0 0.0 0.201348 0.213987 0.178344 0.196568 0.210451 0.185161
5806250 0.200593 0.213048 0.195381 0.0 0.0 0.0 0.197035 0.211607 0.193158 0.203377 0.213935 0.197147
5806250 0.20513 0.204495 0.193969 0.0 0.0 0.0 0.20829 0.205274 0.193247 0.200086 0.202901 0.195121
5806250 0.200961 0.201785 0.200384 0.0 0.0 0.0 0.200086 0.202901 0.195121 0.201827 0.200396 0.205638
5806250 0.190711 0.207138 0.211251 0.0 0.0 0.0 0.193363 0.205859 0.215164 0.186943 0.208625 0.205696
5806250 0.19648 0.208649 0.205566 0.0 0.0 0.0 0.196072 0.206154 0.207891 0.197096 0.212105 0.202019
5806250 0.192776 0.205909 0.203155 0.0 0.0 0.0 0.186943 0.208625 0.205696 0.195485 0.204446 0.201971
5806250 0.196918 0.207662 0.21865 0.0 0.0 0.0 0.193363 0.205859 0.215164 0.199531 0.208754 0.221212
5806250 0.188222 0.212376 0.211052 0.0 0.0 0.0 0.186943 0.208625 0.205696 0.189341 0.215394 0.215717
5806250 0.194475 0.214131 0.213483 0.0 0.0 0.0 0.198921 0.212788 0.211546 0.189341 0.215394 0.215717
5806250 0.188594 0.212999 0.200899 0.0 0.0 0.0 0.186943 0.208625 0.205696 0.189751 0.215843 0.197529
5806250 0.189783 0.214725 0.205959 0.0 0.0 0.0 0.191847 0.218922 0.206147 0.186943 0.208625 0.205696
5806250 0.199311 0.217774 0.212555 0.0 0.0 0.0 0.198921 0.212788 0.211546 0.199599 0.221278 0.213306
5806250 0.195316 0.216047 0.208798 0.0 0.0 0.0 0.198921 0.212788 0.211546 0.191847 0.218922 0.206147
5806250 0.200849 0.213337 0.199141 0.0 0.0 0.0 0.197096 0.212105 0.202019 0.203377 0.213935 0.197147
5806250 0.198547 0.204879 0.216178 0.0 0.0 0.0 0.193363 0.205859 0.215164 0.202903 0.203804 0.217025
5806250 0.20217 0.214593 0.20807 0.0 0.0 0.0 0.198921 0.212788 0.211546 0.205228 0.216033 0.204787
5806250 0.195189 0.216239 0.218213 0.0 0.0 0.0 0.19987 0.216675 0.220204 0.189341 0.215394 0.215717
5806250 0.199609 0.203114 0.219868 0.0 0.0 0.0 0.202903 0.203804 0.217025 0.195723 0.201999 0.223211
5806250 0.201786 0.21667 0.198152 0.0 0.0 0.0 0.203377 0.213935 0.197147 0.199918 0.219736 0.19931
5806250 0.201469 0.217171 0.189668 0.0 0.0 0.0 0.198067 0.220144 0.190949 0.205925 0.212955 0.187992
5806250 0.203344 0.217156 0.217154 0.0 0.0 0.0 0.19987 0.216675 0.220204 0.206722 0.21736 0.21418
5806250 0.206026 0.199447 0.185785 0.0 0.0 0.0 0.205333 0.201544 0.188442 0.20745 0.194677 0.180295
5806250 0.201847 0.196427 0.202259 0.0 0.0 0.0 0.201827 0.200396 0.205638 0.201861 0.192786 0.199379
5806250 0.209201 0.197828 0.205996 0.0 0.0 0.0 0.210217 0.201094 0.205324 0.207798 0.193028 0.206914
5806250 0.207169 0.202125 0.212145 0.0 0.0 0.0 0.208177 0.207911 0.210306 0.206446 0.197798 0.213441
5806250 0.207308 0.207553 0.184807 0.0 0.0 0.0 0.208049 0.204428 0.183093 0.205925 0.212955 0.187992
5806250 0.211343 0.210561 0.184755 0.0 0.0 0.0 0.205925 0.212955 0.187992 0.215326 0.208561 0.182374
5806250 0.20734 0.211132 0.182203 0.0 0.0 0.0 0.205925 0.212955 0.187992 0.208114 0.209909 0.179003
5806250 0.202629 0.218075 0.180979 0.0 0.0 0.0 0.201348 0.213987 0.178344 0.203622 0.221018 0.183037
5806250 0.213531 0.211549 0.193354 0.0 0.0 0.0 0.215484 0.211309 0.190203 0.211231 0.211534 0.197056
5806250 0.209573 0.208135 0.194903 0.0 0.0 0.0 0.20829 0.205274 0.193247 0.211231 0.211534 0.197056
5806250 0.206802 0.203532 0.190822 0.0 0.0 0.0 0.20829 0.205274 0.193247 0.205333 0.201544 0.188442
5806250 0.206797 0.213048 0.197113 0.0 0.0 0.0 0.203377 0.213935 0.197147 0.211231 0.211534 0.197056
5806250 0.212815 0.205313 0.198314 0.0 0.0 0.0 0.214217 0.204982 0.195548 0.211404 0.205368 0.201082
5806250 0.211336 0.208041 0.199428 0.0 0.0 0.0 0.211231 0.211534 0.197056 0.211404 0.205368 0.201082
5806250 0.214263 0.215054 0.191761 0.0 0.0 0.0 0.215484 0.211309 0.190203 0.212946 0.218787 0.193436
5806250 0.210234 0.216664 0.191325 0.0 0.0 0.0 0.205925 0.212955 0.187992 0.212946 0.218787 0.193436
5806250 0.209493 0.218129 0.186902 0.0 0.0 0.0 0.205925 0.212955 0.187992 0.211566 0.220935 0.186273
5806250 0.204175 0.214949 0.200308 0.0 0.0 0.0 0.205228 0.216033 0.204787 0.203377 0.213935 0.197147
5806250 0.215357 0.21321 0.19656 0.0 0.0 0.0 0.219085 0.214467 0.196114 0.211231 0.211534 0.197056
5806250 0.214353 0.210729 0.200108 0.0 0.0 0.0 0.218246 0.209417 0.203929 0.211231 0.211534 0.197056
5806250 0.210273 0.206401 0.20433 0.0 0.0 0.0 0.208177 0.207911 0.210306 0.211404 0.205368 0.201082
5806250 0.20627 0.208141 0.205063 0.0 0.0 0.0 0.208177 0.207911 0.210306 0.204884 0.208071 0.201266
5806250 0.207373 0.213296 0.212462 0.0 0.0 0.0 0.208177 0.207911 0.210306 0.206722 0.21736 0.21418
5806250 0.205046 0.211895 0.202898 0.0 0.0 0.0 0.205228 0.216033 0.204787 0.204884 0.208071 0.201266
5806250 0.213075 0.216464 0.209324 0.0 0.0 0.0 0.214505 0.213772 0.210156 0.211551 0.219038 0.208443
5806250 0.21329 0.208811 0.207073 0.0 0.0 0.0 0.208177 0.207911 0.210306 0.218246 0.209417 0.203929
5806250 0.204966 0.206922 0.218509 0.0 0.0 0.0 0.202903 0.203804 0.217025 0.207481 0.21043 0.220315
5806250 0.207091 0.214145 0.217149 0.0 0.0 0.0 0.206722 0.21736 0.21418 0.207481 0.21043 0.220315
5806250 0.216032 0.216754 0.194776 0.0 0.0 0.0 0.219085 0.214467 0.196114 0.212946 0.218787 0.193436
5806250 0.205996 0.216846 0.209597 0.0 0.0 0.0 0.206722 0.21736 0.21418 0.205228 0.216033 0.204787
5806250 0.210047 0.21719 0.203145 0.0 0.0 0.0 0.214346 0.217973 0.201672 0.205228 0.216033 0.204787
5806250 0.216051 0.21438 0.202656 0.0 0.0 0.0 0.214346 0.217973 0.201672 0.218246 0.209417 0.203929
