# ts x y z Fx Fy Fz x1 y1 z1 x2 y2 z2
2050000 0.185794 0.19667 0.187858 13.0186 4.11963 10.2448 0.182481 0.195604 0.186024 0.189332 0.197807 0.189817
2050000 0.18339 0.193995 0.197132 -13.5659 7.51139 2.03175 0.187172 0.191913 0.195848 0.180617 0.195521 0.198072
2050000 0.188958 0.200272 0.198092 -9.47397 3.94733 -1.98784 0.192895 0.198121 0.199544 0.184772 0.202559 0.196548
2050000 0.183584 0.192781 0.208164 11.258 6.38741 7.83896 0.180488 0.190874 0.205098 0.186206 0.194396 0.21076
2050000 0.194407 0.182694 0.181395 14.7027 11.8157 2.61097 0.191325 0.179975 0.181454 0.19691 0.184902 0.181347
2050000 0.198055 0.187417 0.183219 -9.64432 -13.5723 -10.9821 0.199416 0.190405 0.185442 0.19691 0.184902 0.181347
2050000 0.199819 0.184271 0.182861 -3.20871 0.693176 -1.05809 0.20288 0.183606 0.184454 0.19691 0.184902 0.181347
2050000 0.194071 0.179228 0.190203 -2.84686 -3.7223 2.69017 0.195626 0.182274 0.188099 0.192721 0.17658 0.192031
2050000 0.185911 0.180024 0.19111 5.37062 22.888 19.0953 0.185787 0.17729 0.189146 0.186069 0.183495 0.193604
2050000 0.192893 0.185082 0.187221 -9.04301 6.95264 -3.5003 0.195626 0.182274 0.188099 0.189167 0.188909 0.186024
2050000 0.197939 0.183443 0.191166 3.34793 0.827129 3.67265 0.195626 0.182274 0.188099 0.200817 0.184897 0.19498
2050000 0.188237 0.18076 0.214189 12.8099 7.92588 9.49303 0.185349 0.178224 0.212114 0.191759 0.183852 0.216719
2050000 0.196547 0.183119 0.214502 -6.70244 0.584888 1.95402 0.200726 0.182479 0.212566 0.191759 0.183852 0.216719
2050000 0.197646 0.191401 0.188848 -9.51619 2.82913 13.4084 0.199416 0.190405 0.185442 0.195631 0.192536 0.192726
2050000 0.192368 0.195267 0.191219 -20.1711 19.1152 -5.44143 0.195631 0.192536 0.192726 0.189332 0.197807 0.189817
2050000 0.196558 0.195646 0.189586 -3.86788 -10.9298 8.19116 0.197552 0.198981 0.186219 0.195631 0.192536 0.192726
2050000 0.194293 0.195268 0.196062 4.02401 -17.1281 -21.8809 0.192895 0.198121 0.199544 0.195631 0.192536 0.192726
2050000 0.195071 0.195702 0.202956 2.43409 -2.93928 5.51936 0.192895 0.198121 0.199544 0.19664 0.193957 0.205417
2050000 0.192647 0.199067 0.204155 -0.659671 0.696831 15.8152 0.192895 0.198121 0.199544 0.192405 0.199989 0.208644
2050000 0.19623 0.200675 0.1974 0.840406 0.479348 -0.37747 0.192895 0.198121 0.199544 0.199992 0.203556 0.194982
2050000 0.198094 0.188908 0.193797 -30.5656 32.3647 -12.4477 0.200817 0.184897 0.19498 0.195631 0.192536 0.192726
2050000 0.202357 0.192217 0.183494 11.2007 4.56901 -8.05276 0.199416 0.190405 0.185442 0.207387 0.195317 0.180161
2050000 0.202906 0.189561 0.187129 6.62671 -0.409865 3.17409 0.199416 0.190405 0.185442 0.206582 0.188672 0.188905
2050000 0.199032 0.202321 0.18304 4.95378 9.31953 -12.4237 0.197552 0.198981 0.186219 0.200491 0.205614 0.179906
2050000 0.189104 0.19701 0.209771 24.1807 15.6884 -6.18526 0.186206 0.194396 0.21076 0.192405 0.199989 0.208644
2050000 0.199551 0.189903 0.216507 -2.07583 -2.09638 6.62731 0.200592 0.191948 0.212305 0.198785 0.188397 0.219598
2050000 0.204571 0.185921 0.186487 1.17468 2.47294 1.80208 0.20288 0.183606 0.184454 0.206582 0.188672 0.188905
2050000 0.200695 0.180464 0.192684 -0.496491 -4.25013 -3.03595 0.200817 0.184897 0.19498 0.200611 0.177414 0.191105
2050000 0.210114 0.183337 0.192372 5.71792 6.08691 5.77067 0.207584 0.180506 0.190549 0.212571 0.186087 0.194141
2050000 0.212861 0.183815 0.197528 -4.14918 9.52267 -16.6734 0.21314 0.181632 0.200781 0.212571 0.186087 0.194141
2050000 0.201996 0.182158 0.198984 1.27651 -9.10868 12.5985 0.200817 0.184897 0.19498 0.202903 0.180053 0.202061
2050000 0.204235 0.185926 0.198471 9.25743 0.660049 9.67927 0.200817 0.184897 0.19498 0.207024 0.186765 0.201318
2050000 0.211136 0.18991 0.193924 1.52385 -7.5098 0.419674 0.210057 0.192784 0.193762 0.212571 0.186087 0.194141
2050000 0.214163 0.188603 0.191338 -8.78594 -9.00553 13.307 0.216056 0.191593 0.188007 0.212571 0.186087 0.194141
2050000 0.205794 0.179822 0.204574 -4.2191 0.776305 -2.79798 0.208875 0.179576 0.207253 0.202903 0.180053 0.202061
2050000 0.214517 0.178915 0.20326 4.0771 -14.6248 11.509 0.21314 0.181632 0.200781 0.215765 0.176452 0.205506
2050000 0.206696 0.186568 0.205373 0.977648 0.127309 -4.02382 0.206431 0.186409 0.208662 0.207024 0.186765 0.201318
2050000 0.208026 0.184801 0.211064 6.61741 -4.57742 7.15669 0.206431 0.186409 0.208662 0.209478 0.183337 0.213252
2050000 0.204062 0.184777 0.210283 -6.13071 -3.50143 5.429 0.206431 0.186409 0.208662 0.200726 0.182479 0.212566
2050000 0.210596 0.188715 0.201428 -16.2904 -10.8198 2.0791 0.21532 0.191294 0.201574 0.207024 0.186765 0.201318
2050000 0.206981 0.189579 0.207921 5.51573 16.5528 -2.93013 0.206431 0.186409 0.208662 0.20769 0.193666 0.206967
2050000 0.212254 0.183229 0.214405 3.18624 -0.0765918 1.96038 0.209478 0.183337 0.213252 0.215969 0.183084 0.215948
2050000 0.205133 0.196218 0.19864 -8.11688 -4.9728 1.35067 0.208682 0.199264 0.197894 0.20174 0.193307 0.199353
2050000 0.208584 0.191041 0.191703 -5.97856 -4.59705 -6.76088 0.210057 0.192784 0.193762 0.206582 0.188672 0.188905
2050000 0.212579 0.194484 0.194209 3.80762 3.45051 0.389355 0.210057 0.192784 0.193762 0.215115 0.196194 0.194659
2050000 0.209516 0.195334 0.195388 -3.93135 9.42938 6.20675 0.210057 0.192784 0.193762 0.208682 0.199264 0.197894
2050000 0.218013 0.195137 0.194866 -9.61482 3.10513 -2.27202 0.221872 0.19373 0.195141 0.215115 0.196194 0.194659
2050000 0.204349 0.192857 0.209479 4.62233 1.86299 -2.91635 0.200592 0.191948 0.212305 0.20769 0.193666 0.206967
2050000 0.211059 0.192618 0.204586 -15.0262 3.51182 14.1482 0.21532 0.191294 0.201574 0.20769 0.193666 0.206967
2050000 0.217214 0.187403 0.204778 -4.5763 9.68872 -10.938 0.218911 0.183921 0.207646 0.21532 0.191294 0.201574
2050000 0.20707 0.192587 0.218576 19.37 -11.1807 -12.4497 0.20393 0.194721 0.220022 0.21075 0.190087 0.216883
2050000 0.182589 0.182895 0.196024 -6.99026 -0.331178 3.66579 0.186069 0.183495 0.193604 0.177627 0.182038 0.199474
2050000 0.211357 0.178571 0.183982 -0.596988 6.39586 -2.73944 0.21118 0.173928 0.185434 0.211552 0.183727 0.182371
2050000 0.206297 0.183654 0.183633 -2.26707 -0.307647 0.819803 0.211552 0.183727 0.182371 0.20288 0.183606 0.184454
2050000 0.203743 0.178803 0.190856 -1.89409 -0.510116 0.221973 0.207584 0.180506 0.190549 0.200611 0.177414 0.191105
2050000 0.206982 0.196201 0.210312 2.00319 -3.48136 -4.85057 0.206327 0.198549 0.21341 0.20769 0.193666 0.206967
2050000 0.205147 0.196664 0.216666 0.389827 0.350269 -0.848863 0.20393 0.194721 0.220022 0.206327 0.198549 0.21341
2050000 0.203723 0.183103 0.216068 0.817537 0.135262 0.693113 0.200726 0.182479 0.212566 0.205948 0.183566 0.218668
2050000 0.202398 0.193448 0.216479 0.515244 0.828056 1.98167 0.200592 0.191948 0.212305 0.20393 0.194721 0.220022
2050000 0.194547 0.191696 0.206854 9.34063 7.35179 -4.62078 0.191957 0.188899 0.208632 0.19664 0.193957 0.205417
2050000 0.189019 0.191707 0.209719 -4.73363 6.17642 1.65219 0.191957 0.188899 0.208632 0.186206 0.194396 0.21076
2050000 0.208749 0.186516 0.186056 -1.4144 2.20498 2.48046 0.211552 0.183727 0.182371 0.206582 0.188672 0.188905
2050000 0.19187 0.186672 0.2122 0.729243 -3.24584 6.67503 0.191957 0.188899 0.208632 0.191759 0.183852 0.216719
2050000 0.199151 0.180453 0.196527 -9.24711 -15.9612 5.86871 0.200817 0.184897 0.19498 0.198073 0.177577 0.197528
2050000 0.1956 0.180884 0.218915 -0.77967 0.409807 -0.416619 0.19912 0.178165 0.220927 0.191759 0.183852 0.216719
2050000 0.198279 0.193032 0.208277 0.0 0.0 0.0 0.200592 0.191948 0.212305 0.19664 0.193957 0.205417
2050000 0.21519 0.194406 0.197182 -0.597969 1.81745 -2.85818 0.21532 0.191294 0.201574 0.215115 0.196194 0.194659
2050000 0.207734 0.179313 0.194586 0.252633 -0.551946 4.20778 0.207584 0.180506 0.190549 0.207843 0.178445 0.19752
2050000 0.21105 0.180625 0.203952 -4.01635 -2.04397 4.46837 0.21314 0.181632 0.200781 0.208875 0.179576 0.207253
2050000 0.196323 0.1835 0.184416 0.0 0.0 0.0 0.195626 0.182274 0.188099 0.19691 0.184902 0.181347
2050000 0.181802 0.199576 0.193824 4.74567 3.41338 3.20129 0.180002 0.197769 0.192173 0.184772 0.202559 0.196548
2050000 0.198681 0.192921 0.196035 1.73659 0.650436 2.12362 0.195631 0.192536 0.192726 0.20174 0.193307 0.199353
2050000 0.219033 0.192674 0.197928 -7.11721 -4.58627 7.94072 0.221872 0.19373 0.195141 0.21532 0.191294 0.201574
2050000 0.216674 0.182274 0.199188 -5.28822 -0.634447 3.39174 0.22244 0.183321 0.196588 0.21314 0.181632 0.200781
2050000 0.202798 0.194623 0.195151 -0.399799 -0.282219 0.917926 0.203711 0.195757 0.191529 0.20174 0.193307 0.199353
2050000 0.205097 0.192336 0.190262 0.319655 -0.914933 -0.508147 0.203711 0.195757 0.191529 0.206582 0.188672 0.188905
2050000 0.204567 0.199159 0.189819 0.169815 0.71544 -0.51594 0.203711 0.195757 0.191529 0.205287 0.202018 0.188381
2050000 0.183217 0.183975 0.200981 2.69988 0.721712 1.15657 0.177627 0.182038 0.199474 0.187352 0.185408 0.202095
2050000 0.190358 0.182897 0.204341 -5.93773 3.38337 -4.32958 0.193575 0.18021 0.206743 0.187352 0.185408 0.202095
2050000 0.187262 0.188664 0.198968 -0.39438 -4.39314 5.59114 0.187172 0.191913 0.195848 0.187352 0.185408 0.202095
2050000 0.195227 0.178984 0.198133 0.00494388 -0.00194001 -0.0017832 0.192354 0.180404 0.198743 0.198073 0.177577 0.197528
2050000 0.189736 0.187215 0.205479 -0.449204 -0.455836 -0.567024 0.191957 0.188899 0.208632 0.187352 0.185408 0.202095
2050000 0.186693 0.184426 0.197737 0.0250928 0.316852 0.942006 0.186069 0.183495 0.193604 0.187352 0.185408 0.202095
2050000 0.213203 0.193426 0.214534 7.50081 7.05815 -5.79057 0.21075 0.190087 0.216883 0.216546 0.197978 0.211332
2050000 0.186474 0.200656 0.188648 -7.61961 9.18839 -5.23595 0.189332 0.197807 0.189817 0.183643 0.203478 0.18749
2050000 0.19438 0.202344 0.201013 10.3187 30.1835 16.4272 0.192895 0.198121 0.199544 0.195342 0.205082 0.201965
2050000 0.210162 0.179841 0.198948 4.37081 1.67683 2.30403 0.207843 0.178445 0.19752 0.21314 0.181632 0.200781
2050000 0.188289 0.194963 0.192728 3.21886 9.37467 -6.89178 0.187172 0.191913 0.195848 0.189332 0.197807 0.189817
2050000 0.201456 0.180461 0.183794 1.38409 2.13645 0.650737 0.199418 0.175958 0.18285 0.20288 0.183606 0.184454
2050000 0.196719 0.183743 0.205763 -15.1316 -13.0357 6.1302 0.199494 0.186862 0.204897 0.193575 0.18021 0.206743
2050000 0.200012 0.189258 0.208387 -1.80491 -4.35404 -8.96496 0.200592 0.191948 0.212305 0.199494 0.186862 0.204897
2050000 0.200584 0.189988 0.202208 1.09656 7.38889 -5.41755 0.199494 0.186862 0.204897 0.20174 0.193307 0.199353
2050000 0.189966 0.184877 0.194715 -0.0124436 -0.00386801 -0.00142069 0.192794 0.185879 0.195521 0.186069 0.183495 0.193604
2050000 0.193278 0.187728 0.19797 0.000407712 0.00163033 0.00304511 0.192794 0.185879 0.195521 0.193808 0.18975 0.200648
2050000 0.197722 0.198231 0.181435 -3.38508e-05 0.000386393 0.00118932 0.197835 0.197727 0.178223 0.197552 0.198981 0.186219
2050000 0.209542 0.187475 0.208984 0.0 -0.0 0.0 0.206431 0.186409 0.208662 0.212547 0.188505 0.209296
2050000 0.211826 0.18914 0.21234 -0.000452836 0.000572377 0.0015092 0.212547 0.188505 0.209296 0.21075 0.190087 0.216883
2050000 0.186606 0.187597 0.194698 -2.09441 -29.9426 -3.35526 0.187172 0.191913 0.195848 0.186069 0.183495 0.193604
2050000 0.19587 0.185503 0.195314 0.0 0.0 0.0 0.192794 0.185879 0.195521 0.200817 0.184897 0.19498
2050000 0.185019 0.182532 0.211461 0.000304055 0.00642041 -0.00165877 0.185349 0.178224 0.212114 0.184734 0.186259 0.210896
2050000 0.191037 0.187886 0.201269 0.0024587 0.00117456 -0.000704214 0.187352 0.185408 0.202095 0.193808 0.18975 0.200648
2050000 0.187795 0.189809 0.203008 0.000366233 0.00361328 0.000163051 0.187352 0.185408 0.202095 0.188118 0.19302 0.203674
2050000 0.196329 0.18847 0.202531 -0.00541649 0.00155165 -0.00381733 0.199494 0.186862 0.204897 0.193808 0.18975 0.200648
2050000 0.189804 0.19121 0.205851 -0.00205606 0.00178174 -0.00317097 0.191957 0.188899 0.208632 0.188118 0.19302 0.203674
2050000 0.196821 0.196902 0.218439 1.3093 3.24012 -3.9247 0.196467 0.194824 0.221235 0.1972 0.19913 0.215443
2050000 0.198691 0.195974 0.214064 -4.34094 8.76854 5.78592 0.200592 0.191948 0.212305 0.1972 0.19913 0.215443
2050000 0.202666 0.185105 0.181385 0.0 0.0 0.0 0.20288 0.183606 0.184454 0.202477 0.186821 0.17863
2050000 0.207081 0.184606 0.189724 -0.969871 6.18316 -0.263927 0.207584 0.180506 0.190549 0.206582 0.188672 0.188905
2050000 0.215082 0.186679 0.208638 -0.00307803 0.00153548 0.000683072 0.218911 0.183921 0.207646 0.212547 0.188505 0.209296
2050000 0.192379 0.189087 0.215944 0.00164689 0.00635603 -0.00155109 0.191759 0.183852 0.216719 0.192794 0.192596 0.215426
2050000 0.192709 0.190896 0.189697 0.869596 0.289364 0.978248 0.189167 0.188909 0.186024 0.195631 0.192536 0.192726
2050000 0.200963 0.197195 0.18916 0.690598 -0.225422 0.46701 0.197552 0.198981 0.186219 0.203711 0.195757 0.191529
2050000 0.210345 0.203294 0.199743 0.556584 0.883043 0.423482 0.208682 0.199264 0.197894 0.211409 0.205871 0.200925
2050000 0.192579 0.183209 0.197093 -0.000263603 -0.00175765 0.00143365 0.192794 0.185879 0.195521 0.192354 0.180404 0.198743
2050000 0.200082 0.184593 0.208564 0.0 0.0 0.0 0.200726 0.182479 0.212566 0.199494 0.186862 0.204897
2050000 0.18926 0.193943 0.18817 0.0106415 14.5758 9.15263 0.189167 0.188909 0.186024 0.189332 0.197807 0.189817
2050000 0.19384 0.201285 0.184128 -3.70699 2.76526 -3.07456 0.197552 0.198981 0.186219 0.191058 0.203012 0.18256
2050000 0.209437 0.180515 0.214291 -1.85945 -11.7532 5.62737 0.209478 0.183337 0.213252 0.209346 0.174257 0.216593
2050000 0.214964 0.196327 0.188157 -2.7503 8.08243 -0.7833 0.216056 0.191593 0.188007 0.213787 0.201429 0.188318
2050000 0.189968 0.194946 0.197654 18.5324 14.8496 8.33919 0.187172 0.191913 0.195848 0.192895 0.198121 0.199544
2050000 0.182267 0.198316 0.197467 10.4723 14.9506 -0.834547 0.180617 0.195521 0.198072 0.184772 0.202559 0.196548
2050000 0.197309 0.179471 0.185769 3.04812 -7.33762 -7.09072 0.195626 0.182274 0.188099 0.199418 0.175958 0.18285
2050000 0.192846 0.180326 0.201967 -0.0 0.0 0.0 0.192354 0.180404 0.198743 0.193575 0.18021 0.206743
2050000 0.197906 0.19081 0.205187 -2.3955 5.32365 1.31473 0.199494 0.186862 0.204897 0.19664 0.193957 0.205417
2050000 0.198577 0.194266 0.185792 1.7995 -4.7395 -0.744478 0.197552 0.198981 0.186219 0.199416 0.190405 0.185442
2050000 0.204488 0.182515 0.192577 -11.6812 8.07715 10.9991 0.207584 0.180506 0.190549 0.200817 0.184897 0.19498
2050000 0.210137 0.184152 0.201045 -4.38931 2.64341 0.505076 0.21314 0.181632 0.200781 0.207024 0.186765 0.201318
2050000 0.183316 0.190838 0.193778 -0.298741 -0.0280516 -0.162331 0.187172 0.191913 0.195848 0.179201 0.189691 0.191569
2050000 0.203346 0.186812 0.203066 10.2017 0.333684 -3.05552 0.199494 0.186862 0.204897 0.207024 0.186765 0.201318
2050000 0.217101 0.179625 0.206415 -1.38689 -5.12754 -0.907813 0.218911 0.183921 0.207646 0.215765 0.176452 0.205506
2050000 0.212574 0.197406 0.195937 3.97019 -1.34317 -2.54015 0.208682 0.199264 0.197894 0.215115 0.196194 0.194659
2050000 0.204902 0.183309 0.2017 -3.4756 -4.12533 0.215909 0.207024 0.186765 0.201318 0.202903 0.180053 0.202061
2050000 0.21857 0.187654 0.199298 -9.82684 7.99376 4.97568 0.22244 0.183321 0.196588 0.21532 0.191294 0.201574
2050000 0.184009 0.18807 0.203558 1.22388 -1.00514 -0.274746 0.180488 0.190874 0.205098 0.187352 0.185408 0.202095
2050000 0.195988 0.186588 0.218452 6.40928 2.77958 2.21172 0.191759 0.183852 0.216719 0.198785 0.188397 0.219598
2050000 0.205651 0.179158 0.199534 -1.2481 0.13023 1.09037 0.207843 0.178445 0.19752 0.202903 0.180053 0.202061
2050000 0.19271 0.184854 0.207753 3.00336 -9.72756 -1.02261 0.191957 0.188899 0.208632 0.193575 0.18021 0.206743
2050000 0.184996 0.192142 0.204257 0.0 -0.0 -0.0 0.180488 0.190874 0.205098 0.188118 0.19302 0.203674
2050000 0.20997 0.18595 0.214658 0.052315 6.61734 3.72049 0.209478 0.183337 0.213252 0.21075 0.190087 0.216883
2050000 0.207523 0.183356 0.208032 2.61732 -4.73818 -0.99628 0.206431 0.186409 0.208662 0.208875 0.179576 0.207253
2050000 0.207107 0.180391 0.21796 0.04802 -0.25248 -0.0558393 0.205948 0.183566 0.218668 0.209346 0.174257 0.216593
2050000 0.197651 0.179063 0.213278 1.0014 1.29826 -0.0230365 0.195482 0.176653 0.21378 0.200726 0.182479 0.212566
2050000 0.19241 0.190899 0.212307 0.0 0.0 -0.0 0.191957 0.188899 0.208632 0.192794 0.192596 0.215426
2050000 0.18246 0.181897 0.19132 0.0 0.0 0.0 0.186069 0.183495 0.193604 0.178563 0.180684 0.188856
2050000 0.180568 0.193373 0.20095 0.0 0.0 0.0 0.180488 0.190874 0.205098 0.180617 0.195521 0.198072
2050000 0.182837 0.186168 0.192643 0.0 0.0 0.0 0.186069 0.183495 0.193604 0.179201 0.189691 0.191569
2050000 0.183864 0.189078 0.188979 0.0 0.0 0.0 0.189167 0.188909 0.186024 0.179201 0.189691 0.191569
2050000 0.182859 0.188049 0.208331 0.0 0.0 0.0 0.180488 0.190874 0.205098 0.184734 0.186259 0.210896
2050000 0.187653 0.185005 0.213314 0.0 0.0 0.0 0.191759 0.183852 0.216719 0.184734 0.186259 0.210896
2050000 0.185932 0.185619 0.206887 0.0 0.0 0.0 0.187352 0.185408 0.202095 0.184734 0.186259 0.210896
2050000 0.188158 0.187255 0.209826 0.0 0.0 0.0 0.191957 0.188899 0.208632 0.184734 0.186259 0.210896
2050000 0.185452 0.189944 0.210832 0.0 0.0 0.0 0.186206 0.194396 0.21076 0.184734 0.186259 0.210896
2050000 0.186036 0.196712 0.196181 0.0 0.0 0.0 0.187172 0.191913 0.195848 0.184772 0.202559 0.196548
2050000 0.187252 0.199735 0.192887 0.0 0.0 0.0 0.189332 0.197807 0.189817 0.184772 0.202559 0.196548
2050000 0.19791 0.181088 0.181954 0.0 0.0 0.0 0.199418 0.175958 0.18285 0.19691 0.184902 0.181347
2050000 0.1935 0.180887 0.184821 0.0 0.0 0.0 0.195626 0.182274 0.188099 0.191325 0.179975 0.181454
2050000 0.193974 0.186178 0.183125 0.0 0.0 0.0 0.189167 0.188909 0.186024 0.19691 0.184902 0.181347
2050000 0.190402 0.183559 0.183421 0.0 0.0 0.0 0.189167 0.188909 0.186024 0.191325 0.179975 0.181454
2050000 0.186085 0.179577 0.19533 -0.0446839 -0.284509 0.107814 0.186069 0.183495 0.193604 0.186106 0.174774 0.197445
2050000 0.189637 0.181498 0.196517 0.0 0.0 0.0 0.186069 0.183495 0.193604 0.192354 0.180404 0.198743
2050000 0.19753 0.186119 0.186764 0.0 0.0 0.0 0.195626 0.182274 0.188099 0.199416 0.190405 0.185442
2050000 0.187429 0.18563 0.190277 0.0 0.0 0.0 0.186069 0.183495 0.193604 0.189167 0.188909 0.186024
2050000 0.190259 0.182257 0.200145 0.0 0.0 0.0 0.192354 0.180404 0.198743 0.187352 0.185408 0.202095
2050000 0.19949 0.182738 0.186157 0.0 0.0 0.0 0.195626 0.182274 0.188099 0.20288 0.183606 0.184454
2050000 0.198309 0.179404 0.189727 0.0 0.0 0.0 0.195626 0.182274 0.188099 0.200611 0.177414 0.191105
2050000 0.200281 0.178708 0.1996 -0.438654 -0.144768 -0.313544 0.202903 0.180053 0.202061 0.198073 0.177577 0.197528
2050000 0.189258 0.178912 0.209561 0.0 0.0 0.0 0.185349 0.178224 0.212114 0.193575 0.18021 0.206743
2050000 0.194064 0.179143 0.214895 0.0 0.0 0.0 0.195482 0.176653 0.21378 0.191759 0.183852 0.216719
2050000 0.192714 0.18169 0.211483 0.0 0.0 0.0 0.191759 0.183852 0.216719 0.193575 0.18021 0.206743
2050000 0.197221 0.181113 0.209704 0.0 0.0 0.0 0.200726 0.182479 0.212566 0.193575 0.18021 0.206743
2050000 0.199943 0.180119 0.216639 0.0 0.0 0.0 0.19912 0.178165 0.220927 0.200726 0.182479 0.212566
2050000 0.203115 0.181073 0.2196 0.0 0.0 0.0 0.19912 0.178165 0.220927 0.205948 0.183566 0.218668
2050000 0.198193 0.190388 0.18142 0.0 0.0 0.0 0.199416 0.190405 0.185442 0.19709 0.190837 0.177786
2050000 0.190498 0.188103 0.195661 0.0 0.0 0.0 0.192794 0.185879 0.195521 0.187172 0.191913 0.195848
2050000 0.193948 0.188353 0.19439 0.0 0.0 0.0 0.192794 0.185879 0.195521 0.195631 0.192536 0.192726
2050000 0.19511 0.189534 0.18569 0.0 0.0 0.0 0.199416 0.190405 0.185442 0.189167 0.188909 0.186024
2050000 0.188074 0.190315 0.191416 0.0 0.0 0.0 0.187172 0.191913 0.195848 0.189167 0.188909 0.186024
2050000 0.191398 0.191984 0.194291 0.0 0.0 0.0 0.187172 0.191913 0.195848 0.195631 0.192536 0.192726
2050000 0.191011 0.197717 0.1944 0.0 0.0 0.0 0.192895 0.198121 0.199544 0.189332 0.197807 0.189817
2050000 0.193151 0.198112 0.188145 0.0 0.0 0.0 0.197552 0.198981 0.186219 0.189332 0.197807 0.189817
2050000 0.190576 0.185447 0.198205 0.0 0.0 0.0 0.192794 0.185879 0.195521 0.187352 0.185408 0.202095
2050000 0.190955 0.190446 0.198588 0.0 0.0 0.0 0.187172 0.191913 0.195848 0.193808 0.18975 0.200648
2050000 0.187723 0.192308 0.200369 0.0 0.0 0.0 0.187172 0.191913 0.195848 0.188118 0.19302 0.203674
2050000 0.19459 0.190713 0.197251 0.0 0.0 0.0 0.195631 0.192536 0.192726 0.193808 0.18975 0.200648
2050000 0.193424 0.193023 0.200187 0.0 0.0 0.0 0.192895 0.198121 0.199544 0.193808 0.18975 0.200648
2050000 0.190086 0.194876 0.201975 0.0 0.0 0.0 0.192895 0.198121 0.199544 0.188118 0.19302 0.203674
2050000 0.190256 0.200358 0.185927 0.0 0.0 0.0 0.189332 0.197807 0.189817 0.191058 0.203012 0.18256
2050000 0.194468 0.202478 0.18819 0.0 0.0 0.0 0.197552 0.198981 0.186219 0.191622 0.206175 0.190013
2050000 0.198712 0.200925 0.190393 0.0 0.0 0.0 0.197552 0.198981 0.186219 0.199992 0.203556 0.194982
2050000 0.201251 0.186556 0.18492 0.0 0.0 0.0 0.199416 0.190405 0.185442 0.20288 0.183606 0.184454
2050000 0.201122 0.188163 0.181647 0.0 0.0 0.0 0.199416 0.190405 0.185442 0.202477 0.186821 0.17863
2050000 0.201647 0.197215 0.183695 0.0 0.0 0.0 0.197552 0.198981 0.186219 0.207387 0.195317 0.180161
2050000 0.201579 0.192859 0.188512 0.0 0.0 0.0 0.203711 0.195757 0.191529 0.199416 0.190405 0.185442
2050000 0.199965 0.194021 0.192085 0.0 0.0 0.0 0.203711 0.195757 0.191529 0.195631 0.192536 0.192726
2050000 0.197407 0.195425 0.199447 0.0 0.0 0.0 0.192895 0.198121 0.199544 0.20174 0.193307 0.199353
2050000 0.202162 0.200549 0.18751 0.0 0.0 0.0 0.197552 0.198981 0.186219 0.205287 0.202018 0.188381
2050000 0.197052 0.199246 0.202347 0.0 0.0 0.0 0.192895 0.198121 0.199544 0.201743 0.201018 0.205511
2050000 0.1957 0.187642 0.206777 0.0 0.0 0.0 0.191957 0.188899 0.208632 0.199494 0.186862 0.204897
2050000 0.190922 0.191172 0.202186 0.0 0.0 0.0 0.188118 0.19302 0.203674 0.193808 0.18975 0.200648
2050000 0.192983 0.189132 0.204215 0.0 0.0 0.0 0.191957 0.188899 0.208632 0.193808 0.18975 0.200648
2050000 0.19522 0.191619 0.203032 0.0 0.0 0.0 0.19664 0.193957 0.205417 0.193808 0.18975 0.200648
2050000 0.187265 0.193391 0.206861 0.0 0.0 0.0 0.186206 0.194396 0.21076 0.188118 0.19302 0.203674
2050000 0.189702 0.193191 0.213233 0.0 0.0 0.0 0.186206 0.194396 0.21076 0.192794 0.192596 0.215426
2050000 0.194833 0.196287 0.206788 0.0 0.0 0.0 0.192405 0.199989 0.208644 0.19664 0.193957 0.205417
2050000 0.194937 0.195537 0.215432 0.0 0.0 0.0 0.192794 0.192596 0.215426 0.1972 0.19913 0.215443
2050000 0.195036 0.199281 0.212382 0.0 0.0 0.0 0.192405 0.199989 0.208644 0.1972 0.19913 0.215443
2050000 0.186274 0.196366 0.214276 0.0 0.0 0.0 0.186206 0.194396 0.21076 0.186356 0.199836 0.219385
2050000 0.194648 0.193474 0.218355 0.0 0.0 0.0 0.196467 0.194824 0.221235 0.192794 0.192596 0.215426
2050000 0.195806 0.190235 0.217525 0.0 0.0 0.0 0.192794 0.192596 0.215426 0.198785 0.188397 0.219598
2050000 0.190355 0.19509 0.216925 0.0 0.0 0.0 0.192794 0.192596 0.215426 0.186356 0.199836 0.219385
2050000 0.200097 0.185714 0.20033 0.0 0.0 0.0 0.200817 0.184897 0.19498 0.199494 0.186862 0.204897
2050000 0.201283 0.183033 0.203405 0.0 0.0 0.0 0.199494 0.186862 0.204897 0.202903 0.180053 0.202061
2050000 0.197207 0.191039 0.200096 0.0 0.0 0.0 0.20174 0.193307 0.199353 0.193808 0.18975 0.200648
2050000 0.198826 0.193437 0.202816 0.0 0.0 0.0 0.20174 0.193307 0.199353 0.19664 0.193957 0.205417
2050000 0.203401 0.186365 0.207022 0.0 0.0 0.0 0.206431 0.186409 0.208662 0.199494 0.186862 0.204897
2050000 0.195996 0.190081 0.210349 0.0 0.0 0.0 0.191957 0.188899 0.208632 0.200592 0.191948 0.212305
2050000 0.19612 0.192074 0.214093 0.0 0.0 0.0 0.200592 0.191948 0.212305 0.192794 0.192596 0.215426
2050000 0.200428 0.196773 0.21764 0.0 0.0 0.0 0.20393 0.194721 0.220022 0.1972 0.19913 0.215443
2050000 0.19962 0.185597 0.216563 0.0 0.0 0.0 0.200726 0.182479 0.212566 0.198785 0.188397 0.219598
2050000 0.201173 0.191089 0.219794 0.0 0.0 0.0 0.20393 0.194721 0.220022 0.198785 0.188397 0.219598
2050000 0.202132 0.198818 0.192989 0.0 0.0 0.0 0.203711 0.195757 0.191529 0.199992 0.203556 0.194982
2050000 0.204585 0.20105 0.196521 0.0 0.0 0.0 0.208682 0.199264 0.197894 0.199992 0.203556 0.194982
2050000 0.209319 0.181669 0.186973 0.0 0.0 0.0 0.207584 0.180506 0.190549 0.211552 0.183727 0.182371
2050000 0.205016 0.18195 0.18723 0.0 0.0 0.0 0.207584 0.180506 0.190549 0.20288 0.183606 0.184454
2050000 0.201301 0.189308 0.197273 -0.129837 1.88465 0.958033 0.200817 0.184897 0.19498 0.20174 0.193307 0.199353
2050000 0.203951 0.186706 0.191676 0.0 0.0 0.0 0.200817 0.184897 0.19498 0.206582 0.188672 0.188905
2050000 0.209218 0.181495 0.210712 0.0 0.0 0.0 0.209478 0.183337 0.213252 0.208875 0.179576 0.207253
2050000 0.205059 0.180685 0.209736 0.0 0.0 0.0 0.200726 0.182479 0.212566 0.208875 0.179576 0.207253
2050000 0.206039 0.182748 0.212981 0.0 0.0 0.0 0.209478 0.183337 0.213252 0.200726 0.182479 0.212566
2050000 0.207829 0.183192 0.215774 0.0 0.0 0.0 0.209478 0.183337 0.213252 0.205948 0.183566 0.218668
2050000 0.204267 0.178848 0.214215 0.0 0.0 0.0 0.200726 0.182479 0.212566 0.209346 0.174257 0.216593
2050000 0.214052 0.18546 0.201116 0.0 0.0 0.0 0.21314 0.181632 0.200781 0.21532 0.191294 0.201574
2050000 0.207941 0.182931 0.204281 0.0 0.0 0.0 0.208875 0.179576 0.207253 0.207024 0.186765 0.201318
2050000 0.210966 0.185598 0.211333 0.0 0.0 0.0 0.209478 0.183337 0.213252 0.212547 0.188505 0.209296
2050000 0.200656 0.186898 0.212434 0.0 0.0 0.0 0.200592 0.191948 0.212305 0.200726 0.182479 0.212566
2050000 0.215725 0.182411 0.203862 0.0 0.0 0.0 0.218911 0.183921 0.207646 0.21314 0.181632 0.200781
2050000 0.207963 0.186055 0.217916 0.0 0.0 0.0 0.205948 0.183566 0.218668 0.21075 0.190087 0.216883
2050000 0.206886 0.190961 0.185576 0.0 0.0 0.0 0.207387 0.195317 0.180161 0.206582 0.188672 0.188905
2050000 0.20505 0.195354 0.187379 0.0 0.0 0.0 0.203711 0.195757 0.191529 0.207387 0.195317 0.180161
2050000 0.210996 0.198528 0.184769 0.0 0.0 0.0 0.207387 0.195317 0.180161 0.213787 0.201429 0.188318
2050000 0.212433 0.192909 0.184735 0.0 0.0 0.0 0.216056 0.191593 0.188007 0.207387 0.195317 0.180161
2050000 0.209604 0.18712 0.191554 0.0 0.0 0.0 0.212571 0.186087 0.194141 0.206582 0.188672 0.188905
2050000 0.207256 0.193849 0.19278 0.0 0.0 0.0 0.210057 0.192784 0.193762 0.203711 0.195757 0.191529
2050000 0.205954 0.197098 0.194405 0.0 0.0 0.0 0.203711 0.195757 0.191529 0.208682 0.199264 0.197894
2050000 0.209785 0.186181 0.197739 0.0 0.0 0.0 0.212571 0.186087 0.194141 0.207024 0.186765 0.201318
2050000 0.213751 0.18809 0.197352 0.0 0.0 0.0 0.212571 0.186087 0.194141 0.21532 0.191294 0.201574
2050000 0.204519 0.189617 0.20039 0.0 0.0 0.0 0.20174 0.193307 0.199353 0.207024 0.186765 0.201318
2050000 0.204803 0.193249 0.203277 0.0 0.0 0.0 0.20174 0.193307 0.199353 0.20769 0.193666 0.206967
2050000 0.211964 0.191998 0.196604 0.0 0.0 0.0 0.210057 0.192784 0.193762 0.21532 0.191294 0.201574
2050000 0.211784 0.195291 0.199617 0.0 0.0 0.0 0.208682 0.199264 0.197894 0.21532 0.191294 0.201574
2050000 0.212032 0.202863 0.196417 0.0 0.0 0.0 0.208682 0.199264 0.197894 0.214179 0.205553 0.195464
2050000 0.211104 0.200052 0.193351 0.0 0.0 0.0 0.208682 0.199264 0.197894 0.213787 0.201429 0.188318
2050000 0.205409 0.199851 0.201483 0.0 0.0 0.0 0.208682 0.199264 0.197894 0.201743 0.201018 0.205511
2050000 0.216409 0.184764 0.195097 0.0 0.0 0.0 0.22244 0.183321 0.196588 0.212571 0.186087 0.194141
2050000 0.210957 0.189779 0.188495 0.0 0.0 0.0 0.216056 0.191593 0.188007 0.206582 0.188672 0.188905
2050000 0.212376 0.19208 0.191537 0.0 0.0 0.0 0.210057 0.192784 0.193762 0.216056 0.191593 0.188007
2050000 0.215477 0.194161 0.192076 0.0 0.0 0.0 0.216056 0.191593 0.188007 0.215115 0.196194 0.194659
2050000 0.207342 0.189894 0.20408 0.0 0.0 0.0 0.207024 0.186765 0.201318 0.20769 0.193666 0.206967
2050000 0.204044 0.18843 0.210151 0.0 0.0 0.0 0.206431 0.186409 0.208662 0.200592 0.191948 0.212305
2050000 0.20373 0.195329 0.21291 0.0 0.0 0.0 0.200592 0.191948 0.212305 0.206327 0.198549 0.21341
2050000 0.210463 0.190473 0.208296 0.0 0.0 0.0 0.212547 0.188505 0.209296 0.20769 0.193666 0.206967
2050000 0.213577 0.189299 0.206422 0.0 0.0 0.0 0.212547 0.188505 0.209296 0.21532 0.191294 0.201574
2050000 0.208327 0.194472 0.214981 0.0 0.0 0.0 0.206327 0.198549 0.21341 0.21075 0.190087 0.216883
2050000 0.201131 0.196009 0.209084 0.0 0.0 0.0 0.200592 0.191948 0.212305 0.201743 0.201018 0.205511
2050000 0.204369 0.199361 0.210044 0.0 0.0 0.0 0.206327 0.198549 0.21341 0.201743 0.201018 0.205511
2050000 0.213863 0.191385 0.209967 0.0 0.0 0.0 0.212547 0.188505 0.209296 0.216546 0.197978 0.211332
2050000 0.211189 0.195132 0.208696 0.0 0.0 0.0 0.216546 0.197978 0.211332 0.20769 0.193666 0.206967
2050000 0.215869 0.19408 0.206001 0.0 0.0 0.0 0.216546 0.197978 0.211332 0.21532 0.191294 0.201574
2050000 0.21018 0.198092 0.212625 0.0 0.0 0.0 0.206327 0.198549 0.21341 0.216546 0.197978 0.211332
2050000 0.183077 0.209745 0.194083 -5.84797 -0.101886 0.615822 0.186319 0.210285 0.193934 0.179313 0.209119 0.194256
2050000 0.19044 0.201857 0.189912 -13.8161 -36.5751 4.12973 0.191622 0.206175 0.190013 0.189332 0.197807 0.189817
2050000 0.192811 0.203231 0.211865 -2.63948 -15.0373 -10.9976 0.193221 0.206504 0.215118 0.192405 0.199989 0.208644
2050000 0.194557 0.204015 0.20819 -5.91339 -11.683 3.43087 0.196026 0.206763 0.20788 0.192405 0.199989 0.208644
2050000 0.196733 0.200466 0.207192 -7.1372 -1.8739 3.12885 0.201743 0.201018 0.205511 0.192405 0.199989 0.208644
2050000 0.194459 0.204573 0.219144 1.78718 -4.57102 12.1478 0.193221 0.206504 0.215118 0.195688 0.202656 0.223139
2050000 0.188264 0.211433 0.185633 -4.09093 -7.26632 -7.71516 0.189598 0.214925 0.188392 0.187284 0.208867 0.183605
2050000 0.188564 0.208545 0.192274 3.76641 -2.50802 -3.63041 0.186319 0.210285 0.193934 0.191622 0.206175 0.190013
2050000 0.194333 0.209342 0.191651 11.1054 10.8499 8.70855 0.191622 0.206175 0.190013 0.19682 0.212246 0.193153
2050000 0.187718 0.212856 0.195433 4.5815 10.5497 8.08121 0.186319 0.210285 0.193934 0.189682 0.216466 0.197536
2050000 0.196917 0.212465 0.197255 -0.808823 1.5638 9.23471 0.19682 0.212246 0.193153 0.197031 0.212718 0.202017
2050000 0.193297 0.214622 0.19974 -7.06811 2.55689 -3.05124 0.197031 0.212718 0.202017 0.189682 0.216466 0.197536
2050000 0.191901 0.217323 0.185144 -3.67447 -3.57554 6.88785 0.194298 0.219819 0.181763 0.189598 0.214925 0.188392
2050000 0.197327 0.216203 0.19217 2.28268 13.6141 -5.77301 0.19682 0.212246 0.193153 0.197917 0.220796 0.191028
2050000 0.19074 0.217996 0.201763 -0.116512 -0.31561 -1.16995 0.191834 0.219579 0.206132 0.189682 0.216466 0.197536
2050000 0.19595 0.209828 0.213394 7.42569 7.55982 -2.67163 0.193221 0.206504 0.215118 0.198871 0.213385 0.211549
2050000 0.19568 0.205912 0.204887 -1.9924 -4.63627 -10.2812 0.196026 0.206763 0.20788 0.195342 0.205082 0.201965
2050000 0.197127 0.209326 0.2093 -8.6492 -17.7477 -14.2239 0.198871 0.213385 0.211549 0.196026 0.206763 0.20788
2050000 0.191476 0.210786 0.215383 -17.6117 29.6744 3.94084 0.193221 0.206504 0.215118 0.189319 0.216082 0.215711
2050000 0.198567 0.21699 0.200552 3.73564 7.43981 -1.72306 0.197031 0.212718 0.202017 0.199791 0.220395 0.199384
2050000 0.194433 0.216147 0.204074 15.9124 -15.6737 -13.4097 0.191834 0.219579 0.206132 0.197031 0.212718 0.202017
2050000 0.202917 0.215901 0.21292 10.5634 7.8742 1.9177 0.198871 0.213385 0.211549 0.206557 0.218164 0.214153
2050000 0.201244 0.210535 0.201544 12.3877 -6.28048 0.823038 0.197031 0.212718 0.202017 0.204808 0.208689 0.201145
2050000 0.201105 0.214734 0.203461 11.7179 4.7258 6.09723 0.197031 0.212718 0.202017 0.205098 0.21671 0.204876
2050000 0.190691 0.21799 0.210485 -5.89173 -4.62969 13.1386 0.191834 0.219579 0.206132 0.189319 0.216082 0.215711
2050000 0.200868 0.207153 0.2191 -1.41392 2.14803 2.75825 0.202473 0.204534 0.216699 0.199465 0.209444 0.2212
2050000 0.214622 0.198137 0.192305 1.05775 -3.7668 6.41699 0.213787 0.201429 0.188318 0.215115 0.196194 0.194659
2050000 0.209559 0.200718 0.202313 -2.61215 -2.24867 -14.2348 0.210136 0.201672 0.205215 0.208682 0.199264 0.197894
2050000 0.21025 0.203619 0.185137 10.9994 -7.62777 7.31546 0.207971 0.205031 0.183087 0.213787 0.201429 0.188318
2050000 0.208422 0.203105 0.195139 -1.666 -13.3252 10.4364 0.208239 0.205813 0.193197 0.208682 0.199264 0.197894
2050000 0.214035 0.204043 0.192848 0.995744 -5.24614 -11.5374 0.214179 0.205553 0.195464 0.213787 0.201429 0.188318
2050000 0.205045 0.196936 0.206319 17.6354 -15.796 3.93409 0.201743 0.201018 0.205511 0.20769 0.193666 0.206967
2050000 0.203485 0.205378 0.203029 11.012 17.5919 -10.8427 0.201743 0.201018 0.205511 0.204808 0.208689 0.201145
2050000 0.209416 0.204114 0.207002 -0.987937 8.44326 5.11853 0.210136 0.201672 0.205215 0.208126 0.208492 0.210204
2050000 0.204389 0.201558 0.215063 2.00886 -2.31474 -1.79047 0.202473 0.204534 0.216699 0.206327 0.198549 0.21341
2050000 0.212212 0.200476 0.207197 12.9112 -4.64471 9.74417 0.210136 0.201672 0.205215 0.216546 0.197978 0.211332
2050000 0.204873 0.205273 0.18177 -8.08857 -0.753308 -3.7152 0.207971 0.205031 0.183087 0.200491 0.205614 0.179906
2050000 0.203148 0.214209 0.182406 3.10739 -1.18441 11.063 0.201284 0.214692 0.178375 0.205762 0.213531 0.188056
2050000 0.211803 0.212531 0.189372 -4.20135 1.41866 -1.04062 0.215363 0.211941 0.190147 0.205762 0.213531 0.188056
2050000 0.212968 0.208247 0.196105 -4.82089 17.8912 4.6833 0.214179 0.205553 0.195464 0.211233 0.212108 0.197023
2050000 0.207378 0.208497 0.19141 -7.2977 13.397 -9.85256 0.208239 0.205813 0.193197 0.205762 0.213531 0.188056
2050000 0.207905 0.210338 0.199158 -16.3396 -8.81714 14.8284 0.211233 0.212108 0.197023 0.204808 0.208689 0.201145
2050000 0.212775 0.215434 0.199333 -6.52648 -10.3291 -9.90723 0.214262 0.21864 0.20156 0.211233 0.212108 0.197023
2050000 0.212135 0.215922 0.195176 3.00439 18.0338 -12.1877 0.211233 0.212108 0.197023 0.212957 0.2194 0.193491
2050000 0.218093 0.20986 0.191501 6.48139 -3.42685 2.58666 0.215363 0.211941 0.190147 0.221821 0.207019 0.19335
2050000 0.206479 0.212962 0.207306 -2.95465 5.37233 -4.61975 0.208126 0.208492 0.210204 0.205098 0.21671 0.204876
2050000 0.210031 0.217993 0.216945 -5.78499 0.582197 -6.36574 0.213223 0.217837 0.219511 0.206557 0.218164 0.214153
2050000 0.215664 0.212929 0.207853 1.69275 -1.25971 -2.54479 0.214301 0.214513 0.210073 0.218087 0.210114 0.203906
2050000 0.199958 0.211958 0.186305 7.92522 0.84094 2.73221 0.196412 0.210997 0.185235 0.205762 0.213531 0.188056
2050000 0.204799 0.206163 0.214026 1.13668 0.4835 -1.07984 0.202473 0.204534 0.216699 0.208126 0.208492 0.210204
2050000 0.194707 0.211206 0.181815 1.8817 0.454586 4.19321 0.192912 0.211427 0.178216 0.196412 0.210997 0.185235
2050000 0.207037 0.201431 0.205325 -6.65661 0.492856 -0.0744187 0.210136 0.201672 0.205215 0.201743 0.201018 0.205511
2050000 0.217046 0.206103 0.194671 2.16929 0.631063 -0.30871 0.214179 0.205553 0.195464 0.221821 0.207019 0.19335
2050000 0.212119 0.212385 0.210119 -0.631845 -0.586867 -0.12293 0.214301 0.214513 0.210073 0.208126 0.208492 0.210204
2050000 0.193335 0.212771 0.186661 -2.97631 1.78682 2.07892 0.196412 0.210997 0.185235 0.189598 0.214925 0.188392
2050000 0.198226 0.208602 0.182864 1.50574 -3.1443 -2.72952 0.196412 0.210997 0.185235 0.200491 0.205614 0.179906
2050000 0.213464 0.212018 0.193309 -4.71018 1.70033 8.15436 0.215363 0.211941 0.190147 0.211233 0.212108 0.197023
2050000 0.199361 0.215316 0.21603 0.0 0.0 0.0 0.198871 0.213385 0.211549 0.199819 0.21736 0.220175
2050000 0.204313 0.214344 0.194096 -0.218145 0.130395 2.30437 0.205762 0.213531 0.188056 0.203552 0.21477 0.197266
2050000 0.204116 0.21204 0.199007 0.391074 -1.92808 1.71511 0.203552 0.21477 0.197266 0.204808 0.208689 0.201145
2050000 0.203268 0.202605 0.190899 -0.492641 0.0373169 0.726238 0.205287 0.202018 0.188381 0.199992 0.203556 0.194982
2050000 0.20661 0.203503 0.185772 -0.364363 -0.699477 0.95376 0.207971 0.205031 0.183087 0.205287 0.202018 0.188381
2050000 0.197933 0.213045 0.20669 -0.0936841 0.04143 -0.451877 0.198871 0.213385 0.211549 0.197031 0.212718 0.202017
2050000 0.207777 0.201804 0.182115 0.108185 -1.3382 -0.287234 0.207971 0.205031 0.183087 0.207387 0.195317 0.180161
2050000 0.19189 0.2073 0.194344 -0.0 -0.0 0.0 0.191622 0.206175 0.190013 0.192084 0.208118 0.197489
2050000 0.190364 0.208497 0.200228 -0.000863216 0.000470857 0.00143206 0.192084 0.208118 0.197489 0.186889 0.209264 0.205759
2050000 0.215467 0.21275 0.212269 3.25762 -3.07835 4.68829 0.214301 0.214513 0.210073 0.217771 0.209265 0.216614
2050000 0.218634 0.213001 0.199352 -0.234559 -0.774651 1.7997 0.21903 0.215092 0.196055 0.218087 0.210114 0.203906
2050000 0.204858 0.204665 0.207801 -1.178 -1.00621 -0.891068 0.208126 0.208492 0.210204 0.201743 0.201018 0.205511
2050000 0.198631 0.196712 0.205454 -8.06813 -10.863 2.00843 0.201743 0.201018 0.205511 0.19664 0.193957 0.205417
2050000 0.200362 0.212756 0.191134 5.29267 1.32006 -4.12727 0.19682 0.212246 0.193153 0.205762 0.213531 0.188056
2050000 0.210781 0.2038 0.203041 1.37547 2.63291 -2.4855 0.210136 0.201672 0.205215 0.211409 0.205871 0.200925
2050000 0.181673 0.206237 0.195248 0.0 0.0 0.0 0.179313 0.209119 0.194256 0.184772 0.202559 0.196548
2050000 0.201809 0.217378 0.198248 -1.75951 2.42963 1.47941 0.203552 0.21477 0.197266 0.199791 0.220395 0.199384
2050000 0.182277 0.217702 0.206838 -0.886596 -0.978232 1.7651 0.183662 0.218907 0.20345 0.180921 0.216522 0.210155
2050000 0.211336 0.208436 0.199321 0.865332 -3.9754 2.69816 0.211233 0.212108 0.197023 0.211409 0.205871 0.200925
2050000 0.212932 0.217098 0.209219 -2.73632 6.25425 -3.09999 0.214301 0.214513 0.210073 0.211484 0.219833 0.208317
2050000 0.190185 0.203555 0.217005 -10.0713 -6.86477 5.79854 0.193221 0.206504 0.215118 0.186356 0.199836 0.219385
2050000 0.181815 0.20163 0.200491 2.05375 0.132122 -2.38953 0.178745 0.200666 0.204584 0.184772 0.202559 0.196548
2050000 0.184855 0.215345 0.204303 5.25074 -10.314 1.86209 0.183662 0.218907 0.20345 0.186889 0.209264 0.205759
2050000 0.216713 0.196436 0.200802 -7.08495 -18.4266 0.440801 0.217904 0.200828 0.200143 0.21532 0.191294 0.201574
2050000 0.211356 0.205676 0.194387 3.55884 -0.760907 1.53427 0.208239 0.205813 0.193197 0.214179 0.205553 0.195464
2050000 0.215657 0.203679 0.19732 -9.82841 8.35748 -10.8281 0.217904 0.200828 0.200143 0.214179 0.205553 0.195464
2050000 0.185688 0.20546 0.200533 -4.72251 -8.39435 -15.9393 0.186889 0.209264 0.205759 0.184772 0.202559 0.196548
2050000 0.18285 0.212172 0.201459 0.00112909 -0.00103148 0.00101014 0.180967 0.213527 0.199454 0.186889 0.209264 0.205759
2050000 0.198969 0.218243 0.212529 -1.45785 23.2489 1.4729 0.198871 0.213385 0.211549 0.199042 0.221882 0.213263
2050000 0.217988 0.205091 0.201871 0.616023 3.34903 1.60681 0.217904 0.200828 0.200143 0.218087 0.210114 0.203906
2050000 0.184155 0.203061 0.191599 -1.41153 3.59054 -13.5427 0.184772 0.202559 0.196548 0.183643 0.203478 0.18749
2050000 0.194205 0.208776 0.187436 4.03583 4.85414 -3.23234 0.191622 0.206175 0.190013 0.196412 0.210997 0.185235
2050000 0.202731 0.206475 0.198487 0.176095 0.264908 0.231213 0.199992 0.203556 0.194982 0.204808 0.208689 0.201145
2050000 0.196001 0.208064 0.201985 -7.49624 -30.8997 4.83042 0.197031 0.212718 0.202017 0.195342 0.205082 0.201965
2050000 0.208995 0.21269 0.193356 0.198288 -0.0330286 0.232886 0.205762 0.213531 0.188056 0.211233 0.212108 0.197023
2050000 0.198203 0.208459 0.19395 0.145401 -0.681018 0.0817046 0.19682 0.212246 0.193153 0.199992 0.203556 0.194982
2050000 0.206954 0.2148 0.217055 -0.575773 -6.28631 5.37105 0.206557 0.218164 0.214153 0.207378 0.211205 0.220156
2050000 0.19768 0.203598 0.20326 3.93899 -2.16849 1.3413 0.195342 0.205082 0.201965 0.201743 0.201018 0.205511
2050000 0.184501 0.212995 0.193518 -2.39544 3.18331 0.0891031 0.186319 0.210285 0.193934 0.182236 0.216374 0.193
2050000 0.199786 0.20178 0.216059 -0.727061 -1.03515 -0.206201 0.202473 0.204534 0.216699 0.1972 0.19913 0.215443
2050000 0.198146 0.204632 0.207001 7.41587 -8.04555 -1.43178 0.196026 0.206763 0.20788 0.201743 0.201018 0.205511
2050000 0.207723 0.209954 0.215569 -1.92824 1.74391 8.54793 0.208126 0.208492 0.210204 0.207378 0.211205 0.220156
2050000 0.216005 0.217238 0.194778 -8.3079 4.02095 -2.99635 0.21903 0.215092 0.196055 0.212957 0.2194 0.193491
2050000 0.193078 0.20757 0.207196 -6.64299 1.34335 -0.518424 0.196026 0.206763 0.20788 0.186889 0.209264 0.205759
2050000 0.185706 0.207224 0.19497 -4.33159 -12.7696 6.07842 0.186319 0.210285 0.193934 0.184772 0.202559 0.196548
2050000 0.195419 0.20243 0.215298 7.67762 -10.7416 1.8098 0.193221 0.206504 0.215118 0.1972 0.19913 0.215443
2050000 0.188187 0.212907 0.211077 1.25242 5.8743 11.3647 0.186889 0.209264 0.205759 0.189319 0.216082 0.215711
2050000 0.208109 0.199771 0.216707 -1.58551 -0.552235 -3.08403 0.210617 0.201491 0.221344 0.206327 0.198549 0.21341
2050000 0.18151 0.214745 0.196694 0.000991992 0.00155452 -0.00595162 0.180967 0.213527 0.199454 0.182236 0.216374 0.193
2050000 0.190628 0.21047 0.189218 -3.77511 17.2993 -0.360312 0.191622 0.206175 0.190013 0.189598 0.214925 0.188392
2050000 0.194895 0.206659 0.210799 0.218822 0.130653 -0.78075 0.193221 0.206504 0.215118 0.196026 0.206763 0.20788
2050000 0.185738 0.216417 0.195134 -1.88892 0.316328 -1.06792 0.189682 0.216466 0.197536 0.182236 0.216374 0.193
2050000 0.187678 0.212208 0.191637 2.21247 4.04329 -3.43221 0.186319 0.210285 0.193934 0.189598 0.214925 0.188392
2050000 0.18122 0.208476 0.202518 0.195841 -0.00864284 0.11035 0.17859 0.208111 0.201015 0.186889 0.209264 0.205759
2050000 0.212761 0.208863 0.213284 0.100517 0.00364002 0.0918345 0.208126 0.208492 0.210204 0.217771 0.209265 0.216614
2050000 0.216721 0.21681 0.198721 3.70984 -1.74505 -4.38155 0.214262 0.21864 0.20156 0.21903 0.215092 0.196055
2050000 0.192767 0.211266 0.20359 0.0913766 0.0359924 -0.052231 0.186889 0.209264 0.205759 0.197031 0.212718 0.202017
2050000 0.20856 0.201791 0.188357 0.241352 -0.0425372 -0.0311613 0.205287 0.202018 0.188381 0.213787 0.201429 0.188318
2050000 0.193764 0.206552 0.199798 0.0 0.0 0.0 0.192084 0.208118 0.197489 0.195342 0.205082 0.201965
2050000 0.180229 0.211319 0.197134 0.0 0.0 0.0 0.180967 0.213527 0.199454 0.179313 0.209119 0.194256
2050000 0.180927 0.205766 0.199326 0.0 0.0 0.0 0.17859 0.208111 0.201015 0.184772 0.202559 0.196548
2050000 0.18216 0.215666 0.201216 0.0 0.0 0.0 0.180967 0.213527 0.199454 0.183662 0.218907 0.20345
2050000 0.187599 0.202985 0.18486 0.0 0.0 0.0 0.191058 0.203012 0.18256 0.183643 0.203478 0.18749
2050000 0.18748 0.204534 0.188707 0.0 0.0 0.0 0.191622 0.206175 0.190013 0.183643 0.203478 0.18749
2050000 0.188384 0.204231 0.1931 0.0 0.0 0.0 0.191622 0.206175 0.190013 0.184772 0.202559 0.196548
2050000 0.189203 0.205696 0.19712 0.0 0.0 0.0 0.192084 0.208118 0.197489 0.184772 0.202559 0.196548
2050000 0.182344 0.204224 0.205106 0.0 0.0 0.0 0.186889 0.209264 0.205759 0.178745 0.200666 0.204584
2050000 0.185683 0.215457 0.190838 0.0 0.0 0.0 0.189598 0.214925 0.188392 0.182236 0.216374 0.193
2050000 0.183098 0.213645 0.208554 0.0 0.0 0.0 0.186889 0.209264 0.205759 0.180921 0.216522 0.210155
2050000 0.186399 0.217565 0.200757 0.0 0.0 0.0 0.183662 0.218907 0.20345 0.189682 0.216466 0.197536
2050000 0.194164 0.202811 0.204633 0.0 0.0 0.0 0.195342 0.205082 0.201965 0.192405 0.199989 0.208644
2050000 0.190133 0.203567 0.207457 0.0 0.0 0.0 0.186889 0.209264 0.205759 0.192405 0.199989 0.208644
2050000 0.196518 0.200477 0.218896 0.0 0.0 0.0 0.195688 0.202656 0.223139 0.1972 0.19913 0.215443
2050000 0.189154 0.207462 0.18638 0.0 0.0 0.0 0.191622 0.206175 0.190013 0.187284 0.208867 0.183605
2050000 0.191304 0.204187 0.1859 0.0 0.0 0.0 0.191622 0.206175 0.190013 0.191058 0.203012 0.18256
2050000 0.195442 0.204743 0.192285 0.0 0.0 0.0 0.191622 0.206175 0.190013 0.199992 0.203556 0.194982
2050000 0.196601 0.211364 0.189054 0.0 0.0 0.0 0.19682 0.212246 0.193153 0.196412 0.210997 0.185235
2050000 0.189214 0.208962 0.195724 0.0 0.0 0.0 0.186319 0.210285 0.193934 0.192084 0.208118 0.197489
2050000 0.194171 0.209711 0.195571 0.0 0.0 0.0 0.192084 0.208118 0.197489 0.19682 0.212246 0.193153
2050000 0.195082 0.206155 0.196536 0.0 0.0 0.0 0.192084 0.208118 0.197489 0.199992 0.203556 0.194982
2050000 0.193423 0.213269 0.190917 0.0 0.0 0.0 0.19682 0.212246 0.193153 0.189598 0.214925 0.188392
2050000 0.194087 0.209751 0.199324 0.0 0.0 0.0 0.192084 0.208118 0.197489 0.197031 0.212718 0.202017
2050000 0.197034 0.204292 0.199414 0.0 0.0 0.0 0.195342 0.205082 0.201965 0.199992 0.203556 0.194982
2050000 0.195474 0.214656 0.183706 0.0 0.0 0.0 0.194298 0.219819 0.181763 0.196412 0.210997 0.185235
2050000 0.191088 0.211339 0.197508 0.0 0.0 0.0 0.192084 0.208118 0.197489 0.189682 0.216466 0.197536
2050000 0.193452 0.214003 0.195213 0.0 0.0 0.0 0.19682 0.212246 0.193153 0.189682 0.216466 0.197536
2050000 0.189636 0.215464 0.192978 0.0 0.0 0.0 0.189598 0.214925 0.188392 0.189682 0.216466 0.197536
2050000 0.193695 0.217588 0.189694 0.0 0.0 0.0 0.197917 0.220796 0.191028 0.189598 0.214925 0.188392
2050000 0.200934 0.197782 0.197343 0.0 0.0 0.0 0.199992 0.203556 0.194982 0.20174 0.193307 0.199353
2050000 0.198655 0.212465 0.182074 0.0 0.0 0.0 0.201284 0.214692 0.178375 0.196412 0.210997 0.185235
2050000 0.200551 0.213416 0.195438 0.0 0.0 0.0 0.19682 0.212246 0.193153 0.203552 0.21477 0.197266
2050000 0.205053 0.204708 0.193887 0.0 0.0 0.0 0.208239 0.205813 0.193197 0.199992 0.203556 0.194982
2050000 0.200862 0.202052 0.200246 0.0 0.0 0.0 0.199992 0.203556 0.194982 0.201743 0.201018 0.205511
2050000 0.190598 0.207411 0.211248 0.0 0.0 0.0 0.193221 0.206504 0.215118 0.186889 0.209264 0.205759
2050000 0.196421 0.208888 0.205553 0.0 0.0 0.0 0.196026 0.206763 0.20788 0.197031 0.212718 0.202017
2050000 0.192656 0.206174 0.203168 0.0 0.0 0.0 0.186889 0.209264 0.205759 0.195342 0.205082 0.201965
2050000 0.196813 0.207964 0.218616 0.0 0.0 0.0 0.193221 0.206504 0.215118 0.199465 0.209444 0.2212
2050000 0.188527 0.213263 0.200926 0.0 0.0 0.0 0.186889 0.209264 0.205759 0.189682 0.216466 0.197536
2050000 0.189753 0.215008 0.205973 0.0 0.0 0.0 0.191834 0.219579 0.206132 0.186889 0.209264 0.205759
2050000 0.195282 0.21631 0.208785 0.0 0.0 0.0 0.198871 0.213385 0.211549 0.191834 0.219579 0.206132
2050000 0.194436 0.214405 0.213476 0.0 0.0 0.0 0.198871 0.213385 0.211549 0.189319 0.216082 0.215711
2050000 0.200885 0.213699 0.199204 0.0 0.0 0.0 0.197031 0.212718 0.202017 0.203552 0.21477 0.197266
2050000 0.20322 0.210848 0.210912 0.0 0.0 0.0 0.198871 0.213385 0.211549 0.208126 0.208492 0.210204
2050000 0.198239 0.205198 0.215973 0.0 0.0 0.0 0.193221 0.206504 0.215118 0.202473 0.204534 0.216699
2050000 0.202069 0.214863 0.208112 0.0 0.0 0.0 0.198871 0.213385 0.211549 0.205098 0.21671 0.204876
2050000 0.199359 0.203433 0.219647 0.0 0.0 0.0 0.202473 0.204534 0.216699 0.195688 0.202656 0.223139
2050000 0.2013 0.217422 0.189746 0.0 0.0 0.0 0.197917 0.220796 0.191028 0.205762 0.213531 0.188056
2050000 0.195153 0.21656 0.218187 0.0 0.0 0.0 0.199819 0.21736 0.220175 0.189319 0.216082 0.215711
2050000 0.203229 0.217534 0.217119 0.0 0.0 0.0 0.199819 0.21736 0.220175 0.206557 0.218164 0.214153
2050000 0.205969 0.199592 0.185705 0.0 0.0 0.0 0.205287 0.202018 0.188381 0.207387 0.195317 0.180161
2050000 0.20174 0.196613 0.202187 0.0 0.0 0.0 0.201743 0.201018 0.205511 0.20174 0.193307 0.199353
2050000 0.216232 0.197811 0.196866 0.0 0.0 0.0 0.217904 0.200828 0.200143 0.215115 0.196194 0.194659
2050000 0.213356 0.199814 0.199036 0.0 0.0 0.0 0.217904 0.200828 0.200143 0.208682 0.199264 0.197894
2050000 0.209097 0.198052 0.205954 0.0 0.0 0.0 0.210136 0.201672 0.205215 0.20769 0.193666 0.206967
2050000 0.207065 0.202428 0.212079 0.0 0.0 0.0 0.208126 0.208492 0.210204 0.206327 0.198549 0.21341
2050000 0.202769 0.208803 0.183436 0.0 0.0 0.0 0.205762 0.213531 0.188056 0.200491 0.205614 0.179906
2050000 0.207195 0.20777 0.184833 0.0 0.0 0.0 0.207971 0.205031 0.183087 0.205762 0.213531 0.188056
2050000 0.211175 0.210767 0.184764 0.0 0.0 0.0 0.205762 0.213531 0.188056 0.215168 0.209138 0.182335
2050000 0.207174 0.211312 0.182181 0.0 0.0 0.0 0.205762 0.213531 0.188056 0.207965 0.210455 0.178922
2050000 0.202522 0.218327 0.18101 0.0 0.0 0.0 0.201284 0.214692 0.178375 0.203489 0.221573 0.183048
2050000 0.209538 0.208317 0.194866 0.0 0.0 0.0 0.208239 0.205813 0.193197 0.211233 0.212108 0.197023
2050000 0.206746 0.203658 0.190772 0.0 0.0 0.0 0.208239 0.205813 0.193197 0.205287 0.202018 0.188381
2050000 0.210395 0.203869 0.191304 0.0 0.0 0.0 0.208239 0.205813 0.193197 0.213787 0.201429 0.188318
2050000 0.206859 0.213388 0.197164 0.0 0.0 0.0 0.203552 0.21477 0.197266 0.211233 0.212108 0.197023
2050000 0.212784 0.205475 0.198199 0.0 0.0 0.0 0.214179 0.205553 0.195464 0.211409 0.205871 0.200925
2050000 0.214196 0.215309 0.191767 0.0 0.0 0.0 0.215363 0.211941 0.190147 0.212957 0.2194 0.193491
2050000 0.210167 0.216896 0.191395 0.0 0.0 0.0 0.205762 0.213531 0.188056 0.212957 0.2194 0.193491
2050000 0.204183 0.215337 0.200408 0.0 0.0 0.0 0.205098 0.21671 0.204876 0.203552 0.21477 0.197266
2050000 0.217133 0.213231 0.193014 0.0 0.0 0.0 0.21903 0.215092 0.196055 0.215363 0.211941 0.190147
2050000 0.215318 0.213438 0.196519 0.0 0.0 0.0 0.21903 0.215092 0.196055 0.211233 0.212108 0.197023
2050000 0.214271 0.210983 0.200083 0.0 0.0 0.0 0.218087 0.210114 0.203906 0.211233 0.212108 0.197023
2050000 0.208569 0.206843 0.20102 0.0 0.0 0.0 0.211409 0.205871 0.200925 0.204808 0.208689 0.201145
2050000 0.206195 0.20837 0.204946 0.0 0.0 0.0 0.208126 0.208492 0.210204 0.204808 0.208689 0.201145
2050000 0.207248 0.21363 0.212394 0.0 0.0 0.0 0.208126 0.208492 0.210204 0.206557 0.218164 0.214153
2050000 0.204937 0.212169 0.202872 0.0 0.0 0.0 0.205098 0.21671 0.204876 0.204808 0.208689 0.201145
2050000 0.212009 0.203396 0.210724 0.0 0.0 0.0 0.208126 0.208492 0.210204 0.216546 0.197978 0.211332
2050000 0.213975 0.20363 0.200617 0.0 0.0 0.0 0.217904 0.200828 0.200143 0.211409 0.205871 0.200925
2050000 0.213788 0.207152 0.201995 0.0 0.0 0.0 0.218087 0.210114 0.203906 0.211409 0.205871 0.200925
2050000 0.213168 0.209074 0.207009 0.0 0.0 0.0 0.208126 0.208492 0.210204 0.218087 0.210114 0.203906
2050000 0.215849 0.216822 0.210814 0.0 0.0 0.0 0.214301 0.214513 0.210073 0.218025 0.220607 0.211855
2050000 0.204675 0.207299 0.21825 0.0 0.0 0.0 0.202473 0.204534 0.216699 0.207378 0.211205 0.220156
2050000 0.205829 0.20304 0.218613 0.0 0.0 0.0 0.202473 0.204534 0.216699 0.210617 0.201491 0.221344
2050000 0.205838 0.21722 0.209621 0.0 0.0 0.0 0.206557 0.218164 0.214153 0.205098 0.21671 0.204876
2050000 0.209929 0.217498 0.203125 0.0 0.0 0.0 0.214262 0.21864 0.20156 0.205098 0.21671 0.204876
2050000 0.215916 0.214692 0.202582 0.0 0.0 0.0 0.214262 0.21864 0.20156 0.218087 0.210114 0.203906
2050000 0.217334 0.199403 0.204785 0.0 0.0 0.0 0.217904 0.200828 0.200143 0.216546 0.197978 0.211332
