# ts x y z Fx Fy Fz x1 y1 z1 x2 y2 z2
4856250 0.183442 0.191951 0.19707 -4.16912 2.04859 0.600113 0.187208 0.189801 0.195846 0.180682 0.193527 0.197966
4856250 0.188939 0.198296 0.198023 -4.36147 1.76006 -2.14236 0.192855 0.196121 0.199498 0.184776 0.200609 0.196455
4856250 0.198152 0.185237 0.183305 -1.81478 -7.65385 -5.54332 0.1995 0.188209 0.185557 0.197016 0.182734 0.181408
4856250 0.192914 0.182898 0.187255 -2.16797 1.66094 -0.712388 0.195614 0.180052 0.188112 0.189232 0.186779 0.186087
4856250 0.197936 0.181252 0.191162 1.36295 0.409316 2.09754 0.195614 0.180052 0.188112 0.200824 0.182744 0.194954
4856250 0.188269 0.178541 0.214147 5.0279 3.38082 4.22653 0.18536 0.176012 0.21209 0.191816 0.181623 0.216656
4856250 0.197711 0.189252 0.18894 -2.66379 1.54187 7.47446 0.1995 0.188209 0.185557 0.195674 0.190439 0.192792
4856250 0.192427 0.193191 0.191284 -6.68595 4.1397 -3.4978 0.195674 0.190439 0.192792 0.189405 0.195752 0.189882
4856250 0.196651 0.193512 0.189629 -1.16435 -2.23305 2.04872 0.197698 0.196808 0.186237 0.195674 0.190439 0.192792
4856250 0.194295 0.193219 0.196073 4.11589 -5.88258 -9.8253 0.192855 0.196121 0.199498 0.195674 0.190439 0.192792
4856250 0.192636 0.197033 0.204119 0.808893 1.79171 7.3813 0.192855 0.196121 0.199498 0.192422 0.19792 0.208617
4856250 0.19812 0.186784 0.193819 -10.39 11.3362 -4.57546 0.200824 0.182744 0.194954 0.195674 0.190439 0.192792
4856250 0.202431 0.190059 0.183627 6.27281 2.54137 -4.121 0.1995 0.188209 0.185557 0.207443 0.193223 0.180326
4856250 0.203002 0.187415 0.187244 1.93843 -0.102956 0.8333 0.1995 0.188209 0.185557 0.206691 0.186578 0.18902
4856250 0.199132 0.200181 0.183069 0.907057 2.00058 -2.60705 0.197698 0.196808 0.186237 0.200545 0.203506 0.179946
4856250 0.189178 0.194892 0.209785 8.34992 5.96188 -3.80817 0.186331 0.192234 0.21081 0.192422 0.19792 0.208617
4856250 0.19956 0.187769 0.216445 -0.0864769 -0.0905204 0.280948 0.200539 0.189823 0.212231 0.19884 0.186257 0.219546
4856250 0.21013 0.181146 0.192379 5.68196 6.36492 5.98495 0.207592 0.178336 0.190536 0.212595 0.183875 0.19417
4856250 0.201951 0.179968 0.19895 1.26821 -2.41491 5.06965 0.200824 0.182744 0.194954 0.202817 0.177834 0.20202
4856250 0.204219 0.183789 0.198465 2.95463 0.409941 3.73173 0.200824 0.182744 0.194954 0.206987 0.184642 0.201328
4856250 0.211095 0.187679 0.19415 2.05492 -8.73689 0.630961 0.209967 0.190538 0.194136 0.212595 0.183875 0.19417
4856250 0.21414 0.186464 0.191405 -2.10115 -2.26172 2.69686 0.215976 0.189541 0.188119 0.212595 0.183875 0.19417
4856250 0.206697 0.184456 0.205387 0.0403758 0.321771 -1.60785 0.206461 0.184305 0.208679 0.206987 0.184642 0.201328
4856250 0.208042 0.182619 0.211039 1.0102 -1.12776 2.13403 0.206461 0.184305 0.208679 0.209481 0.181083 0.213187
4856250 0.204105 0.182623 0.21027 -3.10062 -1.45886 1.98564 0.206461 0.184305 0.208679 0.200789 0.180254 0.212511
4856250 0.210573 0.186571 0.201436 -3.9702 -2.3721 0.584893 0.215313 0.189122 0.201578 0.206987 0.184642 0.201328
4856250 0.20698 0.187473 0.207902 0.192694 4.64374 -0.619445 0.206461 0.184305 0.208679 0.20765 0.191557 0.2069
4856250 0.205181 0.194182 0.198676 -5.53368 -4.16714 0.113489 0.208711 0.197248 0.197926 0.201805 0.19125 0.199393
4856250 0.208579 0.18886 0.191968 -3.51648 -3.06962 -3.77223 0.209967 0.190538 0.194136 0.206691 0.186578 0.18902
4856250 0.2125 0.192262 0.19439 1.73187 1.26897 0.519886 0.209967 0.190538 0.194136 0.215048 0.193996 0.194645
4856250 0.209473 0.193179 0.195628 -2.99331 8.92 6.62638 0.209967 0.190538 0.194136 0.208711 0.197248 0.197926
4856250 0.21458 0.196009 0.192345 0.505196 -1.76778 2.83005 0.213787 0.199418 0.188448 0.215048 0.193996 0.194645
4856250 0.209586 0.198682 0.202354 -1.60574 -1.73294 -4.3423 0.21016 0.199624 0.205261 0.208711 0.197248 0.197926
4856250 0.217964 0.192987 0.194864 -1.13552 0.594949 -0.0226887 0.221846 0.191645 0.195156 0.215048 0.193996 0.194645
4856250 0.205032 0.194855 0.206277 3.79209 -3.66775 0.298883 0.201763 0.198972 0.205499 0.20765 0.191557 0.2069
4856250 0.211034 0.190482 0.20455 -3.79478 0.514006 2.96326 0.215313 0.189122 0.201578 0.20765 0.191557 0.2069
4856250 0.203501 0.203331 0.203006 2.15045 9.97664 -6.30178 0.201763 0.198972 0.205499 0.20482 0.20664 0.201114
4856250 0.209427 0.202083 0.20702 -1.08702 2.62453 2.58221 0.21016 0.199624 0.205261 0.208113 0.20649 0.210173
4856250 0.21724 0.18522 0.204748 -6.12141 8.28018 -8.75676 0.218964 0.181726 0.207586 0.215313 0.189122 0.201578
4856250 0.212232 0.198392 0.207225 2.47971 -1.77368 3.33318 0.21016 0.199624 0.205261 0.216559 0.195819 0.211326
4856250 0.20707 0.190389 0.218509 6.26964 -2.90311 -3.04095 0.203926 0.192522 0.219953 0.210754 0.187891 0.216818
4856250 0.206972 0.194075 0.210266 0.238181 -1.1476 -2.12624 0.206345 0.196407 0.213382 0.20765 0.191557 0.2069
4856250 0.205154 0.194494 0.216617 0.554125 0.504017 -1.05404 0.203926 0.192522 0.219953 0.206345 0.196407 0.213382
4856250 0.203777 0.180895 0.216017 3.74066 0.160795 3.46353 0.200789 0.180254 0.212511 0.205995 0.18137 0.218619
4856250 0.1946 0.189632 0.20682 3.94102 3.33165 -3.04388 0.192104 0.186774 0.208637 0.196618 0.191942 0.205352
4856250 0.20706 0.199384 0.205349 -0.868325 -0.199207 0.0768023 0.21016 0.199624 0.205261 0.201763 0.198972 0.205499
4856250 0.189154 0.189563 0.209747 -1.46926 1.31482 0.888644 0.192104 0.186774 0.208637 0.186331 0.192234 0.21081
4856250 0.208793 0.184422 0.186122 -1.37792 0.992675 2.0207 0.211511 0.181633 0.182373 0.206691 0.186578 0.18902
4856250 0.191977 0.184501 0.212176 -0.461632 -2.50399 5.6297 0.192104 0.186774 0.208637 0.191816 0.181623 0.216656
4856250 0.195647 0.178651 0.218863 -5.55293 3.20054 -2.21112 0.199157 0.175928 0.220885 0.191816 0.181623 0.216656
4856250 0.181837 0.197601 0.193725 2.38029 1.78637 2.38032 0.180056 0.195777 0.192069 0.184776 0.200609 0.196455
4856250 0.198736 0.190844 0.196089 1.41148 0.479974 1.93116 0.195674 0.190439 0.192792 0.201805 0.19125 0.199393
4856250 0.219015 0.190552 0.197938 -4.56659 -0.713383 4.55363 0.221846 0.191645 0.195156 0.215313 0.189122 0.201578
4856250 0.205236 0.190262 0.190352 0.0677978 -0.249567 -0.123414 0.203877 0.193703 0.191596 0.206691 0.186578 0.18902
4856250 0.216698 0.194262 0.200767 -3.25254 -7.31301 1.56589 0.217881 0.198653 0.200075 0.215313 0.189122 0.201578
4856250 0.215642 0.201618 0.197364 -4.84464 4.37937 -5.31579 0.217881 0.198653 0.200075 0.21417 0.203568 0.195582
4856250 0.215141 0.184491 0.208582 -0.00193195 0.00107115 0.00072414 0.218964 0.181726 0.207586 0.21261 0.186321 0.209242
4856250 0.210151 0.182082 0.201129 -0.561239 0.342531 0.0909325 0.213202 0.179613 0.200937 0.206987 0.184642 0.201328
4856250 0.211023 0.196719 0.184909 2.04177 1.33265 1.98587 0.207443 0.193223 0.180326 0.213787 0.199418 0.188448
4856250 0.210204 0.196185 0.212606 1.51797 0.158719 -0.323486 0.206345 0.196407 0.213382 0.216559 0.195819 0.211326
4856250 0.202918 0.192568 0.195205 -0.121692 -0.115357 0.278827 0.203877 0.193703 0.191596 0.201805 0.19125 0.199393
4856250 0.20112 0.195089 0.189205 0.163599 -0.0472943 0.152853 0.197698 0.196808 0.186237 0.203877 0.193703 0.191596
4856250 0.204626 0.197103 0.189832 0.0232869 0.237305 -0.0880978 0.203877 0.193703 0.191596 0.205256 0.199961 0.188348
4856250 0.212905 0.181701 0.197621 -0.671537 1.44066 -2.4642 0.213202 0.179613 0.200937 0.212595 0.183875 0.19417
4856250 0.194411 0.200333 0.200939 2.60346 4.55749 1.83372 0.192855 0.196121 0.199498 0.195419 0.203063 0.201874
4856250 0.196702 0.181582 0.205706 -6.25423 -5.28411 1.83091 0.199411 0.184753 0.204813 0.193633 0.177991 0.206717
4856250 0.203287 0.184696 0.203031 0.921141 -0.171002 -0.485103 0.199411 0.184753 0.204813 0.206987 0.184642 0.201328
4856250 0.199943 0.187142 0.208308 0.0992701 -1.66486 -2.42079 0.200539 0.189823 0.212231 0.199411 0.184753 0.204813
4856250 0.204495 0.180353 0.192557 -4.0287 3.19293 3.81665 0.207592 0.178336 0.190536 0.200824 0.182744 0.194954
4856250 0.211866 0.186951 0.212281 -0.000332281 0.000234444 0.000808965 0.21261 0.186321 0.209242 0.210754 0.187891 0.216818
4856250 0.216715 0.18019 0.199273 -1.10952 -0.193367 0.763512 0.222447 0.181132 0.196557 0.213202 0.179613 0.200937
4856250 0.21226 0.181001 0.214335 2.53506 0.27637 0.790946 0.209481 0.181083 0.213187 0.215979 0.18089 0.215871
4856250 0.190248 0.180401 0.200025 -0.246312 0.183942 0.183088 0.192246 0.178303 0.198524 0.187483 0.183305 0.202102
4856250 0.187539 0.183738 0.190313 1.63605 1.95603 -3.93013 0.186216 0.181359 0.193618 0.189232 0.186779 0.186087
4856250 0.196751 0.198408 0.207172 -5.2171 -0.573046 0.855959 0.201763 0.198972 0.205499 0.192422 0.19792 0.208617
4856250 0.182726 0.180783 0.196031 -2.57566 -0.887692 1.58952 0.186216 0.181359 0.193618 0.177751 0.179961 0.199471
4856250 0.191435 0.190119 0.194321 2.08607 -0.0698615 -1.05681 0.187208 0.189801 0.195846 0.195674 0.190439 0.192792
4856250 0.183345 0.181884 0.200983 0.430073 0.123437 0.189845 0.177751 0.179961 0.199471 0.187483 0.183305 0.202102
4856250 0.190454 0.180738 0.204331 -5.29159 3.10499 -3.4339 0.193633 0.177991 0.206717 0.187483 0.183305 0.202102
4856250 0.192762 0.188784 0.189761 0.913662 0.302037 1.00637 0.189232 0.186779 0.186087 0.195674 0.190439 0.192792
4856250 0.209588 0.18533 0.208965 0.00575951 0.00291182 0.000892933 0.206461 0.184305 0.208679 0.21261 0.186321 0.209242
4856250 0.19638 0.181516 0.184452 1.01135 0.883348 -3.72868 0.195614 0.180052 0.188112 0.197016 0.182734 0.181408
4856250 0.187345 0.186557 0.19897 -0.159463 -1.37981 1.08025 0.187208 0.189801 0.195846 0.187483 0.183305 0.202102
4856250 0.213769 0.18614 0.197368 0.652066 0.755175 1.471 0.212595 0.183875 0.19417 0.215313 0.189122 0.201578
4856250 0.181875 0.199625 0.200425 3.43424 0.225033 -4.58545 0.178864 0.198604 0.204547 0.184776 0.200609 0.196455
4856250 0.189875 0.185101 0.205485 -2.54611 -1.08962 -3.12107 0.192104 0.186774 0.208637 0.187483 0.183305 0.202102
4856250 0.210303 0.201298 0.199792 2.2369 5.16994 1.43686 0.208711 0.197248 0.197926 0.211321 0.203887 0.200985
4856250 0.196607 0.180893 0.214443 -1.98466 -0.0380345 1.00289 0.200789 0.180254 0.212511 0.191816 0.181623 0.216656
4856250 0.186832 0.182306 0.197747 0.783319 0.469884 6.84467 0.186216 0.181359 0.193618 0.187483 0.183305 0.202102
4856250 0.196199 0.198669 0.197359 0.0448701 0.048615 -0.0314575 0.192855 0.196121 0.199498 0.199971 0.201543 0.194947
4856250 0.197279 0.179144 0.209669 -2.18344 -1.0113 -2.40006 0.200789 0.180254 0.212511 0.193633 0.177991 0.206717
4856250 0.20324 0.200564 0.190865 -0.0598259 0.0075769 0.0575975 0.205256 0.199961 0.188348 0.199971 0.201543 0.194947
4856250 0.207858 0.181217 0.215716 -0.925259 0.304102 1.2675 0.209481 0.181083 0.213187 0.205995 0.18137 0.218619
4856250 0.209184 0.179483 0.210658 -0.0729092 -0.60262 -1.37493 0.209481 0.181083 0.213187 0.208781 0.177308 0.207218
4856250 0.202371 0.191282 0.216408 0.672007 0.435343 2.14185 0.200539 0.189823 0.212231 0.203926 0.192522 0.219953
4856250 0.184149 0.185988 0.203542 4.75745 -3.00508 -2.43662 0.180636 0.188815 0.205059 0.187483 0.183305 0.202102
4856250 0.216433 0.182806 0.1951 -7.49598 1.25236 -0.83818 0.222447 0.181132 0.196557 0.212595 0.183875 0.19417
4856250 0.194002 0.199145 0.184153 -1.379 0.786531 -1.08227 0.197698 0.196808 0.186237 0.191232 0.200897 0.182591
4856250 0.215145 0.192218 0.197174 0.214859 1.14095 -2.02616 0.215313 0.189122 0.201578 0.215048 0.193996 0.194645
4856250 0.186564 0.198578 0.188618 -5.60357 5.83819 -1.20924 0.189405 0.195752 0.189882 0.18375 0.201378 0.187367
4856250 0.198626 0.194685 0.205409 -4.01359 -4.9079 -1.06381 0.201763 0.198972 0.205499 0.196618 0.191942 0.205352
4856250 0.194491 0.180549 0.181452 5.03051 3.13378 0.0863193 0.191382 0.177859 0.181506 0.197016 0.182734 0.181408
4856250 0.200573 0.187905 0.202184 1.11403 4.56722 -4.82567 0.199411 0.184753 0.204813 0.201805 0.19125 0.199393
4856250 0.197806 0.195987 0.181459 0.0 0.0 0.0 0.19788 0.195482 0.17825 0.197698 0.196808 0.186237
4856250 0.190055 0.182858 0.194776 -1.28461 -0.339327 -0.215368 0.192841 0.183946 0.195616 0.186216 0.181359 0.193618
4856250 0.193275 0.185846 0.198034 0.0240123 0.571765 0.912932 0.192841 0.183946 0.195616 0.193749 0.187924 0.200678
4856250 0.195901 0.183485 0.195362 0.892364 -0.107612 0.0667514 0.192841 0.183946 0.195616 0.200824 0.182744 0.194954
4856250 0.185074 0.180339 0.211548 -0.000413914 0.00708738 -0.00206417 0.18536 0.176012 0.21209 0.184826 0.184082 0.211078
4856250 0.191059 0.185941 0.201289 0.137797 0.0848166 -0.0531604 0.187483 0.183305 0.202102 0.193749 0.187924 0.200678
4856250 0.187948 0.187705 0.203012 0.00087246 0.00425215 0.0014928 0.187483 0.183305 0.202102 0.188288 0.190914 0.203677
4856250 0.189963 0.189096 0.205855 -0.00027323 0.000353021 -0.000291846 0.192104 0.186774 0.208637 0.188288 0.190914 0.203677
4856250 0.192357 0.188895 0.212264 0.000205931 0.00374689 0.00950518 0.192104 0.186774 0.208637 0.192572 0.190694 0.215341
4856250 0.195199 0.197531 0.212251 0.76156 0.0707593 1.19132 0.192422 0.19792 0.208617 0.19747 0.197213 0.215223
4856250 0.194516 0.191757 0.218141 -0.0 -0.0 0.0 0.196423 0.1928 0.220887 0.192572 0.190694 0.215341
4856250 0.196929 0.19493 0.218153 0.0417624 0.705995 -1.14941 0.196423 0.1928 0.220887 0.19747 0.197213 0.215223
4856250 0.198819 0.193965 0.213908 -0.460737 0.730362 0.336212 0.200539 0.189823 0.212231 0.19747 0.197213 0.215223
4856250 0.202778 0.183067 0.181586 -0.000132013 0.000520091 -0.000778358 0.202886 0.181464 0.184713 0.202681 0.184501 0.178787
4856250 0.204624 0.1838 0.186681 1.57997 2.36756 2.6399 0.202886 0.181464 0.184713 0.206691 0.186578 0.18902
4856250 0.201786 0.194803 0.202202 -0.0202542 -0.330186 -0.354486 0.201763 0.198972 0.205499 0.201805 0.19125 0.199393
4856250 0.183719 0.190666 0.208173 3.86676 1.42828 4.20619 0.180636 0.188815 0.205059 0.186331 0.192234 0.21081
4856250 0.198689 0.192081 0.185863 0.0910561 -1.63015 -0.211805 0.197698 0.196808 0.186237 0.1995 0.188209 0.185557
4856250 0.188345 0.19288 0.19276 0.788497 2.21649 -3.04499 0.187208 0.189801 0.195846 0.189405 0.195752 0.189882
4856250 0.195182 0.189932 0.203013 -0.583745 -0.543148 -0.873946 0.196618 0.191942 0.205352 0.193749 0.187924 0.200678
4856250 0.199876 0.182115 0.183018 -1.45492 0.0506828 -0.87131 0.202886 0.181464 0.184713 0.197016 0.182734 0.181408
4856250 0.213211 0.191246 0.214494 2.17001 2.05504 -1.62011 0.210754 0.187891 0.216818 0.216559 0.195819 0.211326
4856250 0.186699 0.185472 0.194704 -0.987338 -4.20544 -1.68871 0.187208 0.189801 0.195846 0.186216 0.181359 0.193618
4856250 0.216187 0.195868 0.196828 -0.42295 -0.497621 -0.524594 0.217881 0.198653 0.200075 0.215048 0.193996 0.194645
4856250 0.199933 0.183644 0.180059 0.00319821 0.00162791 -0.00177649 0.197016 0.182734 0.181408 0.202681 0.184501 0.178787
4856250 0.183363 0.188714 0.193761 -0.000371147 -0.000149508 -0.00028 0.187208 0.189801 0.195846 0.17926 0.187555 0.191535
4856250 0.198843 0.191645 0.202796 -0.139713 -0.0120516 0.187961 0.201805 0.19125 0.199393 0.196618 0.191942 0.205352
4856250 0.215409 0.192264 0.192108 -0.071918 0.157672 0.316214 0.215976 0.189541 0.188119 0.215048 0.193996 0.194645
4856250 0.182542 0.17988 0.191337 0.0 0.0 0.0 0.186216 0.181359 0.193618 0.178577 0.178535 0.188875
4856250 0.180664 0.191478 0.200873 0.0 0.0 0.0 0.180636 0.188815 0.205059 0.180682 0.193527 0.197966
4856250 0.182308 0.196339 0.197366 0.0164121 0.0200828 -0.00511067 0.180682 0.193527 0.197966 0.184776 0.200609 0.196455
4856250 0.182939 0.184157 0.192635 0.0 0.0 0.0 0.186216 0.181359 0.193618 0.17926 0.187555 0.191535
4856250 0.183922 0.187074 0.188987 0.0 0.0 0.0 0.189232 0.186779 0.186087 0.17926 0.187555 0.191535
4856250 0.185902 0.194577 0.187879 0.129269 0.0199691 0.0631918 0.18262 0.193475 0.186004 0.189405 0.195752 0.189882
4856250 0.182974 0.186059 0.208412 0.0 0.0 0.0 0.180636 0.188815 0.205059 0.184826 0.184082 0.211078
4856250 0.185159 0.189938 0.20424 0.0 0.0 0.0 0.180636 0.188815 0.205059 0.188288 0.190914 0.203677
4856250 0.187295 0.197855 0.192881 0.0 0.0 0.0 0.189405 0.195752 0.189882 0.184776 0.200609 0.196455
4856250 0.198007 0.179075 0.181961 0.0 0.0 0.0 0.199502 0.173857 0.182785 0.197016 0.182734 0.181408
4856250 0.193522 0.178849 0.18485 0.0 0.0 0.0 0.195614 0.180052 0.188112 0.191382 0.177859 0.181506
4856250 0.194066 0.184151 0.183184 0.0 0.0 0.0 0.189232 0.186779 0.186087 0.197016 0.182734 0.181408
4856250 0.19046 0.181567 0.183473 0.0 0.0 0.0 0.189232 0.186779 0.186087 0.191382 0.177859 0.181506
4856250 0.192549 0.181074 0.197037 0.0 0.0 0.0 0.192841 0.183946 0.195616 0.192246 0.178303 0.198524
4856250 0.189638 0.179503 0.196403 0.0 0.0 0.0 0.186216 0.181359 0.193618 0.192246 0.178303 0.198524
4856250 0.190657 0.183567 0.198261 0.0 0.0 0.0 0.192841 0.183946 0.195616 0.187483 0.183305 0.202102
4856250 0.197567 0.184038 0.186829 0.0 0.0 0.0 0.195614 0.180052 0.188112 0.1995 0.188209 0.185557
4856250 0.19054 0.186216 0.195711 0.0 0.0 0.0 0.192841 0.183946 0.195616 0.187208 0.189801 0.195846
4856250 0.193994 0.186474 0.194469 0.0 0.0 0.0 0.192841 0.183946 0.195616 0.195674 0.190439 0.192792
4856250 0.19949 0.180686 0.186302 0.0 0.0 0.0 0.195614 0.180052 0.188112 0.202886 0.181464 0.184713
4856250 0.186039 0.183609 0.206987 0.0 0.0 0.0 0.187483 0.183305 0.202102 0.184826 0.184082 0.211078
4856250 0.18773 0.182942 0.213392 0.0 0.0 0.0 0.191816 0.181623 0.216656 0.184826 0.184082 0.211078
4856250 0.19277 0.179599 0.211442 0.0 0.0 0.0 0.191816 0.181623 0.216656 0.193633 0.177991 0.206717
4856250 0.188272 0.185237 0.209922 0.0 0.0 0.0 0.192104 0.186774 0.208637 0.184826 0.184082 0.211078
4856250 0.185557 0.18791 0.210947 0.0 0.0 0.0 0.186331 0.192234 0.21081 0.184826 0.184082 0.211078
4856250 0.192816 0.182568 0.207742 0.0 0.0 0.0 0.192104 0.186774 0.208637 0.193633 0.177991 0.206717
4856250 0.196259 0.186403 0.202512 0.0 0.0 0.0 0.199411 0.184753 0.204813 0.193749 0.187924 0.200678
4856250 0.195732 0.185654 0.206737 0.0 0.0 0.0 0.192104 0.186774 0.208637 0.199411 0.184753 0.204813
4856250 0.197856 0.188638 0.205113 0.0 0.0 0.0 0.199411 0.184753 0.204813 0.196618 0.191942 0.205352
4856250 0.20006 0.18371 0.200271 0.0 0.0 0.0 0.200824 0.182744 0.194954 0.199411 0.184753 0.204813
4856250 0.201201 0.180993 0.203343 0.0 0.0 0.0 0.199411 0.184753 0.204813 0.202817 0.177834 0.20202
4856250 0.203382 0.184386 0.206991 0.0 0.0 0.0 0.206461 0.184305 0.208679 0.199411 0.184753 0.204813
4856250 0.20007 0.182482 0.208495 0.0 0.0 0.0 0.200789 0.180254 0.212511 0.199411 0.184753 0.204813
4856250 0.192271 0.186938 0.215866 0.0 0.0 0.0 0.191816 0.181623 0.216656 0.192572 0.190694 0.215341
4856250 0.196045 0.184293 0.218393 0.0 0.0 0.0 0.191816 0.181623 0.216656 0.19884 0.186257 0.219546
4856250 0.203162 0.178996 0.219556 0.0 0.0 0.0 0.199157 0.175928 0.220885 0.205995 0.18137 0.218619
4856250 0.198262 0.188348 0.181529 0.0 0.0 0.0 0.1995 0.188209 0.185557 0.197145 0.188695 0.177889
4856250 0.195186 0.187493 0.185782 0.0 0.0 0.0 0.1995 0.188209 0.185557 0.189232 0.186779 0.186087
4856250 0.18812 0.188318 0.191439 0.0 0.0 0.0 0.187208 0.189801 0.195846 0.189232 0.186779 0.186087
4856250 0.189331 0.191741 0.188237 0.0 0.0 0.0 0.189232 0.186779 0.186087 0.189405 0.195752 0.189882
4856250 0.189966 0.192773 0.197628 0.0 0.0 0.0 0.187208 0.189801 0.195846 0.192855 0.196121 0.199498
4856250 0.191032 0.195814 0.194415 0.0 0.0 0.0 0.192855 0.196121 0.199498 0.189405 0.195752 0.189882
4856250 0.193257 0.196129 0.188191 0.0 0.0 0.0 0.197698 0.196808 0.186237 0.189405 0.195752 0.189882
4856250 0.190937 0.188614 0.198601 0.0 0.0 0.0 0.187208 0.189801 0.195846 0.193749 0.187924 0.200678
4856250 0.187832 0.190326 0.200366 0.0 0.0 0.0 0.187208 0.189801 0.195846 0.188288 0.190914 0.203677
4856250 0.194576 0.188888 0.197296 0.0 0.0 0.0 0.195674 0.190439 0.192792 0.193749 0.187924 0.200678
4856250 0.193376 0.191243 0.200185 0.0 0.0 0.0 0.192855 0.196121 0.199498 0.193749 0.187924 0.200678
4856250 0.190167 0.192941 0.201957 0.0 0.0 0.0 0.192855 0.196121 0.199498 0.188288 0.190914 0.203677
4856250 0.195041 0.193693 0.202899 0.245991 -0.18781 0.271785 0.192855 0.196121 0.199498 0.196618 0.191942 0.205352
4856250 0.190384 0.198399 0.185974 0.0 0.0 0.0 0.189405 0.195752 0.189882 0.191232 0.200897 0.182591
4856250 0.194541 0.200506 0.1882 0.0 0.0 0.0 0.197698 0.196808 0.186237 0.191621 0.204148 0.190014
4856250 0.198782 0.198948 0.190389 0.0 0.0 0.0 0.197698 0.196808 0.186237 0.199971 0.201543 0.194947
4856250 0.201274 0.186023 0.181784 0.0 0.0 0.0 0.1995 0.188209 0.185557 0.202681 0.184501 0.178787
4856250 0.201294 0.184516 0.185112 0.0 0.0 0.0 0.1995 0.188209 0.185557 0.202886 0.181464 0.184713
4856250 0.201756 0.195201 0.183777 0.0 0.0 0.0 0.197698 0.196808 0.186237 0.207443 0.193223 0.180326
4856250 0.201705 0.190863 0.188602 0.0 0.0 0.0 0.203877 0.193703 0.191596 0.1995 0.188209 0.185557
4856250 0.200073 0.192074 0.192152 0.0 0.0 0.0 0.203877 0.193703 0.191596 0.195674 0.190439 0.192792
4856250 0.197421 0.193523 0.199445 0.0 0.0 0.0 0.192855 0.196121 0.199498 0.201805 0.19125 0.199393
4856250 0.202204 0.19857 0.187495 0.0 0.0 0.0 0.197698 0.196808 0.186237 0.205256 0.199961 0.188348
4856250 0.197043 0.19735 0.202318 0.0 0.0 0.0 0.192855 0.196121 0.199498 0.201763 0.198972 0.205499
4856250 0.190979 0.189326 0.2022 0.0 0.0 0.0 0.188288 0.190914 0.203677 0.193749 0.187924 0.200678
4856250 0.193016 0.187295 0.204234 0.0 0.0 0.0 0.192104 0.186774 0.208637 0.193749 0.187924 0.200678
4856250 0.187409 0.191391 0.206884 0.0 0.0 0.0 0.186331 0.192234 0.21081 0.188288 0.190914 0.203677
4856250 0.189642 0.191302 0.21321 0.0 0.0 0.0 0.186331 0.192234 0.21081 0.192572 0.190694 0.215341
4856250 0.194832 0.194373 0.206742 0.0 0.0 0.0 0.192422 0.19792 0.208617 0.196618 0.191942 0.205352
4856250 0.194962 0.193756 0.215281 0.0 0.0 0.0 0.192572 0.190694 0.215341 0.19747 0.197213 0.215223
4856250 0.1864 0.194349 0.214254 0.0 0.0 0.0 0.186331 0.192234 0.21081 0.186493 0.197704 0.219258
4856250 0.19027 0.193236 0.216823 0.0 0.0 0.0 0.192572 0.190694 0.215341 0.186493 0.197704 0.219258
4856250 0.197203 0.189234 0.20013 0.0 0.0 0.0 0.201805 0.19125 0.199393 0.193749 0.187924 0.200678
4856250 0.196049 0.188083 0.210317 0.0 0.0 0.0 0.192104 0.186774 0.208637 0.200539 0.189823 0.212231
4856250 0.198246 0.190947 0.208209 0.0 0.0 0.0 0.200539 0.189823 0.212231 0.196618 0.191942 0.205352
4856250 0.195975 0.190206 0.214011 0.0 0.0 0.0 0.200539 0.189823 0.212231 0.192572 0.190694 0.215341
4856250 0.201799 0.196705 0.214323 0.0 0.0 0.0 0.206345 0.196407 0.213382 0.19747 0.197213 0.215223
4856250 0.200571 0.194845 0.217492 0.0 0.0 0.0 0.203926 0.192522 0.219953 0.19747 0.197213 0.215223
4856250 0.199681 0.18355 0.216512 0.0 0.0 0.0 0.200789 0.180254 0.212511 0.19884 0.186257 0.219546
4856250 0.201202 0.189049 0.219733 0.0 0.0 0.0 0.203926 0.192522 0.219953 0.19884 0.186257 0.219546
4856250 0.202224 0.196903 0.193014 0.0 0.0 0.0 0.203877 0.193703 0.191596 0.199971 0.201543 0.194947
4856250 0.204596 0.199155 0.196521 0.0 0.0 0.0 0.208711 0.197248 0.197926 0.199971 0.201543 0.194947
4856250 0.206282 0.181412 0.183795 0.0 0.0 0.0 0.211511 0.181633 0.182373 0.202886 0.181464 0.184713
4856250 0.209307 0.179661 0.186964 0.0 0.0 0.0 0.207592 0.178336 0.190536 0.211511 0.181633 0.182373
4856250 0.205024 0.179923 0.187365 0.0 0.0 0.0 0.207592 0.178336 0.190536 0.202886 0.181464 0.184713
4856250 0.209783 0.184143 0.197756 0.0 0.0 0.0 0.212595 0.183875 0.19417 0.206987 0.184642 0.201328
4856250 0.207138 0.182356 0.189778 0.0 0.0 0.0 0.207592 0.178336 0.190536 0.206691 0.186578 0.18902
4856250 0.209673 0.185095 0.191624 0.0 0.0 0.0 0.212595 0.183875 0.19417 0.206691 0.186578 0.18902
4856250 0.201338 0.187088 0.197284 0.0 0.0 0.0 0.200824 0.182744 0.194954 0.201805 0.19125 0.199393
4856250 0.204016 0.184713 0.191725 0.0 0.0 0.0 0.200824 0.182744 0.194954 0.206691 0.186578 0.18902
4856250 0.204838 0.181019 0.201684 0.0 0.0 0.0 0.206987 0.184642 0.201328 0.202817 0.177834 0.20202
4856250 0.20788 0.180865 0.204267 0.0 0.0 0.0 0.208781 0.177308 0.207218 0.206987 0.184642 0.201328
4856250 0.207495 0.181063 0.208026 0.0 0.0 0.0 0.206461 0.184305 0.208679 0.208781 0.177308 0.207218
4856250 0.205041 0.178567 0.209694 0.0 0.0 0.0 0.200789 0.180254 0.212511 0.208781 0.177308 0.207218
4856250 0.206067 0.180641 0.212919 0.0 0.0 0.0 0.209481 0.181083 0.213187 0.200789 0.180254 0.212511
4856250 0.204533 0.187655 0.200412 0.0 0.0 0.0 0.201805 0.19125 0.199393 0.206987 0.184642 0.201328
4856250 0.21409 0.183508 0.201208 0.0 0.0 0.0 0.213202 0.179613 0.200937 0.215313 0.189122 0.201578
4856250 0.207309 0.187908 0.204051 0.0 0.0 0.0 0.206987 0.184642 0.201328 0.20765 0.191557 0.2069
4856250 0.204041 0.186443 0.210128 0.0 0.0 0.0 0.206461 0.184305 0.208679 0.200539 0.189823 0.212231
4856250 0.210998 0.18351 0.211271 0.0 0.0 0.0 0.209481 0.181083 0.213187 0.21261 0.186321 0.209242
4856250 0.200666 0.18485 0.212371 0.0 0.0 0.0 0.200539 0.189823 0.212231 0.200789 0.180254 0.212511
4856250 0.209974 0.183603 0.21459 0.0 0.0 0.0 0.209481 0.181083 0.213187 0.210754 0.187891 0.216818
4856250 0.215787 0.180445 0.203922 0.0 0.0 0.0 0.218964 0.181726 0.207586 0.213202 0.179613 0.200937
4856250 0.207995 0.183992 0.21786 0.0 0.0 0.0 0.205995 0.18137 0.218619 0.210754 0.187891 0.216818
4856250 0.206977 0.188995 0.185709 0.0 0.0 0.0 0.207443 0.193223 0.180326 0.206691 0.186578 0.18902
4856250 0.205177 0.193412 0.187482 0.0 0.0 0.0 0.203877 0.193703 0.191596 0.207443 0.193223 0.180326
4856250 0.205969 0.197647 0.185733 0.0 0.0 0.0 0.205256 0.199961 0.188348 0.207443 0.193223 0.180326
4856250 0.212412 0.190963 0.184868 0.0 0.0 0.0 0.215976 0.189541 0.188119 0.207443 0.193223 0.180326
4856250 0.207281 0.191816 0.193018 0.0 0.0 0.0 0.209967 0.190538 0.194136 0.203877 0.193703 0.191596
4856250 0.206058 0.195189 0.194455 0.0 0.0 0.0 0.203877 0.193703 0.191596 0.208711 0.197248 0.197926
4856250 0.212542 0.195166 0.19594 0.0 0.0 0.0 0.208711 0.197248 0.197926 0.215048 0.193996 0.194645
4856250 0.211119 0.198166 0.193426 0.0 0.0 0.0 0.208711 0.197248 0.197926 0.213787 0.199418 0.188448
4856250 0.20854 0.199636 0.188386 0.0 0.0 0.0 0.205256 0.199961 0.188348 0.213787 0.199418 0.188448
4856250 0.204817 0.191294 0.203263 0.0 0.0 0.0 0.201805 0.19125 0.199393 0.20765 0.191557 0.2069
4856250 0.211908 0.189907 0.196842 0.0 0.0 0.0 0.209967 0.190538 0.194136 0.215313 0.189122 0.201578
4856250 0.211799 0.193331 0.199633 0.0 0.0 0.0 0.208711 0.197248 0.197926 0.215313 0.189122 0.201578
4856250 0.205436 0.197947 0.201492 0.0 0.0 0.0 0.208711 0.197248 0.197926 0.201763 0.198972 0.205499
4856250 0.21204 0.200993 0.196497 0.0 0.0 0.0 0.208711 0.197248 0.197926 0.21417 0.203568 0.195582
4856250 0.21098 0.187831 0.188605 0.0 0.0 0.0 0.215976 0.189541 0.188119 0.206691 0.186578 0.18902
4856250 0.212292 0.190035 0.191807 0.0 0.0 0.0 0.209967 0.190538 0.194136 0.215976 0.189541 0.188119
4856250 0.21336 0.197846 0.199015 0.0 0.0 0.0 0.217881 0.198653 0.200075 0.208711 0.197248 0.197926
4856250 0.214919 0.194182 0.18828 0.0 0.0 0.0 0.215976 0.189541 0.188119 0.213787 0.199418 0.188448
4856250 0.204301 0.190625 0.209408 0.0 0.0 0.0 0.200539 0.189823 0.212231 0.20765 0.191557 0.2069
4856250 0.203722 0.193319 0.212861 0.0 0.0 0.0 0.200539 0.189823 0.212231 0.206345 0.196407 0.213382
4856250 0.201118 0.194045 0.209038 0.0 0.0 0.0 0.200539 0.189823 0.212231 0.201763 0.198972 0.205499
4856250 0.210484 0.18845 0.208237 0.0 0.0 0.0 0.21261 0.186321 0.209242 0.20765 0.191557 0.2069
4856250 0.213615 0.187248 0.206389 0.0 0.0 0.0 0.21261 0.186321 0.209242 0.215313 0.189122 0.201578
4856250 0.209099 0.196105 0.205951 0.0 0.0 0.0 0.21016 0.199624 0.205261 0.20765 0.191557 0.2069
4856250 0.204392 0.197387 0.210022 0.0 0.0 0.0 0.206345 0.196407 0.213382 0.201763 0.198972 0.205499
4856250 0.208341 0.192436 0.214936 0.0 0.0 0.0 0.206345 0.196407 0.213382 0.210754 0.187891 0.216818
4856250 0.2081 0.197503 0.216697 0.0 0.0 0.0 0.210574 0.199315 0.221367 0.206345 0.196407 0.213382
4856250 0.210747 0.20167 0.203092 0.0 0.0 0.0 0.21016 0.199624 0.205261 0.211321 0.203887 0.200985
4856250 0.218568 0.185358 0.199287 0.0 0.0 0.0 0.222447 0.181132 0.196557 0.215313 0.189122 0.201578
4856250 0.21391 0.189336 0.209927 0.0 0.0 0.0 0.21261 0.186321 0.209242 0.216559 0.195819 0.211326
4856250 0.211177 0.193131 0.208651 0.0 0.0 0.0 0.216559 0.195819 0.211326 0.20765 0.191557 0.2069
4856250 0.215876 0.192043 0.205996 0.0 0.0 0.0 0.216559 0.195819 0.211326 0.215313 0.189122 0.201578
4856250 0.213922 0.201695 0.200623 0.0 0.0 0.0 0.217881 0.198653 0.200075 0.211321 0.203887 0.200985
4856250 0.21733 0.197363 0.20474 0.0 0.0 0.0 0.217881 0.198653 0.200075 0.216559 0.195819 0.211326
4856250 0.219755 0.201551 0.196906 0.0 0.0 0.0 0.217881 0.198653 0.200075 0.221816 0.204961 0.19343
4856250 0.217961 0.202837 0.201859 0.0 0.0 0.0 0.217881 0.198653 0.200075 0.218063 0.208013 0.203961
4856250 0.183133 0.207829 0.194054 -0.57001 -0.148771 0.0998983 0.186379 0.208352 0.193919 0.179364 0.207223 0.194211
4856250 0.182801 0.204697 0.210129 -1.70478 -0.624983 1.81923 0.186919 0.207284 0.205701 0.179988 0.202929 0.213154
4856250 0.189319 0.203936 0.183132 -3.54711 4.04543 0.973396 0.191232 0.200897 0.182591 0.18752 0.206793 0.183641
4856250 0.190478 0.199815 0.189946 -1.27242 -4.1598 -0.742849 0.191621 0.204148 0.190014 0.189405 0.195752 0.189882
4856250 0.192841 0.201191 0.211808 -2.29198 -7.02363 -8.6127 0.193264 0.204494 0.21503 0.192422 0.19792 0.208617
4856250 0.188438 0.209403 0.18564 -4.61993 -8.23755 -8.08613 0.189688 0.212955 0.188362 0.18752 0.206793 0.183641
4856250 0.188598 0.206572 0.192266 1.44002 -0.780747 -1.04768 0.186379 0.208352 0.193919 0.191621 0.204148 0.190014
4856250 0.194331 0.207342 0.191606 3.89419 3.30341 2.21736 0.191621 0.204148 0.190014 0.196816 0.210271 0.193066
4856250 0.187775 0.210934 0.195404 2.48704 3.57521 2.94166 0.186379 0.208352 0.193919 0.189735 0.214559 0.197488
4856250 0.196928 0.210477 0.197169 -0.286127 0.366054 2.66546 0.196816 0.210271 0.193066 0.197058 0.210716 0.201932
4856250 0.193337 0.212669 0.199674 -3.36322 1.06036 -2.04718 0.197058 0.210716 0.201932 0.189735 0.214559 0.197488
4856250 0.192025 0.215366 0.185149 -2.43745 -2.38769 4.49271 0.194458 0.217875 0.181803 0.189688 0.212955 0.188362
4856250 0.197345 0.214229 0.192096 0.150807 4.38877 -1.68379 0.196816 0.210271 0.193066 0.19796 0.218824 0.190969
4856250 0.190812 0.216066 0.201717 -2.29303 -1.4091 -7.19691 0.191926 0.217624 0.206089 0.189735 0.214559 0.197488
4856250 0.195977 0.207832 0.213307 2.40483 4.14835 -2.30346 0.193264 0.204494 0.21503 0.198882 0.211405 0.211464
4856250 0.191543 0.208786 0.215311 -7.69035 12.8407 0.703933 0.193264 0.204494 0.21503 0.189414 0.214095 0.215659
4856250 0.202955 0.213867 0.212856 3.61437 1.50577 1.4582 0.198882 0.211405 0.211464 0.20662 0.216082 0.214107
4856250 0.201263 0.208508 0.201489 3.0499 -1.08576 -0.0671574 0.197058 0.210716 0.201932 0.20482 0.20664 0.201114
4856250 0.201163 0.212704 0.203331 2.91238 0.862554 1.04607 0.197058 0.210716 0.201932 0.205186 0.214652 0.204702
4856250 0.190785 0.21602 0.210438 -1.39558 -0.874847 3.82902 0.191926 0.217624 0.206089 0.189414 0.214095 0.215659
4856250 0.201038 0.205113 0.21914 -1.84968 3.9893 2.49494 0.202794 0.202451 0.216897 0.199504 0.207441 0.221102
4856250 0.210292 0.201583 0.185201 2.1786 -1.39672 1.4489 0.20804 0.202978 0.183108 0.213787 0.199418 0.188448
4856250 0.208434 0.201116 0.195209 -0.219854 -7.42548 6.9081 0.208239 0.203843 0.193293 0.208711 0.197248 0.197926
4856250 0.21403 0.202049 0.192971 0.506367 -2.22107 -4.29701 0.21417 0.203568 0.195582 0.213787 0.199418 0.188448
4856250 0.20456 0.199445 0.215149 1.51487 -2.24108 -1.90596 0.202794 0.202451 0.216897 0.206345 0.196407 0.213382
4856250 0.204936 0.203197 0.181799 -1.0821 0.193431 -0.63693 0.20804 0.202978 0.183108 0.200545 0.203506 0.179946
4856250 0.203175 0.212133 0.182395 1.08782 -0.752492 3.12677 0.201296 0.212582 0.178367 0.205809 0.211505 0.188044
4856250 0.211842 0.210505 0.189399 -2.6076 0.801098 -0.874873 0.215397 0.209916 0.190198 0.205809 0.211505 0.188044
4856250 0.212965 0.206274 0.196188 -3.19824 7.80348 3.15383 0.21417 0.203568 0.195582 0.211239 0.210152 0.197057
4856250 0.207394 0.206507 0.191468 -4.37018 8.11865 -5.75721 0.208239 0.203843 0.193293 0.205809 0.211505 0.188044
4856250 0.207914 0.208333 0.199158 -7.27284 -2.84566 5.60794 0.211239 0.210152 0.197057 0.20482 0.20664 0.201114
4856250 0.212777 0.213491 0.199353 -3.782 -5.54386 -4.96428 0.21426 0.216709 0.201566 0.211239 0.210152 0.197057
4856250 0.212101 0.21398 0.195217 2.09945 5.52734 -3.51624 0.211239 0.210152 0.197057 0.212888 0.217471 0.193539
4856250 0.218111 0.207821 0.191565 3.68838 -2.00648 1.41858 0.215397 0.209916 0.190198 0.221816 0.204961 0.19343
4856250 0.210082 0.215908 0.216914 -2.97444 -0.341812 -2.01725 0.213264 0.215748 0.219493 0.20662 0.216082 0.214107
4856250 0.208911 0.216476 0.206862 1.68288 0.483522 0.997655 0.205186 0.214652 0.204702 0.21148 0.217734 0.208351
4856250 0.212691 0.217287 0.205396 -1.51813 0.0513724 2.84934 0.21426 0.216709 0.201566 0.21148 0.217734 0.208351
4856250 0.215685 0.210853 0.207917 0.792841 -1.25952 -2.08988 0.214347 0.212451 0.210142 0.218063 0.208013 0.203961
4856250 0.214303 0.218071 0.209872 -2.73671 -0.553656 -1.02103 0.218028 0.218517 0.211879 0.21148 0.217734 0.208351
4856250 0.200007 0.209905 0.186304 0.496632 0.104948 0.0685636 0.196462 0.208928 0.185241 0.205809 0.211505 0.188044
4856250 0.194683 0.209111 0.181857 0.225791 -0.0792868 0.357283 0.192811 0.209304 0.178295 0.196462 0.208928 0.185241
4856250 0.212144 0.210344 0.210153 -0.535256 -0.405992 0.0770419 0.214347 0.212451 0.210142 0.208113 0.20649 0.210173
4856250 0.184369 0.217734 0.191523 -2.43308 -2.80925 1.10516 0.186547 0.221245 0.190068 0.18233 0.214447 0.192885
4856250 0.207842 0.199737 0.182184 -0.2091 -1.57361 -0.711493 0.20804 0.202978 0.183108 0.207443 0.193223 0.180326
4856250 0.21548 0.210656 0.21233 0.987164 -2.514 3.39846 0.214347 0.212451 0.210142 0.21772 0.207107 0.216657
4856250 0.184929 0.213375 0.204222 0.477222 -1.78261 0.143428 0.183762 0.216944 0.203355 0.186919 0.207284 0.205701
4856250 0.183188 0.217606 0.210168 1.19533 2.23535 0.285755 0.180967 0.214558 0.210038 0.185298 0.220501 0.210292
4856250 0.185813 0.2145 0.19505 -1.09832 0.190577 -0.717649 0.189735 0.214559 0.197488 0.18233 0.214447 0.192885
4856250 0.216021 0.217457 0.191128 -1.62986 -0.131352 0.922771 0.220676 0.217437 0.187545 0.212888 0.217471 0.193539
4856250 0.204186 0.212252 0.194047 -0.327233 0.137008 2.69715 0.205809 0.211505 0.188044 0.203334 0.212644 0.197198
4856250 0.206628 0.201448 0.185766 -0.128807 -0.0897143 0.246614 0.20804 0.202978 0.183108 0.205256 0.199961 0.188348
4856250 0.200379 0.21076 0.191076 1.09328 0.265361 -0.83595 0.196816 0.210271 0.193066 0.205809 0.211505 0.188044
4856250 0.195737 0.203906 0.204795 0.0408992 -0.252083 -0.769283 0.196062 0.204769 0.207789 0.195419 0.203063 0.201874
4856250 0.197154 0.207338 0.209212 -0.66766 -1.12888 -0.506386 0.198882 0.211405 0.211464 0.196062 0.204769 0.207789
4856250 0.18775 0.21026 0.191616 1.27613 1.18679 -1.50692 0.186379 0.208352 0.193919 0.189688 0.212955 0.188362
4856250 0.185744 0.205284 0.194924 -0.253016 -6.57775 2.01997 0.186379 0.208352 0.193919 0.184776 0.200609 0.196455
4856250 0.183137 0.211906 0.208457 -0.0142479 0.0150175 0.013488 0.186919 0.207284 0.205701 0.180967 0.214558 0.210038
4856250 0.202218 0.216669 0.201741 0.0 0.0 0.0 0.205186 0.214652 0.204702 0.199804 0.218411 0.199332
4856250 0.191406 0.202352 0.185913 0.349242 -1.37828 -4.19267 0.191621 0.204148 0.190014 0.191232 0.200897 0.182591
4856250 0.181704 0.204363 0.195182 1.38375 -1.41619 0.246251 0.179364 0.207223 0.194211 0.184776 0.200609 0.196455
4856250 0.19454 0.202538 0.219032 1.06458 -2.46152 6.56162 0.193264 0.204494 0.21503 0.195807 0.200596 0.223005
4856250 0.199397 0.21346 0.215948 0.12203 1.19495 4.01054 0.198882 0.211405 0.211464 0.199874 0.215359 0.220092
4856250 0.212729 0.206786 0.213289 1.52187 -0.0537176 0.753051 0.208113 0.20649 0.210173 0.21772 0.207107 0.216657
4856250 0.194934 0.204658 0.210709 0.206515 0.0977926 -0.897321 0.193264 0.204494 0.21503 0.196062 0.204769 0.207789
4856250 0.213737 0.205365 0.202051 -5.32517 -2.17408 -1.87863 0.218063 0.208013 0.203961 0.211321 0.203887 0.200985
4856250 0.197952 0.211054 0.206605 -1.70261 -0.48197 -4.71863 0.198882 0.211405 0.211464 0.197058 0.210716 0.201932
4856250 0.189711 0.21376 0.19294 -0.971872 0.988049 6.23768 0.189688 0.212955 0.188362 0.189735 0.214559 0.197488
4856250 0.191937 0.205331 0.194326 0.113495 0.0986633 0.776983 0.191621 0.204148 0.190014 0.192166 0.20619 0.197458
4856250 0.193843 0.204498 0.199735 0.0 0.0 0.0 0.192166 0.20619 0.197458 0.195419 0.203063 0.201874
4856250 0.190429 0.206552 0.200187 -0.393922 0.00123426 0.485281 0.192166 0.20619 0.197458 0.186919 0.207284 0.205701
4856250 0.203227 0.209091 0.210857 0.506215 -0.246372 0.0178322 0.198882 0.211405 0.211464 0.208113 0.20649 0.210173
4856250 0.204414 0.216729 0.184884 -3.41449 7.62221 -5.87408 0.205809 0.211505 0.188044 0.203639 0.21963 0.183129
4856250 0.202728 0.204442 0.198454 0.0299078 0.0204759 0.0338191 0.199971 0.201543 0.194947 0.20482 0.20664 0.201114
4856250 0.208534 0.205067 0.201041 -2.16836 0.569672 0.193552 0.211321 0.203887 0.200985 0.20482 0.20664 0.201114
4856250 0.218622 0.210926 0.199425 0.0402601 -1.5682 3.15548 0.219027 0.213036 0.196141 0.218063 0.208013 0.203961
4856250 0.212954 0.215018 0.209272 -3.32913 4.28896 -1.467 0.214347 0.212451 0.210142 0.21148 0.217734 0.208351
4856250 0.19415 0.208026 0.199272 0.171612 0.226876 0.220753 0.192166 0.20619 0.197458 0.197058 0.210716 0.201932
4856250 0.213485 0.210025 0.193353 -2.73843 0.440992 3.34098 0.215397 0.209916 0.190198 0.211239 0.210152 0.197057
4856250 0.198586 0.214997 0.200485 1.37493 2.62291 -1.24216 0.197058 0.210716 0.201932 0.199804 0.218411 0.199332
4856250 0.198176 0.202619 0.20694 1.36084 -1.09458 -0.288494 0.196062 0.204769 0.207789 0.201763 0.198972 0.205499
4856250 0.204001 0.209949 0.198956 0.627868 -3.12464 2.79043 0.203334 0.212644 0.197198 0.20482 0.20664 0.201114
4856250 0.192795 0.209273 0.203516 1.03617 0.519608 -0.297354 0.186919 0.207284 0.205701 0.197058 0.210716 0.201932
4856250 0.18026 0.209588 0.197075 -0.00061659 -0.00233933 -0.00371055 0.180979 0.211486 0.199373 0.179364 0.207223 0.194211
4856250 0.182868 0.21015 0.201385 0.00217105 -0.00162791 0.00169631 0.180979 0.211486 0.199373 0.186919 0.207284 0.205701
4856250 0.199175 0.216261 0.212434 0.000699286 0.00603893 0.00219393 0.198882 0.211405 0.211464 0.199395 0.219899 0.21316
4856250 0.199609 0.217866 0.216264 0.0 0.0 0.0 0.199874 0.215359 0.220092 0.199395 0.219899 0.21316
4856250 0.188071 0.217223 0.189241 3.74767 -6.54798 -1.74513 0.186547 0.221245 0.190068 0.189688 0.212955 0.188362
4856250 0.207762 0.207884 0.215562 0.000229234 0.00189461 0.00487643 0.208113 0.20649 0.210173 0.207462 0.209076 0.220169
4856250 0.217038 0.20409 0.194775 1.08373 0.213721 -0.124337 0.21417 0.203568 0.195582 0.221816 0.204961 0.19343
4856250 0.216718 0.214815 0.198768 1.62376 -0.871463 -2.06669 0.21426 0.216709 0.201566 0.219027 0.213036 0.196141
4856250 0.204983 0.204113 0.21413 1.19571 1.3849 -1.66883 0.202794 0.202451 0.216897 0.208113 0.20649 0.210173
4856250 0.184215 0.201029 0.191489 -0.185804 0.325327 -1.3159 0.184776 0.200609 0.196455 0.18375 0.201378 0.187367
4856250 0.206521 0.210929 0.207198 -1.09869 2.26247 -2.09958 0.208113 0.20649 0.210173 0.205186 0.214652 0.204702
4856250 0.193112 0.20558 0.207115 -0.845978 0.108272 -0.261707 0.196062 0.204769 0.207789 0.186919 0.207284 0.205701
4856250 0.201698 0.215318 0.198187 -2.2544 3.48059 2.06822 0.203334 0.212644 0.197198 0.199804 0.218411 0.199332
4856250 0.19027 0.201491 0.2169 -5.4145 -3.82063 3.11754 0.193264 0.204494 0.21503 0.186493 0.197704 0.219258
4856250 0.200081 0.199782 0.216044 -1.31431 -0.974888 -0.515012 0.202794 0.202451 0.216897 0.19747 0.197213 0.215223
4856250 0.194232 0.206726 0.18744 0.189733 0.126555 -0.173301 0.191621 0.204148 0.190014 0.196462 0.208928 0.185241
4856250 0.211351 0.203698 0.194494 1.82192 -0.239519 1.0207 0.208239 0.203843 0.193293 0.21417 0.203568 0.195582
4856250 0.193403 0.210747 0.186651 -0.111709 0.0708748 0.0781542 0.196462 0.208928 0.185241 0.189688 0.212955 0.188362
4856250 0.209371 0.216546 0.186971 0.482464 0.491496 -0.117817 0.205809 0.211505 0.188044 0.211448 0.219485 0.186346
4856250 0.18235 0.215738 0.206731 -0.355896 -0.377022 0.68158 0.183762 0.216944 0.203355 0.180967 0.214558 0.210038
4856250 0.196059 0.206052 0.201896 -0.277551 -5.27601 -0.0912543 0.197058 0.210716 0.201932 0.195419 0.203063 0.201874
4856250 0.184577 0.211065 0.193459 -1.30901 1.77625 0.0234582 0.186379 0.208352 0.193919 0.18233 0.214447 0.192885
4856250 0.181266 0.206428 0.20245 0.00048304 -7.82525e-06 0.000237861 0.178643 0.20603 0.200941 0.186919 0.207284 0.205701
4856250 0.186882 0.218036 0.212357 -0.549613 0.73286 -0.87516 0.189414 0.214095 0.215659 0.185298 0.220501 0.210292
4856250 0.182424 0.202327 0.205058 0.0 0.0 0.0 0.186919 0.207284 0.205701 0.178864 0.198604 0.204547
4856250 0.18156 0.212644 0.196596 0.0 0.0 0.0 0.180979 0.211486 0.199373 0.18233 0.214447 0.192885
4856250 0.180966 0.203865 0.199243 0.0 0.0 0.0 0.178643 0.20603 0.200941 0.184776 0.200609 0.196455
4856250 0.183317 0.217891 0.19536 0.0 0.0 0.0 0.184116 0.220873 0.197365 0.18233 0.214447 0.192885
4856250 0.182214 0.213796 0.201135 0.0 0.0 0.0 0.180979 0.211486 0.199373 0.183762 0.216944 0.203355
4856250 0.187745 0.201007 0.184818 0.0 0.0 0.0 0.191232 0.200897 0.182591 0.18375 0.201378 0.187367
4856250 0.185779 0.213638 0.190765 0.0 0.0 0.0 0.189688 0.212955 0.188362 0.18233 0.214447 0.192885
4856250 0.187541 0.202598 0.188642 0.0 0.0 0.0 0.191621 0.204148 0.190014 0.18375 0.201378 0.187367
4856250 0.188391 0.202366 0.193055 0.0 0.0 0.0 0.191621 0.204148 0.190014 0.184776 0.200609 0.196455
4856250 0.189256 0.203883 0.197063 0.0 0.0 0.0 0.192166 0.20619 0.197458 0.184776 0.200609 0.196455
4856250 0.185704 0.203388 0.200456 0.0 0.0 0.0 0.186919 0.207284 0.205701 0.184776 0.200609 0.196455
4856250 0.184322 0.214267 0.212269 0.0 0.0 0.0 0.180967 0.214558 0.210038 0.189414 0.214095 0.215659
4856250 0.180901 0.217202 0.200787 0.0 0.0 0.0 0.183762 0.216944 0.203355 0.178411 0.21763 0.198555
4856250 0.186466 0.218125 0.197416 0.0 0.0 0.0 0.189735 0.214559 0.197488 0.184116 0.220873 0.197365
4856250 0.18648 0.215751 0.200685 0.0 0.0 0.0 0.183762 0.216944 0.203355 0.189735 0.214559 0.197488
4856250 0.187409 0.217141 0.204575 0.0 0.0 0.0 0.183762 0.216944 0.203355 0.191926 0.217624 0.206089
4856250 0.195587 0.200358 0.215135 0.0 0.0 0.0 0.193264 0.204494 0.21503 0.19747 0.197213 0.215223
4856250 0.194586 0.201879 0.208124 0.0 0.0 0.0 0.196062 0.204769 0.207789 0.192422 0.19792 0.208617
4856250 0.194221 0.200896 0.204568 0.0 0.0 0.0 0.195419 0.203063 0.201874 0.192422 0.19792 0.208617
4856250 0.19016 0.201659 0.207419 0.0 0.0 0.0 0.186919 0.207284 0.205701 0.192422 0.19792 0.208617
4856250 0.196725 0.198618 0.218716 0.0 0.0 0.0 0.195807 0.200596 0.223005 0.19747 0.197213 0.215223
4856250 0.189295 0.205536 0.186398 0.0 0.0 0.0 0.191621 0.204148 0.190014 0.18752 0.206793 0.183641
4856250 0.190671 0.20836 0.189203 0.0 0.0 0.0 0.191621 0.204148 0.190014 0.189688 0.212955 0.188362
4856250 0.195442 0.202842 0.19227 0.0 0.0 0.0 0.191621 0.204148 0.190014 0.199971 0.201543 0.194947
4856250 0.19663 0.209467 0.189015 0.0 0.0 0.0 0.196816 0.210271 0.193066 0.196462 0.208928 0.185241
4856250 0.189288 0.207155 0.195698 0.0 0.0 0.0 0.186379 0.208352 0.193919 0.192166 0.20619 0.197458
4856250 0.194219 0.207886 0.195516 0.0 0.0 0.0 0.192166 0.20619 0.197458 0.196816 0.210271 0.193066
4856250 0.191161 0.209541 0.19747 0.0 0.0 0.0 0.192166 0.20619 0.197458 0.189735 0.214559 0.197488
4856250 0.19513 0.204313 0.196504 0.0 0.0 0.0 0.192166 0.20619 0.197458 0.199971 0.201543 0.194947
4856250 0.193467 0.211423 0.190858 0.0 0.0 0.0 0.196816 0.210271 0.193066 0.189688 0.212955 0.188362
4856250 0.19348 0.212182 0.195147 0.0 0.0 0.0 0.196816 0.210271 0.193066 0.189735 0.214559 0.197488
4856250 0.19819 0.206356 0.193885 0.0 0.0 0.0 0.196816 0.210271 0.193066 0.199971 0.201543 0.194947
4856250 0.188575 0.211449 0.200876 0.0 0.0 0.0 0.186919 0.207284 0.205701 0.189735 0.214559 0.197488
4856250 0.197082 0.202395 0.199344 0.0 0.0 0.0 0.195419 0.203063 0.201874 0.199971 0.201543 0.194947
4856250 0.195576 0.212771 0.183724 0.0 0.0 0.0 0.194458 0.217875 0.181803 0.196462 0.208928 0.185241
4856250 0.193768 0.215744 0.189649 0.0 0.0 0.0 0.19796 0.218824 0.190969 0.189688 0.212955 0.188362
4856250 0.1881 0.217881 0.193679 0.0 0.0 0.0 0.186547 0.221245 0.190068 0.189735 0.214559 0.197488
4856250 0.200869 0.200142 0.200224 0.0 0.0 0.0 0.199971 0.201543 0.194947 0.201763 0.198972 0.205499
4856250 0.198277 0.206404 0.182888 0.0 0.0 0.0 0.196462 0.208928 0.185241 0.200545 0.203506 0.179946
4856250 0.19869 0.210502 0.182072 0.0 0.0 0.0 0.201296 0.212582 0.178367 0.196462 0.208928 0.185241
4856250 0.200434 0.211481 0.195363 0.0 0.0 0.0 0.196816 0.210271 0.193066 0.203334 0.212644 0.197198
4856250 0.20505 0.202843 0.193932 0.0 0.0 0.0 0.208239 0.203843 0.193293 0.199971 0.201543 0.194947
4856250 0.190639 0.205539 0.211173 0.0 0.0 0.0 0.193264 0.204494 0.21503 0.186919 0.207284 0.205701
4856250 0.196457 0.207015 0.205466 0.0 0.0 0.0 0.196062 0.204769 0.207789 0.197058 0.210716 0.201932
4856250 0.192722 0.204293 0.203088 0.0 0.0 0.0 0.186919 0.207284 0.205701 0.195419 0.203063 0.201874
4856250 0.196856 0.206082 0.218524 0.0 0.0 0.0 0.193264 0.204494 0.21503 0.199504 0.207441 0.221102
4856250 0.188254 0.210816 0.211022 0.0 0.0 0.0 0.186919 0.207284 0.205701 0.189414 0.214095 0.215659
4856250 0.19449 0.212543 0.213409 0.0 0.0 0.0 0.198882 0.211405 0.211464 0.189414 0.214095 0.215659
4856250 0.189821 0.213169 0.205926 0.0 0.0 0.0 0.191926 0.217624 0.206089 0.186919 0.207284 0.205701
4856250 0.195338 0.214465 0.208724 0.0 0.0 0.0 0.198882 0.211405 0.211464 0.191926 0.217624 0.206089
4856250 0.194494 0.214061 0.204008 0.0 0.0 0.0 0.191926 0.217624 0.206089 0.197058 0.210716 0.201932
4856250 0.197735 0.201458 0.203196 0.0 0.0 0.0 0.195419 0.203063 0.201874 0.201763 0.198972 0.205499
4856250 0.200773 0.211748 0.199131 0.0 0.0 0.0 0.197058 0.210716 0.201932 0.203334 0.212644 0.197198
4856250 0.202127 0.212966 0.207983 0.0 0.0 0.0 0.198882 0.211405 0.211464 0.205186 0.214652 0.204702
4856250 0.198436 0.203274 0.21604 0.0 0.0 0.0 0.193264 0.204494 0.21503 0.202794 0.202451 0.216897
4856250 0.195227 0.214688 0.218121 0.0 0.0 0.0 0.199874 0.215359 0.220092 0.189414 0.214095 0.215659
4856250 0.199588 0.201488 0.219693 0.0 0.0 0.0 0.202794 0.202451 0.216897 0.195807 0.200596 0.223005
4856250 0.203291 0.215617 0.217057 0.0 0.0 0.0 0.199874 0.215359 0.220092 0.20662 0.216082 0.214107
4856250 0.196219 0.218246 0.18642 0.0 0.0 0.0 0.194458 0.217875 0.181803 0.19796 0.218824 0.190969
4856250 0.201351 0.215552 0.189707 0.0 0.0 0.0 0.19796 0.218824 0.190969 0.205809 0.211505 0.188044
4856250 0.202676 0.218055 0.213588 0.0 0.0 0.0 0.20662 0.216082 0.214107 0.199395 0.219899 0.21316
4856250 0.210396 0.20201 0.19141 0.0 0.0 0.0 0.208239 0.203843 0.193293 0.213787 0.199418 0.188448
4856250 0.206733 0.201769 0.190799 0.0 0.0 0.0 0.208239 0.203843 0.193293 0.205256 0.199961 0.188348
4856250 0.207075 0.20047 0.21205 0.0 0.0 0.0 0.208113 0.20649 0.210173 0.206345 0.196407 0.213382
4856250 0.20486 0.202528 0.207776 0.0 0.0 0.0 0.208113 0.20649 0.210173 0.201763 0.198972 0.205499
4856250 0.206004 0.201045 0.218738 0.0 0.0 0.0 0.202794 0.202451 0.216897 0.210574 0.199315 0.221367
4856250 0.207258 0.205854 0.184838 0.0 0.0 0.0 0.20804 0.202978 0.183108 0.205809 0.211505 0.188044
4856250 0.211242 0.208893 0.184778 0.0 0.0 0.0 0.205809 0.211505 0.188044 0.215246 0.207159 0.182368
4856250 0.207234 0.209415 0.182208 0.0 0.0 0.0 0.205809 0.211505 0.188044 0.208026 0.208429 0.178975
4856250 0.202611 0.216433 0.181048 0.0 0.0 0.0 0.201296 0.212582 0.178367 0.203639 0.21963 0.183129
4856250 0.209543 0.206479 0.194934 0.0 0.0 0.0 0.208239 0.203843 0.193293 0.211239 0.210152 0.197057
4856250 0.209018 0.210597 0.193373 0.0 0.0 0.0 0.205809 0.211505 0.188044 0.211239 0.210152 0.197057
4856250 0.206742 0.211461 0.19714 0.0 0.0 0.0 0.203334 0.212644 0.197198 0.211239 0.210152 0.197057
4856250 0.212744 0.203615 0.198284 0.0 0.0 0.0 0.21417 0.203568 0.195582 0.211321 0.203887 0.200985
4856250 0.211287 0.206352 0.19937 0.0 0.0 0.0 0.211239 0.210152 0.197057 0.211321 0.203887 0.200985
4856250 0.204098 0.213364 0.200297 0.0 0.0 0.0 0.205186 0.214652 0.204702 0.203334 0.212644 0.197198
4856250 0.214184 0.213457 0.191814 0.0 0.0 0.0 0.215397 0.209916 0.190198 0.212888 0.217471 0.193539
4856250 0.210147 0.215055 0.191416 0.0 0.0 0.0 0.205809 0.211505 0.188044 0.212888 0.217471 0.193539
4856250 0.206097 0.217431 0.190228 0.0 0.0 0.0 0.205809 0.211505 0.188044 0.206281 0.221338 0.191598
4856250 0.217155 0.21132 0.193081 0.0 0.0 0.0 0.219027 0.213036 0.196141 0.215397 0.209916 0.190198
4856250 0.215325 0.211557 0.196578 0.0 0.0 0.0 0.219027 0.213036 0.196141 0.211239 0.210152 0.197057
4856250 0.214269 0.209092 0.200126 0.0 0.0 0.0 0.218063 0.208013 0.203961 0.211239 0.210152 0.197057
4856250 0.210191 0.204689 0.204215 0.0 0.0 0.0 0.208113 0.20649 0.210173 0.211321 0.203887 0.200985
4856250 0.206202 0.206465 0.204914 0.0 0.0 0.0 0.208113 0.20649 0.210173 0.20482 0.20664 0.201114
4856250 0.20499 0.21024 0.202774 0.0 0.0 0.0 0.205186 0.214652 0.204702 0.20482 0.20664 0.201114
4856250 0.207281 0.21171 0.212355 0.0 0.0 0.0 0.208113 0.20649 0.210173 0.20662 0.216082 0.214107
4856250 0.205919 0.215276 0.209513 0.0 0.0 0.0 0.20662 0.216082 0.214107 0.205186 0.214652 0.204702
4856250 0.209977 0.215631 0.203046 0.0 0.0 0.0 0.21426 0.216709 0.201566 0.205186 0.214652 0.204702
4856250 0.213156 0.207151 0.207021 0.0 0.0 0.0 0.208113 0.20649 0.210173 0.218063 0.208013 0.203961
4856250 0.21588 0.214876 0.210867 0.0 0.0 0.0 0.214347 0.212451 0.210142 0.218028 0.218517 0.211879
4856250 0.204893 0.20532 0.218364 0.0 0.0 0.0 0.202794 0.202451 0.216897 0.207462 0.209076 0.220169
4856250 0.207025 0.212586 0.217033 0.0 0.0 0.0 0.20662 0.216082 0.214107 0.207462 0.209076 0.220169
4856250 0.213553 0.216995 0.197443 0.0 0.0 0.0 0.21426 0.216709 0.201566 0.212888 0.217471 0.193539
4856250 0.215966 0.215137 0.194848 0.0 0.0 0.0 0.219027 0.213036 0.196141 0.212888 0.217471 0.193539
4856250 0.209439 0.216934 0.210765 0.0 0.0 0.0 0.20662 0.216082 0.214107 0.21148 0.217734 0.208351
4856250 0.215912 0.212815 0.202609 0.0 0.0 0.0 0.21426 0.216709 0.201566 0.218063 0.208013 0.203961
4856250 0.218344 0.21722 0.202192 0.0 0.0 0.0 0.21426 0.216709 0.201566 0.224773 0.218298 0.203174
