# ts x y z Fx Fy Fz x1 y1 z1 x2 y2 z2
393750 0.181767 0.19784 0.193839 0.558286 0.387484 0.404359 0.179975 0.196051 0.192156 0.184722 0.200791 0.196616
393750 0.182201 0.196543 0.197474 6.10662 8.00137 -0.637282 0.180541 0.193745 0.198039 0.184722 0.200791 0.196616
393750 0.183287 0.189018 0.193819 -0.870907 -0.106237 -0.518645 0.18713 0.190161 0.195875 0.179185 0.187798 0.191625
393750 0.185738 0.194818 0.187857 5.48148 1.52923 4.13834 0.182419 0.193712 0.186055 0.189282 0.195998 0.189782
393750 0.183328 0.192229 0.197124 -6.28304 3.17668 0.884993 0.18713 0.190161 0.195875 0.180541 0.193745 0.198039
393750 0.188935 0.198514 0.198102 -3.67765 1.49454 -0.734952 0.192897 0.196373 0.1995 0.184722 0.200791 0.196616
393750 0.186366 0.19881 0.188666 -3.94791 5.16701 -2.26323 0.189282 0.195998 0.189782 0.183477 0.201596 0.18756
393750 0.183551 0.190952 0.208197 5.71899 2.58458 4.02025 0.180429 0.188989 0.205193 0.186196 0.192614 0.210741
393750 0.194422 0.180796 0.181475 7.75647 4.98788 -0.576952 0.191338 0.178079 0.181526 0.196928 0.183003 0.181434
393750 0.198063 0.185554 0.183264 -1.92538 -4.89498 -4.75413 0.199412 0.188585 0.185438 0.196928 0.183003 0.181434
393750 0.199838 0.182387 0.182953 -1.17995 0.101714 -0.794282 0.2029 0.18174 0.184552 0.196928 0.183003 0.181434
393750 0.201469 0.17859 0.183935 1.28256 2.01869 0.630644 0.199419 0.17408 0.183053 0.2029 0.18174 0.184552
393750 0.19281 0.183242 0.187245 -8.05315 6.36181 -3.29414 0.195486 0.180402 0.188191 0.189162 0.187114 0.185954
393750 0.186583 0.185848 0.194699 -2.1358 -15.7795 -1.68824 0.18713 0.190161 0.195875 0.186063 0.181749 0.193582
393750 0.197806 0.18159 0.191247 2.56052 0.612814 3.44252 0.195486 0.180402 0.188191 0.20069 0.183067 0.195046
393750 0.196631 0.181975 0.205788 -8.25641 -6.99062 2.86093 0.199371 0.185128 0.204929 0.193526 0.178405 0.206761
393750 0.188256 0.178827 0.214299 7.98716 5.2049 5.88524 0.185421 0.176213 0.212247 0.191713 0.182015 0.216802
393750 0.197786 0.189077 0.205225 -2.83607 4.74414 0.244116 0.199371 0.185128 0.204929 0.196521 0.192225 0.205461
393750 0.203227 0.185047 0.203106 5.11793 0.657369 -3.02598 0.199371 0.185128 0.204929 0.206908 0.184969 0.201364
393750 0.200491 0.188229 0.202222 0.477193 3.35123 -2.75398 0.199371 0.185128 0.204929 0.201679 0.191521 0.199348
393750 0.199879 0.187508 0.208432 -1.19891 -2.7162 -5.57288 0.200448 0.19018 0.212365 0.199371 0.185128 0.204929
393750 0.195918 0.184791 0.21853 4.309 1.92475 1.45064 0.191713 0.182015 0.216802 0.198699 0.186627 0.219673
393750 0.196494 0.181333 0.214554 -3.92556 -0.0142761 1.43734 0.200668 0.180737 0.212592 0.191713 0.182015 0.216802
393750 0.18923 0.19214 0.18812 0.929125 12.8139 7.99429 0.189162 0.187114 0.185954 0.189282 0.195998 0.189782
393750 0.197626 0.189593 0.188834 -1.50108 0.335409 2.37417 0.199412 0.188585 0.185438 0.195593 0.190741 0.192701
393750 0.188243 0.193181 0.192722 1.39057 2.3346 -2.26067 0.18713 0.190161 0.195875 0.189282 0.195998 0.189782
393750 0.189948 0.193196 0.197646 10.4417 8.37144 4.49713 0.18713 0.190161 0.195875 0.192897 0.196373 0.1995
393750 0.192323 0.193465 0.191189 -9.48945 8.56792 -2.42621 0.195593 0.190741 0.192701 0.189282 0.195998 0.189782
393750 0.196517 0.193837 0.189545 -1.80531 -6.07723 4.47722 0.197509 0.197158 0.186161 0.195593 0.190741 0.192701
393750 0.194274 0.193496 0.196027 1.65284 -7.16526 -9.2214 0.192897 0.196373 0.1995 0.195593 0.190741 0.192701
393750 0.195003 0.193963 0.202964 0.994432 -1.88657 2.47213 0.192897 0.196373 0.1995 0.196521 0.192225 0.205461
393750 0.192611 0.197332 0.204108 -0.404979 0.296697 6.3917 0.192897 0.196373 0.1995 0.192333 0.198266 0.208593
393750 0.196213 0.198932 0.197331 0.574608 0.351585 -0.248739 0.192897 0.196373 0.1995 0.199953 0.201818 0.194885
393750 0.194332 0.20061 0.200985 4.54524 15.8196 8.4266 0.192897 0.196373 0.1995 0.195262 0.203356 0.201947
393750 0.198014 0.187096 0.193815 -14.5685 15.8885 -6.7005 0.20069 0.183067 0.195046 0.195593 0.190741 0.192701
393750 0.20234 0.190444 0.183511 1.16065 0.586806 -0.975148 0.199412 0.188585 0.185438 0.207348 0.193622 0.180214
393750 0.202891 0.187753 0.187154 2.86343 -0.649674 0.872536 0.199412 0.188585 0.185438 0.206556 0.186877 0.188961
393750 0.198632 0.19113 0.19602 0.779655 0.295241 0.910023 0.195593 0.190741 0.192701 0.201679 0.191521 0.199348
393750 0.200906 0.195391 0.18913 0.259659 -0.133871 0.159919 0.197509 0.197158 0.186161 0.203643 0.193967 0.191521
393750 0.199022 0.200556 0.18306 3.56655 6.16215 -7.85258 0.197509 0.197158 0.186161 0.200513 0.203906 0.180002
393750 0.189065 0.195256 0.209737 14.616 9.92361 -3.32309 0.186196 0.192614 0.210741 0.192333 0.198266 0.208593
393750 0.19669 0.195104 0.218556 1.74363 4.75069 -6.46871 0.196494 0.193071 0.221399 0.196899 0.197284 0.215508
393750 0.19666 0.198725 0.207132 -6.35206 -1.62882 2.81818 0.201669 0.199255 0.205441 0.192333 0.198266 0.208593
393750 0.198458 0.194162 0.214127 -2.20044 7.18622 2.70252 0.200448 0.19018 0.212365 0.196899 0.197284 0.215508
393750 0.199441 0.188133 0.216575 -1.05042 -1.14943 3.74957 0.200448 0.19018 0.212365 0.198699 0.186627 0.219673
393750 0.203248 0.200812 0.190832 -0.38666 0.0484029 0.590252 0.20528 0.200192 0.188332 0.199953 0.201818 0.194885
393750 0.20457 0.184087 0.186566 1.36122 1.31232 1.48493 0.2029 0.18174 0.184552 0.206556 0.186877 0.188961
393750 0.200621 0.17859 0.192837 -0.224751 -8.16233 -5.78893 0.20069 0.183067 0.195046 0.200573 0.17551 0.191317
393750 0.21 0.181549 0.192451 4.91896 3.95549 3.42284 0.207487 0.178705 0.190626 0.212442 0.184311 0.194224
393750 0.204377 0.180701 0.192649 -4.02947 2.19307 3.46965 0.207487 0.178705 0.190626 0.20069 0.183067 0.195046
393750 0.212723 0.18201 0.197594 -0.180517 3.34169 -6.97455 0.212994 0.179801 0.200831 0.212442 0.184311 0.194224
393750 0.201835 0.180357 0.199082 2.25889 -3.55461 4.53445 0.20069 0.183067 0.195046 0.202716 0.178275 0.202184
393750 0.204115 0.184114 0.198526 8.73225 1.93559 6.44265 0.20069 0.183067 0.195046 0.206908 0.184969 0.201364
393750 0.207019 0.182807 0.18979 0.104661 2.37987 -0.395942 0.207487 0.178705 0.190626 0.206556 0.186877 0.188961
393750 0.211119 0.188169 0.193914 0.954375 -1.83847 0.279026 0.210124 0.191069 0.193681 0.212442 0.184311 0.194224
393750 0.213628 0.186563 0.197426 0.505418 2.1499 2.7325 0.212442 0.184311 0.194224 0.215189 0.189527 0.201642
393750 0.214073 0.186826 0.191441 -2.2287 -4.91977 6.38488 0.216011 0.189816 0.188134 0.212442 0.184311 0.194224
393750 0.210006 0.182338 0.201093 -4.31912 3.44365 -0.492445 0.212994 0.179801 0.200831 0.206908 0.184969 0.201364
393750 0.210911 0.178784 0.204004 -1.29646 -1.11244 2.16159 0.212994 0.179801 0.200831 0.208742 0.177726 0.207306
393750 0.206646 0.184769 0.205424 1.11369 0.186486 -4.91806 0.206434 0.184607 0.208716 0.206908 0.184969 0.201364
393750 0.20801 0.182983 0.211121 4.88526 -3.58479 5.23678 0.206434 0.184607 0.208716 0.209445 0.181505 0.213311
393750 0.204039 0.183 0.210326 -4.30056 -2.75874 4.02109 0.206434 0.184607 0.208716 0.200668 0.180737 0.212592
393750 0.209392 0.178683 0.214351 -1.38557 -8.23176 3.86695 0.209445 0.181505 0.213311 0.209274 0.172426 0.216657
393750 0.210474 0.186932 0.201484 -9.28847 -5.26773 -2.0266 0.215189 0.189527 0.201642 0.206908 0.184969 0.201364
393750 0.206929 0.187791 0.207989 2.89469 9.20754 -2.82671 0.206434 0.184607 0.208716 0.207566 0.191894 0.207053
393750 0.209932 0.184105 0.214743 0.0956303 4.37649 2.80469 0.209445 0.181505 0.213311 0.210702 0.188221 0.21701
393750 0.216541 0.180456 0.199272 -0.922212 -0.0996649 0.57115 0.22233 0.181525 0.196729 0.212994 0.179801 0.200831
393750 0.212218 0.181386 0.214471 2.817 -0.102633 1.74478 0.209445 0.181505 0.213311 0.215929 0.181228 0.216022
393750 0.202734 0.192835 0.195144 -0.364262 -0.304128 0.838284 0.203643 0.193967 0.191521 0.201679 0.191521 0.199348
393750 0.205073 0.194432 0.198634 -3.10963 -2.15981 0.137352 0.208624 0.197476 0.197887 0.201679 0.191521 0.199348
393750 0.205049 0.190543 0.190285 0.33058 -0.548561 -0.26435 0.203643 0.193967 0.191521 0.206556 0.186877 0.188961
393750 0.208612 0.189292 0.19168 -1.77234 -3.25787 -3.4196 0.210124 0.191069 0.193681 0.206556 0.186877 0.188961
393750 0.204532 0.19735 0.189789 0.36094 0.843913 -0.361667 0.203643 0.193967 0.191521 0.20528 0.200192 0.188332
393750 0.212626 0.192775 0.194211 2.41674 1.6353 1.00508 0.210124 0.191069 0.193681 0.215143 0.194491 0.194743
393750 0.209534 0.193591 0.195337 -0.772612 2.91702 2.6767 0.210124 0.191069 0.193681 0.208624 0.197476 0.197887
393750 0.212567 0.19567 0.195985 2.63875 -0.705663 -1.08952 0.208624 0.197476 0.197887 0.215143 0.194491 0.194743
393750 0.214647 0.196414 0.192372 0.40805 -1.27471 2.22345 0.213808 0.19967 0.188355 0.215143 0.194491 0.194743
393750 0.209497 0.198906 0.202316 -1.73244 -2.09192 -4.87085 0.210071 0.199844 0.205225 0.208624 0.197476 0.197887
393750 0.218025 0.1934 0.194993 -5.45467 2.24697 0.443936 0.221863 0.191947 0.195326 0.215143 0.194491 0.194743
393750 0.21495 0.194559 0.188241 -1.96265 5.30686 -0.355503 0.216011 0.189816 0.188134 0.213808 0.19967 0.188355
393750 0.204216 0.191087 0.209553 3.44723 1.48611 -3.24759 0.200448 0.19018 0.212365 0.207566 0.191894 0.207053
393750 0.204943 0.195168 0.206336 10.9797 -11.5626 0.549449 0.201669 0.199255 0.205441 0.207566 0.191894 0.207053
393750 0.210407 0.189018 0.208388 -2.86651 2.88263 -2.10459 0.212537 0.186862 0.209389 0.207566 0.191894 0.207053
393750 0.210932 0.190849 0.204664 -5.63651 0.96058 3.01058 0.215189 0.189527 0.201642 0.207566 0.191894 0.207053
393750 0.211801 0.187408 0.212447 -0.493376 0.428798 1.36246 0.212537 0.186862 0.209389 0.210702 0.188221 0.21701
393750 0.203381 0.203638 0.202975 7.63489 13.6398 -6.33472 0.201669 0.199255 0.205441 0.204681 0.206966 0.201103
393750 0.209352 0.202315 0.206971 -1.05528 3.23697 3.18934 0.210071 0.199844 0.205225 0.208062 0.206746 0.210101
393750 0.215023 0.184979 0.208714 -4.05696 2.17314 1.21556 0.218779 0.182134 0.207693 0.212537 0.186862 0.209389
393750 0.217083 0.185627 0.204835 -1.93774 3.20481 -3.68419 0.218779 0.182134 0.207693 0.215189 0.189527 0.201642
393750 0.218971 0.190899 0.198063 -2.41 -0.956944 3.16496 0.221863 0.191947 0.195326 0.215189 0.189527 0.201642
393750 0.212122 0.198653 0.207236 2.45809 -1.9773 3.37006 0.210071 0.199844 0.205225 0.216404 0.196166 0.211436
393750 0.216574 0.194682 0.200936 -4.17144 -9.88473 2.34774 0.217758 0.199086 0.200333 0.215189 0.189527 0.201642
393750 0.207046 0.190812 0.21862 11.8848 -5.7639 -4.31613 0.203926 0.193023 0.219995 0.210702 0.188221 0.21701
393750 0.21553 0.201887 0.197445 -2.87365 5.63736 -5.55427 0.217758 0.199086 0.200333 0.214065 0.203729 0.195546
393750 0.182589 0.181112 0.196002 -2.32389 -0.102063 1.25228 0.186063 0.181749 0.193582 0.177636 0.180204 0.199453
393750 0.194739 0.194796 0.206794 1.80924 -2.50248 -1.9377 0.192333 0.198266 0.208593 0.196521 0.192225 0.205461
393750 0.20632 0.181799 0.183743 -0.908408 0.133068 0.209214 0.21158 0.181889 0.182498 0.2029 0.18174 0.184552
393750 0.211067 0.193586 0.208789 -4.5084 -2.60463 -3.29908 0.216404 0.196166 0.211436 0.207566 0.191894 0.207053
393750 0.201132 0.181521 0.203484 1.12835 -1.61791 -0.862608 0.199371 0.185128 0.204929 0.202716 0.178275 0.202184
393750 0.193715 0.19942 0.184173 -1.77982 1.30966 -1.37519 0.197509 0.197158 0.186161 0.19087 0.201115 0.182683
393750 0.217897 0.203372 0.201998 0.753119 4.96598 2.66239 0.217758 0.199086 0.200333 0.218061 0.208421 0.203961
393750 0.210993 0.197035 0.184808 2.40394 1.49855 3.04802 0.207348 0.193622 0.180214 0.213808 0.19967 0.188355
393750 0.210041 0.19664 0.212643 0.135531 0.00250532 -0.00785151 0.206178 0.196928 0.213376 0.216404 0.196166 0.211436
393750 0.19853 0.194968 0.205453 -2.94003 -4.57166 -0.790446 0.201669 0.199255 0.205441 0.196521 0.192225 0.205461
393750 0.190326 0.181106 0.20435 -1.17352 0.686108 -0.898353 0.193526 0.178405 0.206761 0.187336 0.18363 0.202096
393750 0.183211 0.182173 0.200972 0.313584 0.066652 0.117111 0.177636 0.180204 0.199453 0.187336 0.18363 0.202096
393750 0.187233 0.186899 0.198982 -0.18363 -0.965184 0.976897 0.18713 0.190161 0.195875 0.187336 0.18363 0.202096
393750 0.206845 0.194508 0.210336 0.0188532 -0.0355846 -0.058808 0.206178 0.196928 0.213376 0.207566 0.191894 0.207053
393750 0.205069 0.195005 0.216635 0.021242 0.0206643 -0.0491547 0.203926 0.193023 0.219995 0.206178 0.196928 0.213376
393750 0.203662 0.181307 0.216105 0.0 0.0 0.0 0.200668 0.180737 0.212592 0.205885 0.181743 0.218713
393750 0.18178 0.199809 0.200557 1.19676 0.100685 -1.3863 0.178725 0.198789 0.204648 0.184722 0.200791 0.196616
393750 0.20233 0.191717 0.216492 0.160221 0.250168 0.543708 0.200448 0.19018 0.212365 0.203926 0.193023 0.219995
393750 0.194483 0.189928 0.206922 2.90565 2.50976 -2.36441 0.191961 0.187086 0.208729 0.196521 0.192225 0.205461
393750 0.206969 0.199627 0.205305 -0.76747 -0.150823 0.0983028 0.210071 0.199844 0.205225 0.201669 0.199255 0.205441
393750 0.207465 0.181533 0.208086 0.64781 -1.23018 -0.293212 0.206434 0.184607 0.208716 0.208742 0.177726 0.207306
393750 0.192689 0.183045 0.207813 0.327707 -6.33045 -2.1072 0.191961 0.187086 0.208729 0.193526 0.178405 0.206761
393750 0.189016 0.18991 0.209757 -4.21298 3.41119 0.605031 0.191961 0.187086 0.208729 0.186196 0.192614 0.210741
393750 0.208747 0.184702 0.186143 -0.217731 0.297697 0.423512 0.21158 0.181889 0.182498 0.206556 0.186877 0.188961
393750 0.198555 0.192445 0.185764 1.69948 -4.46478 -0.713495 0.197509 0.197158 0.186161 0.199412 0.188585 0.185438
393750 0.191851 0.184848 0.212292 -0.108333 -0.637104 1.47577 0.191961 0.187086 0.208729 0.191713 0.182015 0.216802
393750 0.199907 0.178546 0.216623 0.300522 0.774534 -2.17967 0.199108 0.176246 0.220855 0.200668 0.180737 0.212592
393750 0.218448 0.185874 0.199399 -2.19197 2.14375 1.99416 0.22233 0.181525 0.196729 0.215189 0.189527 0.201642
393750 0.183972 0.18624 0.203604 0.323322 -0.345605 -0.142094 0.180429 0.188989 0.205193 0.187336 0.18363 0.202096
393750 0.19908 0.178591 0.196567 -2.33047 -4.99729 2.62033 0.20069 0.183067 0.195046 0.198038 0.175694 0.197551
393750 0.194845 0.197726 0.212397 0.628326 -0.0639165 0.695408 0.192333 0.198266 0.208593 0.196899 0.197284 0.215508
393750 0.213115 0.191583 0.214651 3.99219 3.90439 -3.6077 0.210702 0.188221 0.21701 0.216404 0.196166 0.211436
393750 0.216194 0.196338 0.19699 -0.631437 -0.704121 -0.903987 0.217758 0.199086 0.200333 0.215143 0.194491 0.194743
393750 0.18508 0.180482 0.211451 0.0 0.0 0.0 0.185421 0.176213 0.212247 0.184785 0.184202 0.210762
393750 0.189909 0.1832 0.194769 0.0 0.0 0.0 0.1927 0.184266 0.195631 0.186063 0.181749 0.193582
393750 0.192837 0.178519 0.201979 0.0 0.0 0.0 0.192372 0.178633 0.198752 0.193526 0.178405 0.206761
393750 0.193175 0.186116 0.198078 0.0 0.0 0.0 0.1927 0.184266 0.195631 0.193696 0.188145 0.200755
393750 0.195763 0.183798 0.195407 0.0 0.0 0.0 0.1927 0.184266 0.195631 0.20069 0.183067 0.195046
393750 0.190966 0.186201 0.201331 0.0 0.0 0.0 0.187336 0.18363 0.202096 0.193696 0.188145 0.200755
393750 0.187801 0.188013 0.203062 0.0 0.0 0.0 0.187336 0.18363 0.202096 0.18814 0.191219 0.203767
393750 0.192322 0.187248 0.216046 0.0 0.0 0.0 0.191713 0.182015 0.216802 0.19273 0.190766 0.21554
393750 0.197703 0.196495 0.181364 0.0 0.0 0.0 0.197834 0.19607 0.178143 0.197509 0.197158 0.186161
393750 0.196212 0.186798 0.202605 0.0 0.0 0.0 0.199371 0.185128 0.204929 0.193696 0.188145 0.200755
393750 0.189818 0.189389 0.205946 0.0 0.0 0.0 0.191961 0.187086 0.208729 0.18814 0.191219 0.203767
393750 0.192377 0.189067 0.212414 0.0 0.0 0.0 0.191961 0.187086 0.208729 0.19273 0.190766 0.21554
393750 0.20704 0.178561 0.218012 0.0 0.0 0.0 0.205885 0.181743 0.218713 0.209274 0.172426 0.216657
393750 0.21073 0.20197 0.203061 0.0 0.0 0.0 0.210071 0.199844 0.205225 0.211372 0.204059 0.200956
393750 0.18243 0.180294 0.191302 0.0 0.0 0.0 0.186063 0.181749 0.193582 0.17851 0.178816 0.188843
393750 0.182856 0.186306 0.208296 0.0 0.0 0.0 0.180429 0.188989 0.205193 0.184785 0.184202 0.210762
393750 0.185947 0.183897 0.206813 0.0 0.0 0.0 0.187336 0.18363 0.202096 0.184785 0.184202 0.210762
393750 0.18766 0.183249 0.213268 0.0 0.0 0.0 0.191713 0.182015 0.216802 0.184785 0.184202 0.210762
393750 0.188181 0.185522 0.2098 0.0 0.0 0.0 0.191961 0.187086 0.208729 0.184785 0.184202 0.210762
393750 0.185468 0.188229 0.210752 0.0 0.0 0.0 0.186196 0.192614 0.210741 0.184785 0.184202 0.210762
393750 0.180495 0.191753 0.20097 0.0 0.0 0.0 0.180429 0.188989 0.205193 0.180541 0.193745 0.198039
393750 0.182824 0.184554 0.19266 0.0 0.0 0.0 0.186063 0.181749 0.193582 0.179185 0.187798 0.191625
393750 0.183851 0.187434 0.188973 0.0 0.0 0.0 0.189162 0.187114 0.185954 0.179185 0.187798 0.191625
393750 0.184985 0.190263 0.20435 0.0 0.0 0.0 0.180429 0.188989 0.205193 0.18814 0.191219 0.203767
393750 0.18599 0.195149 0.196225 0.0 0.0 0.0 0.18713 0.190161 0.195875 0.184722 0.200791 0.196616
393750 0.187203 0.198141 0.192898 0.0 0.0 0.0 0.189282 0.195998 0.189782 0.184722 0.200791 0.196616
393750 0.197922 0.179399 0.18208 0.0 0.0 0.0 0.199419 0.17408 0.183053 0.196928 0.183003 0.181434
393750 0.196273 0.181778 0.184502 0.0 0.0 0.0 0.195486 0.180402 0.188191 0.196928 0.183003 0.181434
393750 0.193436 0.17921 0.184898 0.0 0.0 0.0 0.195486 0.180402 0.188191 0.191338 0.178079 0.181526
393750 0.193986 0.184517 0.183147 0.0 0.0 0.0 0.189162 0.187114 0.185954 0.196928 0.183003 0.181434
393750 0.190405 0.18191 0.183426 0.0 0.0 0.0 0.189162 0.187114 0.185954 0.191338 0.178079 0.181526
393750 0.19254 0.181476 0.197153 0.0 0.0 0.0 0.1927 0.184266 0.195631 0.192372 0.178633 0.198752
393750 0.189644 0.179937 0.196516 0.0 0.0 0.0 0.186063 0.181749 0.193582 0.192372 0.178633 0.198752
393750 0.190514 0.183965 0.198265 0.0 0.0 0.0 0.1927 0.184266 0.195631 0.187336 0.18363 0.202096
393750 0.186683 0.182621 0.197725 0.0 0.0 0.0 0.186063 0.181749 0.193582 0.187336 0.18363 0.202096
393750 0.19026 0.180685 0.200154 0.0 0.0 0.0 0.192372 0.178633 0.198752 0.187336 0.18363 0.202096
393750 0.190427 0.186629 0.19573 0.0 0.0 0.0 0.1927 0.184266 0.195631 0.18713 0.190161 0.195875
393750 0.193878 0.186862 0.194437 0.0 0.0 0.0 0.1927 0.184266 0.195631 0.195593 0.190741 0.192701
393750 0.187423 0.18406 0.190234 0.0 0.0 0.0 0.186063 0.181749 0.193582 0.189162 0.187114 0.185954
393750 0.19944 0.181071 0.18625 0.0 0.0 0.0 0.195486 0.180402 0.188191 0.2029 0.18174 0.184552
393750 0.192664 0.180078 0.211536 0.0 0.0 0.0 0.191713 0.182015 0.216802 0.193526 0.178405 0.206761
393750 0.189731 0.185375 0.205529 0.0 0.0 0.0 0.191961 0.187086 0.208729 0.187336 0.18363 0.202096
393750 0.197166 0.179549 0.209732 0.0 0.0 0.0 0.200668 0.180737 0.212592 0.193526 0.178405 0.206761
393750 0.195572 0.17896 0.218916 0.0 0.0 0.0 0.199108 0.176246 0.220855 0.191713 0.182015 0.216802
393750 0.203077 0.179421 0.2196 0.0 0.0 0.0 0.199108 0.176246 0.220855 0.205885 0.181743 0.218713
393750 0.19809 0.188822 0.181564 0.0 0.0 0.0 0.199412 0.188585 0.185438 0.196896 0.189119 0.178065
393750 0.195106 0.187924 0.185655 0.0 0.0 0.0 0.199412 0.188585 0.185438 0.189162 0.187114 0.185954
393750 0.188048 0.188742 0.191396 0.0 0.0 0.0 0.18713 0.190161 0.195875 0.189162 0.187114 0.185954
393750 0.192686 0.189058 0.189651 0.0 0.0 0.0 0.189162 0.187114 0.185954 0.195593 0.190741 0.192701
393750 0.191356 0.190408 0.19429 0.0 0.0 0.0 0.18713 0.190161 0.195875 0.195593 0.190741 0.192701
393750 0.193104 0.196494 0.1881 0.0 0.0 0.0 0.197509 0.197158 0.186161 0.189282 0.195998 0.189782
393750 0.190985 0.196132 0.194361 0.0 0.0 0.0 0.192897 0.196373 0.1995 0.189282 0.195998 0.189782
393750 0.190874 0.188969 0.198657 0.0 0.0 0.0 0.18713 0.190161 0.195875 0.193696 0.188145 0.200755
393750 0.187714 0.190729 0.200433 0.0 0.0 0.0 0.18713 0.190161 0.195875 0.18814 0.191219 0.203767
393750 0.19451 0.189217 0.197298 0.0 0.0 0.0 0.195593 0.190741 0.192701 0.193696 0.188145 0.200755
393750 0.193361 0.191547 0.200229 0.0 0.0 0.0 0.192897 0.196373 0.1995 0.193696 0.188145 0.200755
393750 0.190097 0.193295 0.202011 0.0 0.0 0.0 0.192897 0.196373 0.1995 0.18814 0.191219 0.203767
393750 0.190134 0.1987 0.185974 0.0 0.0 0.0 0.189282 0.195998 0.189782 0.19087 0.201115 0.182683
393750 0.194367 0.200873 0.188201 0.0 0.0 0.0 0.197509 0.197158 0.186161 0.191461 0.204394 0.190089
393750 0.198673 0.199336 0.190319 0.0 0.0 0.0 0.197509 0.197158 0.186161 0.199953 0.201818 0.194885
393750 0.201262 0.184912 0.184968 0.0 0.0 0.0 0.199412 0.188585 0.185438 0.2029 0.18174 0.184552
393750 0.201044 0.186653 0.181632 0.0 0.0 0.0 0.199412 0.188585 0.185438 0.202338 0.185199 0.178613
393750 0.201607 0.195642 0.183684 0.0 0.0 0.0 0.197509 0.197158 0.186161 0.207348 0.193622 0.180214
393750 0.201544 0.191255 0.188505 0.0 0.0 0.0 0.203643 0.193967 0.191521 0.199412 0.188585 0.185438
393750 0.199911 0.192429 0.192068 0.0 0.0 0.0 0.203643 0.193967 0.191521 0.195593 0.190741 0.192701
393750 0.202142 0.198924 0.187456 0.0 0.0 0.0 0.197509 0.197158 0.186161 0.20528 0.200192 0.188332
393750 0.197377 0.193855 0.199422 0.0 0.0 0.0 0.192897 0.196373 0.1995 0.201679 0.191521 0.199348
393750 0.197021 0.197685 0.202293 0.0 0.0 0.0 0.192897 0.196373 0.1995 0.201669 0.199255 0.205441
393750 0.195641 0.186071 0.206842 0.0 0.0 0.0 0.191961 0.187086 0.208729 0.199371 0.185128 0.204929
393750 0.190876 0.189662 0.202283 0.0 0.0 0.0 0.18814 0.191219 0.203767 0.193696 0.188145 0.200755
393750 0.192921 0.187629 0.204316 0.0 0.0 0.0 0.191961 0.187086 0.208729 0.193696 0.188145 0.200755
393750 0.195107 0.190141 0.203106 0.0 0.0 0.0 0.196521 0.192225 0.205461 0.193696 0.188145 0.200755
393750 0.187266 0.191803 0.206904 0.0 0.0 0.0 0.186196 0.192614 0.210741 0.18814 0.191219 0.203767
393750 0.189661 0.19159 0.213285 0.0 0.0 0.0 0.186196 0.192614 0.210741 0.19273 0.190766 0.21554
393750 0.194761 0.1939 0.215525 0.0 0.0 0.0 0.19273 0.190766 0.21554 0.196899 0.197284 0.215508
393750 0.186266 0.194765 0.214245 0.0 0.0 0.0 0.186196 0.192614 0.210741 0.186366 0.197993 0.219331
393750 0.19463 0.191885 0.218498 0.0 0.0 0.0 0.196494 0.193071 0.221399 0.19273 0.190766 0.21554
393750 0.190317 0.193462 0.216977 0.0 0.0 0.0 0.19273 0.190766 0.21554 0.186366 0.197993 0.219331
393750 0.195734 0.188639 0.21762 0.0 0.0 0.0 0.19273 0.190766 0.21554 0.198699 0.186627 0.219673
393750 0.199978 0.184135 0.200376 0.0 0.0 0.0 0.20069 0.183067 0.195046 0.199371 0.185128 0.204929
393750 0.203352 0.184792 0.207063 0.0 0.0 0.0 0.206434 0.184607 0.208716 0.199371 0.185128 0.204929
393750 0.199992 0.182984 0.208595 0.0 0.0 0.0 0.200668 0.180737 0.212592 0.199371 0.185128 0.204929
393750 0.197117 0.189549 0.200152 0.0 0.0 0.0 0.201679 0.191521 0.199348 0.193696 0.188145 0.200755
393750 0.198733 0.19188 0.202839 0.0 0.0 0.0 0.201679 0.191521 0.199348 0.196521 0.192225 0.205461
393750 0.19593 0.18849 0.210429 0.0 0.0 0.0 0.191961 0.187086 0.208729 0.200448 0.19018 0.212365
393750 0.198151 0.191333 0.208328 0.0 0.0 0.0 0.200448 0.19018 0.212365 0.196521 0.192225 0.205461
393750 0.196026 0.190472 0.214184 0.0 0.0 0.0 0.200448 0.19018 0.212365 0.19273 0.190766 0.21554
393750 0.199548 0.184044 0.21662 0.0 0.0 0.0 0.200668 0.180737 0.212592 0.198699 0.186627 0.219673
393750 0.201127 0.189553 0.219822 0.0 0.0 0.0 0.203926 0.193023 0.219995 0.198699 0.186627 0.219673
393750 0.202081 0.197247 0.192944 0.0 0.0 0.0 0.203643 0.193967 0.191521 0.199953 0.201818 0.194885
393750 0.204539 0.199479 0.196472 0.0 0.0 0.0 0.208624 0.197476 0.197887 0.199953 0.201818 0.194885
393750 0.209279 0.180056 0.187066 0.0 0.0 0.0 0.207487 0.178705 0.190626 0.21158 0.181889 0.182498
393750 0.204986 0.180316 0.187315 0.0 0.0 0.0 0.207487 0.178705 0.190626 0.2029 0.18174 0.184552
393750 0.202604 0.183521 0.181418 0.0 0.0 0.0 0.2029 0.18174 0.184552 0.202338 0.185199 0.178613
393750 0.20953 0.185536 0.19162 0.0 0.0 0.0 0.212442 0.184311 0.194224 0.206556 0.186877 0.188961
393750 0.201209 0.187457 0.197302 0.0 0.0 0.0 0.20069 0.183067 0.195046 0.201679 0.191521 0.199348
393750 0.203883 0.185097 0.191733 0.0 0.0 0.0 0.20069 0.183067 0.195046 0.206556 0.186877 0.188961
393750 0.209668 0.184597 0.197802 0.0 0.0 0.0 0.212442 0.184311 0.194224 0.206908 0.184969 0.201364
393750 0.216293 0.183182 0.1952 0.0 0.0 0.0 0.22233 0.181525 0.196729 0.212442 0.184311 0.194224
393750 0.209147 0.179859 0.210766 0.0 0.0 0.0 0.209445 0.181505 0.213311 0.208742 0.177726 0.207306
393750 0.204964 0.179091 0.209779 0.0 0.0 0.0 0.200668 0.180737 0.212592 0.208742 0.177726 0.207306
393750 0.205998 0.181159 0.213028 0.0 0.0 0.0 0.209445 0.181505 0.213311 0.200668 0.180737 0.212592
393750 0.207787 0.181571 0.215826 0.0 0.0 0.0 0.209445 0.181505 0.213311 0.205885 0.181743 0.218713
393750 0.204748 0.181479 0.201786 0.0 0.0 0.0 0.206908 0.184969 0.201364 0.202716 0.178275 0.202184
393750 0.213919 0.18386 0.201173 0.0 0.0 0.0 0.212994 0.179801 0.200831 0.215189 0.189527 0.201642
393750 0.207822 0.181311 0.204329 0.0 0.0 0.0 0.208742 0.177726 0.207306 0.206908 0.184969 0.201364
393750 0.20399 0.186839 0.210206 0.0 0.0 0.0 0.206434 0.184607 0.208716 0.200448 0.19018 0.212365
393750 0.209538 0.185711 0.209058 0.0 0.0 0.0 0.206434 0.184607 0.208716 0.212537 0.186862 0.209389
393750 0.210945 0.18406 0.211408 0.0 0.0 0.0 0.209445 0.181505 0.213311 0.212537 0.186862 0.209389
393750 0.20056 0.185346 0.21248 0.0 0.0 0.0 0.200448 0.19018 0.212365 0.200668 0.180737 0.212592
393750 0.21559 0.180804 0.203912 0.0 0.0 0.0 0.218779 0.182134 0.207693 0.212994 0.179801 0.200831
393750 0.207909 0.184421 0.217997 0.0 0.0 0.0 0.205885 0.181743 0.218713 0.210702 0.188221 0.21701
393750 0.206857 0.189404 0.185627 0.0 0.0 0.0 0.207348 0.193622 0.180214 0.206556 0.186877 0.188961
393750 0.204995 0.193798 0.187393 0.0 0.0 0.0 0.203643 0.193967 0.191521 0.207348 0.193622 0.180214
393750 0.205954 0.198008 0.185687 0.0 0.0 0.0 0.20528 0.200192 0.188332 0.207348 0.193622 0.180214
393750 0.212394 0.191361 0.184829 0.0 0.0 0.0 0.216011 0.189816 0.188134 0.207348 0.193622 0.180214
393750 0.207268 0.192303 0.192729 0.0 0.0 0.0 0.210124 0.191069 0.193681 0.203643 0.193967 0.191521
393750 0.205893 0.195509 0.194397 0.0 0.0 0.0 0.203643 0.193967 0.191521 0.208624 0.197476 0.197887
393750 0.211085 0.198475 0.193361 0.0 0.0 0.0 0.208624 0.197476 0.197887 0.213808 0.19967 0.188355
393750 0.208564 0.199948 0.188341 0.0 0.0 0.0 0.20528 0.200192 0.188332 0.213808 0.19967 0.188355
393750 0.204431 0.188028 0.200409 0.0 0.0 0.0 0.201679 0.191521 0.199348 0.206908 0.184969 0.201364
393750 0.201675 0.195036 0.202151 0.0 0.0 0.0 0.201669 0.199255 0.205441 0.201679 0.191521 0.199348
393750 0.204713 0.19167 0.203319 0.0 0.0 0.0 0.201679 0.191521 0.199348 0.207566 0.191894 0.207053
393750 0.211964 0.190465 0.196574 0.0 0.0 0.0 0.210124 0.191069 0.193681 0.215189 0.189527 0.201642
393750 0.215159 0.192637 0.19726 0.0 0.0 0.0 0.215189 0.189527 0.201642 0.215143 0.194491 0.194743
393750 0.205346 0.198272 0.201446 0.0 0.0 0.0 0.208624 0.197476 0.197887 0.201669 0.199255 0.205441
393750 0.211695 0.193713 0.199644 0.0 0.0 0.0 0.208624 0.197476 0.197887 0.215189 0.189527 0.201642
393750 0.211944 0.201249 0.196458 0.0 0.0 0.0 0.208624 0.197476 0.197887 0.214065 0.203729 0.195546
393750 0.2103 0.20145 0.199759 0.0 0.0 0.0 0.208624 0.197476 0.197887 0.211372 0.204059 0.200956
393750 0.210926 0.188192 0.188579 0.0 0.0 0.0 0.216011 0.189816 0.188134 0.206556 0.186877 0.188961
393750 0.212404 0.19054 0.191533 0.0 0.0 0.0 0.210124 0.191069 0.193681 0.216011 0.189816 0.188134
393750 0.21548 0.19263 0.192174 0.0 0.0 0.0 0.216011 0.189816 0.188134 0.215143 0.194491 0.194743
393750 0.213256 0.19825 0.199128 0.0 0.0 0.0 0.217758 0.199086 0.200333 0.208624 0.197476 0.197887
393750 0.217822 0.202511 0.190946 0.0 0.0 0.0 0.213808 0.19967 0.188355 0.221684 0.205329 0.193438
393750 0.207229 0.188311 0.204146 0.0 0.0 0.0 0.206908 0.184969 0.201364 0.207566 0.191894 0.207053
393750 0.201026 0.194439 0.209083 0.0 0.0 0.0 0.200448 0.19018 0.212365 0.201669 0.199255 0.205441
393750 0.20359 0.193838 0.21292 0.0 0.0 0.0 0.200448 0.19018 0.212365 0.206178 0.196928 0.213376
393750 0.204257 0.197876 0.209996 0.0 0.0 0.0 0.206178 0.196928 0.213376 0.201669 0.199255 0.205441
393750 0.213523 0.187811 0.206506 0.0 0.0 0.0 0.212537 0.186862 0.209389 0.215189 0.189527 0.201642
393750 0.209013 0.196445 0.205996 0.0 0.0 0.0 0.210071 0.199844 0.205225 0.207566 0.191894 0.207053
393750 0.208004 0.198089 0.216695 0.0 0.0 0.0 0.210575 0.199824 0.221365 0.206178 0.196928 0.213376
393750 0.213811 0.189885 0.210063 0.0 0.0 0.0 0.212537 0.186862 0.209389 0.216404 0.196166 0.211436
393750 0.213171 0.199495 0.203251 0.0 0.0 0.0 0.210071 0.199844 0.205225 0.217758 0.199086 0.200333
393750 0.215739 0.192494 0.206082 0.0 0.0 0.0 0.216404 0.196166 0.211436 0.215189 0.189527 0.201642
393750 0.213906 0.202043 0.200709 0.0 0.0 0.0 0.217758 0.199086 0.200333 0.211372 0.204059 0.200956
393750 0.217196 0.197832 0.204937 0.0 0.0 0.0 0.217758 0.199086 0.200333 0.216404 0.196166 0.211436
393750 0.219631 0.202022 0.197043 0.0 0.0 0.0 0.217758 0.199086 0.200333 0.221684 0.205329 0.193438
393750 0.184042 0.201231 0.191668 -0.981375 1.71552 -6.75364 0.184722 0.200791 0.196616 0.183477 0.201596 0.18756
393750 0.185627 0.205473 0.195068 -1.53656 -6.96277 3.62886 0.186221 0.208545 0.194052 0.184722 0.200791 0.196616
393750 0.185613 0.203713 0.200592 -1.64566 -3.24179 -6.21801 0.186782 0.207545 0.205807 0.184722 0.200791 0.196616
393750 0.182982 0.20798 0.194172 -2.9907 -0.131629 0.390688 0.186221 0.208545 0.194052 0.179221 0.207323 0.194311
393750 0.185586 0.214677 0.195227 -2.20089 0.280929 -1.11531 0.189502 0.21476 0.197673 0.182109 0.214604 0.193054
393750 0.181133 0.206641 0.202562 0.0688922 -0.00156293 0.0380877 0.178512 0.206221 0.201056 0.186782 0.207545 0.205807
393750 0.184829 0.213654 0.204354 3.00556 -6.1117 1.08551 0.183684 0.217233 0.203502 0.186782 0.207545 0.205807
393750 0.190336 0.200061 0.189931 -8.84228 -22.6156 1.69939 0.191461 0.204394 0.190089 0.189282 0.195998 0.189782
393750 0.192735 0.201502 0.211823 -1.89154 -7.80758 -6.07586 0.19314 0.204768 0.215084 0.192333 0.198266 0.208593
393750 0.194509 0.202283 0.208158 -2.99123 -5.99582 1.71121 0.195994 0.205025 0.207861 0.192333 0.198266 0.208593
393750 0.190051 0.202081 0.207448 2.57961 -4.1988 2.14446 0.186782 0.207545 0.205807 0.192333 0.198266 0.208593
393750 0.195217 0.200633 0.215318 6.64902 -9.31824 0.153244 0.19314 0.204768 0.215084 0.196899 0.197284 0.215508
393750 0.199418 0.200039 0.215908 -0.257392 -0.353007 -0.0985125 0.202035 0.202901 0.216323 0.196899 0.197284 0.215508
393750 0.194398 0.202849 0.21911 0.818172 -1.50543 4.50648 0.19314 0.204768 0.215084 0.195647 0.200943 0.223106
393750 0.188175 0.209625 0.18579 -1.33371 -3.32747 -3.53304 0.189502 0.213166 0.188492 0.187199 0.207023 0.183804
393750 0.198097 0.20671 0.193924 0.173648 -0.502167 0.186634 0.196663 0.21049 0.193181 0.199953 0.201818 0.194885
393750 0.188439 0.206788 0.192374 4.08182 -2.16422 -2.94742 0.186221 0.208545 0.194052 0.191461 0.204394 0.190089
393750 0.194175 0.207574 0.191702 6.39948 5.77098 4.41094 0.191461 0.204394 0.190089 0.196663 0.21049 0.193181
393750 0.190499 0.2087 0.189305 -2.08004 10.2028 -0.191042 0.191461 0.204394 0.190089 0.189502 0.213166 0.188492
393750 0.187586 0.21113 0.195558 3.3135 6.61213 5.43144 0.186221 0.208545 0.194052 0.189502 0.21476 0.197673
393750 0.196779 0.210728 0.197282 -0.499196 0.772092 4.99368 0.196663 0.21049 0.193181 0.196914 0.211003 0.202042
393750 0.193148 0.212912 0.199822 -5.16286 1.81382 -2.18053 0.196914 0.211003 0.202042 0.189502 0.21476 0.197673
393750 0.191785 0.215555 0.185224 -1.56997 -1.70364 3.15834 0.194162 0.218043 0.181822 0.189502 0.213166 0.188492
393750 0.197125 0.214456 0.19221 1.00624 7.60193 -3.21151 0.196663 0.21049 0.193181 0.197661 0.219059 0.191082
393750 0.187853 0.217425 0.18935 6.27769 -10.9091 -1.73215 0.1863 0.221438 0.190159 0.189502 0.213166 0.188492
393750 0.190657 0.216326 0.201862 -0.123032 -0.434944 -0.899806 0.191851 0.217945 0.206191 0.189502 0.21476 0.197673
393750 0.200216 0.211001 0.19118 2.42992 0.588897 -1.88494 0.196663 0.21049 0.193181 0.205631 0.211781 0.18813
393750 0.202642 0.204746 0.198421 0.0576073 0.0892396 0.0788034 0.199953 0.201818 0.194885 0.204681 0.206966 0.201103
393750 0.195894 0.208084 0.213382 2.7922 3.32048 -0.959081 0.19314 0.204768 0.215084 0.198841 0.211633 0.21156
393750 0.195624 0.20418 0.204868 -1.17996 -2.12749 -4.98596 0.195994 0.205025 0.207861 0.195262 0.203356 0.201947
393750 0.197096 0.207583 0.209293 -3.73465 -7.37257 -5.95585 0.198841 0.211633 0.21156 0.195994 0.205025 0.207861
393750 0.195907 0.206343 0.201984 -4.37101 -15.9775 2.2843 0.196914 0.211003 0.202042 0.195262 0.203356 0.201947
393750 0.192654 0.20955 0.203625 0.14556 0.0595395 -0.0833202 0.186782 0.207545 0.205807 0.196914 0.211003 0.202042
393750 0.191424 0.209061 0.215374 -11.2625 19.1814 2.55244 0.19314 0.204768 0.215084 0.189302 0.214371 0.215734
393750 0.188128 0.211192 0.211111 0.527074 2.46389 4.6898 0.186782 0.207545 0.205807 0.189302 0.214371 0.215734
393750 0.198413 0.215292 0.200586 1.07068 2.10872 -0.523447 0.196914 0.211003 0.202042 0.199607 0.218712 0.199425
393750 0.194383 0.214473 0.204116 8.02491 -8.38728 -7.23894 0.191851 0.217945 0.206191 0.196914 0.211003 0.202042
393750 0.197602 0.201859 0.203223 2.09284 -1.13441 0.70297 0.195262 0.203356 0.201947 0.201669 0.199255 0.205441
393750 0.202834 0.214237 0.212925 4.46253 3.17097 0.687945 0.198841 0.211633 0.21156 0.206426 0.216579 0.214152
393750 0.201122 0.208816 0.201533 7.07399 -3.07348 0.276458 0.196914 0.211003 0.202042 0.204681 0.206966 0.201103
393750 0.200981 0.213034 0.203487 7.35959 2.6544 3.52138 0.196914 0.211003 0.202042 0.204968 0.215025 0.204903
393750 0.190692 0.216321 0.210528 -3.31714 -3.14703 7.2707 0.191851 0.217945 0.206191 0.189302 0.214371 0.215734
393750 0.200687 0.205462 0.218938 -0.135335 0.171842 0.237346 0.202035 0.202901 0.216323 0.199509 0.207701 0.221224
393750 0.201642 0.215703 0.198297 -2.30323 3.20461 1.94314 0.203401 0.213103 0.197322 0.199607 0.218712 0.199425
393750 0.206628 0.201739 0.185773 -0.513171 -0.806352 0.93109 0.208014 0.203331 0.183138 0.20528 0.200192 0.188332
393750 0.210285 0.201896 0.185183 5.61808 -4.24909 3.92459 0.208014 0.203331 0.183138 0.213808 0.19967 0.188355
393750 0.208356 0.201303 0.19511 -0.512959 -4.87126 4.17868 0.208168 0.204001 0.193153 0.208624 0.197476 0.197887
393750 0.213971 0.202243 0.192914 -1.5772 -4.06496 -7.13257 0.214065 0.203729 0.195546 0.213808 0.19967 0.188355
393750 0.204095 0.199931 0.214858 0.0864026 -0.143541 -0.0988136 0.202035 0.202901 0.216323 0.206178 0.196928 0.213376
393750 0.204908 0.203569 0.181839 -3.21473 -0.201287 -1.72702 0.208014 0.203331 0.183138 0.200513 0.203906 0.180002
393750 0.203045 0.212484 0.182468 1.84394 -0.852101 3.10957 0.2012 0.212986 0.178431 0.205631 0.211781 0.18813
393750 0.211686 0.210807 0.189403 -3.87587 1.01614 -1.38544 0.215254 0.210234 0.190153 0.205631 0.211781 0.18813
393750 0.213388 0.210277 0.193336 -3.42274 0.17986 4.1684 0.215254 0.210234 0.190153 0.211196 0.210328 0.197074
393750 0.212886 0.206441 0.196174 -5.6675 8.83218 1.99491 0.214065 0.203729 0.195546 0.211196 0.210328 0.197074
393750 0.207286 0.206706 0.191406 -1.84133 4.9828 -4.52982 0.208168 0.204001 0.193153 0.205631 0.211781 0.18813
393750 0.204168 0.212648 0.194158 -0.41863 0.0260994 2.83795 0.205631 0.211781 0.18813 0.203401 0.213103 0.197322
393750 0.207822 0.208587 0.199161 -10.8206 -5.72418 9.51854 0.211196 0.210328 0.197074 0.204681 0.206966 0.201103
393750 0.212683 0.213658 0.199416 -3.76436 -5.41258 -4.48344 0.214117 0.216868 0.201674 0.211196 0.210328 0.197074
393750 0.203976 0.210348 0.19902 0.75871 -2.70134 2.32231 0.203401 0.213103 0.197322 0.204681 0.206966 0.201103
393750 0.209245 0.216783 0.187058 4.31198 7.7106 -0.552791 0.205631 0.211781 0.18813 0.211352 0.2197 0.186433
393750 0.212004 0.214188 0.195278 3.97027 9.93008 -5.11447 0.211196 0.210328 0.197074 0.212742 0.217708 0.19364
393750 0.217972 0.20816 0.191542 4.90825 -3.00781 1.53118 0.215254 0.210234 0.190153 0.221684 0.205329 0.193438
393750 0.206379 0.211249 0.207274 -0.874161 1.64488 -1.40816 0.208062 0.206746 0.210101 0.204968 0.215025 0.204903
393750 0.207698 0.208252 0.215458 -0.598944 0.577618 2.76562 0.208062 0.206746 0.210101 0.207387 0.209539 0.220038
393750 0.206891 0.213176 0.216997 -0.100176 -4.5196 4.65842 0.206426 0.216579 0.214152 0.207387 0.209539 0.220038
393750 0.209974 0.216363 0.216848 -2.55997 0.0677895 -2.66569 0.213234 0.216164 0.219325 0.206426 0.216579 0.214152
393750 0.212786 0.215422 0.209254 -1.18575 2.30373 -1.17237 0.214176 0.212831 0.210059 0.211316 0.218162 0.208403
393750 0.208725 0.216882 0.206975 6.68252 3.51226 2.35245 0.204968 0.215025 0.204903 0.211316 0.218162 0.208403
393750 0.212536 0.217598 0.205472 -1.33644 1.00101 2.69661 0.214117 0.216868 0.201674 0.211316 0.218162 0.208403
393750 0.216567 0.215085 0.198796 2.17115 -0.967403 -2.53365 0.214117 0.216868 0.201674 0.218868 0.213411 0.196094
393750 0.215574 0.211243 0.207864 0.575615 -0.414135 -0.707471 0.214176 0.212831 0.210059 0.218061 0.208421 0.203961
393750 0.215369 0.211052 0.212228 0.989028 -1.18977 2.0995 0.214176 0.212831 0.210059 0.217728 0.207534 0.216517
393750 0.215816 0.215551 0.194872 -5.41814 3.92509 -3.44062 0.218868 0.213411 0.196094 0.212742 0.217708 0.19364
393750 0.182994 0.217976 0.210039 4.6674 5.95642 0.76626 0.180895 0.214845 0.210187 0.184988 0.22095 0.209897
393750 0.187332 0.217551 0.204703 1.96375 0.0193918 0.969832 0.183684 0.217233 0.203502 0.191851 0.217945 0.206191
393750 0.198824 0.216496 0.212529 -0.384132 9.77006 0.410672 0.198841 0.211633 0.21156 0.198811 0.220139 0.213254
393750 0.18439 0.211242 0.193608 -2.19064 2.98073 0.0694597 0.186221 0.208545 0.194052 0.182109 0.214604 0.193054
393750 0.210363 0.202315 0.191285 0.631059 -0.556022 -0.772847 0.208168 0.204001 0.193153 0.213808 0.19967 0.188355
393750 0.194066 0.206982 0.18752 3.54632 3.20699 -2.35149 0.191461 0.204394 0.190089 0.19629 0.209192 0.185326
393750 0.182275 0.216026 0.20688 -0.294007 -0.270229 0.514811 0.183684 0.217233 0.203502 0.180895 0.214845 0.210187
393750 0.203135 0.216106 0.217127 0.60875 -0.0249295 -0.470208 0.199754 0.21562 0.220183 0.206426 0.216579 0.214152
393750 0.187581 0.21046 0.191747 0.256981 0.40694 -0.345558 0.186221 0.208545 0.194052 0.189502 0.213166 0.188492
393750 0.199833 0.210174 0.186389 6.72244 1.58278 0.885983 0.19629 0.209192 0.185326 0.205631 0.211781 0.18813
393750 0.204515 0.204483 0.213763 0.216033 0.118586 -0.290918 0.202035 0.202901 0.216323 0.208062 0.206746 0.210101
393750 0.199316 0.213705 0.216042 0.00740007 0.198932 0.308404 0.198841 0.211633 0.21156 0.199754 0.21562 0.220183
393750 0.194679 0.209398 0.181861 1.73672 -0.339301 6.12305 0.192983 0.209615 0.178214 0.19629 0.209192 0.185326
393750 0.207793 0.200105 0.182167 -0.068678 -1.76456 -0.848932 0.208014 0.203331 0.183138 0.207348 0.193622 0.180214
393750 0.198099 0.202885 0.206964 1.32647 -1.43428 -0.265014 0.195994 0.205025 0.207861 0.201669 0.199255 0.205441
393750 0.183041 0.212184 0.20859 -0.935059 0.828662 0.51937 0.186782 0.207545 0.205807 0.180895 0.214845 0.210187
393750 0.216923 0.204329 0.194755 0.266132 0.030041 -0.111791 0.214065 0.203729 0.195546 0.221684 0.205329 0.193438
393750 0.215834 0.21319 0.202669 3.03968 -4.5696 1.73393 0.214117 0.216868 0.201674 0.218061 0.208421 0.203961
393750 0.180776 0.21754 0.200992 -0.71647 0.0930914 -0.851273 0.183684 0.217233 0.203502 0.178247 0.217808 0.198809
393750 0.212015 0.21068 0.210074 -0.243472 -0.186362 0.0296974 0.214176 0.212831 0.210059 0.208062 0.206746 0.210101
393750 0.190144 0.201772 0.216962 -4.3831 -3.14919 2.79873 0.19314 0.204768 0.215084 0.186366 0.197993 0.219331
393750 0.205886 0.217665 0.190264 0.175165 1.12468 0.577102 0.205631 0.211781 0.18813 0.206047 0.22137 0.191608
393750 0.181362 0.212918 0.196719 0.0 0.0 0.0 0.180804 0.211663 0.199459 0.182109 0.214604 0.193054
393750 0.182705 0.210351 0.201477 0.0 0.0 0.0 0.180804 0.211663 0.199459 0.186782 0.207545 0.205807
393750 0.191761 0.205586 0.1944 0.0 0.0 0.0 0.191461 0.204394 0.190089 0.191979 0.206452 0.197531
393750 0.190258 0.206811 0.200271 0.0 0.0 0.0 0.191979 0.206452 0.197531 0.186782 0.207545 0.205807
393750 0.197859 0.211312 0.206709 -0.0624252 0.0345384 -0.378647 0.198841 0.211633 0.21156 0.196914 0.211003 0.202042
393750 0.203181 0.209332 0.210873 1.12327 -0.395603 -0.241046 0.198841 0.211633 0.21156 0.208062 0.206746 0.210101
393750 0.212719 0.20389 0.19825 0.0 0.0 0.0 0.214065 0.203729 0.195546 0.211372 0.204059 0.200956
393750 0.204197 0.21697 0.184936 0.0 0.0 0.0 0.205631 0.211781 0.18813 0.2034 0.219861 0.183162
393750 0.182285 0.202615 0.20516 0.0 0.0 0.0 0.186782 0.207545 0.205807 0.178725 0.198789 0.204648
393750 0.181599 0.204456 0.195308 0.0 0.0 0.0 0.179221 0.207323 0.194311 0.184722 0.200791 0.196616
393750 0.180861 0.204124 0.199377 0.0 0.0 0.0 0.178512 0.206221 0.201056 0.184722 0.200791 0.196616
393750 0.183094 0.21815 0.195491 0.0 0.0 0.0 0.183892 0.221096 0.197464 0.182109 0.214604 0.193054
393750 0.18208 0.214087 0.201249 0.0 0.0 0.0 0.180804 0.211663 0.199459 0.183684 0.217233 0.203502
393750 0.187426 0.201295 0.184955 0.0 0.0 0.0 0.19087 0.201115 0.182683 0.183477 0.201596 0.18756
393750 0.185574 0.213887 0.190915 0.0 0.0 0.0 0.189502 0.213166 0.188492 0.182109 0.214604 0.193054
393750 0.187321 0.2029 0.188778 0.0 0.0 0.0 0.191461 0.204394 0.190089 0.183477 0.201596 0.18756
393750 0.18828 0.202651 0.193169 0.0 0.0 0.0 0.191461 0.204394 0.190089 0.184722 0.200791 0.196616
393750 0.189122 0.204181 0.197171 0.0 0.0 0.0 0.191979 0.206452 0.197531 0.184722 0.200791 0.196616
393750 0.184136 0.217866 0.191654 0.0 0.0 0.0 0.1863 0.221438 0.190159 0.182109 0.214604 0.193054
393750 0.186238 0.218404 0.197551 0.0 0.0 0.0 0.189502 0.21476 0.197673 0.183892 0.221096 0.197464
393750 0.186331 0.216066 0.20085 0.0 0.0 0.0 0.183684 0.217233 0.203502 0.189502 0.21476 0.197673
393750 0.194091 0.201279 0.204604 0.0 0.0 0.0 0.195262 0.203356 0.201947 0.192333 0.198266 0.208593
393750 0.196336 0.198885 0.218922 0.0 0.0 0.0 0.195647 0.200943 0.223106 0.196899 0.197284 0.215508
393750 0.189042 0.205843 0.186522 0.0 0.0 0.0 0.191461 0.204394 0.190089 0.187199 0.207023 0.183804
393750 0.191134 0.20254 0.185998 0.0 0.0 0.0 0.191461 0.204394 0.190089 0.19087 0.201115 0.182683
393750 0.195343 0.203174 0.192282 0.0 0.0 0.0 0.191461 0.204394 0.190089 0.199953 0.201818 0.194885
393750 0.196469 0.209776 0.189114 0.0 0.0 0.0 0.196663 0.21049 0.193181 0.19629 0.209192 0.185326
393750 0.193224 0.210944 0.186755 0.0 0.0 0.0 0.19629 0.209192 0.185326 0.189502 0.213166 0.188492
393750 0.189115 0.20745 0.195801 0.0 0.0 0.0 0.186221 0.208545 0.194052 0.191979 0.206452 0.197531
393750 0.194049 0.208194 0.195608 0.0 0.0 0.0 0.191979 0.206452 0.197531 0.196663 0.21049 0.193181
393750 0.190955 0.209845 0.197589 0.0 0.0 0.0 0.191979 0.206452 0.197531 0.189502 0.21476 0.197673
393750 0.195006 0.20465 0.196526 0.0 0.0 0.0 0.191979 0.206452 0.197531 0.199953 0.201818 0.194885
393750 0.193302 0.211703 0.19098 0.0 0.0 0.0 0.196663 0.21049 0.193181 0.189502 0.213166 0.188492
393750 0.193291 0.212458 0.195296 0.0 0.0 0.0 0.196663 0.21049 0.193181 0.189502 0.21476 0.197673
393750 0.189502 0.213923 0.193097 0.0 0.0 0.0 0.189502 0.213166 0.188492 0.189502 0.21476 0.197673
393750 0.193672 0.204846 0.199808 0.0 0.0 0.0 0.191979 0.206452 0.197531 0.195262 0.203356 0.201947
393750 0.193981 0.208255 0.19936 0.0 0.0 0.0 0.191979 0.206452 0.197531 0.196914 0.211003 0.202042
393750 0.18838 0.211741 0.201028 0.0 0.0 0.0 0.186782 0.207545 0.205807 0.189502 0.21476 0.197673
393750 0.196974 0.202753 0.199369 0.0 0.0 0.0 0.195262 0.203356 0.201947 0.199953 0.201818 0.194885
393750 0.19535 0.213059 0.183778 0.0 0.0 0.0 0.194162 0.218043 0.181822 0.19629 0.209192 0.185326
393750 0.193527 0.216032 0.18977 0.0 0.0 0.0 0.197661 0.219059 0.191082 0.189502 0.213166 0.188492
393750 0.200811 0.200494 0.200165 0.0 0.0 0.0 0.199953 0.201818 0.194885 0.201669 0.199255 0.205441
393750 0.198169 0.206797 0.182957 0.0 0.0 0.0 0.19629 0.209192 0.185326 0.200513 0.203906 0.180002
393750 0.198555 0.2109 0.182144 0.0 0.0 0.0 0.2012 0.212986 0.178431 0.19629 0.209192 0.185326
393750 0.200405 0.211899 0.195481 0.0 0.0 0.0 0.196663 0.21049 0.193181 0.203401 0.213103 0.197322
393750 0.204999 0.203117 0.19382 0.0 0.0 0.0 0.208168 0.204001 0.193153 0.199953 0.201818 0.194885
393750 0.194843 0.204879 0.210774 0.0 0.0 0.0 0.19314 0.204768 0.215084 0.195994 0.205025 0.207861
393750 0.190511 0.205874 0.211249 0.0 0.0 0.0 0.19314 0.204768 0.215084 0.186782 0.207545 0.205807
393750 0.193022 0.205795 0.207198 0.0 0.0 0.0 0.195994 0.205025 0.207861 0.186782 0.207545 0.205807
393750 0.196359 0.207352 0.205554 0.0 0.0 0.0 0.195994 0.205025 0.207861 0.196914 0.211003 0.202042
393750 0.192571 0.204643 0.203172 0.0 0.0 0.0 0.186782 0.207545 0.205807 0.195262 0.203356 0.201947
393750 0.196809 0.206415 0.218621 0.0 0.0 0.0 0.19314 0.204768 0.215084 0.199509 0.207701 0.221224
393750 0.194415 0.212861 0.213496 0.0 0.0 0.0 0.198841 0.211633 0.21156 0.189302 0.214371 0.215734
393750 0.189719 0.213529 0.206029 0.0 0.0 0.0 0.191851 0.217945 0.206191 0.186782 0.207545 0.205807
393750 0.195279 0.214807 0.208824 0.0 0.0 0.0 0.198841 0.211633 0.21156 0.191851 0.217945 0.206191
393750 0.200754 0.212204 0.199247 0.0 0.0 0.0 0.196914 0.211003 0.202042 0.203401 0.213103 0.197322
393750 0.201994 0.213336 0.208134 0.0 0.0 0.0 0.198841 0.211633 0.21156 0.204968 0.215025 0.204903
393750 0.197969 0.203711 0.215756 0.0 0.0 0.0 0.19314 0.204768 0.215084 0.202035 0.202901 0.216323
393750 0.19511 0.215023 0.218205 0.0 0.0 0.0 0.199754 0.21562 0.220183 0.189302 0.214371 0.215734
393750 0.199233 0.218073 0.216356 0.0 0.0 0.0 0.199754 0.21562 0.220183 0.198811 0.220139 0.213254
393750 0.186648 0.218377 0.212142 0.0 0.0 0.0 0.189302 0.214371 0.215734 0.184988 0.22095 0.209897
393750 0.199104 0.20196 0.219434 0.0 0.0 0.0 0.202035 0.202901 0.216323 0.195647 0.200943 0.223106
393750 0.201106 0.21587 0.189806 0.0 0.0 0.0 0.197661 0.219059 0.191082 0.205631 0.211781 0.18813
393750 0.202011 0.217015 0.201882 0.0 0.0 0.0 0.204968 0.215025 0.204903 0.199607 0.218712 0.199425
393750 0.202271 0.218479 0.213662 0.0 0.0 0.0 0.206426 0.216579 0.214152 0.198811 0.220139 0.213254
393750 0.206711 0.202037 0.190721 0.0 0.0 0.0 0.208168 0.204001 0.193153 0.20528 0.200192 0.188332
393750 0.204788 0.202867 0.207714 0.0 0.0 0.0 0.208062 0.206746 0.210101 0.201669 0.199255 0.205441
393750 0.206957 0.200951 0.21202 0.0 0.0 0.0 0.208062 0.206746 0.210101 0.206178 0.196928 0.213376
393750 0.20556 0.201587 0.218404 0.0 0.0 0.0 0.202035 0.202901 0.216323 0.210575 0.199824 0.221365
393750 0.202727 0.20727 0.183518 0.0 0.0 0.0 0.205631 0.211781 0.18813 0.200513 0.203906 0.180002
393750 0.20718 0.206247 0.184886 0.0 0.0 0.0 0.208014 0.203331 0.183138 0.205631 0.211781 0.18813
393750 0.211069 0.209213 0.184802 0.0 0.0 0.0 0.205631 0.211781 0.18813 0.215075 0.207396 0.182352
393750 0.207074 0.209774 0.182216 0.0 0.0 0.0 0.205631 0.211781 0.18813 0.207873 0.208731 0.178944
393750 0.202437 0.216809 0.181092 0.0 0.0 0.0 0.2012 0.212986 0.178431 0.2034 0.219861 0.183162
393750 0.211262 0.203816 0.194408 0.0 0.0 0.0 0.208168 0.204001 0.193153 0.214065 0.203729 0.195546
393750 0.209485 0.206712 0.194859 0.0 0.0 0.0 0.208168 0.204001 0.193153 0.211196 0.210328 0.197074
393750 0.20892 0.21088 0.193416 0.0 0.0 0.0 0.205631 0.211781 0.18813 0.211196 0.210328 0.197074
393750 0.206762 0.211864 0.197215 0.0 0.0 0.0 0.203401 0.213103 0.197322 0.211196 0.210328 0.197074
393750 0.2113 0.206594 0.19936 0.0 0.0 0.0 0.211196 0.210328 0.197074 0.211372 0.204059 0.200956
393750 0.204047 0.213854 0.200452 0.0 0.0 0.0 0.204968 0.215025 0.204903 0.203401 0.213103 0.197322
393750 0.21404 0.2138 0.191837 0.0 0.0 0.0 0.215254 0.210234 0.190153 0.212742 0.217708 0.19364
393750 0.20999 0.215372 0.191508 0.0 0.0 0.0 0.205631 0.211781 0.18813 0.212742 0.217708 0.19364
393750 0.217005 0.211731 0.193033 0.0 0.0 0.0 0.218868 0.213411 0.196094 0.215254 0.210234 0.190153
393750 0.215222 0.211903 0.19656 0.0 0.0 0.0 0.218868 0.213411 0.196094 0.211196 0.210328 0.197074
393750 0.214246 0.209438 0.200134 0.0 0.0 0.0 0.218061 0.208421 0.203961 0.211196 0.210328 0.197074
393750 0.210207 0.204962 0.204174 0.0 0.0 0.0 0.208062 0.206746 0.210101 0.211372 0.204059 0.200956
393750 0.208504 0.205262 0.201019 0.0 0.0 0.0 0.211372 0.204059 0.200956 0.204681 0.206966 0.201103
393750 0.2061 0.206831 0.20488 0.0 0.0 0.0 0.208062 0.206746 0.210101 0.204681 0.206966 0.201103
393750 0.204813 0.210656 0.202863 0.0 0.0 0.0 0.204968 0.215025 0.204903 0.204681 0.206966 0.201103
393750 0.207153 0.212167 0.212351 0.0 0.0 0.0 0.208062 0.206746 0.210101 0.206426 0.216579 0.214152
393750 0.205714 0.215778 0.209636 0.0 0.0 0.0 0.206426 0.216579 0.214152 0.204968 0.215025 0.204903
393750 0.209798 0.215956 0.203198 0.0 0.0 0.0 0.214117 0.216868 0.201674 0.204968 0.215025 0.204903
393750 0.211916 0.201815 0.210717 0.0 0.0 0.0 0.208062 0.206746 0.210101 0.216404 0.196166 0.211436
393750 0.213769 0.205579 0.202033 0.0 0.0 0.0 0.218061 0.208421 0.203961 0.211372 0.204059 0.200956
393750 0.213131 0.207553 0.206987 0.0 0.0 0.0 0.208062 0.206746 0.210101 0.218061 0.208421 0.203961
393750 0.212706 0.207081 0.213184 0.0 0.0 0.0 0.208062 0.206746 0.210101 0.217728 0.207534 0.216517
393750 0.215743 0.215349 0.210782 0.0 0.0 0.0 0.214176 0.212831 0.210059 0.217932 0.218966 0.211793
393750 0.204443 0.205845 0.217994 0.0 0.0 0.0 0.202035 0.202901 0.216323 0.207387 0.209539 0.220038
393750 0.21341 0.217257 0.197545 0.0 0.0 0.0 0.214117 0.216868 0.201674 0.212742 0.217708 0.19364
393750 0.215905 0.217656 0.191151 0.0 0.0 0.0 0.220607 0.217685 0.18745 0.212742 0.217708 0.19364
393750 0.209264 0.217456 0.210815 0.0 0.0 0.0 0.206426 0.216579 0.214152 0.211316 0.218162 0.208403
393750 0.21821 0.21747 0.202269 0.0 0.0 0.0 0.214117 0.216868 0.201674 0.224648 0.218527 0.203205
393750 0.219938 0.206776 0.198508 0.0 0.0 0.0 0.218061 0.208421 0.203961 0.221684 0.205329 0.193438
393750 0.218528 0.211273 0.199398 0.0 0.0 0.0 0.218868 0.213411 0.196094 0.218061 0.208421 0.203961
