# ts x y z Fx Fy Fz x1 y1 z1 x2 y2 z2
1256250 0.18231 0.198231 0.197516 9.02606 15.0012 -0.590278 0.180648 0.195449 0.198147 0.184833 0.202454 0.196557
1256250 0.185744 0.196668 0.187857 1.51729 0.609164 1.16814 0.182402 0.195681 0.186027 0.189312 0.197723 0.189811
1256250 0.183412 0.193923 0.197184 -18.5092 10.2332 2.92083 0.187184 0.191842 0.195871 0.180648 0.195449 0.198147
1256250 0.189016 0.200166 0.198107 -12.0368 4.65389 -2.87202 0.19295 0.198014 0.199564 0.184833 0.202454 0.196557
1256250 0.186516 0.200639 0.188655 -5.6658 5.08722 -3.40993 0.189312 0.197723 0.189811 0.183747 0.203527 0.18751
1256250 0.183508 0.192774 0.208192 11.2838 10.1459 10.7473 0.180401 0.19084 0.205155 0.186139 0.194412 0.210764
1256250 0.194408 0.182653 0.181399 7.48459 6.44297 -1.75837 0.191295 0.179969 0.181471 0.196936 0.184833 0.18134
1256250 0.197313 0.179448 0.185747 3.97534 -4.81959 -3.69107 0.195652 0.182244 0.188102 0.199395 0.175945 0.182795
1256250 0.198079 0.187349 0.183214 -2.44945 -10.1247 -6.77167 0.199437 0.190338 0.185439 0.196936 0.184833 0.18134
1256250 0.199858 0.184211 0.182833 -3.13717 0.733621 -2.30525 0.202933 0.183557 0.184404 0.196936 0.184833 0.18134
1256250 0.201478 0.180427 0.183742 0.635052 2.04929 0.614674 0.199395 0.175945 0.182795 0.202933 0.183557 0.184404
1256250 0.194021 0.17922 0.190179 -3.05164 -9.52069 6.40504 0.195652 0.182244 0.188102 0.192604 0.176591 0.191983
1256250 0.185856 0.180001 0.191024 2.9039 16.9312 9.83018 0.185771 0.177275 0.189045 0.185963 0.183463 0.193536
1256250 0.192917 0.185039 0.187192 -6.44817 8.79071 -1.67146 0.195652 0.182244 0.188102 0.189189 0.18885 0.185952
1256250 0.186558 0.187546 0.194674 0.216132 -17.3586 -3.96964 0.187184 0.191842 0.195871 0.185963 0.183463 0.193536
1256250 0.19796 0.183398 0.191178 11.1039 5.92953 10.9372 0.195652 0.182244 0.188102 0.200829 0.184833 0.195004
1256250 0.196737 0.183711 0.20581 -7.47599 -11.3465 2.23307 0.199541 0.1868 0.204925 0.193561 0.180212 0.206813
1256250 0.188243 0.180789 0.21422 12.5293 15.5334 10.2345 0.18533 0.178266 0.212165 0.191795 0.183866 0.216725
1256250 0.203384 0.186767 0.203076 9.92489 0.617476 -3.11952 0.199541 0.1868 0.204925 0.207053 0.186736 0.20131
1256250 0.200072 0.189193 0.208416 -1.25354 -2.93245 -6.03413 0.200668 0.19188 0.212333 0.199541 0.1868 0.204925
1256250 0.196024 0.186589 0.218481 2.25173 1.99842 1.28672 0.191795 0.183866 0.216725 0.198821 0.188389 0.219643
1256250 0.196592 0.183107 0.214537 -8.78343 -0.0510339 4.62452 0.20078 0.182444 0.212628 0.191795 0.183866 0.216725
1256250 0.189258 0.19387 0.188135 -0.329338 7.15207 1.91978 0.189189 0.18885 0.185952 0.189312 0.197723 0.189811
1256250 0.197647 0.19132 0.188839 -8.19925 1.60854 15.45 0.199437 0.190338 0.185439 0.19561 0.192438 0.19271
1256250 0.188285 0.194885 0.192736 0.271764 2.1378 -2.20552 0.187184 0.191842 0.195871 0.189312 0.197723 0.189811
1256250 0.190001 0.194858 0.197676 8.30112 11.1909 4.22274 0.187184 0.191842 0.195871 0.19295 0.198014 0.199564
1256250 0.192347 0.195176 0.191208 -6.26871 7.2713 -3.93257 0.19561 0.192438 0.19271 0.189312 0.197723 0.189811
1256250 0.196545 0.195567 0.189592 -7.77079 -15.9696 13.8334 0.197549 0.198922 0.186248 0.19561 0.192438 0.19271
1256250 0.194309 0.195166 0.196064 7.0513 -20.6493 -18.457 0.19295 0.198014 0.199564 0.19561 0.192438 0.19271
1256250 0.195115 0.195619 0.202999 5.20805 -9.37119 10.9696 0.19295 0.198014 0.199564 0.196676 0.193892 0.205476
1256250 0.192695 0.198963 0.204175 0.0999332 0.889504 15.8281 0.19295 0.198014 0.199564 0.192447 0.199887 0.208663
1256250 0.196287 0.200564 0.19742 4.11649 2.79329 -1.65995 0.19295 0.198014 0.199564 0.200052 0.20344 0.195001
1256250 0.194427 0.202242 0.201033 7.07098 18.4925 10.1406 0.19295 0.198014 0.199564 0.195385 0.204982 0.201986
1256250 0.198089 0.188827 0.193799 -24.4878 30.4608 -4.06523 0.200829 0.184833 0.195004 0.19561 0.192438 0.19271
1256250 0.202374 0.19215 0.183485 11.7638 7.09696 -5.12073 0.199437 0.190338 0.185439 0.207398 0.195251 0.180143
1256250 0.202942 0.189505 0.187099 2.46422 -1.0586 1.17405 0.199437 0.190338 0.185439 0.206635 0.188629 0.188848
1256250 0.199022 0.202262 0.183067 2.99362 13.6993 -13.7884 0.197549 0.198922 0.186248 0.200475 0.205554 0.17993
1256250 0.189088 0.196971 0.209782 29.5738 24.4053 -3.44581 0.186139 0.194412 0.210764 0.192447 0.199887 0.208663
1256250 0.196867 0.196857 0.218501 0.0139967 0.853747 -0.918447 0.196429 0.194787 0.221291 0.197335 0.199076 0.215509
1256250 0.1988 0.195914 0.214114 -0.547299 1.16982 0.291888 0.200668 0.19188 0.212333 0.197335 0.199076 0.215509
1256250 0.199604 0.189869 0.216545 -5.8976 -5.45393 16.2565 0.200668 0.19188 0.212333 0.198821 0.188389 0.219643
1256250 0.204624 0.185874 0.186434 1.48817 1.97855 1.21968 0.202933 0.183557 0.184404 0.206635 0.188629 0.188848
1256250 0.200702 0.180425 0.192659 -0.328371 -3.33473 -1.19741 0.200829 0.184833 0.195004 0.200615 0.177393 0.191047
1256250 0.210133 0.183302 0.192362 7.87169 9.38776 3.64367 0.207599 0.18047 0.19055 0.212595 0.186053 0.194122
1256250 0.204501 0.182466 0.192588 -13.0799 11.78 8.21304 0.207599 0.18047 0.19055 0.200829 0.184833 0.195004
1256250 0.212915 0.183816 0.19753 0.880019 11.4335 -14.238 0.213223 0.181668 0.200803 0.212595 0.186053 0.194122
1256250 0.202035 0.182104 0.199006 1.48976 -9.9361 14.1321 0.200829 0.184833 0.195004 0.202962 0.180007 0.202083
1256250 0.204257 0.185881 0.198477 15.0937 6.36676 21.2022 0.200829 0.184833 0.195004 0.207053 0.186736 0.20131
1256250 0.207115 0.184566 0.189696 0.240361 6.04245 -1.02803 0.207599 0.18047 0.19055 0.206635 0.188629 0.188848
1256250 0.211163 0.189878 0.193889 1.98414 -3.49334 0.176069 0.210087 0.192752 0.193713 0.212595 0.186053 0.194122
1256250 0.213788 0.188295 0.197329 1.88474 2.96905 6.18622 0.212595 0.186053 0.194122 0.215359 0.191246 0.20155
1256250 0.214189 0.188553 0.191305 -6.18993 -13.7411 11.3502 0.216083 0.191523 0.187957 0.212595 0.186053 0.194122
1256250 0.205866 0.179775 0.204581 -10.5307 -1.07334 -7.84025 0.208959 0.179527 0.207242 0.202962 0.180007 0.202083
1256250 0.210194 0.184156 0.201052 -5.95498 6.0908 1.54648 0.213223 0.181668 0.200803 0.207053 0.186736 0.20131
1256250 0.214571 0.178942 0.203289 4.36113 -5.85734 5.19115 0.213223 0.181668 0.200803 0.215793 0.176471 0.205543
1256250 0.206722 0.186517 0.205362 0.313439 3.00471 -14.7527 0.206453 0.186339 0.208649 0.207053 0.186736 0.20131
1256250 0.208063 0.184797 0.211085 3.10844 -3.21601 6.76453 0.206453 0.186339 0.208649 0.20953 0.183393 0.213303
1256250 0.204097 0.184721 0.210301 -16.6641 -7.40811 10.5465 0.206453 0.186339 0.208649 0.20078 0.182444 0.212628
1256250 0.209456 0.180571 0.214341 0.389746 -4.20558 1.03856 0.20953 0.183393 0.213303 0.209294 0.174313 0.216643
1256250 0.21063 0.188678 0.201413 -23.9086 -9.66658 2.22221 0.215359 0.191246 0.20155 0.207053 0.186736 0.20131
1256250 0.207016 0.189508 0.207913 2.32232 14.236 -0.961191 0.206453 0.186339 0.208649 0.207742 0.193593 0.206966
1256250 0.210002 0.185978 0.214767 0.232763 0.749777 0.324755 0.20953 0.183393 0.213303 0.21075 0.190072 0.217085
1256250 0.212295 0.183267 0.214479 5.82057 -0.649404 1.53075 0.20953 0.183393 0.213303 0.215995 0.183099 0.216052
1256250 0.2051 0.196151 0.198661 -4.85553 -5.35032 1.82355 0.208673 0.199172 0.197928 0.201684 0.193263 0.199361
1256250 0.208624 0.191004 0.191651 -2.62056 -4.8486 -4.55818 0.210087 0.192752 0.193713 0.206635 0.188629 0.188848
1256250 0.212599 0.194459 0.194187 2.55304 2.07434 0.980971 0.210087 0.192752 0.193713 0.215126 0.196177 0.194663
1256250 0.209531 0.195279 0.195372 -0.479707 5.71405 2.85146 0.210087 0.192752 0.193713 0.208673 0.199172 0.197928
1256250 0.212576 0.19736 0.195953 7.66376 -2.57353 -2.58617 0.208673 0.199172 0.197928 0.215126 0.196177 0.194663
1256250 0.218023 0.195116 0.19485 -11.9305 6.54681 -0.152335 0.221881 0.193704 0.195099 0.215126 0.196177 0.194663
1256250 0.214987 0.196257 0.188113 -0.55184 3.80149 -0.397395 0.216083 0.191523 0.187957 0.213806 0.201358 0.188281
1256250 0.204413 0.192787 0.209492 12.0264 3.99146 -6.80811 0.200668 0.19188 0.212333 0.207742 0.193593 0.206966
1256250 0.210477 0.190669 0.208413 -3.15309 3.94074 -1.05822 0.212526 0.188477 0.209499 0.207742 0.193593 0.206966
1256250 0.211105 0.192557 0.204574 -26.6428 13.4383 24.1494 0.215359 0.191246 0.20155 0.207742 0.193593 0.206966
1256250 0.211813 0.189117 0.212543 -0.723516 0.435926 5.53824 0.212526 0.188477 0.209499 0.21075 0.190072 0.217085
1256250 0.215061 0.186671 0.208797 -7.025 6.44978 1.15085 0.21889 0.183942 0.207736 0.212526 0.188477 0.209499
1256250 0.217222 0.187392 0.204814 -8.57281 16.9865 -19.9738 0.21889 0.183942 0.207736 0.215359 0.191246 0.20155
1256250 0.207049 0.192602 0.218689 12.7039 -8.07146 -8.20688 0.203891 0.19476 0.220058 0.21075 0.190072 0.217085
1256250 0.182498 0.182877 0.19598 -7.35742 -1.48375 3.63957 0.185963 0.183463 0.193536 0.177558 0.18204 0.199466
1256250 0.211388 0.17851 0.183975 -0.0841074 2.13916 -0.369656 0.211189 0.173875 0.185452 0.211609 0.183657 0.182336
1256250 0.206351 0.183596 0.183589 -3.00699 -0.192265 1.21946 0.211609 0.183657 0.182336 0.202933 0.183557 0.184404
1256250 0.211233 0.195286 0.208721 -3.22137 -1.37821 -0.979468 0.216556 0.197867 0.211398 0.207742 0.193593 0.206966
1256250 0.193851 0.201248 0.184156 -5.77933 2.42351 -2.61546 0.197549 0.198922 0.186248 0.19108 0.202992 0.182588
1256250 0.203752 0.178775 0.190824 -4.44268 -2.2225 1.09079 0.207599 0.18047 0.19055 0.200615 0.177393 0.191047
1256250 0.211014 0.198698 0.184735 1.25788 0.781961 1.25682 0.207398 0.195251 0.180143 0.213806 0.201358 0.188281
1256250 0.210195 0.198245 0.212643 3.97391 -0.455139 -1.42662 0.206332 0.198474 0.213399 0.216556 0.197867 0.211398
1256250 0.20701 0.196128 0.210306 3.90246 -7.512 -8.89969 0.206332 0.198474 0.213399 0.207742 0.193593 0.206966
1256250 0.20513 0.196646 0.216677 0.874287 2.84088 -4.33665 0.203891 0.19476 0.220058 0.206332 0.198474 0.213399
1256250 0.20373 0.183128 0.216156 7.19045 0.144124 7.23441 0.20078 0.182444 0.212628 0.20592 0.183636 0.218776
1256250 0.202411 0.193438 0.216511 5.12943 2.28427 9.32117 0.200668 0.19188 0.212333 0.203891 0.19476 0.220058
1256250 0.194531 0.191663 0.206886 4.16353 5.95433 -2.73967 0.191877 0.188904 0.20863 0.196676 0.193892 0.205476
1256250 0.207573 0.183295 0.20802 1.32238 -3.07122 -0.140781 0.206453 0.186339 0.208649 0.208959 0.179527 0.207242
1256250 0.192661 0.184858 0.207784 0.466547 -8.82795 -1.08241 0.191877 0.188904 0.20863 0.193561 0.180212 0.206813
1256250 0.188946 0.191718 0.20972 -6.36714 7.97632 1.74932 0.191877 0.188904 0.20863 0.186139 0.194412 0.210764
1256250 0.208804 0.186461 0.186009 -0.667352 1.03731 1.10755 0.211609 0.183657 0.182336 0.206635 0.188629 0.188848
1256250 0.191841 0.186681 0.212202 -0.852712 -2.63873 4.31424 0.191877 0.188904 0.20863 0.191795 0.183866 0.216725
1256250 0.218625 0.187617 0.199277 -3.97001 3.873 1.65024 0.222512 0.183296 0.19657 0.215359 0.191246 0.20155
1256250 0.199152 0.180406 0.196591 -5.37565 -9.37135 4.28865 0.200829 0.184833 0.195004 0.198067 0.177541 0.197618
1256250 0.200305 0.178668 0.199659 -2.84026 -1.03304 -3.21939 0.202962 0.180007 0.202083 0.198067 0.177541 0.197618
1256250 0.217109 0.179645 0.206475 -3.02197 -12.9615 -3.83319 0.21889 0.183942 0.207736 0.215793 0.176471 0.205543
1256250 0.200726 0.187145 0.212484 0.0 0.0 0.0 0.200668 0.19188 0.212333 0.20078 0.182444 0.212628
1256250 0.195617 0.180897 0.218952 -2.58099 2.0335 -2.19936 0.199118 0.178176 0.220993 0.191795 0.183866 0.216725
1256250 0.198334 0.193057 0.208324 -8.15666 6.35979 -12.6074 0.200668 0.19188 0.212333 0.196676 0.193892 0.205476
1256250 0.204612 0.201182 0.19655 -5.73488 3.04352 -0.908927 0.208673 0.199172 0.197928 0.200052 0.20344 0.195001
1256250 0.186003 0.179564 0.195304 -0.0578996 -0.596123 0.186998 0.185963 0.183463 0.193536 0.186053 0.174785 0.197471
1256250 0.215211 0.194378 0.197175 0.771582 14.652 -15.2138 0.215359 0.191246 0.20155 0.215126 0.196177 0.194663
1256250 0.204947 0.183272 0.201708 -0.0335052 -0.062915 -0.00359013 0.207053 0.186736 0.20131 0.202962 0.180007 0.202083
1256250 0.198824 0.193623 0.202853 -4.16976 0.575831 3.70972 0.201684 0.193263 0.199361 0.196676 0.193892 0.205476
1256250 0.198742 0.201075 0.19042 0.326507 1.66149 2.8432 0.197549 0.198922 0.186248 0.200052 0.20344 0.195001
1256250 0.206926 0.191153 0.18553 -0.161174 -3.06349 2.93979 0.207398 0.195251 0.180143 0.206635 0.188629 0.188848
1256250 0.197686 0.179047 0.213337 8.63391 13.2011 -2.1828 0.195504 0.176651 0.213838 0.20078 0.182444 0.212628
1256250 0.207788 0.179319 0.194597 0.795554 -1.05628 3.70353 0.207599 0.18047 0.19055 0.207926 0.178482 0.197539
1256250 0.205724 0.179159 0.199555 -0.697673 0.141837 0.466858 0.207926 0.178482 0.197539 0.202962 0.180007 0.202083
1256250 0.211134 0.180619 0.203958 -10.4897 -5.28199 22.6144 0.213223 0.181668 0.200803 0.208959 0.179527 0.207242
1256250 0.196353 0.183658 0.184411 3.17357 3.13291 -8.61675 0.195652 0.182244 0.188102 0.196936 0.184833 0.18134
1256250 0.181807 0.199487 0.193876 1.19521 1.67652 1.49338 0.179973 0.197689 0.192251 0.184833 0.202454 0.196557
1256250 0.210246 0.179877 0.198968 2.84348 2.47949 1.86595 0.207926 0.178482 0.197539 0.213223 0.181668 0.200803
1256250 0.198643 0.19285 0.196032 4.75551 0.761337 3.80387 0.19561 0.192438 0.19271 0.201684 0.193263 0.199361
1256250 0.219055 0.192639 0.197894 -23.4736 -10.3024 17.3005 0.221881 0.193704 0.195099 0.215359 0.191246 0.20155
1256250 0.20096 0.197118 0.189177 1.03759 -0.777429 0.807067 0.197549 0.198922 0.186248 0.203708 0.195665 0.191537
1256250 0.216753 0.182286 0.199195 -21.25 -4.05639 5.84369 0.222512 0.183296 0.19657 0.213223 0.181668 0.200803
1256250 0.202771 0.194553 0.195159 -0.363556 -1.32183 3.47941 0.203708 0.195665 0.191537 0.201684 0.193263 0.199361
1256250 0.205121 0.192267 0.190239 0.603602 -2.42326 -0.693476 0.203708 0.195665 0.191537 0.206635 0.188629 0.188848
1256250 0.204576 0.199058 0.189815 0.202879 2.61831 -1.20466 0.203708 0.195665 0.191537 0.205305 0.201909 0.188367
1256250 0.192707 0.190816 0.189655 8.64941 6.09346 12.9259 0.189189 0.18885 0.185952 0.19561 0.192438 0.19271
1256250 0.183163 0.183925 0.200981 4.23044 2.23391 1.37808 0.177558 0.18204 0.199466 0.18731 0.185319 0.202101
1256250 0.191052 0.187678 0.201191 0.00396893 0.00339043 -0.00069753 0.18731 0.185319 0.202101 0.193868 0.189452 0.200508
1256250 0.187721 0.18973 0.20298 0.000766536 0.00686848 0.000264798 0.18731 0.185319 0.202101 0.188021 0.192948 0.203621
1256250 0.192832 0.180301 0.202036 0.0018437 -0.000806248 0.00653052 0.19234 0.180362 0.198812 0.193561 0.180212 0.206813
1256250 0.19033 0.182852 0.204377 -4.36398 4.39348 -2.61534 0.193561 0.180212 0.206813 0.18731 0.185319 0.202101
1256250 0.192471 0.189092 0.215933 -0.000238609 0.00808938 -0.00101237 0.191795 0.183866 0.216725 0.192925 0.192594 0.215403
1256250 0.183317 0.190798 0.193806 -2.56545 -1.05409 -1.86485 0.187184 0.191842 0.195871 0.179191 0.189684 0.191602
1256250 0.191392 0.19214 0.194293 14.385 -0.0617735 -7.88452 0.187184 0.191842 0.195871 0.19561 0.192438 0.19271
1256250 0.189913 0.184752 0.194569 -0.0694233 -0.0346085 -0.0253376 0.192779 0.185687 0.195318 0.185963 0.183463 0.193536
1256250 0.194091 0.179453 0.214939 0.0 0.0 0.0 0.195504 0.176651 0.213838 0.191795 0.183866 0.216725
1256250 0.193299 0.187485 0.197797 0.00054064 0.00601204 0.00651227 0.192779 0.185687 0.195318 0.193868 0.189452 0.200508
1256250 0.195865 0.18536 0.195198 -0.0 -0.0 -0.0 0.192779 0.185687 0.195318 0.200829 0.184833 0.195004
1256250 0.196382 0.188277 0.202466 -0.0100349 0.00629528 -0.00639134 0.199541 0.1868 0.204925 0.193868 0.189452 0.200508
1256250 0.184993 0.182577 0.211537 0.00133486 0.0198493 -0.00155671 0.18533 0.178266 0.212165 0.184701 0.186307 0.210994
1256250 0.189714 0.191172 0.205821 0.0 0.0 0.0 0.191877 0.188904 0.20863 0.188021 0.192948 0.203621
1256250 0.196232 0.192289 0.214092 -0.0 -0.0 -0.0 0.200668 0.19188 0.212333 0.192925 0.192594 0.215403
1256250 0.19772 0.198164 0.181467 0.240547 0.153088 2.78824 0.197835 0.197655 0.178256 0.197549 0.198922 0.186248
1256250 0.187247 0.188584 0.198982 0.622257 -3.01771 3.5642 0.187184 0.191842 0.195871 0.18731 0.185319 0.202101
1256250 0.20058 0.189935 0.202226 2.06855 3.8839 -3.02383 0.199541 0.1868 0.204925 0.201684 0.193263 0.199361
1256250 0.209542 0.187427 0.209081 3.31793 1.80142 0.579407 0.206453 0.186339 0.208649 0.212526 0.188477 0.209499
1256250 0.182387 0.182405 0.191289 0.0 0.0 0.0 0.185963 0.183463 0.193536 0.178544 0.180678 0.18888
1256250 0.180543 0.193835 0.20102 0.0 0.0 0.0 0.180401 0.19084 0.205155 0.180648 0.195449 0.198147
1256250 0.182767 0.186675 0.192619 0.0 0.0 0.0 0.185963 0.183463 0.193536 0.179191 0.189684 0.191602
1256250 0.183864 0.189573 0.188955 0.0 0.0 0.0 0.189189 0.18885 0.185952 0.179191 0.189684 0.191602
1256250 0.182791 0.188597 0.208411 0.0 0.0 0.0 0.180401 0.19084 0.205155 0.184701 0.186307 0.210994
1256250 0.187644 0.185579 0.213377 0.0 0.0 0.0 0.191795 0.183866 0.216725 0.184701 0.186307 0.210994
1256250 0.185885 0.186138 0.206941 0.0 0.0 0.0 0.18731 0.185319 0.202101 0.184701 0.186307 0.210994
1256250 0.188097 0.187536 0.209875 -0.000421803 -0.000237505 0.00015911 0.191877 0.188904 0.20863 0.184701 0.186307 0.210994
1256250 0.185391 0.190514 0.210884 0.0 0.0 0.0 0.186139 0.194412 0.210764 0.184701 0.186307 0.210994
1256250 0.183941 0.188283 0.203585 0.0 0.0 0.0 0.180401 0.19084 0.205155 0.18731 0.185319 0.202101
1256250 0.184903 0.192085 0.204249 -0.0 0.0 -0.0 0.180401 0.19084 0.205155 0.188021 0.192948 0.203621
1256250 0.193498 0.181402 0.184823 0.0 0.0 0.0 0.195652 0.182244 0.188102 0.191295 0.179969 0.181471
1256250 0.197916 0.181568 0.181916 0.0 0.0 0.0 0.199395 0.175945 0.182795 0.196936 0.184833 0.18134
1256250 0.190389 0.184058 0.183386 0.0 0.0 0.0 0.189189 0.18885 0.185952 0.191295 0.179969 0.181471
1256250 0.192465 0.178821 0.195511 0.0 0.0 0.0 0.192604 0.176591 0.191983 0.19234 0.180362 0.198812
1256250 0.195216 0.178945 0.198212 0.0136632 -0.00510211 -0.000895325 0.19234 0.180362 0.198812 0.198067 0.177541 0.197618
1256250 0.189579 0.181983 0.196526 0.0 0.0 0.0 0.185963 0.183463 0.193536 0.19234 0.180362 0.198812
1256250 0.194033 0.184454 0.192159 0.0 0.0 0.0 0.192779 0.185687 0.195318 0.195652 0.182244 0.188102
1256250 0.197559 0.186595 0.186761 0.0 0.0 0.0 0.195652 0.182244 0.188102 0.199437 0.190338 0.185439
1256250 0.187373 0.186106 0.190199 0.0 0.0 0.0 0.185963 0.183463 0.193536 0.189189 0.18885 0.185952
1256250 0.192566 0.183359 0.197011 0.0 0.0 0.0 0.192779 0.185687 0.195318 0.19234 0.180362 0.198812
1256250 0.186612 0.184644 0.197696 0.0 0.0 0.0 0.185963 0.183463 0.193536 0.18731 0.185319 0.202101
1256250 0.19023 0.182718 0.200188 0.0 0.0 0.0 0.19234 0.180362 0.198812 0.18731 0.185319 0.202101
1256250 0.199539 0.183226 0.186124 0.0 0.0 0.0 0.195652 0.182244 0.188102 0.202933 0.183557 0.184404
1256250 0.198329 0.179911 0.189686 0.0 0.0 0.0 0.195652 0.182244 0.188102 0.200615 0.177393 0.191047
1256250 0.189237 0.179475 0.209625 0.0 0.0 0.0 0.18533 0.178266 0.212165 0.193561 0.180212 0.206813
1256250 0.192722 0.182231 0.21153 0.0 0.0 0.0 0.191795 0.183866 0.216725 0.193561 0.180212 0.206813
1256250 0.197241 0.181629 0.20978 0.0 0.0 0.0 0.20078 0.182444 0.212628 0.193561 0.180212 0.206813
1256250 0.199974 0.180641 0.216716 0.0 0.0 0.0 0.199118 0.178176 0.220993 0.20078 0.182444 0.212628
1256250 0.203106 0.181655 0.219702 0.0 0.0 0.0 0.199118 0.178176 0.220993 0.20592 0.183636 0.218776
1256250 0.194001 0.186632 0.183083 0.0 0.0 0.0 0.189189 0.18885 0.185952 0.196936 0.184833 0.18134
1256250 0.198203 0.190875 0.181461 0.0 0.0 0.0 0.199437 0.190338 0.185439 0.197085 0.190832 0.177879
1256250 0.190496 0.188465 0.195529 0.0 0.0 0.0 0.192779 0.185687 0.195318 0.187184 0.191842 0.195871
1256250 0.193932 0.188702 0.19424 0.0 0.0 0.0 0.192779 0.185687 0.195318 0.19561 0.192438 0.19271
1256250 0.195133 0.189989 0.185649 0.0 0.0 0.0 0.199437 0.190338 0.185439 0.189189 0.18885 0.185952
1256250 0.188088 0.190768 0.191387 0.0 0.0 0.0 0.187184 0.191842 0.195871 0.189189 0.18885 0.185952
1256250 0.198589 0.194478 0.185799 0.0 0.0 0.0 0.197549 0.198922 0.186248 0.199437 0.190338 0.185439
1256250 0.191028 0.198132 0.194403 0.0 0.0 0.0 0.19295 0.198014 0.199564 0.189312 0.197723 0.189811
1256250 0.193138 0.198553 0.188151 0.0 0.0 0.0 0.197549 0.198922 0.186248 0.189312 0.197723 0.189811
1256250 0.19055 0.185802 0.198066 0.0 0.0 0.0 0.192779 0.185687 0.195318 0.18731 0.185319 0.202101
1256250 0.190998 0.190743 0.198503 0.0 0.0 0.0 0.187184 0.191842 0.195871 0.193868 0.189452 0.200508
1256250 0.187664 0.192756 0.200347 0.0 0.0 0.0 0.187184 0.191842 0.195871 0.188021 0.192948 0.203621
1256250 0.194619 0.190995 0.197148 0.0 0.0 0.0 0.19561 0.192438 0.19271 0.193868 0.189452 0.200508
1256250 0.193489 0.193297 0.200102 0.0 0.0 0.0 0.19295 0.198014 0.199564 0.193868 0.189452 0.200508
1256250 0.190047 0.195303 0.201953 0.0 0.0 0.0 0.19295 0.198014 0.199564 0.188021 0.192948 0.203621
1256250 0.190263 0.200825 0.185929 0.0 0.0 0.0 0.189312 0.197723 0.189811 0.19108 0.202992 0.182588
1256250 0.186072 0.197138 0.196194 0.0 0.0 0.0 0.187184 0.191842 0.195871 0.184833 0.202454 0.196557
1256250 0.187272 0.200152 0.192884 0.0 0.0 0.0 0.189312 0.197723 0.189811 0.184833 0.202454 0.196557
1256250 0.194491 0.202912 0.188225 0.0 0.0 0.0 0.197549 0.198922 0.186248 0.191665 0.206076 0.190065
1256250 0.201296 0.187022 0.184882 0.0 0.0 0.0 0.199437 0.190338 0.185439 0.202933 0.183557 0.184404
1256250 0.20111 0.188642 0.181574 0.0 0.0 0.0 0.199437 0.190338 0.185439 0.202435 0.186801 0.178519
1256250 0.201652 0.197666 0.183699 0.0 0.0 0.0 0.197549 0.198922 0.186248 0.207398 0.195251 0.180143
1256250 0.201591 0.193299 0.18851 0.0 0.0 0.0 0.203708 0.195665 0.191537 0.199437 0.190338 0.185439
1256250 0.199952 0.194443 0.192077 0.0 0.0 0.0 0.203708 0.195665 0.191537 0.19561 0.192438 0.19271
1256250 0.197404 0.195865 0.199459 0.0 0.0 0.0 0.19295 0.198014 0.199564 0.201684 0.193263 0.199361
1256250 0.202175 0.200975 0.187507 0.0 0.0 0.0 0.197549 0.198922 0.186248 0.205305 0.201909 0.188367
1256250 0.197109 0.199666 0.202386 0.0 0.0 0.0 0.19295 0.198014 0.199564 0.20179 0.20095 0.205565
1256250 0.189671 0.187452 0.20548 0.0 0.0 0.0 0.191877 0.188904 0.20863 0.18731 0.185319 0.202101
1256250 0.195684 0.188137 0.206793 0.0 0.0 0.0 0.191877 0.188904 0.20863 0.199541 0.1868 0.204925
1256250 0.197949 0.191022 0.205233 0.0 0.0 0.0 0.199541 0.1868 0.204925 0.196676 0.193892 0.205476
1256250 0.190901 0.191489 0.20208 0.0 0.0 0.0 0.188021 0.192948 0.203621 0.193868 0.189452 0.200508
1256250 0.192981 0.189472 0.204128 0.0 0.0 0.0 0.191877 0.188904 0.20863 0.193868 0.189452 0.200508
1256250 0.195275 0.191934 0.202983 0.0 0.0 0.0 0.196676 0.193892 0.205476 0.193868 0.189452 0.200508
1256250 0.187169 0.193882 0.206834 0.0 0.0 0.0 0.186139 0.194412 0.210764 0.188021 0.192948 0.203621
1256250 0.192447 0.19118 0.2123 0.0 0.0 0.0 0.191877 0.188904 0.20863 0.192925 0.192594 0.215403
1256250 0.189739 0.193727 0.213225 0.0 0.0 0.0 0.186139 0.194412 0.210764 0.192925 0.192594 0.215403
1256250 0.194877 0.196717 0.206833 0.0 0.0 0.0 0.192447 0.199887 0.208663 0.196676 0.193892 0.205476
1256250 0.195082 0.196031 0.215461 0.0 0.0 0.0 0.192925 0.192594 0.215403 0.197335 0.199076 0.215509
1256250 0.19514 0.199714 0.212432 0.0 0.0 0.0 0.192447 0.199887 0.208663 0.197335 0.199076 0.215509
1256250 0.186181 0.196919 0.214331 0.0 0.0 0.0 0.186139 0.194412 0.210764 0.186255 0.199873 0.219508
1256250 0.194698 0.193977 0.218381 0.0 0.0 0.0 0.196429 0.194787 0.221291 0.192925 0.192594 0.215403
1256250 0.1959 0.190756 0.21754 0.0 0.0 0.0 0.192925 0.192594 0.215403 0.198821 0.188389 0.219643
1256250 0.190399 0.195632 0.216964 0.0 0.0 0.0 0.192925 0.192594 0.215403 0.186255 0.199873 0.219508
1256250 0.201347 0.183502 0.203429 0.0 0.0 0.0 0.199541 0.1868 0.204925 0.202962 0.180007 0.202083
1256250 0.200138 0.184993 0.208614 0.0 0.0 0.0 0.20078 0.182444 0.212628 0.199541 0.1868 0.204925
1256250 0.200138 0.186171 0.200355 0.0 0.0 0.0 0.200829 0.184833 0.195004 0.199541 0.1868 0.204925
1256250 0.197219 0.191349 0.200005 0.0 0.0 0.0 0.201684 0.193263 0.199361 0.193868 0.189452 0.200508
1256250 0.203439 0.186817 0.207023 0.0 0.0 0.0 0.206453 0.186339 0.208649 0.199541 0.1868 0.204925
1256250 0.19599 0.190574 0.210366 0.0 0.0 0.0 0.191877 0.188904 0.20863 0.200668 0.19188 0.212333
1256250 0.200486 0.197281 0.217697 0.0 0.0 0.0 0.203891 0.19476 0.220058 0.197335 0.199076 0.215509
1256250 0.199672 0.186104 0.216623 0.0 0.0 0.0 0.20078 0.182444 0.212628 0.198821 0.188389 0.219643
1256250 0.20118 0.191626 0.219837 0.0 0.0 0.0 0.203891 0.19476 0.220058 0.198821 0.188389 0.219643
1256250 0.202161 0.199227 0.193 0.0 0.0 0.0 0.203708 0.195665 0.191537 0.200052 0.20344 0.195001
1256250 0.20936 0.182145 0.186949 0.0 0.0 0.0 0.207599 0.18047 0.19055 0.211609 0.183657 0.182336
1256250 0.20506 0.182434 0.187193 0.0 0.0 0.0 0.207599 0.18047 0.19055 0.202933 0.183557 0.184404
1256250 0.202672 0.185548 0.181289 0.0 0.0 0.0 0.202933 0.183557 0.184404 0.202435 0.186801 0.178519
1256250 0.209299 0.182035 0.21073 0.0 0.0 0.0 0.20953 0.183393 0.213303 0.208959 0.179527 0.207242
1256250 0.205138 0.18117 0.209765 0.0 0.0 0.0 0.20078 0.182444 0.212628 0.208959 0.179527 0.207242
1256250 0.206104 0.183301 0.213037 0.0 0.0 0.0 0.20953 0.183393 0.213303 0.20078 0.182444 0.212628
1256250 0.207858 0.183788 0.215851 0.0 0.0 0.0 0.20953 0.183393 0.213303 0.20592 0.183636 0.218776
1256250 0.20428 0.179385 0.214283 0.0 0.0 0.0 0.20078 0.182444 0.212628 0.209294 0.174313 0.216643
1256250 0.214131 0.185989 0.201117 0.0 0.0 0.0 0.213223 0.181668 0.200803 0.215359 0.191246 0.20155
1256250 0.20801 0.183417 0.204269 0.0 0.0 0.0 0.208959 0.179527 0.207242 0.207053 0.186736 0.20131
1256250 0.210991 0.186139 0.211456 0.0 0.0 0.0 0.20953 0.183393 0.213303 0.212526 0.188477 0.209499
1256250 0.215774 0.182971 0.203918 0.0 0.0 0.0 0.21889 0.183942 0.207736 0.213223 0.181668 0.200803
1256250 0.207073 0.180739 0.218055 0.0 0.0 0.0 0.20592 0.183636 0.218776 0.209294 0.174313 0.216643
1256250 0.207951 0.186621 0.218072 0.0 0.0 0.0 0.20592 0.183636 0.218776 0.21075 0.190072 0.217085
1256250 0.205055 0.195788 0.187372 0.0 0.0 0.0 0.203708 0.195665 0.191537 0.207398 0.195251 0.180143
1256250 0.212462 0.193353 0.184689 0.0 0.0 0.0 0.216083 0.191523 0.187957 0.207398 0.195251 0.180143
1256250 0.209653 0.187605 0.191509 0.0 0.0 0.0 0.212595 0.186053 0.194122 0.206635 0.188629 0.188848
1256250 0.201276 0.189532 0.197287 0.0 0.0 0.0 0.200829 0.184833 0.195004 0.201684 0.193263 0.199361
1256250 0.203995 0.187178 0.191649 0.0 0.0 0.0 0.200829 0.184833 0.195004 0.206635 0.188629 0.188848
1256250 0.207278 0.19431 0.192751 0.0 0.0 0.0 0.210087 0.192752 0.193713 0.203708 0.195665 0.191537
1256250 0.20595 0.197522 0.194424 0.0 0.0 0.0 0.203708 0.195665 0.191537 0.208673 0.199172 0.197928
1256250 0.209824 0.186673 0.197722 0.0 0.0 0.0 0.212595 0.186053 0.194122 0.207053 0.186736 0.20131
1256250 0.20451 0.190105 0.200385 0.0 0.0 0.0 0.201684 0.193263 0.199361 0.207053 0.186736 0.20131
1256250 0.204805 0.19371 0.203278 0.0 0.0 0.0 0.201684 0.193263 0.199361 0.207742 0.193593 0.206966
1256250 0.212007 0.192481 0.196558 0.0 0.0 0.0 0.210087 0.192752 0.193713 0.215359 0.191246 0.20155
1256250 0.211804 0.195737 0.199623 0.0 0.0 0.0 0.208673 0.199172 0.197928 0.215359 0.191246 0.20155
1256250 0.212045 0.203249 0.196425 0.0 0.0 0.0 0.208673 0.199172 0.197928 0.214191 0.205412 0.195469
1256250 0.211112 0.200481 0.193345 0.0 0.0 0.0 0.208673 0.199172 0.197928 0.213806 0.201358 0.188281
1256250 0.210475 0.203424 0.199763 0.0 0.0 0.0 0.208673 0.199172 0.197928 0.211615 0.205706 0.200938
1256250 0.20543 0.200282 0.201529 0.0 0.0 0.0 0.208673 0.199172 0.197928 0.20179 0.20095 0.205565
1256250 0.216464 0.185257 0.195073 0.0 0.0 0.0 0.222512 0.183296 0.19657 0.212595 0.186053 0.194122
1256250 0.211008 0.190242 0.188431 0.0 0.0 0.0 0.216083 0.191523 0.187957 0.206635 0.188629 0.188848
1256250 0.212415 0.19255 0.191479 0.0 0.0 0.0 0.210087 0.192752 0.193713 0.216083 0.191523 0.187957
1256250 0.215501 0.194644 0.192052 0.0 0.0 0.0 0.216083 0.191523 0.187957 0.215126 0.196177 0.194663
1256250 0.207394 0.190366 0.204073 0.0 0.0 0.0 0.207053 0.186736 0.20131 0.207742 0.193593 0.206966
1256250 0.204095 0.188878 0.210152 0.0 0.0 0.0 0.206453 0.186339 0.208649 0.200668 0.19188 0.212333
1256250 0.203779 0.195772 0.212917 0.0 0.0 0.0 0.200668 0.19188 0.212333 0.206332 0.198474 0.213399
1256250 0.213583 0.189785 0.206542 0.0 0.0 0.0 0.212526 0.188477 0.209499 0.215359 0.191246 0.20155
1256250 0.208334 0.194945 0.215069 0.0 0.0 0.0 0.206332 0.198474 0.213399 0.21075 0.190072 0.217085
1256250 0.201204 0.196455 0.209126 0.0 0.0 0.0 0.200668 0.19188 0.212333 0.20179 0.20095 0.205565
1256250 0.204399 0.199802 0.210062 0.0 0.0 0.0 0.206332 0.198474 0.213399 0.20179 0.20095 0.205565
1256250 0.213855 0.191847 0.210128 0.0 0.0 0.0 0.212526 0.188477 0.209499 0.216556 0.197867 0.211398
1256250 0.215905 0.194523 0.206013 0.0 0.0 0.0 0.216556 0.197867 0.211398 0.215359 0.191246 0.20155
1256250 0.213208 0.193647 0.214681 0.0 0.0 0.0 0.21075 0.190072 0.217085 0.216556 0.197867 0.211398
1256250 0.18424 0.20304 0.191614 -0.527166 -0.267581 -9.72006 0.184833 0.202454 0.196557 0.183747 0.203527 0.18751
1256250 0.185743 0.207125 0.194983 -2.33192 -13.88 2.31273 0.18634 0.21019 0.19395 0.184833 0.202454 0.196557
1256250 0.185727 0.205356 0.200547 -2.93694 -6.65476 -7.21509 0.1869 0.209162 0.20578 0.184833 0.202454 0.196557
1256250 0.183099 0.209657 0.194112 -15.0349 -4.7508 -0.306514 0.18634 0.21019 0.19395 0.179336 0.209038 0.1943
1256250 0.185764 0.216312 0.195211 -15.6764 -2.77127 -11.3949 0.1897 0.216332 0.197621 0.182268 0.216294 0.193071
1256250 0.181214 0.208437 0.202557 5.4784 1.59383 2.65664 0.178576 0.208101 0.201062 0.1869 0.209162 0.20578
1256250 0.184845 0.21524 0.204338 0.99391 -5.95611 1.2171 0.183641 0.218801 0.203493 0.1869 0.209162 0.20578
1256250 0.190451 0.201765 0.189934 -3.46497 -8.04286 -1.03451 0.191665 0.206076 0.190065 0.189312 0.197723 0.189811
1256250 0.192841 0.203122 0.211893 -1.21082 -12.6503 -9.13891 0.193239 0.206388 0.215154 0.192447 0.199887 0.208663
1256250 0.194583 0.203922 0.20821 -4.86691 -9.94559 2.88002 0.19604 0.206677 0.207901 0.192447 0.199887 0.208663
1256250 0.195502 0.202348 0.21535 0.519608 -1.33866 -0.0455597 0.193239 0.206388 0.215154 0.197335 0.199076 0.215509
1256250 0.196777 0.20038 0.207227 -19.5946 -2.36999 10.196 0.20179 0.20095 0.205565 0.192447 0.199887 0.208663
1256250 0.199917 0.201731 0.216126 -0.590948 -0.566863 -0.271333 0.202599 0.204489 0.216766 0.197335 0.199076 0.215509
1256250 0.188327 0.211438 0.185653 -4.49681 -9.45889 -5.84958 0.189626 0.214897 0.188471 0.187372 0.208897 0.183583
1256250 0.198249 0.208345 0.194011 1.82678 -6.18078 2.22938 0.196856 0.212134 0.193246 0.200052 0.20344 0.195001
1256250 0.188594 0.208449 0.192305 5.68601 -5.99 -3.90717 0.18634 0.21019 0.19395 0.191665 0.206076 0.190065
1256250 0.194373 0.209237 0.191725 8.92963 10.9516 3.19667 0.191665 0.206076 0.190065 0.196856 0.212134 0.193246
1256250 0.187738 0.212746 0.195477 5.57876 9.08685 3.66494 0.18634 0.21019 0.19395 0.1897 0.216332 0.197621
1256250 0.196951 0.21236 0.197347 -0.791033 2.61403 13.4633 0.196856 0.212134 0.193246 0.197061 0.212623 0.202108
1256250 0.193321 0.214508 0.199828 -18.8923 10.7519 -7.85289 0.197061 0.212623 0.202108 0.1897 0.216332 0.197621
1256250 0.191913 0.217267 0.185193 -9.68324 -10.2113 10.1427 0.194293 0.219734 0.181781 0.189626 0.214897 0.188471
1256250 0.197381 0.216077 0.192221 0.708089 16.4701 -1.98907 0.196856 0.212134 0.193246 0.19799 0.220655 0.191031
1256250 0.190733 0.217857 0.201854 -9.25402 -6.36852 -23.3916 0.1918 0.219433 0.206229 0.1897 0.216332 0.197621
1256250 0.196005 0.209694 0.213451 2.93899 4.68784 -2.84415 0.193239 0.206388 0.215154 0.198964 0.213231 0.211628
1256250 0.195709 0.205819 0.204907 -1.20678 -2.99314 -6.57109 0.19604 0.206677 0.207901 0.195385 0.204982 0.201986
1256250 0.197172 0.209214 0.209344 -5.75135 -16.7472 -12.5995 0.198964 0.213231 0.211628 0.19604 0.206677 0.207901
1256250 0.19604 0.207966 0.202033 -3.76831 -18.2202 2.67084 0.197061 0.212623 0.202108 0.195385 0.204982 0.201986
1256250 0.19145 0.210653 0.215439 -3.19459 12.7136 0.165942 0.193239 0.206388 0.215154 0.189238 0.215927 0.215792
1256250 0.188149 0.212777 0.21113 1.33256 2.49525 3.0698 0.1869 0.209162 0.20578 0.189238 0.215927 0.215792
1256250 0.198614 0.216872 0.200595 1.65419 5.12967 -0.916768 0.197061 0.212623 0.202108 0.199852 0.22026 0.199389
1256250 0.194431 0.216027 0.204168 8.40172 -11.8393 -9.96118 0.1918 0.219433 0.206229 0.197061 0.212623 0.202108
1256250 0.197724 0.20351 0.203293 1.14837 -0.729212 0.395777 0.195385 0.204982 0.201986 0.20179 0.20095 0.205565
1256250 0.202967 0.215811 0.21301 10.701 5.02034 2.29211 0.198964 0.213231 0.211628 0.206567 0.218131 0.214253
1256250 0.201285 0.210463 0.201629 18.1293 -11.7311 0.4633 0.197061 0.212623 0.202108 0.204857 0.208636 0.201225
1256250 0.201128 0.214652 0.203551 19.824 8.61624 10.6646 0.197061 0.212623 0.202108 0.205115 0.21664 0.204965
1256250 0.190636 0.21784 0.210575 -1.28654 -5.23785 12.3154 0.1918 0.219433 0.206229 0.189238 0.215927 0.215792
1256250 0.200943 0.207073 0.21917 -5.69715 10.2406 6.62717 0.202599 0.204489 0.216766 0.199496 0.209331 0.221273
1256250 0.214636 0.198101 0.192294 6.67103 -13.488 21.9168 0.213806 0.201358 0.188281 0.215126 0.196177 0.194663
1256250 0.209586 0.200619 0.202342 -4.44299 -6.21584 -13.1469 0.210185 0.201569 0.205241 0.208673 0.199172 0.197928
1256250 0.210253 0.203549 0.185121 16.6999 -14.8563 14.5959 0.207963 0.204961 0.183084 0.213806 0.201358 0.188281
1256250 0.20843 0.202996 0.195145 0.839376 -4.8606 2.68176 0.208259 0.205692 0.193184 0.208673 0.199172 0.197928
1256250 0.21405 0.203928 0.192838 -0.993811 -5.88811 -7.55534 0.214191 0.205412 0.195469 0.213806 0.201358 0.188281
1256250 0.205094 0.196866 0.206342 19.3026 -21.2184 8.72363 0.20179 0.20095 0.205565 0.207742 0.193593 0.206966
1256250 0.203533 0.205319 0.203098 10.3899 18.7823 -8.39454 0.20179 0.20095 0.205565 0.204857 0.208636 0.201225
1256250 0.209483 0.204017 0.207025 -4.30794 8.43713 7.03885 0.210185 0.201569 0.205241 0.208223 0.208406 0.210223
1256250 0.204455 0.201498 0.215092 6.66563 -8.04834 -3.77906 0.202599 0.204489 0.216766 0.206332 0.198474 0.213399
1256250 0.212249 0.20037 0.207235 5.76305 -5.0678 7.28895 0.210185 0.201569 0.205241 0.216556 0.197867 0.211398
1256250 0.216762 0.196394 0.200832 -0.988062 -8.87518 0.856778 0.21796 0.200793 0.200219 0.215359 0.191246 0.20155
1256250 0.204862 0.205207 0.181778 -15.8071 -1.29828 -7.82855 0.207963 0.204961 0.183084 0.200475 0.205554 0.17993
1256250 0.203143 0.21412 0.182398 0.788754 -0.211396 2.74778 0.201278 0.214627 0.17837 0.205759 0.213408 0.188045
1256250 0.2118 0.212402 0.189357 -4.91396 1.65748 -1.26042 0.21536 0.211809 0.190129 0.205759 0.213408 0.188045
1256250 0.21299 0.208112 0.196109 -4.69623 8.56994 3.57321 0.214191 0.205412 0.195469 0.211269 0.211981 0.197026
1256250 0.207389 0.208375 0.191397 -1.24356 5.77947 -2.73471 0.208259 0.205692 0.193184 0.205759 0.213408 0.188045
1256250 0.207948 0.210249 0.1992 -23.4061 -16.8681 13.2841 0.211269 0.211981 0.197026 0.204857 0.208636 0.201225
1256250 0.212789 0.215295 0.199368 -5.17382 -8.27371 -4.81838 0.214254 0.21849 0.201626 0.211269 0.211981 0.197026
1256250 0.209359 0.218416 0.186953 2.84946 4.8784 -0.268068 0.205759 0.213408 0.188045 0.211459 0.221336 0.186316
1256250 0.212153 0.215796 0.195172 4.08097 10.6477 -6.89533 0.211269 0.211981 0.197026 0.212959 0.219276 0.193481
1256250 0.215686 0.20358 0.197353 -4.83752 8.58108 -6.65323 0.21796 0.200793 0.200219 0.214191 0.205412 0.195469
1256250 0.218095 0.209753 0.191509 8.46677 -8.92964 4.56367 0.21536 0.211809 0.190129 0.22183 0.206946 0.193392
1256250 0.206533 0.212885 0.207363 -1.19271 5.36859 -2.59933 0.208223 0.208406 0.210223 0.205115 0.21664 0.204965
1256250 0.207779 0.20986 0.215588 0.150824 0.61179 1.94578 0.208223 0.208406 0.210223 0.2074 0.211103 0.220175
1256250 0.20697 0.214734 0.217116 0.3149 -2.19873 2.55132 0.206567 0.218131 0.214253 0.2074 0.211103 0.220175
1256250 0.210054 0.217922 0.217026 -8.32506 -0.702837 -8.39503 0.213258 0.217729 0.219574 0.206567 0.218131 0.214253
1256250 0.2089 0.218489 0.206987 20.2614 11.6484 7.27546 0.205115 0.21664 0.204965 0.21151 0.219764 0.208381
1256250 0.216731 0.216705 0.198773 2.3678 -2.65501 -3.37003 0.214254 0.21849 0.201626 0.219056 0.215028 0.196094
1256250 0.21577 0.212879 0.207897 0.71725 -1.30887 -1.72676 0.214373 0.214454 0.210101 0.218255 0.210078 0.203978
1256250 0.216019 0.217144 0.194792 -2.19264 2.08882 -0.854275 0.219056 0.215028 0.196094 0.212959 0.219276 0.193481
1256250 0.199014 0.218096 0.212589 1.03363 6.86968 0.808088 0.198964 0.213231 0.211628 0.199051 0.22174 0.213309
1256250 0.184527 0.212907 0.193559 -2.86929 4.16496 -1.43905 0.18634 0.21019 0.19395 0.182268 0.216294 0.193071
1256250 0.218095 0.205056 0.201944 -0.258231 1.84831 0.735735 0.21796 0.200793 0.200219 0.218255 0.210078 0.203978
1256250 0.182226 0.217553 0.206853 -0.024995 -0.0229659 0.0920507 0.183641 0.218801 0.203493 0.18084 0.21633 0.210144
1256250 0.198672 0.196647 0.205511 -0.281216 -0.337501 0.058946 0.20179 0.20095 0.205565 0.196676 0.193892 0.205476
1256250 0.187702 0.212141 0.191679 5.49846 6.51248 -10.9285 0.18634 0.21019 0.19395 0.189626 0.214897 0.188471
1256250 0.199941 0.211873 0.186309 8.20813 3.69203 2.51386 0.196385 0.210935 0.185248 0.205759 0.213408 0.188045
1256250 0.204913 0.206101 0.214073 2.07188 2.25528 -2.92093 0.202599 0.204489 0.216766 0.208223 0.208406 0.210223
1256250 0.194686 0.211142 0.181825 2.50117 -0.15003 3.51623 0.192899 0.21136 0.178223 0.196385 0.210935 0.185248
1256250 0.198172 0.204553 0.207035 6.75287 -8.32651 -1.7298 0.19604 0.206677 0.207901 0.20179 0.20095 0.205565
1256250 0.207086 0.20134 0.205361 -1.87254 -0.439895 0.117692 0.210185 0.201569 0.205241 0.20179 0.20095 0.205565
1256250 0.183049 0.213717 0.208553 -0.0529578 0.0894824 0.0551058 0.1869 0.209162 0.20578 0.18084 0.21633 0.210144
1256250 0.217056 0.205987 0.19469 2.39176 0.082571 -0.680069 0.214191 0.205412 0.195469 0.22183 0.206946 0.193392
1256250 0.212199 0.212317 0.210144 -0.484111 -0.529644 -0.0977475 0.214373 0.214454 0.210101 0.208223 0.208406 0.210223
1256250 0.203323 0.21096 0.210967 7.17694 -5.31307 -0.928593 0.198964 0.213231 0.211628 0.208223 0.208406 0.210223
1256250 0.193333 0.212724 0.186704 -18.2197 8.98133 5.12558 0.196385 0.210935 0.185248 0.189626 0.214897 0.188471
1256250 0.189664 0.215617 0.193061 1.39533 6.23745 19.9411 0.189626 0.214897 0.188471 0.1897 0.216332 0.197621
1256250 0.211371 0.205545 0.194383 2.0479 0.218242 0.642672 0.208259 0.205692 0.193184 0.214191 0.205412 0.195469
1256250 0.198205 0.208541 0.182882 5.29165 -10.5574 -10.764 0.196385 0.210935 0.185248 0.200475 0.205554 0.17993
1256250 0.213479 0.211888 0.193301 -13.633 3.22316 18.2827 0.21536 0.211809 0.190129 0.211269 0.211981 0.197026
1256250 0.201349 0.217522 0.18974 1.17513 -0.822604 -0.279464 0.19799 0.220655 0.191031 0.205759 0.213408 0.188045
1256250 0.191342 0.204372 0.185934 -2.3174 -3.44665 -12.2846 0.191665 0.206076 0.190065 0.19108 0.202992 0.182588
1256250 0.193091 0.207478 0.207217 -10.5557 2.47353 -0.711382 0.19604 0.206677 0.207901 0.1869 0.209162 0.20578
1256250 0.212855 0.208789 0.213302 15.24 0.119909 10.7381 0.208223 0.208406 0.210223 0.217863 0.209204 0.216631
1256250 0.199421 0.215318 0.216102 4.58109 10.6344 17.8945 0.198964 0.213231 0.211628 0.199844 0.217245 0.220236
1256250 0.204432 0.214262 0.194108 -0.00234489 0.000257393 0.00665042 0.205759 0.213408 0.188045 0.203736 0.21471 0.19729
1256250 0.204239 0.211983 0.199057 0.0 -0.0 -0.0 0.203736 0.21471 0.19729 0.204857 0.208636 0.201225
1256250 0.20627 0.20854 0.205002 -1.78652 -0.376671 -8.17912 0.208223 0.208406 0.210223 0.204857 0.208636 0.201225
1256250 0.203301 0.202493 0.190898 -1.70526 1.0089 2.44508 0.205305 0.201909 0.188367 0.200052 0.20344 0.195001
1256250 0.203251 0.217694 0.217204 2.26433 -0.176843 -2.16727 0.199844 0.217245 0.220236 0.206567 0.218131 0.214253
1256250 0.206615 0.203413 0.185764 -2.11188 -2.72863 3.30028 0.207963 0.204961 0.183084 0.205305 0.201909 0.188367
1256250 0.197994 0.212921 0.206776 -0.817119 0.255468 -13.3237 0.198964 0.213231 0.211628 0.197061 0.212623 0.202108
1256250 0.207775 0.201735 0.182107 -0.517726 -2.31785 -0.822099 0.207963 0.204961 0.183084 0.207398 0.195251 0.180143
1256250 0.191938 0.207225 0.19439 0.00430948 0.018128 0.0411616 0.191665 0.206076 0.190065 0.192137 0.208059 0.197531
1256250 0.190403 0.208424 0.200262 -0.0125478 -0.000482685 0.016572 0.192137 0.208059 0.197531 0.1869 0.209162 0.20578
1256250 0.192789 0.211168 0.203652 9.30951 3.66259 -5.23878 0.1869 0.209162 0.20578 0.197061 0.212623 0.202108
1256250 0.182855 0.212138 0.201532 0.000531029 -0.000303655 0.000679381 0.180969 0.213525 0.199553 0.1869 0.209162 0.20578
1256250 0.193812 0.206472 0.199828 -0.0 -0.0 0.0 0.192137 0.208059 0.197531 0.195385 0.204982 0.201986
1256250 0.212903 0.205559 0.198202 -0.0 -0.0 -0.0 0.214191 0.205412 0.195469 0.211615 0.205706 0.200938
1256250 0.212982 0.217034 0.209265 -1.16707 2.85626 -1.30659 0.214373 0.214454 0.210101 0.21151 0.219764 0.208381
1256250 0.208579 0.201697 0.188334 1.13793 -0.252265 0.035121 0.205305 0.201909 0.188367 0.213806 0.201358 0.188281
1256250 0.215545 0.212691 0.212294 1.44503 -2.1203 1.92869 0.214373 0.214454 0.210101 0.217863 0.209204 0.216631
1256250 0.201935 0.217283 0.198263 -0.000438218 0.000884767 0.00023814 0.203736 0.21471 0.19729 0.199852 0.22026 0.199389
1256250 0.210418 0.204005 0.191275 0.230234 -0.234079 -0.177256 0.208259 0.205692 0.193184 0.213806 0.201358 0.188281
1256250 0.218719 0.212949 0.199404 -0.626007 -1.6519 2.21187 0.219056 0.215028 0.196094 0.218255 0.210078 0.203978
1256250 0.180238 0.211806 0.197223 0.0 0.0 0.0 0.180969 0.213525 0.199553 0.179336 0.209038 0.1943
1256250 0.181525 0.214709 0.19678 0.00122545 0.00328734 -0.00518958 0.180969 0.213525 0.199553 0.182268 0.216294 0.193071
1256250 0.182149 0.216139 0.201307 0.0 0.0 0.0 0.180969 0.213525 0.199553 0.183641 0.218801 0.203493
1256250 0.187666 0.203518 0.184877 0.0 0.0 0.0 0.19108 0.202992 0.182588 0.183747 0.203527 0.18751
1256250 0.181712 0.206462 0.195275 0.0 0.0 0.0 0.179336 0.209038 0.1943 0.184833 0.202454 0.196557
1256250 0.18756 0.205031 0.188738 0.0 0.0 0.0 0.191665 0.206076 0.190065 0.183747 0.203527 0.18751
1256250 0.180944 0.20624 0.199358 0.0 0.0 0.0 0.178576 0.208101 0.201062 0.184833 0.202454 0.196557
1256250 0.18183 0.201839 0.200502 0.0 0.0 0.0 0.178714 0.200643 0.2046 0.184833 0.202454 0.196557
1256250 0.182328 0.20468 0.205121 0.0 0.0 0.0 0.1869 0.209162 0.20578 0.178714 0.200643 0.2046
1256250 0.185718 0.215911 0.190922 0.0 0.0 0.0 0.189626 0.214897 0.188471 0.182268 0.216294 0.193071
1256250 0.186396 0.217942 0.200823 0.0 0.0 0.0 0.183641 0.218801 0.203493 0.1897 0.216332 0.197621
1256250 0.19421 0.203216 0.204656 0.0 0.0 0.0 0.195385 0.204982 0.201986 0.192447 0.199887 0.208663
1256250 0.190167 0.20397 0.207477 0.0 0.0 0.0 0.1869 0.209162 0.20578 0.192447 0.199887 0.208663
1256250 0.196564 0.200937 0.218986 0.0 0.0 0.0 0.195616 0.202609 0.223235 0.197335 0.199076 0.215509
1256250 0.190147 0.203779 0.217081 0.0 0.0 0.0 0.193239 0.206388 0.215154 0.186255 0.199873 0.219508
1256250 0.189229 0.207952 0.186383 0.0 0.0 0.0 0.191665 0.206076 0.190065 0.187372 0.208897 0.183583
1256250 0.194211 0.20897 0.18746 0.0 0.0 0.0 0.191665 0.206076 0.190065 0.196385 0.210935 0.185248
1256250 0.190666 0.210679 0.189281 0.0 0.0 0.0 0.191665 0.206076 0.190065 0.189626 0.214897 0.188471
1256250 0.1955 0.205143 0.192317 0.0 0.0 0.0 0.191665 0.206076 0.190065 0.200052 0.20344 0.195001
1256250 0.188441 0.20464 0.193126 0.0 0.0 0.0 0.191665 0.206076 0.190065 0.184833 0.202454 0.196557
1256250 0.196611 0.211783 0.189105 0.0 0.0 0.0 0.196856 0.212134 0.193246 0.196385 0.210935 0.185248
1256250 0.189248 0.209382 0.195747 0.0 0.0 0.0 0.18634 0.21019 0.19395 0.192137 0.208059 0.197531
1256250 0.194217 0.210122 0.19564 0.0 0.0 0.0 0.192137 0.208059 0.197531 0.196856 0.212134 0.193246
1256250 0.195138 0.206567 0.196568 0.0 0.0 0.0 0.192137 0.208059 0.197531 0.200052 0.20344 0.195001
1256250 0.189259 0.206114 0.197147 0.0 0.0 0.0 0.192137 0.208059 0.197531 0.184833 0.202454 0.196557
1256250 0.193464 0.2137 0.191011 0.0 0.0 0.0 0.196856 0.212134 0.193246 0.189626 0.214897 0.188471
1256250 0.19413 0.210171 0.199389 0.0 0.0 0.0 0.192137 0.208059 0.197531 0.197061 0.212623 0.202108
1256250 0.197088 0.204689 0.199437 0.0 0.0 0.0 0.195385 0.204982 0.201986 0.200052 0.20344 0.195001
1256250 0.195462 0.21509 0.183712 0.0 0.0 0.0 0.194293 0.219734 0.181781 0.196385 0.210935 0.185248
1256250 0.191125 0.211738 0.197569 0.0 0.0 0.0 0.192137 0.208059 0.197531 0.1897 0.216332 0.197621
1256250 0.193485 0.214377 0.195312 0.0 0.0 0.0 0.196856 0.212134 0.193246 0.1897 0.216332 0.197621
1256250 0.19376 0.218006 0.189734 0.0 0.0 0.0 0.19799 0.220655 0.191031 0.189626 0.214897 0.188471
1256250 0.200931 0.198217 0.197353 0.0 0.0 0.0 0.200052 0.20344 0.195001 0.201684 0.193263 0.199361
1256250 0.198644 0.212909 0.182068 0.0 0.0 0.0 0.201278 0.214627 0.17837 0.196385 0.210935 0.185248
1256250 0.200382 0.212906 0.191188 0.0 0.0 0.0 0.196856 0.212134 0.193246 0.205759 0.213408 0.188045
1256250 0.200681 0.213833 0.195493 0.0 0.0 0.0 0.196856 0.212134 0.193246 0.203736 0.21471 0.19729
1256250 0.205098 0.205092 0.193883 0.0 0.0 0.0 0.208259 0.205692 0.193184 0.200052 0.20344 0.195001
1256250 0.202788 0.206667 0.198541 0.0 0.0 0.0 0.200052 0.20344 0.195001 0.204857 0.208636 0.201225
1256250 0.200923 0.202466 0.200285 0.0 0.0 0.0 0.200052 0.20344 0.195001 0.20179 0.20095 0.205565
1256250 0.19491 0.206831 0.210828 0.0 0.0 0.0 0.193239 0.206388 0.215154 0.19604 0.206677 0.207901
1256250 0.190618 0.207803 0.21128 0.0 0.0 0.0 0.193239 0.206388 0.215154 0.1869 0.209162 0.20578
1256250 0.196445 0.209304 0.205609 0.0 0.0 0.0 0.19604 0.206677 0.207901 0.197061 0.212623 0.202108
1256250 0.192691 0.206578 0.203192 0.0 0.0 0.0 0.1869 0.209162 0.20578 0.195385 0.204982 0.201986
1256250 0.196843 0.208352 0.218682 0.0 0.0 0.0 0.193239 0.206388 0.215154 0.199496 0.209331 0.221273
1256250 0.188545 0.213638 0.20099 0.0 0.0 0.0 0.1869 0.209162 0.20578 0.1897 0.216332 0.197621
1256250 0.189736 0.215379 0.206043 0.0 0.0 0.0 0.1918 0.219433 0.206229 0.1869 0.209162 0.20578
1256250 0.195314 0.216656 0.208883 0.0 0.0 0.0 0.198964 0.213231 0.211628 0.1918 0.219433 0.206229
1256250 0.194452 0.214747 0.213566 0.0 0.0 0.0 0.198964 0.213231 0.211628 0.189238 0.215927 0.215792
1256250 0.201018 0.214126 0.199255 0.0 0.0 0.0 0.197061 0.212623 0.202108 0.203736 0.21471 0.19729
1256250 0.198325 0.205628 0.216032 0.0 0.0 0.0 0.193239 0.206388 0.215154 0.202599 0.204489 0.216766
1256250 0.202134 0.215254 0.208203 0.0 0.0 0.0 0.198964 0.213231 0.211628 0.205115 0.21664 0.204965
1256250 0.199396 0.2039 0.219738 0.0 0.0 0.0 0.202599 0.204489 0.216766 0.195616 0.202609 0.223235
1256250 0.195129 0.216927 0.218267 0.0 0.0 0.0 0.199844 0.217245 0.220236 0.189238 0.215927 0.215792
1256250 0.20599 0.200012 0.185681 0.0 0.0 0.0 0.205305 0.201909 0.188367 0.207398 0.195251 0.180143
1256250 0.20173 0.197076 0.202215 0.0 0.0 0.0 0.20179 0.20095 0.205565 0.201684 0.193263 0.199361
1256250 0.216268 0.198311 0.196897 0.0 0.0 0.0 0.21796 0.200793 0.200219 0.215126 0.196177 0.194663
1256250 0.213387 0.200268 0.199094 0.0 0.0 0.0 0.21796 0.200793 0.200219 0.208673 0.199172 0.197928
1256250 0.209156 0.198475 0.205969 0.0 0.0 0.0 0.210185 0.201569 0.205241 0.207742 0.193593 0.206966
1256250 0.20712 0.202861 0.212084 0.0 0.0 0.0 0.208223 0.208406 0.210223 0.206332 0.198474 0.213399
1256250 0.208156 0.199966 0.216692 0.0 0.0 0.0 0.210712 0.201406 0.221325 0.206332 0.198474 0.213399
1256250 0.202763 0.209219 0.183435 0.0 0.0 0.0 0.205759 0.213408 0.188045 0.200475 0.205554 0.17993
1256250 0.207193 0.208189 0.184816 0.0 0.0 0.0 0.207963 0.204961 0.183084 0.205759 0.213408 0.188045
1256250 0.211201 0.211172 0.184728 0.0 0.0 0.0 0.205759 0.213408 0.188045 0.2152 0.209062 0.182299
1256250 0.207186 0.211755 0.182198 0.0 0.0 0.0 0.205759 0.213408 0.188045 0.20797 0.210421 0.178971
1256250 0.209571 0.208695 0.194851 0.0 0.0 0.0 0.208259 0.205692 0.193184 0.211269 0.211981 0.197026
1256250 0.206773 0.204054 0.190752 0.0 0.0 0.0 0.208259 0.205692 0.193184 0.205305 0.201909 0.188367
1256250 0.209016 0.212828 0.193344 0.0 0.0 0.0 0.205759 0.213408 0.188045 0.211269 0.211981 0.197026
1256250 0.206989 0.213799 0.197168 0.0 0.0 0.0 0.203736 0.21471 0.19729 0.211269 0.211981 0.197026
1256250 0.211479 0.20855 0.199323 0.0 0.0 0.0 0.211269 0.211981 0.197026 0.211615 0.205706 0.200938
1256250 0.214203 0.215678 0.19174 0.0 0.0 0.0 0.21536 0.211809 0.190129 0.212959 0.219276 0.193481
1256250 0.210176 0.217269 0.19137 0.0 0.0 0.0 0.205759 0.213408 0.188045 0.212959 0.219276 0.193481
1256250 0.204311 0.215775 0.200455 0.0 0.0 0.0 0.205115 0.21664 0.204965 0.203736 0.21471 0.19729
1256250 0.217155 0.213636 0.193015 0.0 0.0 0.0 0.219056 0.215028 0.196094 0.21536 0.211809 0.190129
1256250 0.215358 0.213848 0.19653 0.0 0.0 0.0 0.219056 0.215028 0.196094 0.211269 0.211981 0.197026
1256250 0.214382 0.211406 0.200111 0.0 0.0 0.0 0.218255 0.210078 0.203978 0.211269 0.211981 0.197026
1256250 0.208726 0.20723 0.201061 0.0 0.0 0.0 0.211615 0.205706 0.200938 0.204857 0.208636 0.201225
1256250 0.21091 0.203665 0.20306 0.00205704 0.0167007 -0.0151857 0.210185 0.201569 0.205241 0.211615 0.205706 0.200938
1256250 0.204934 0.204862 0.20784 0.0 0.0 0.0 0.208223 0.208406 0.210223 0.20179 0.20095 0.205565
1256250 0.207307 0.214082 0.212467 0.0 0.0 0.0 0.208223 0.208406 0.210223 0.206567 0.218131 0.214253
1256250 0.204979 0.212615 0.20296 0.0 0.0 0.0 0.205115 0.21664 0.204965 0.204857 0.208636 0.201225
1256250 0.212079 0.20381 0.210768 0.0 0.0 0.0 0.208223 0.208406 0.210223 0.216556 0.197867 0.211398
1256250 0.214009 0.207541 0.202026 0.0 0.0 0.0 0.218255 0.210078 0.203978 0.211615 0.205706 0.200938
1256250 0.214142 0.204025 0.200652 0.0 0.0 0.0 0.21796 0.200793 0.200219 0.211615 0.205706 0.200938
1256250 0.213325 0.209529 0.207059 0.0 0.0 0.0 0.208223 0.208406 0.210223 0.218255 0.210078 0.203978
1256250 0.215921 0.217258 0.210848 0.0 0.0 0.0 0.214373 0.214454 0.210101 0.218067 0.220529 0.211887
1256250 0.204763 0.207737 0.218303 0.0 0.0 0.0 0.202599 0.204489 0.216766 0.2074 0.211103 0.220175
1256250 0.205956 0.20349 0.218651 0.0 0.0 0.0 0.202599 0.204489 0.216766 0.210712 0.201406 0.221325
1256250 0.205859 0.217674 0.209723 0.0 0.0 0.0 0.206567 0.218131 0.214253 0.205115 0.21664 0.204965
1256250 0.209941 0.217881 0.203201 0.0 0.0 0.0 0.214254 0.21849 0.201626 0.205115 0.21664 0.204965
1256250 0.216004 0.215095 0.202649 0.0 0.0 0.0 0.214254 0.21849 0.201626 0.218255 0.210078 0.203978
1256250 0.217382 0.199855 0.204858 0.0 0.0 0.0 0.21796 0.200793 0.200219 0.216556 0.197867 0.211398
