0.0000000000e+00 0.0000000000e+00 0.0000000000e+00  
0.0000000000e+00 -6.0366106765e+03 0.0000000000e+00  
0.0000000000e+00 -2.8792583104e+03 0.0000000000e+00  
0.0000000000e+00 -1.2879163992e+03 0.0000000000e+00  
0.0000000000e+00 -7.8124682683e+02 0.0000000000e+00  
0.0000000000e+00 -1.4092364958e+03 0.0000000000e+00  
0.0000000000e+00 -3.2155684276e+03 0.0000000000e+00  
0.0000000000e+00 -5.1491592789e+03 0.0000000000e+00  
0.0000000000e+00 -6.0202900755e+03 0.0000000000e+00  
0.0000000000e+00 -5.1029330797e+03 0.0000000000e+00  
0.0000000000e+00 -3.2014529214e+03 0.0000000000e+00  
0.0000000000e+00 -1.7440891093e+03 0.0000000000e+00  
0.0000000000e+00 -1.2269763521e+03 0.0000000000e+00  
0.0000000000e+00 -1.6281280216e+03 0.0000000000e+00  
0.0000000000e+00 -2.9923593992e+03 0.0000000000e+00  
0.0000000000e+00 -4.6335242194e+03 0.0000000000e+00  
0.0000000000e+00 -5.3668497877e+03 0.0000000000e+00  
0.0000000000e+00 -4.6610206845e+03 0.0000000000e+00  
0.0000000000e+00 -3.2568403427e+03 0.0000000000e+00  
0.0000000000e+00 -2.2960722923e+03 0.0000000000e+00  
0.0000000000e+00 -2.2188148050e+03 0.0000000000e+00  
0.0000000000e+00 -3.1097711006e+03 0.0000000000e+00  
0.0000000000e+00 -4.6221714332e+03 0.0000000000e+00  
0.0000000000e+00 -5.6969314040e+03 0.0000000000e+00  
0.0000000000e+00 -5.5749404427e+03 0.0000000000e+00  
0.0000000000e+00 -4.5359059546e+03 0.0000000000e+00  
0.0000000000e+00 -3.5910301757e+03 0.0000000000e+00  
0.0000000000e+00 -3.4797670278e+03 0.0000000000e+00  
0.0000000000e+00 -4.3892166155e+03 0.0000000000e+00  
0.0000000000e+00 -5.8595876864e+03 0.0000000000e+00  
0.0000000000e+00 -6.8377999565e+03 0.0000000000e+00  
0.0000000000e+00 -6.7702893971e+03 0.0000000000e+00  
0.0000000000e+00 -5.9149567473e+03 0.0000000000e+00  
0.0000000000e+00 -5.1837603315e+03 0.0000000000e+00  
0.0000000000e+00 -5.2969039559e+03 0.0000000000e+00  
0.0000000000e+00 -6.3463170194e+03 0.0000000000e+00  
0.0000000000e+00 -7.6869455121e+03 0.0000000000e+00  
0.0000000000e+00 -8.4169595411e+03 0.0000000000e+00  
0.0000000000e+00 -8.2589252486e+03 0.0000000000e+00  
0.0000000000e+00 -7.5669081143e+03 0.0000000000e+00  
0.0000000000e+00 -7.1699094292e+03 0.0000000000e+00  
0.0000000000e+00 -7.6037010841e+03 0.0000000000e+00  
0.0000000000e+00 -8.7424216676e+03 0.0000000000e+00  
0.0000000000e+00 -9.8541136047e+03 0.0000000000e+00  
0.0000000000e+00 -1.0326946235e+04 0.0000000000e+00  
0.0000000000e+00 -1.0092682267e+04 0.0000000000e+00  
0.0000000000e+00 -9.6390819830e+03 0.0000000000e+00  
0.0000000000e+00 -9.6417260455e+03 0.0000000000e+00  
0.0000000000e+00 -1.0361063821e+04 0.0000000000e+00  
0.0000000000e+00 -1.1456627399e+04 0.0000000000e+00  
0.0000000000e+00 -1.2322234057e+04 0.0000000000e+00  
0.0000000000e+00 -1.2589911227e+04 0.0000000000e+00  
0.0000000000e+00 -1.2374819526e+04 0.0000000000e+00  
0.0000000000e+00 -1.2223444566e+04 0.0000000000e+00  
0.0000000000e+00 -1.2580925306e+04 0.0000000000e+00  
0.0000000000e+00 -1.3479959258e+04 0.0000000000e+00  
0.0000000000e+00 -1.4497552923e+04 0.0000000000e+00  
0.0000000000e+00 -1.5143924131e+04 0.0000000000e+00  
0.0000000000e+00 -1.5275445605e+04 0.0000000000e+00  
0.0000000000e+00 -1.5192287963e+04 0.0000000000e+00  
0.0000000000e+00 -1.5359507556e+04 0.0000000000e+00  
0.0000000000e+00 -1.6038895480e+04 0.0000000000e+00  
0.0000000000e+00 -1.7050889573e+04 0.0000000000e+00  
0.0000000000e+00 -1.7942270773e+04 0.0000000000e+00  
0.0000000000e+00 -1.8397075026e+04 0.0000000000e+00  
0.0000000000e+00 -1.8483156609e+04 0.0000000000e+00  
0.0000000000e+00 -1.8600434354e+04 0.0000000000e+00  
0.0000000000e+00 -1.9121184741e+04 0.0000000000e+00  
0.0000000000e+00 -2.0059392431e+04 0.0000000000e+00  
0.0000000000e+00 -2.1064349070e+04 0.0000000000e+00  
0.0000000000e+00 -2.1750796818e+04 0.0000000000e+00  
0.0000000000e+00 -2.2039745622e+04 0.0000000000e+00  
0.0000000000e+00 -2.2206982634e+04 0.0000000000e+00  
0.0000000000e+00 -2.2652051089e+04 0.0000000000e+00  
0.0000000000e+00 -2.3514195782e+04 0.0000000000e+00  
0.0000000000e+00 -2.4564406968e+04 0.0000000000e+00  
0.0000000000e+00 -2.5426287659e+04 0.0000000000e+00  
0.0000000000e+00 -2.5914809484e+04 0.0000000000e+00  
0.0000000000e+00 -2.6188300738e+04 0.0000000000e+00  
0.0000000000e+00 -2.6619930038e+04 0.0000000000e+00  
0.0000000000e+00 -2.7439618723e+04 0.0000000000e+00  
0.0000000000e+00 -2.8515480734e+04 0.0000000000e+00  
0.0000000000e+00 -2.9504185651e+04 0.0000000000e+00  
0.0000000000e+00 -3.0151627455e+04 0.0000000000e+00  
0.0000000000e+00 -3.0546716656e+04 0.0000000000e+00  
0.0000000000e+00 -3.1020674271e+04 0.0000000000e+00  
0.0000000000e+00 -3.1830091651e+04 0.0000000000e+00  
0.0000000000e+00 -3.2939075268e+04 0.0000000000e+00  
0.0000000000e+00 -3.4011873492e+04 0.0000000000e+00  
0.0000000000e+00 -3.4775824901e+04 0.0000000000e+00  
0.0000000000e+00 -3.5270928813e+04 0.0000000000e+00  
0.0000000000e+00 -3.5806891708e+04 0.0000000000e+00  
0.0000000000e+00 -3.6674035876e+04 0.0000000000e+00  
0.0000000000e+00 -3.7827781765e+04 0.0000000000e+00  
0.0000000000e+00 -3.8971698878e+04 0.0000000000e+00  
0.0000000000e+00 -3.9818885560e+04 0.0000000000e+00  
0.0000000000e+00 -4.0412459535e+04 0.0000000000e+00  
0.0000000000e+00 -4.1054888446e+04 0.0000000000e+00  
0.0000000000e+00 -4.2010639736e+04 0.0000000000e+00  
0.0000000000e+00 -4.3230933857e+04 0.0000000000e+00  
0.0000000000e+00 -4.4425453611e+04 0.0000000000e+00  
0.0000000000e+00 -4.5327396441e+04 0.0000000000e+00  
0.0000000000e+00 -4.6023402604e+04 0.0000000000e+00  
0.0000000000e+00 -4.6773726309e+04 0.0000000000e+00  
0.0000000000e+00 -4.7820085220e+04 0.0000000000e+00  
0.0000000000e+00 -4.9098134179e+04 0.0000000000e+00  
0.0000000000e+00 -5.0348554185e+04 0.0000000000e+00  
0.0000000000e+00 -5.1325801523e+04 0.0000000000e+00  
0.0000000000e+00 -5.2098478300e+04 0.0000000000e+00  
0.0000000000e+00 -5.2963517239e+04 0.0000000000e+00  
0.0000000000e+00 -5.4131830496e+04 0.0000000000e+00  
0.0000000000e+00 -5.5508114117e+04 0.0000000000e+00  
0.0000000000e+00 -5.6785539458e+04 0.0000000000e+00  
0.0000000000e+00 -5.7778360389e+04 0.0000000000e+00  
0.0000000000e+00 -5.8633894701e+04 0.0000000000e+00  
0.0000000000e+00 -5.9648592510e+04 0.0000000000e+00  
0.0000000000e+00 -6.0977259629e+04 0.0000000000e+00  
0.0000000000e+00 -6.2427616759e+04 0.0000000000e+00  
0.0000000000e+00 -6.3713666618e+04 0.0000000000e+00  
0.0000000000e+00 -6.4734740982e+04 0.0000000000e+00  
0.0000000000e+00 -6.5685421630e+04 0.0000000000e+00  
0.0000000000e+00 -6.6529448561e+04 0.0000000000e+00  
0.0000000000e+00 -6.5728293194e+04 0.0000000000e+00  
0.0000000000e+00 -6.3441981812e+04 0.0000000000e+00  
0.0000000000e+00 -6.1603790141e+04 0.0000000000e+00  
0.0000000000e+00 -6.1573944532e+04 0.0000000000e+00  
0.0000000000e+00 -6.2678748046e+04 0.0000000000e+00  
0.0000000000e+00 -6.3043427047e+04 0.0000000000e+00  
0.0000000000e+00 -6.1728818360e+04 0.0000000000e+00  
0.0000000000e+00 -5.9717892008e+04 0.0000000000e+00  
0.0000000000e+00 -5.8731697163e+04 0.0000000000e+00  
0.0000000000e+00 -5.9260199418e+04 0.0000000000e+00  
0.0000000000e+00 -6.0133658376e+04 0.0000000000e+00  
0.0000000000e+00 -5.9868893449e+04 0.0000000000e+00  
0.0000000000e+00 -5.8282589422e+04 0.0000000000e+00  
0.0000000000e+00 -5.6675285356e+04 0.0000000000e+00  
0.0000000000e+00 -5.6299562611e+04 0.0000000000e+00  
0.0000000000e+00 -5.6982502539e+04 0.0000000000e+00  
0.0000000000e+00 -5.7446717822e+04 0.0000000000e+00  
0.0000000000e+00 -5.6681419374e+04 0.0000000000e+00  
0.0000000000e+00 -5.5053691448e+04 0.0000000000e+00  
0.0000000000e+00 -5.3872459484e+04 0.0000000000e+00  
0.0000000000e+00 -5.3861377456e+04 0.0000000000e+00  
0.0000000000e+00 -5.4457182198e+04 0.0000000000e+00  
0.0000000000e+00 -5.4499771770e+04 0.0000000000e+00  
0.0000000000e+00 -5.3420110564e+04 0.0000000000e+00  
0.0000000000e+00 -5.1906699774e+04 0.0000000000e+00  
0.0000000000e+00 -5.1073494791e+04 0.0000000000e+00  
0.0000000000e+00 -5.1210026827e+04 0.0000000000e+00  
0.0000000000e+00 -5.1625117425e+04 0.0000000000e+00  
0.0000000000e+00 -5.1318546639e+04 0.0000000000e+00  
0.0000000000e+00 -5.0080667658e+04 0.0000000000e+00  
0.0000000000e+00 -4.8719768266e+04 0.0000000000e+00  
0.0000000000e+00 -4.8101656443e+04 0.0000000000e+00  
0.0000000000e+00 -4.8282369237e+04 0.0000000000e+00  
0.0000000000e+00 -4.8491245624e+04 0.0000000000e+00  
0.0000000000e+00 -4.7926821899e+04 0.0000000000e+00  
0.0000000000e+00 -4.6626891075e+04 0.0000000000e+00  
0.0000000000e+00 -4.5414895619e+04 0.0000000000e+00  
0.0000000000e+00 -4.4933145608e+04 0.0000000000e+00  
0.0000000000e+00 -4.5078126815e+04 0.0000000000e+00  
0.0000000000e+00 -4.5094076210e+04 0.0000000000e+00  
0.0000000000e+00 -4.4362257412e+04 0.0000000000e+00  
0.0000000000e+00 -4.3068445637e+04 0.0000000000e+00  
0.0000000000e+00 -4.1960071488e+04 0.0000000000e+00  
0.0000000000e+00 -4.1538681874e+04 0.0000000000e+00  
0.0000000000e+00 -4.1609830265e+04 0.0000000000e+00  
0.0000000000e+00 -4.1473927176e+04 0.0000000000e+00  
0.0000000000e+00 -4.0651407402e+04 0.0000000000e+00  
0.0000000000e+00 -3.9382202897e+04 0.0000000000e+00  
0.0000000000e+00 -3.8329592058e+04 0.0000000000e+00  
0.0000000000e+00 -3.7912331007e+04 0.0000000000e+00  
0.0000000000e+00 -3.7898639615e+04 0.0000000000e+00  
0.0000000000e+00 -3.7655316398e+04 0.0000000000e+00  
0.0000000000e+00 -3.6793465493e+04 0.0000000000e+00  
0.0000000000e+00 -3.5558378109e+04 0.0000000000e+00  
0.0000000000e+00 -3.4539226839e+04 0.0000000000e+00  
0.0000000000e+00 -3.4085764712e+04 0.0000000000e+00  
0.0000000000e+00 -3.3983853633e+04 0.0000000000e+00  
0.0000000000e+00 -3.3681739530e+04 0.0000000000e+00  
0.0000000000e+00 -3.2833713632e+04 0.0000000000e+00  
0.0000000000e+00 -3.1630901582e+04 0.0000000000e+00  
0.0000000000e+00 -3.0613325159e+04 0.0000000000e+00  
0.0000000000e+00 -3.0092882726e+04 0.0000000000e+00  
0.0000000000e+00 -2.9906289877e+04 0.0000000000e+00  
0.0000000000e+00 -2.9577287716e+04 0.0000000000e+00  
0.0000000000e+00 -2.8772451542e+04 0.0000000000e+00  
0.0000000000e+00 -2.7628487375e+04 0.0000000000e+00  
0.0000000000e+00 -2.6601493737e+04 0.0000000000e+00  
0.0000000000e+00 -2.5993446537e+04 0.0000000000e+00  
0.0000000000e+00 -2.5714125729e+04 0.0000000000e+00  
0.0000000000e+00 -2.5384121737e+04 0.0000000000e+00  
0.0000000000e+00 -2.4677634811e+04 0.0000000000e+00  
0.0000000000e+00 -2.3641049647e+04 0.0000000000e+00  
0.0000000000e+00 -2.2607389967e+04 0.0000000000e+00  
0.0000000000e+00 -2.1895849715e+04 0.0000000000e+00  
0.0000000000e+00 -2.1520829885e+04 0.0000000000e+00  
0.0000000000e+00 -2.1202690931e+04 0.0000000000e+00  
0.0000000000e+00 -2.0631384981e+04 0.0000000000e+00  
0.0000000000e+00 -1.9743648858e+04 0.0000000000e+00  
0.0000000000e+00 -1.8756155438e+04 0.0000000000e+00  
0.0000000000e+00 -1.7958401018e+04 0.0000000000e+00  
0.0000000000e+00 -1.7461234931e+04 0.0000000000e+00  
0.0000000000e+00 -1.7124757694e+04 0.0000000000e+00  
0.0000000000e+00 -1.6692297640e+04 0.0000000000e+00  
0.0000000000e+00 -1.6013534162e+04 0.0000000000e+00  
0.0000000000e+00 -1.5157607747e+04 0.0000000000e+00  
0.0000000000e+00 -1.4342312960e+04 0.0000000000e+00  
0.0000000000e+00 -1.3729690394e+04 0.0000000000e+00  
0.0000000000e+00 -1.3306184286e+04 0.0000000000e+00  
0.0000000000e+00 -1.2951043750e+04 0.0000000000e+00  
0.0000000000e+00 -1.2494656258e+04 0.0000000000e+00  
0.0000000000e+00 -1.1873480878e+04 0.0000000000e+00  
0.0000000000e+00 -1.1165696298e+04 0.0000000000e+00  
0.0000000000e+00 -1.0511236501e+04 0.0000000000e+00  
0.0000000000e+00 -9.9934892364e+03 0.0000000000e+00  
0.0000000000e+00 -9.6021591892e+03 0.0000000000e+00  
0.0000000000e+00 -9.2530237874e+03 0.0000000000e+00  
0.0000000000e+00 -8.8564182337e+03 0.0000000000e+00  
0.0000000000e+00 -8.3781241832e+03 0.0000000000e+00  
0.0000000000e+00 -7.8497101591e+03 0.0000000000e+00  
0.0000000000e+00 -7.3371179218e+03 0.0000000000e+00  
0.0000000000e+00 -6.8782776055e+03 0.0000000000e+00  
0.0000000000e+00 -6.4790688897e+03 0.0000000000e+00  
0.0000000000e+00 -6.1256710678e+03 0.0000000000e+00  
0.0000000000e+00 -5.7976882540e+03 0.0000000000e+00  
0.0000000000e+00 -5.4603767550e+03 0.0000000000e+00  
0.0000000000e+00 -5.0996994049e+03 0.0000000000e+00  
0.0000000000e+00 -4.7292958731e+03 0.0000000000e+00  
0.0000000000e+00 -4.3495933603e+03 0.0000000000e+00  
0.0000000000e+00 -3.9756645981e+03 0.0000000000e+00  
0.0000000000e+00 -3.6274102699e+03 0.0000000000e+00  
0.0000000000e+00 -3.3044720260e+03 0.0000000000e+00  
0.0000000000e+00 -3.0073850704e+03 0.0000000000e+00  
0.0000000000e+00 -2.7271365610e+03 0.0000000000e+00  
0.0000000000e+00 -2.4556709428e+03 0.0000000000e+00  
0.0000000000e+00 -2.1863511496e+03 0.0000000000e+00  
0.0000000000e+00 -1.9178623525e+03 0.0000000000e+00  
0.0000000000e+00 -1.6539058323e+03 0.0000000000e+00  
0.0000000000e+00 -1.3988691453e+03 0.0000000000e+00  
0.0000000000e+00 -1.1456062550e+03 0.0000000000e+00  
0.0000000000e+00 -9.0185972128e+02 0.0000000000e+00  
0.0000000000e+00 -7.2552211642e+02 0.0000000000e+00  
0.0000000000e+00 -9.3844530401e+02 0.0000000000e+00  
0.0000000000e+00 -1.5387451978e+03 0.0000000000e+00  
0.0000000000e+00 -2.1418644343e+03 0.0000000000e+00  
0.0000000000e+00 -2.4960484373e+03 0.0000000000e+00  
0.0000000000e+00 -2.4562641521e+03 0.0000000000e+00  
0.0000000000e+00 -2.0432327024e+03 0.0000000000e+00  
0.0000000000e+00 -1.5890688265e+03 0.0000000000e+00  
0.0000000000e+00 -1.3663574726e+03 0.0000000000e+00  
0.0000000000e+00 -1.4637964956e+03 0.0000000000e+00  
0.0000000000e+00 -1.8673648615e+03 0.0000000000e+00  
0.0000000000e+00 -2.3836635237e+03 0.0000000000e+00  
0.0000000000e+00 -2.7057594778e+03 0.0000000000e+00  
0.0000000000e+00 -2.6942424507e+03 0.0000000000e+00  
0.0000000000e+00 -2.4217911254e+03 0.0000000000e+00  
0.0000000000e+00 -2.1289295094e+03 0.0000000000e+00  
0.0000000000e+00 -2.0471262995e+03 0.0000000000e+00  
0.0000000000e+00 -2.2925876685e+03 0.0000000000e+00  
0.0000000000e+00 -2.7692992183e+03 0.0000000000e+00  
0.0000000000e+00 -3.1916388211e+03 0.0000000000e+00  
0.0000000000e+00 -3.3819092455e+03 0.0000000000e+00  
0.0000000000e+00 -3.3261973108e+03 0.0000000000e+00  
0.0000000000e+00 -3.1221697022e+03 0.0000000000e+00  
0.0000000000e+00 -2.9952436484e+03 0.0000000000e+00  
0.0000000000e+00 -3.1202383510e+03 0.0000000000e+00  
0.0000000000e+00 -3.4976887705e+03 0.0000000000e+00  
0.0000000000e+00 -3.9345949013e+03 0.0000000000e+00  
0.0000000000e+00 -4.2356925832e+03 0.0000000000e+00  
0.0000000000e+00 -4.3347003633e+03 0.0000000000e+00  
0.0000000000e+00 -4.2708357270e+03 0.0000000000e+00  
0.0000000000e+00 -4.1934537649e+03 0.0000000000e+00  
0.0000000000e+00 -4.2775106754e+03 0.0000000000e+00  
0.0000000000e+00 -4.5808325056e+03 0.0000000000e+00  
0.0000000000e+00 -4.9923017171e+03 0.0000000000e+00  
0.0000000000e+00 -5.3533788008e+03 0.0000000000e+00  
0.0000000000e+00 -5.5682955894e+03 0.0000000000e+00  
0.0000000000e+00 -5.6319489755e+03 0.0000000000e+00  
0.0000000000e+00 -5.6452095376e+03 0.0000000000e+00  
0.0000000000e+00 -5.7544533616e+03 0.0000000000e+00  
0.0000000000e+00 -6.0373899718e+03 0.0000000000e+00  
0.0000000000e+00 -6.4413491570e+03 0.0000000000e+00  
0.0000000000e+00 -6.8455928024e+03 0.0000000000e+00  
0.0000000000e+00 -7.1397300007e+03 0.0000000000e+00  
0.0000000000e+00 -7.3046653823e+03 0.0000000000e+00  
0.0000000000e+00 -7.4155816475e+03 0.0000000000e+00  
0.0000000000e+00 -7.5945841554e+03 0.0000000000e+00  
0.0000000000e+00 -7.9149051656e+03 0.0000000000e+00  
0.0000000000e+00 -8.3462421650e+03 0.0000000000e+00  
0.0000000000e+00 -8.7836539322e+03 0.0000000000e+00  
0.0000000000e+00 -9.1403691483e+03 0.0000000000e+00  
0.0000000000e+00 -9.3923842927e+03 0.0000000000e+00  
0.0000000000e+00 -9.6095242831e+03 0.0000000000e+00  
0.0000000000e+00 -9.8876811672e+03 0.0000000000e+00  
0.0000000000e+00 -1.0280738175e+04 0.0000000000e+00  
0.0000000000e+00 -1.0763267519e+04 0.0000000000e+00  
0.0000000000e+00 -1.1247571129e+04 0.0000000000e+00  
0.0000000000e+00 -1.1657837017e+04 0.0000000000e+00  
0.0000000000e+00 -1.1987626252e+04 0.0000000000e+00  
0.0000000000e+00 -1.2302532584e+04 0.0000000000e+00  
0.0000000000e+00 -1.2687266342e+04 0.0000000000e+00  
0.0000000000e+00 -1.3174065026e+04 0.0000000000e+00  
0.0000000000e+00 -1.3726863494e+04 0.0000000000e+00  
0.0000000000e+00 -1.4260916096e+04 0.0000000000e+00  
0.0000000000e+00 -1.4721230294e+04 0.0000000000e+00  
0.0000000000e+00 -1.5124769160e+04 0.0000000000e+00  
0.0000000000e+00 -1.5548141550e+04 0.0000000000e+00  
0.0000000000e+00 -1.6053605382e+04 0.0000000000e+00  
0.0000000000e+00 -1.6642996255e+04 0.0000000000e+00  
0.0000000000e+00 -1.7248070728e+04 0.0000000000e+00  
0.0000000000e+00 -1.7826451055e+04 0.0000000000e+00  
0.0000000000e+00 -1.8343988634e+04 0.0000000000e+00  
0.0000000000e+00 -1.8836806465e+04 0.0000000000e+00  
0.0000000000e+00 -1.9374921493e+04 0.0000000000e+00  
0.0000000000e+00 -2.0002479275e+04 0.0000000000e+00  
0.0000000000e+00 -2.0690410775e+04 0.0000000000e+00  
0.0000000000e+00 -2.1379435051e+04 0.0000000000e+00  
0.0000000000e+00 -2.2010623636e+04 0.0000000000e+00  
0.0000000000e+00 -2.2596632281e+04 0.0000000000e+00  
0.0000000000e+00 -2.3201800321e+04 0.0000000000e+00  
0.0000000000e+00 -2.3884312464e+04 0.0000000000e+00  
0.0000000000e+00 -2.4646059843e+04 0.0000000000e+00  
0.0000000000e+00 -2.5423073524e+04 0.0000000000e+00  
0.0000000000e+00 -2.6150748346e+04 0.0000000000e+00  
0.0000000000e+00 -2.6826909396e+04 0.0000000000e+00  
0.0000000000e+00 -2.7518559904e+04 0.0000000000e+00  
0.0000000000e+00 -2.8281704786e+04 0.0000000000e+00  
0.0000000000e+00 -2.9114889023e+04 0.0000000000e+00  
0.0000000000e+00 -2.9972997381e+04 0.0000000000e+00  
0.0000000000e+00 -3.0794717499e+04 0.0000000000e+00  
0.0000000000e+00 -3.1572386055e+04 0.0000000000e+00  
0.0000000000e+00 -3.2352920627e+04 0.0000000000e+00  
0.0000000000e+00 -3.3194221183e+04 0.0000000000e+00  
0.0000000000e+00 -3.4106896724e+04 0.0000000000e+00  
0.0000000000e+00 -3.5041394072e+04 0.0000000000e+00  
0.0000000000e+00 -3.5952393875e+04 0.0000000000e+00  
0.0000000000e+00 -3.6824315663e+04 0.0000000000e+00  
0.0000000000e+00 -3.7697653303e+04 0.0000000000e+00  
0.0000000000e+00 -3.8624021789e+04 0.0000000000e+00  
0.0000000000e+00 -3.9622187378e+04 0.0000000000e+00  
0.0000000000e+00 -4.0646382493e+04 0.0000000000e+00  
0.0000000000e+00 -4.1635944661e+04 0.0000000000e+00  
0.0000000000e+00 -4.2596622031e+04 0.0000000000e+00  
0.0000000000e+00 -4.3564129450e+04 0.0000000000e+00  
0.0000000000e+00 -4.4589638685e+04 0.0000000000e+00  
0.0000000000e+00 -4.5669800039e+04 0.0000000000e+00  
0.0000000000e+00 -4.6768805883e+04 0.0000000000e+00  
0.0000000000e+00 -4.7844137511e+04 0.0000000000e+00  
0.0000000000e+00 -4.8890881778e+04 0.0000000000e+00  
0.0000000000e+00 -4.9947107465e+04 0.0000000000e+00  
0.0000000000e+00 -5.1060134931e+04 0.0000000000e+00  
0.0000000000e+00 -5.2233260754e+04 0.0000000000e+00  
0.0000000000e+00 -5.3419770579e+04 0.0000000000e+00  
0.0000000000e+00 -5.4570879040e+04 0.0000000000e+00  
0.0000000000e+00 -5.5701188123e+04 0.0000000000e+00  
0.0000000000e+00 -5.6862627077e+04 0.0000000000e+00  
0.0000000000e+00 -5.8089108023e+04 0.0000000000e+00  
0.0000000000e+00 -5.9362439165e+04 0.0000000000e+00  
0.0000000000e+00 -6.0636505730e+04 0.0000000000e+00  
0.0000000000e+00 -6.1877959976e+04 0.0000000000e+00  
0.0000000000e+00 -6.2740531269e+04 0.0000000000e+00  
0.0000000000e+00 -6.1744287994e+04 0.0000000000e+00  
0.0000000000e+00 -5.9324544401e+04 0.0000000000e+00  
0.0000000000e+00 -5.7583535501e+04 0.0000000000e+00  
0.0000000000e+00 -5.7790857196e+04 0.0000000000e+00  
0.0000000000e+00 -5.9062044041e+04 0.0000000000e+00  
0.0000000000e+00 -5.9404477960e+04 0.0000000000e+00  
0.0000000000e+00 -5.7936535414e+04 0.0000000000e+00  
0.0000000000e+00 -5.5845874426e+04 0.0000000000e+00  
0.0000000000e+00 -5.4943452959e+04 0.0000000000e+00  
0.0000000000e+00 -5.5665081172e+04 0.0000000000e+00  
0.0000000000e+00 -5.6663607592e+04 0.0000000000e+00  
0.0000000000e+00 -5.6351632237e+04 0.0000000000e+00  
0.0000000000e+00 -5.4627817169e+04 0.0000000000e+00  
0.0000000000e+00 -5.2964519123e+04 0.0000000000e+00  
0.0000000000e+00 -5.2684057562e+04 0.0000000000e+00  
0.0000000000e+00 -5.3536372337e+04 0.0000000000e+00  
0.0000000000e+00 -5.4073923634e+04 0.0000000000e+00  
0.0000000000e+00 -5.3244176745e+04 0.0000000000e+00  
0.0000000000e+00 -5.1509873945e+04 0.0000000000e+00  
0.0000000000e+00 -5.0305125860e+04 0.0000000000e+00  
0.0000000000e+00 -5.0396755162e+04 0.0000000000e+00  
0.0000000000e+00 -5.1127981915e+04 0.0000000000e+00  
0.0000000000e+00 -5.1217177959e+04 0.0000000000e+00  
0.0000000000e+00 -5.0072830280e+04 0.0000000000e+00  
0.0000000000e+00 -4.8452025582e+04 0.0000000000e+00  
0.0000000000e+00 -4.7615914235e+04 0.0000000000e+00  
0.0000000000e+00 -4.7868017897e+04 0.0000000000e+00  
0.0000000000e+00 -4.8392261587e+04 0.0000000000e+00  
0.0000000000e+00 -4.8102723561e+04 0.0000000000e+00  
0.0000000000e+00 -4.6792587518e+04 0.0000000000e+00  
0.0000000000e+00 -4.5361573095e+04 0.0000000000e+00  
0.0000000000e+00 -4.4777094956e+04 0.0000000000e+00  
0.0000000000e+00 -4.5054307966e+04 0.0000000000e+00  
0.0000000000e+00 -4.5351711930e+04 0.0000000000e+00  
0.0000000000e+00 -4.4792793729e+04 0.0000000000e+00  
0.0000000000e+00 -4.3428511234e+04 0.0000000000e+00  
0.0000000000e+00 -4.2161214385e+04 0.0000000000e+00  
0.0000000000e+00 -4.1710245785e+04 0.0000000000e+00  
0.0000000000e+00 -4.1938182669e+04 0.0000000000e+00  
0.0000000000e+00 -4.2024460109e+04 0.0000000000e+00  
0.0000000000e+00 -4.1291202517e+04 0.0000000000e+00  
0.0000000000e+00 -3.9938449566e+04 0.0000000000e+00  
0.0000000000e+00 -3.8791393714e+04 0.0000000000e+00  
0.0000000000e+00 -3.8392423329e+04 0.0000000000e+00  
0.0000000000e+00 -3.8537869818e+04 0.0000000000e+00  
0.0000000000e+00 -3.8461285637e+04 0.0000000000e+00  
0.0000000000e+00 -3.7631190672e+04 0.0000000000e+00  
0.0000000000e+00 -3.6308141172e+04 0.0000000000e+00  
0.0000000000e+00 -3.5232760775e+04 0.0000000000e+00  
0.0000000000e+00 -3.4839367622e+04 0.0000000000e+00  
0.0000000000e+00 -3.4888471992e+04 0.0000000000e+00  
0.0000000000e+00 -3.4697148395e+04 0.0000000000e+00  
0.0000000000e+00 -3.3838381355e+04 0.0000000000e+00  
0.0000000000e+00 -3.2565177469e+04 0.0000000000e+00  
0.0000000000e+00 -3.1516015537e+04 0.0000000000e+00  
0.0000000000e+00 -3.1078444433e+04 0.0000000000e+00  
0.0000000000e+00 -3.1033422525e+04 0.0000000000e+00  
0.0000000000e+00 -3.0782130429e+04 0.0000000000e+00  
0.0000000000e+00 -2.9942587758e+04 0.0000000000e+00  
0.0000000000e+00 -2.8723261516e+04 0.0000000000e+00  
0.0000000000e+00 -2.7681870584e+04 0.0000000000e+00  
0.0000000000e+00 -2.7168386995e+04 0.0000000000e+00  
0.0000000000e+00 -2.7027440018e+04 0.0000000000e+00  
0.0000000000e+00 -2.6756828568e+04 0.0000000000e+00  
0.0000000000e+00 -2.5993579722e+04 0.0000000000e+00  
0.0000000000e+00 -2.4857528344e+04 0.0000000000e+00  
0.0000000000e+00 -2.3800965092e+04 0.0000000000e+00  
0.0000000000e+00 -2.3180978592e+04 0.0000000000e+00  
0.0000000000e+00 -2.2943184977e+04 0.0000000000e+00  
0.0000000000e+00 -2.2685804633e+04 0.0000000000e+00  
0.0000000000e+00 -2.2048781306e+04 0.0000000000e+00  
0.0000000000e+00 -2.1036284103e+04 0.0000000000e+00  
0.0000000000e+00 -1.9987519308e+04 0.0000000000e+00  
0.0000000000e+00 -1.9258876274e+04 0.0000000000e+00  
0.0000000000e+00 -1.8899191260e+04 0.0000000000e+00  
0.0000000000e+00 -1.8645317540e+04 0.0000000000e+00  
0.0000000000e+00 -1.8165046912e+04 0.0000000000e+00  
0.0000000000e+00 -1.7349459045e+04 0.0000000000e+00  
0.0000000000e+00 -1.6388390833e+04 0.0000000000e+00  
0.0000000000e+00 -1.5575052569e+04 0.0000000000e+00  
0.0000000000e+00 -1.5069230740e+04 0.0000000000e+00  
0.0000000000e+00 -1.4770803342e+04 0.0000000000e+00  
0.0000000000e+00 -1.4433448289e+04 0.0000000000e+00  
0.0000000000e+00 -1.3871703675e+04 0.0000000000e+00  
0.0000000000e+00 -1.3107203363e+04 0.0000000000e+00  
0.0000000000e+00 -1.2320766328e+04 0.0000000000e+00  
0.0000000000e+00 -1.1697217711e+04 0.0000000000e+00  
0.0000000000e+00 -1.1289352855e+04 0.0000000000e+00  
0.0000000000e+00 -1.0994036724e+04 0.0000000000e+00  
0.0000000000e+00 -1.0648546010e+04 0.0000000000e+00  
0.0000000000e+00 -1.0165887555e+04 0.0000000000e+00  
0.0000000000e+00 -9.5707961625e+03 0.0000000000e+00  
0.0000000000e+00 -8.9673370491e+03 0.0000000000e+00  
0.0000000000e+00 -8.4574900991e+03 0.0000000000e+00  
0.0000000000e+00 -8.0765437045e+03 0.0000000000e+00  
0.0000000000e+00 -7.7644922824e+03 0.0000000000e+00  
0.0000000000e+00 -7.4597178871e+03 0.0000000000e+00  
0.0000000000e+00 -7.1040326760e+03 0.0000000000e+00  
0.0000000000e+00 -6.6873790445e+03 0.0000000000e+00  
0.0000000000e+00 -6.2497458243e+03 0.0000000000e+00  
0.0000000000e+00 -5.8310987641e+03 0.0000000000e+00  
0.0000000000e+00 -5.4516929695e+03 0.0000000000e+00  
0.0000000000e+00 -5.1103985401e+03 0.0000000000e+00  
0.0000000000e+00 -4.8139444864e+03 0.0000000000e+00  
0.0000000000e+00 -4.5300228961e+03 0.0000000000e+00  
0.0000000000e+00 -4.2448446291e+03 0.0000000000e+00  
0.0000000000e+00 -3.9522666353e+03 0.0000000000e+00  
0.0000000000e+00 -3.6563222303e+03 0.0000000000e+00  
0.0000000000e+00 -3.3554648831e+03 0.0000000000e+00  
0.0000000000e+00 -3.0481561010e+03 0.0000000000e+00  
0.0000000000e+00 -2.7594101512e+03 0.0000000000e+00  
0.0000000000e+00 -2.4882482845e+03 0.0000000000e+00  
0.0000000000e+00 -2.2344892797e+03 0.0000000000e+00  
0.0000000000e+00 -1.9948684373e+03 0.0000000000e+00  
0.0000000000e+00 -1.7674638554e+03 0.0000000000e+00  
0.0000000000e+00 -1.5498022475e+03 0.0000000000e+00  
0.0000000000e+00 -1.3373938236e+03 0.0000000000e+00  
0.0000000000e+00 -1.1332892959e+03 0.0000000000e+00  
0.0000000000e+00 -9.3734867319e+02 0.0000000000e+00  
0.0000000000e+00 -7.4735440086e+02 0.0000000000e+00  
0.0000000000e+00 -5.8879075382e+02 0.0000000000e+00  
0.0000000000e+00 -7.4086189439e+02 0.0000000000e+00  
0.0000000000e+00 -1.2514189815e+03 0.0000000000e+00  
0.0000000000e+00 -1.8076749734e+03 0.0000000000e+00  
0.0000000000e+00 -2.1624202481e+03 0.0000000000e+00  
0.0000000000e+00 -2.2106406223e+03 0.0000000000e+00  
0.0000000000e+00 -1.8869766549e+03 0.0000000000e+00  
0.0000000000e+00 -1.4457894027e+03 0.0000000000e+00  
0.0000000000e+00 -1.1724169398e+03 0.0000000000e+00  
0.0000000000e+00 -1.1748612576e+03 0.0000000000e+00  
0.0000000000e+00 -1.4716182651e+03 0.0000000000e+00  
0.0000000000e+00 -1.9630068043e+03 0.0000000000e+00  
0.0000000000e+00 -2.3534916778e+03 0.0000000000e+00  
0.0000000000e+00 -2.4489161708e+03 0.0000000000e+00  
0.0000000000e+00 -2.2796454453e+03 0.0000000000e+00  
0.0000000000e+00 -1.9869630173e+03 0.0000000000e+00  
0.0000000000e+00 -1.8040210736e+03 0.0000000000e+00  
0.0000000000e+00 -1.8953899043e+03 0.0000000000e+00  
0.0000000000e+00 -2.2650574750e+03 0.0000000000e+00  
0.0000000000e+00 -2.7154383561e+03 0.0000000000e+00  
0.0000000000e+00 -2.9864516419e+03 0.0000000000e+00  
0.0000000000e+00 -3.0516436687e+03 0.0000000000e+00  
0.0000000000e+00 -2.9344863185e+03 0.0000000000e+00  
0.0000000000e+00 -2.7640053917e+03 0.0000000000e+00  
0.0000000000e+00 -2.7384406679e+03 0.0000000000e+00  
0.0000000000e+00 -2.9527771304e+03 0.0000000000e+00  
0.0000000000e+00 -3.3320595462e+03 0.0000000000e+00  
0.0000000000e+00 -3.6770775456e+03 0.0000000000e+00  
0.0000000000e+00 -3.8849448777e+03 0.0000000000e+00  
0.0000000000e+00 -3.9416169849e+03 0.0000000000e+00  
0.0000000000e+00 -3.8878773513e+03 0.0000000000e+00  
0.0000000000e+00 -3.8590598096e+03 0.0000000000e+00  
0.0000000000e+00 -3.9828540296e+03 0.0000000000e+00  
0.0000000000e+00 -4.2766552215e+03 0.0000000000e+00  
0.0000000000e+00 -4.6362363917e+03 0.0000000000e+00  
0.0000000000e+00 -4.9387970808e+03 0.0000000000e+00  
0.0000000000e+00 -5.1209479242e+03 0.0000000000e+00  
0.0000000000e+00 -5.1931066550e+03 0.0000000000e+00  
0.0000000000e+00 -5.2367376583e+03 0.0000000000e+00  
0.0000000000e+00 -5.3643724273e+03 0.0000000000e+00  
0.0000000000e+00 -5.6250800145e+03 0.0000000000e+00  
0.0000000000e+00 -5.9751284567e+03 0.0000000000e+00  
0.0000000000e+00 -6.3304965825e+03 0.0000000000e+00  
0.0000000000e+00 -6.6085932689e+03 0.0000000000e+00  
0.0000000000e+00 -6.7895041984e+03 0.0000000000e+00  
0.0000000000e+00 -6.9299436112e+03 0.0000000000e+00  
0.0000000000e+00 -7.1128718497e+03 0.0000000000e+00  
0.0000000000e+00 -7.3988281518e+03 0.0000000000e+00  
0.0000000000e+00 -7.7744552655e+03 0.0000000000e+00  
0.0000000000e+00 -8.1668939969e+03 0.0000000000e+00  
0.0000000000e+00 -8.5077833109e+03 0.0000000000e+00  
0.0000000000e+00 -8.7770615761e+03 0.0000000000e+00  
0.0000000000e+00 -9.0162284710e+03 0.0000000000e+00  
0.0000000000e+00 -9.2872725625e+03 0.0000000000e+00  
0.0000000000e+00 -9.6412607900e+03 0.0000000000e+00  
0.0000000000e+00 -1.0066195378e+04 0.0000000000e+00  
0.0000000000e+00 -1.0508140196e+04 0.0000000000e+00  
0.0000000000e+00 -1.0912452300e+04 0.0000000000e+00  
0.0000000000e+00 -1.1268481076e+04 0.0000000000e+00  
0.0000000000e+00 -1.1600553275e+04 0.0000000000e+00  
0.0000000000e+00 -1.1963511658e+04 0.0000000000e+00  
0.0000000000e+00 -1.2404637238e+04 0.0000000000e+00  
0.0000000000e+00 -1.2903747091e+04 0.0000000000e+00  
0.0000000000e+00 -1.3408037768e+04 0.0000000000e+00  
0.0000000000e+00 -1.3872035879e+04 0.0000000000e+00  
0.0000000000e+00 -1.4297188715e+04 0.0000000000e+00  
0.0000000000e+00 -1.4724141751e+04 0.0000000000e+00  
0.0000000000e+00 -1.5203758344e+04 0.0000000000e+00  
0.0000000000e+00 -1.5748393419e+04 0.0000000000e+00  
0.0000000000e+00 -1.6329612255e+04 0.0000000000e+00  
0.0000000000e+00 -1.6896816829e+04 0.0000000000e+00  
0.0000000000e+00 -1.7425794215e+04 0.0000000000e+00  
0.0000000000e+00 -1.7931140312e+04 0.0000000000e+00  
0.0000000000e+00 -1.8467269171e+04 0.0000000000e+00  
0.0000000000e+00 -1.9071426135e+04 0.0000000000e+00  
0.0000000000e+00 -1.9723496972e+04 0.0000000000e+00  
0.0000000000e+00 -2.0377089680e+04 0.0000000000e+00  
0.0000000000e+00 -2.0999566367e+04 0.0000000000e+00  
0.0000000000e+00 -2.1597059329e+04 0.0000000000e+00  
0.0000000000e+00 -2.2214741082e+04 0.0000000000e+00  
0.0000000000e+00 -2.2886414686e+04 0.0000000000e+00  
0.0000000000e+00 -2.3616463340e+04 0.0000000000e+00  
0.0000000000e+00 -2.4364845130e+04 0.0000000000e+00  
0.0000000000e+00 -2.5088245409e+04 0.0000000000e+00  
0.0000000000e+00 -2.5781564971e+04 0.0000000000e+00  
0.0000000000e+00 -2.6483696324e+04 0.0000000000e+00  
0.0000000000e+00 -2.7254363512e+04 0.0000000000e+00  
0.0000000000e+00 -2.8071604764e+04 0.0000000000e+00  
0.0000000000e+00 -2.8901991664e+04 0.0000000000e+00  
0.0000000000e+00 -2.9711541716e+04 0.0000000000e+00  
0.0000000000e+00 -3.0495796027e+04 0.0000000000e+00  
0.0000000000e+00 -3.1301246791e+04 0.0000000000e+00  
0.0000000000e+00 -3.2156489655e+04 0.0000000000e+00  
0.0000000000e+00 -3.3055759079e+04 0.0000000000e+00  
0.0000000000e+00 -3.3969117409e+04 0.0000000000e+00  
0.0000000000e+00 -3.4866886382e+04 0.0000000000e+00  
0.0000000000e+00 -3.5752825982e+04 0.0000000000e+00  
0.0000000000e+00 -3.6657010418e+04 0.0000000000e+00  
0.0000000000e+00 -3.7605449547e+04 0.0000000000e+00  
0.0000000000e+00 -3.8594852208e+04 0.0000000000e+00  
0.0000000000e+00 -3.9599554096e+04 0.0000000000e+00  
0.0000000000e+00 -4.0591663494e+04 0.0000000000e+00  
0.0000000000e+00 -4.1575999024e+04 0.0000000000e+00  
0.0000000000e+00 -4.2574834301e+04 0.0000000000e+00  
0.0000000000e+00 -4.3619318734e+04 0.0000000000e+00  
0.0000000000e+00 -4.4704162825e+04 0.0000000000e+00  
0.0000000000e+00 -4.5802928947e+04 0.0000000000e+00  
0.0000000000e+00 -4.6889015207e+04 0.0000000000e+00  
0.0000000000e+00 -4.7965889813e+04 0.0000000000e+00  
0.0000000000e+00 -4.9062069123e+04 0.0000000000e+00  
0.0000000000e+00 -5.0199217919e+04 0.0000000000e+00  
0.0000000000e+00 -5.1379081010e+04 0.0000000000e+00  
0.0000000000e+00 -5.2568371493e+04 0.0000000000e+00  
0.0000000000e+00 -5.3743634599e+04 0.0000000000e+00  
0.0000000000e+00 -5.4918041256e+04 0.0000000000e+00  
0.0000000000e+00 -5.6114053537e+04 0.0000000000e+00  
0.0000000000e+00 -5.7351372664e+04 0.0000000000e+00  
0.0000000000e+00 -5.8633128416e+04 0.0000000000e+00  
0.0000000000e+00 -5.9926681265e+04 0.0000000000e+00  
0.0000000000e+00 -6.0839301864e+04 0.0000000000e+00  
0.0000000000e+00 -5.9861001200e+04 0.0000000000e+00  
0.0000000000e+00 -5.7429170264e+04 0.0000000000e+00  
0.0000000000e+00 -5.5670158404e+04 0.0000000000e+00  
0.0000000000e+00 -5.5885102456e+04 0.0000000000e+00  
0.0000000000e+00 -5.7203865055e+04 0.0000000000e+00  
0.0000000000e+00 -5.7599292161e+04 0.0000000000e+00  
0.0000000000e+00 -5.6150788433e+04 0.0000000000e+00  
0.0000000000e+00 -5.4034928188e+04 0.0000000000e+00  
0.0000000000e+00 -5.3104610455e+04 0.0000000000e+00  
0.0000000000e+00 -5.3833131596e+04 0.0000000000e+00  
0.0000000000e+00 -5.4886475936e+04 0.0000000000e+00  
0.0000000000e+00 -5.4631729416e+04 0.0000000000e+00  
0.0000000000e+00 -5.2913741944e+04 0.0000000000e+00  
0.0000000000e+00 -5.1206624305e+04 0.0000000000e+00  
0.0000000000e+00 -5.0887783625e+04 0.0000000000e+00  
0.0000000000e+00 -5.1762697022e+04 0.0000000000e+00  
0.0000000000e+00 -5.2373783861e+04 0.0000000000e+00  
0.0000000000e+00 -5.1589035926e+04 0.0000000000e+00  
0.0000000000e+00 -4.9833853415e+04 0.0000000000e+00  
0.0000000000e+00 -4.8570460140e+04 0.0000000000e+00  
0.0000000000e+00 -4.8642781777e+04 0.0000000000e+00  
0.0000000000e+00 -4.9421000684e+04 0.0000000000e+00  
0.0000000000e+00 -4.9575203724e+04 0.0000000000e+00  
0.0000000000e+00 -4.8451600556e+04 0.0000000000e+00  
0.0000000000e+00 -4.6809836496e+04 0.0000000000e+00  
0.0000000000e+00 -4.5922741148e+04 0.0000000000e+00  
0.0000000000e+00 -4.6172428516e+04 0.0000000000e+00  
0.0000000000e+00 -4.6746712704e+04 0.0000000000e+00  
0.0000000000e+00 -4.6514385577e+04 0.0000000000e+00  
0.0000000000e+00 -4.5212614638e+04 0.0000000000e+00  
0.0000000000e+00 -4.3740784659e+04 0.0000000000e+00  
0.0000000000e+00 -4.3120934127e+04 0.0000000000e+00  
0.0000000000e+00 -4.3404815734e+04 0.0000000000e+00  
0.0000000000e+00 -4.3748031332e+04 0.0000000000e+00  
0.0000000000e+00 -4.3230154104e+04 0.0000000000e+00  
0.0000000000e+00 -4.1864580218e+04 0.0000000000e+00  
0.0000000000e+00 -4.0560711152e+04 0.0000000000e+00  
0.0000000000e+00 -4.0086171947e+04 0.0000000000e+00  
0.0000000000e+00 -4.0329614098e+04 0.0000000000e+00  
0.0000000000e+00 -4.0459027119e+04 0.0000000000e+00  
0.0000000000e+00 -3.9754544249e+04 0.0000000000e+00  
0.0000000000e+00 -3.8392825028e+04 0.0000000000e+00  
0.0000000000e+00 -3.7216539807e+04 0.0000000000e+00  
0.0000000000e+00 -3.6799390033e+04 0.0000000000e+00  
0.0000000000e+00 -3.6961655271e+04 0.0000000000e+00  
0.0000000000e+00 -3.6921975241e+04 0.0000000000e+00  
0.0000000000e+00 -3.6113783392e+04 0.0000000000e+00  
0.0000000000e+00 -3.4780597435e+04 0.0000000000e+00  
0.0000000000e+00 -3.3675695341e+04 0.0000000000e+00  
0.0000000000e+00 -3.3268698139e+04 0.0000000000e+00  
0.0000000000e+00 -3.3336515971e+04 0.0000000000e+00  
0.0000000000e+00 -3.3178418129e+04 0.0000000000e+00  
0.0000000000e+00 -3.2331594336e+04 0.0000000000e+00  
0.0000000000e+00 -3.1042071811e+04 0.0000000000e+00  
0.0000000000e+00 -2.9972519155e+04 0.0000000000e+00  
0.0000000000e+00 -2.9527366020e+04 0.0000000000e+00  
0.0000000000e+00 -2.9498876919e+04 0.0000000000e+00  
0.0000000000e+00 -2.9272793960e+04 0.0000000000e+00  
0.0000000000e+00 -2.8442882093e+04 0.0000000000e+00  
0.0000000000e+00 -2.7211944365e+04 0.0000000000e+00  
0.0000000000e+00 -2.6145343927e+04 0.0000000000e+00  
0.0000000000e+00 -2.5626544068e+04 0.0000000000e+00  
0.0000000000e+00 -2.5504415221e+04 0.0000000000e+00  
0.0000000000e+00 -2.5257340015e+04 0.0000000000e+00  
0.0000000000e+00 -2.4501472406e+04 0.0000000000e+00  
0.0000000000e+00 -2.3353239964e+04 0.0000000000e+00  
0.0000000000e+00 -2.2287664125e+04 0.0000000000e+00  
0.0000000000e+00 -2.1670707522e+04 0.0000000000e+00  
0.0000000000e+00 -2.1446215831e+04 0.0000000000e+00  
0.0000000000e+00 -2.1207695245e+04 0.0000000000e+00  
0.0000000000e+00 -2.0581008112e+04 0.0000000000e+00  
0.0000000000e+00 -1.9571222028e+04 0.0000000000e+00  
0.0000000000e+00 -1.8531779489e+04 0.0000000000e+00  
0.0000000000e+00 -1.7811094637e+04 0.0000000000e+00  
0.0000000000e+00 -1.7462110885e+04 0.0000000000e+00  
0.0000000000e+00 -1.7227996817e+04 0.0000000000e+00  
0.0000000000e+00 -1.6773127082e+04 0.0000000000e+00  
0.0000000000e+00 -1.5979022876e+04 0.0000000000e+00  
0.0000000000e+00 -1.5032219050e+04 0.0000000000e+00  
0.0000000000e+00 -1.4242572877e+04 0.0000000000e+00  
0.0000000000e+00 -1.3756817461e+04 0.0000000000e+00  
0.0000000000e+00 -1.3481330357e+04 0.0000000000e+00  
0.0000000000e+00 -1.3175671162e+04 0.0000000000e+00  
0.0000000000e+00 -1.2655642855e+04 0.0000000000e+00  
0.0000000000e+00 -1.1938661786e+04 0.0000000000e+00  
0.0000000000e+00 -1.1192207143e+04 0.0000000000e+00  
0.0000000000e+00 -1.0602802582e+04 0.0000000000e+00  
0.0000000000e+00 -1.0210929874e+04 0.0000000000e+00  
0.0000000000e+00 -9.9333613082e+03 0.0000000000e+00  
0.0000000000e+00 -9.6263815633e+03 0.0000000000e+00  
0.0000000000e+00 -9.1962761792e+03 0.0000000000e+00  
0.0000000000e+00 -8.6554015918e+03 0.0000000000e+00  
0.0000000000e+00 -8.0977630107e+03 0.0000000000e+00  
0.0000000000e+00 -7.6206757049e+03 0.0000000000e+00  
0.0000000000e+00 -7.2497055496e+03 0.0000000000e+00  
0.0000000000e+00 -6.9545528264e+03 0.0000000000e+00  
0.0000000000e+00 -6.6744553644e+03 0.0000000000e+00  
0.0000000000e+00 -6.3650834280e+03 0.0000000000e+00  
0.0000000000e+00 -6.0119563844e+03 0.0000000000e+00  
0.0000000000e+00 -5.6281204105e+03 0.0000000000e+00  
0.0000000000e+00 -5.2429233529e+03 0.0000000000e+00  
0.0000000000e+00 -4.8837348909e+03 0.0000000000e+00  
0.0000000000e+00 -4.5645761690e+03 0.0000000000e+00  
0.0000000000e+00 -4.2761770739e+03 0.0000000000e+00  
0.0000000000e+00 -4.0032040793e+03 0.0000000000e+00  
0.0000000000e+00 -3.7467762638e+03 0.0000000000e+00  
0.0000000000e+00 -3.4924940191e+03 0.0000000000e+00  
0.0000000000e+00 -3.2314056737e+03 0.0000000000e+00  
0.0000000000e+00 -2.9646025271e+03 0.0000000000e+00  
0.0000000000e+00 -2.6928033994e+03 0.0000000000e+00  
0.0000000000e+00 -2.4266792393e+03 0.0000000000e+00  
0.0000000000e+00 -2.1745636223e+03 0.0000000000e+00  
0.0000000000e+00 -1.9310595170e+03 0.0000000000e+00  
0.0000000000e+00 -1.7034496901e+03 0.0000000000e+00  
0.0000000000e+00 -1.4971128120e+03 0.0000000000e+00  
0.0000000000e+00 -1.3013003201e+03 0.0000000000e+00  
0.0000000000e+00 -1.1096474769e+03 0.0000000000e+00  
0.0000000000e+00 -9.3167416814e+02 0.0000000000e+00  
0.0000000000e+00 -7.5795167556e+02 0.0000000000e+00  
0.0000000000e+00 -5.8770240808e+02 0.0000000000e+00  
0.0000000000e+00 -4.4248636452e+02 0.0000000000e+00  
0.0000000000e+00 -5.6180860473e+02 0.0000000000e+00  
0.0000000000e+00 -1.0273233789e+03 0.0000000000e+00  
0.0000000000e+00 -1.5472354933e+03 0.0000000000e+00  
0.0000000000e+00 -1.9077001100e+03 0.0000000000e+00  
0.0000000000e+00 -1.9851102500e+03 0.0000000000e+00  
0.0000000000e+00 -1.7275360788e+03 0.0000000000e+00  
0.0000000000e+00 -1.3101989623e+03 0.0000000000e+00  
0.0000000000e+00 -1.0128787008e+03 0.0000000000e+00  
0.0000000000e+00 -9.5756301753e+02 0.0000000000e+00  
0.0000000000e+00 -1.1810113937e+03 0.0000000000e+00  
0.0000000000e+00 -1.6288426543e+03 0.0000000000e+00  
0.0000000000e+00 -2.0635087297e+03 0.0000000000e+00  
0.0000000000e+00 -2.2232879520e+03 0.0000000000e+00  
0.0000000000e+00 -2.1230483385e+03 0.0000000000e+00  
0.0000000000e+00 -1.8542228604e+03 0.0000000000e+00  
0.0000000000e+00 -1.6308843615e+03 0.0000000000e+00  
0.0000000000e+00 -1.6355864528e+03 0.0000000000e+00  
0.0000000000e+00 -1.9224868577e+03 0.0000000000e+00  
0.0000000000e+00 -2.3592615566e+03 0.0000000000e+00  
0.0000000000e+00 -2.6727974588e+03 0.0000000000e+00  
0.0000000000e+00 -2.7907990333e+03 0.0000000000e+00  
0.0000000000e+00 -2.7414450793e+03 0.0000000000e+00  
0.0000000000e+00 -2.5842969000e+03 0.0000000000e+00  
0.0000000000e+00 -2.4973392724e+03 0.0000000000e+00  
0.0000000000e+00 -2.6158541933e+03 0.0000000000e+00  
0.0000000000e+00 -2.9306573691e+03 0.0000000000e+00  
0.0000000000e+00 -3.2808698427e+03 0.0000000000e+00  
0.0000000000e+00 -3.5296407493e+03 0.0000000000e+00  
0.0000000000e+00 -3.6448023493e+03 0.0000000000e+00  
0.0000000000e+00 -3.6390916300e+03 0.0000000000e+00  
0.0000000000e+00 -3.5976636892e+03 0.0000000000e+00  
0.0000000000e+00 -3.6501844321e+03 0.0000000000e+00  
0.0000000000e+00 -3.8605341379e+03 0.0000000000e+00  
0.0000000000e+00 -4.1744552404e+03 0.0000000000e+00  
0.0000000000e+00 -4.4830902825e+03 0.0000000000e+00  
0.0000000000e+00 -4.7108397651e+03 0.0000000000e+00  
0.0000000000e+00 -4.8361838464e+03 0.0000000000e+00  
0.0000000000e+00 -4.8994150041e+03 0.0000000000e+00  
0.0000000000e+00 -4.9848894165e+03 0.0000000000e+00  
0.0000000000e+00 -5.1669411544e+03 0.0000000000e+00  
0.0000000000e+00 -5.4515194701e+03 0.0000000000e+00  
0.0000000000e+00 -5.7794021298e+03 0.0000000000e+00  
0.0000000000e+00 -6.0852902369e+03 0.0000000000e+00  
0.0000000000e+00 -6.3184486819e+03 0.0000000000e+00  
0.0000000000e+00 -6.4876409775e+03 0.0000000000e+00  
0.0000000000e+00 -6.6483797834e+03 0.0000000000e+00  
0.0000000000e+00 -6.8681156829e+03 0.0000000000e+00  
0.0000000000e+00 -7.1759453811e+03 0.0000000000e+00  
0.0000000000e+00 -7.5400388177e+03 0.0000000000e+00  
0.0000000000e+00 -7.9010829893e+03 0.0000000000e+00  
0.0000000000e+00 -8.2150985752e+03 0.0000000000e+00  
0.0000000000e+00 -8.4735448753e+03 0.0000000000e+00  
0.0000000000e+00 -8.7227632584e+03 0.0000000000e+00  
0.0000000000e+00 -9.0163600218e+03 0.0000000000e+00  
0.0000000000e+00 -9.3811851554e+03 0.0000000000e+00  
0.0000000000e+00 -9.7899296343e+03 0.0000000000e+00  
0.0000000000e+00 -1.0208925888e+04 0.0000000000e+00  
0.0000000000e+00 -1.0592494268e+04 0.0000000000e+00  
0.0000000000e+00 -1.0935792182e+04 0.0000000000e+00  
0.0000000000e+00 -1.1278587260e+04 0.0000000000e+00  
0.0000000000e+00 -1.1661598615e+04 0.0000000000e+00  
0.0000000000e+00 -1.2105904768e+04 0.0000000000e+00  
0.0000000000e+00 -1.2589511622e+04 0.0000000000e+00  
0.0000000000e+00 -1.3071048482e+04 0.0000000000e+00  
0.0000000000e+00 -1.3525302715e+04 0.0000000000e+00  
0.0000000000e+00 -1.3954665467e+04 0.0000000000e+00  
0.0000000000e+00 -1.4393834702e+04 0.0000000000e+00  
0.0000000000e+00 -1.4880639827e+04 0.0000000000e+00  
0.0000000000e+00 -1.5419729277e+04 0.0000000000e+00  
0.0000000000e+00 -1.5980982010e+04 0.0000000000e+00  
0.0000000000e+00 -1.6529444937e+04 0.0000000000e+00  
0.0000000000e+00 -1.7055676931e+04 0.0000000000e+00  
0.0000000000e+00 -1.7575008358e+04 0.0000000000e+00  
0.0000000000e+00 -1.8123878877e+04 0.0000000000e+00  
0.0000000000e+00 -1.8723509679e+04 0.0000000000e+00  
0.0000000000e+00 -1.9359695619e+04 0.0000000000e+00  
0.0000000000e+00 -2.0000158044e+04 0.0000000000e+00  
0.0000000000e+00 -2.0619471696e+04 0.0000000000e+00  
0.0000000000e+00 -2.1234871279e+04 0.0000000000e+00  
0.0000000000e+00 -2.1870326171e+04 0.0000000000e+00  
0.0000000000e+00 -2.2540559718e+04 0.0000000000e+00  
0.0000000000e+00 -2.3253377139e+04 0.0000000000e+00  
0.0000000000e+00 -2.3992308182e+04 0.0000000000e+00  
0.0000000000e+00 -2.4720445062e+04 0.0000000000e+00  
0.0000000000e+00 -2.5434020492e+04 0.0000000000e+00  
0.0000000000e+00 -2.6154840868e+04 0.0000000000e+00  
0.0000000000e+00 -2.6917490330e+04 0.0000000000e+00  
0.0000000000e+00 -2.7721005782e+04 0.0000000000e+00  
0.0000000000e+00 -2.8547585053e+04 0.0000000000e+00  
0.0000000000e+00 -2.9366314881e+04 0.0000000000e+00  
0.0000000000e+00 -3.0173236237e+04 0.0000000000e+00  
0.0000000000e+00 -3.0994840270e+04 0.0000000000e+00  
0.0000000000e+00 -3.1848884919e+04 0.0000000000e+00  
0.0000000000e+00 -3.2744493089e+04 0.0000000000e+00  
0.0000000000e+00 -3.3663661220e+04 0.0000000000e+00  
0.0000000000e+00 -3.4576663173e+04 0.0000000000e+00  
0.0000000000e+00 -3.5483799832e+04 0.0000000000e+00  
0.0000000000e+00 -3.6401019272e+04 0.0000000000e+00  
0.0000000000e+00 -3.7347282932e+04 0.0000000000e+00  
0.0000000000e+00 -3.8335170521e+04 0.0000000000e+00  
0.0000000000e+00 -3.9346637914e+04 0.0000000000e+00  
0.0000000000e+00 -4.0352961114e+04 0.0000000000e+00  
0.0000000000e+00 -4.1354251958e+04 0.0000000000e+00  
0.0000000000e+00 -4.2369955874e+04 0.0000000000e+00  
0.0000000000e+00 -4.3418296427e+04 0.0000000000e+00  
0.0000000000e+00 -4.4501025807e+04 0.0000000000e+00  
0.0000000000e+00 -4.5600764489e+04 0.0000000000e+00  
0.0000000000e+00 -4.6703986479e+04 0.0000000000e+00  
0.0000000000e+00 -4.7803083221e+04 0.0000000000e+00  
0.0000000000e+00 -4.8915763122e+04 0.0000000000e+00  
0.0000000000e+00 -5.0062068093e+04 0.0000000000e+00  
0.0000000000e+00 -5.1236498451e+04 0.0000000000e+00  
0.0000000000e+00 -5.2436512972e+04 0.0000000000e+00  
0.0000000000e+00 -5.3638804844e+04 0.0000000000e+00  
0.0000000000e+00 -5.4837869779e+04 0.0000000000e+00  
0.0000000000e+00 -5.6051738860e+04 0.0000000000e+00  
0.0000000000e+00 -5.7293307617e+04 0.0000000000e+00  
0.0000000000e+00 -5.8574039844e+04 0.0000000000e+00  
0.0000000000e+00 -5.9521011239e+04 0.0000000000e+00  
0.0000000000e+00 -5.8589408428e+04 0.0000000000e+00  
0.0000000000e+00 -5.6162709989e+04 0.0000000000e+00  
0.0000000000e+00 -5.4362602837e+04 0.0000000000e+00  
0.0000000000e+00 -5.4547767063e+04 0.0000000000e+00  
0.0000000000e+00 -5.5892305595e+04 0.0000000000e+00  
0.0000000000e+00 -5.6347545241e+04 0.0000000000e+00  
0.0000000000e+00 -5.4931743330e+04 0.0000000000e+00  
0.0000000000e+00 -5.2793393384e+04 0.0000000000e+00  
0.0000000000e+00 -5.1820715207e+04 0.0000000000e+00  
0.0000000000e+00 -5.2534032084e+04 0.0000000000e+00  
0.0000000000e+00 -5.3629698560e+04 0.0000000000e+00  
0.0000000000e+00 -5.3432501397e+04 0.0000000000e+00  
0.0000000000e+00 -5.1734795340e+04 0.0000000000e+00  
0.0000000000e+00 -4.9996141999e+04 0.0000000000e+00  
0.0000000000e+00 -4.9633111195e+04 0.0000000000e+00  
0.0000000000e+00 -5.0509719988e+04 0.0000000000e+00  
0.0000000000e+00 -5.1174570076e+04 0.0000000000e+00  
0.0000000000e+00 -5.0446058695e+04 0.0000000000e+00  
0.0000000000e+00 -4.8694868485e+04 0.0000000000e+00  
0.0000000000e+00 -4.7386100811e+04 0.0000000000e+00  
0.0000000000e+00 -4.7417627866e+04 0.0000000000e+00  
0.0000000000e+00 -4.8210842656e+04 0.0000000000e+00  
0.0000000000e+00 -4.8426131803e+04 0.0000000000e+00  
0.0000000000e+00 -4.7351269887e+04 0.0000000000e+00  
0.0000000000e+00 -4.5694420140e+04 0.0000000000e+00  
0.0000000000e+00 -4.4750391320e+04 0.0000000000e+00  
0.0000000000e+00 -4.4969282536e+04 0.0000000000e+00  
0.0000000000e+00 -4.5571532817e+04 0.0000000000e+00  
0.0000000000e+00 -4.5405012563e+04 0.0000000000e+00  
0.0000000000e+00 -4.4139255914e+04 0.0000000000e+00  
0.0000000000e+00 -4.2635996930e+04 0.0000000000e+00  
0.0000000000e+00 -4.1958763566e+04 0.0000000000e+00  
0.0000000000e+00 -4.2222121291e+04 0.0000000000e+00  
0.0000000000e+00 -4.2606073060e+04 0.0000000000e+00  
0.0000000000e+00 -4.2154621754e+04 0.0000000000e+00  
0.0000000000e+00 -4.0813667419e+04 0.0000000000e+00  
0.0000000000e+00 -3.9469072883e+04 0.0000000000e+00  
0.0000000000e+00 -3.8939915619e+04 0.0000000000e+00  
0.0000000000e+00 -3.9170052562e+04 0.0000000000e+00  
0.0000000000e+00 -3.9346681091e+04 0.0000000000e+00  
0.0000000000e+00 -3.8703134363e+04 0.0000000000e+00  
0.0000000000e+00 -3.7350353469e+04 0.0000000000e+00  
0.0000000000e+00 -3.6132556347e+04 0.0000000000e+00  
0.0000000000e+00 -3.5668703535e+04 0.0000000000e+00  
0.0000000000e+00 -3.5823866766e+04 0.0000000000e+00  
0.0000000000e+00 -3.5830764315e+04 0.0000000000e+00  
0.0000000000e+00 -3.5076735316e+04 0.0000000000e+00  
0.0000000000e+00 -3.3751619590e+04 0.0000000000e+00  
0.0000000000e+00 -3.2606768743e+04 0.0000000000e+00  
0.0000000000e+00 -3.2152839465e+04 0.0000000000e+00  
0.0000000000e+00 -3.2216134677e+04 0.0000000000e+00  
0.0000000000e+00 -3.2101891276e+04 0.0000000000e+00  
0.0000000000e+00 -3.1304838318e+04 0.0000000000e+00  
0.0000000000e+00 -3.0026460595e+04 0.0000000000e+00  
0.0000000000e+00 -2.8917321201e+04 0.0000000000e+00  
0.0000000000e+00 -2.8427098029e+04 0.0000000000e+00  
0.0000000000e+00 -2.8394942916e+04 0.0000000000e+00  
0.0000000000e+00 -2.8212197913e+04 0.0000000000e+00  
0.0000000000e+00 -2.7430277123e+04 0.0000000000e+00  
0.0000000000e+00 -2.6205925400e+04 0.0000000000e+00  
0.0000000000e+00 -2.5105102586e+04 0.0000000000e+00  
0.0000000000e+00 -2.4547217529e+04 0.0000000000e+00  
0.0000000000e+00 -2.4420129784e+04 0.0000000000e+00  
0.0000000000e+00 -2.4206233258e+04 0.0000000000e+00  
0.0000000000e+00 -2.3492202448e+04 0.0000000000e+00  
0.0000000000e+00 -2.2361348120e+04 0.0000000000e+00  
0.0000000000e+00 -2.1274928402e+04 0.0000000000e+00  
0.0000000000e+00 -2.0629952821e+04 0.0000000000e+00  
0.0000000000e+00 -2.0394802510e+04 0.0000000000e+00  
0.0000000000e+00 -2.0179343839e+04 0.0000000000e+00  
0.0000000000e+00 -1.9596221857e+04 0.0000000000e+00  
0.0000000000e+00 -1.8620032423e+04 0.0000000000e+00  
0.0000000000e+00 -1.7581760303e+04 0.0000000000e+00  
0.0000000000e+00 -1.6843756066e+04 0.0000000000e+00  
0.0000000000e+00 -1.6479373379e+04 0.0000000000e+00  
0.0000000000e+00 -1.6257846719e+04 0.0000000000e+00  
0.0000000000e+00 -1.5845690155e+04 0.0000000000e+00  
0.0000000000e+00 -1.5104966822e+04 0.0000000000e+00  
0.0000000000e+00 -1.4194879855e+04 0.0000000000e+00  
0.0000000000e+00 -1.3404069985e+04 0.0000000000e+00  
0.0000000000e+00 -1.2894832438e+04 0.0000000000e+00  
0.0000000000e+00 -1.2619130076e+04 0.0000000000e+00  
0.0000000000e+00 -1.2347673678e+04 0.0000000000e+00  
0.0000000000e+00 -1.1884158520e+04 0.0000000000e+00  
0.0000000000e+00 -1.1214579992e+04 0.0000000000e+00  
0.0000000000e+00 -1.0495260702e+04 0.0000000000e+00  
0.0000000000e+00 -9.9002137822e+03 0.0000000000e+00  
0.0000000000e+00 -9.5011229113e+03 0.0000000000e+00  
0.0000000000e+00 -9.2293560576e+03 0.0000000000e+00  
0.0000000000e+00 -8.9561884887e+03 0.0000000000e+00  
0.0000000000e+00 -8.5795177950e+03 0.0000000000e+00  
0.0000000000e+00 -8.0936111514e+03 0.0000000000e+00  
0.0000000000e+00 -7.5742086546e+03 0.0000000000e+00  
0.0000000000e+00 -7.1061692974e+03 0.0000000000e+00  
0.0000000000e+00 -6.7261533073e+03 0.0000000000e+00  
0.0000000000e+00 -6.4217329190e+03 0.0000000000e+00  
0.0000000000e+00 -6.1510279959e+03 0.0000000000e+00  
0.0000000000e+00 -5.8701884508e+03 0.0000000000e+00  
0.0000000000e+00 -5.5562524310e+03 0.0000000000e+00  
0.0000000000e+00 -5.2134071012e+03 0.0000000000e+00  
0.0000000000e+00 -4.8593458142e+03 0.0000000000e+00  
0.0000000000e+00 -4.5159114388e+03 0.0000000000e+00  
0.0000000000e+00 -4.1944874474e+03 0.0000000000e+00  
0.0000000000e+00 -3.9071818162e+03 0.0000000000e+00  
0.0000000000e+00 -3.6472196914e+03 0.0000000000e+00  
0.0000000000e+00 -3.3990873872e+03 0.0000000000e+00  
0.0000000000e+00 -3.1584294855e+03 0.0000000000e+00  
0.0000000000e+00 -2.9189575032e+03 0.0000000000e+00  
0.0000000000e+00 -2.6834038723e+03 0.0000000000e+00  
0.0000000000e+00 -2.4433031624e+03 0.0000000000e+00  
0.0000000000e+00 -2.2021179799e+03 0.0000000000e+00  
0.0000000000e+00 -1.9661675539e+03 0.0000000000e+00  
0.0000000000e+00 -1.7350249879e+03 0.0000000000e+00  
0.0000000000e+00 -1.5213840414e+03 0.0000000000e+00  
0.0000000000e+00 -1.3165657173e+03 0.0000000000e+00  
0.0000000000e+00 -1.1288716960e+03 0.0000000000e+00  
0.0000000000e+00 -9.4798172854e+02 0.0000000000e+00  
0.0000000000e+00 -7.8193598853e+02 0.0000000000e+00  
0.0000000000e+00 -6.2142097735e+02 0.0000000000e+00  
